MFEM mesh v1.0

#
# MFEM Geometry Types (see mesh/geom.hpp):
#
# POINT       = 0
# SEGMENT     = 1
# TRIANGLE    = 2
# SQUARE      = 3
# TETRAHEDRON = 4
# CUBE        = 5
#

dimension
3

elements
448
1 5 8 79 281 82 87 282 461 285
1 5 20 91 287 80 88 288 462 283
1 5 29 81 292 101 90 284 463 295
1 5 48 93 297 99 89 290 464 293
1 5 36 83 286 86 116 301 465 304
1 5 49 94 291 84 117 306 466 302
1 5 52 85 296 104 119 303 467 312
1 5 72 96 300 102 118 308 468 310
1 5 0 133 317 136 141 318 469 321
1 5 16 145 323 134 142 324 470 319
1 5 25 135 328 155 144 320 471 331
1 5 54 147 333 153 143 326 472 329
1 5 40 137 322 140 166 337 473 340
1 5 55 148 327 138 167 341 474 338
1 5 58 139 332 158 169 339 475 346
1 5 73 150 336 156 168 343 476 344
1 5 0 133 318 141 179 349 477 352
1 5 16 145 324 142 180 354 478 350
1 5 40 137 337 166 182 351 479 359
1 5 55 148 341 167 181 356 480 358
1 5 32 175 353 178 195 363 481 366
1 5 59 183 357 176 196 368 482 364
1 5 61 177 360 189 198 365 483 373
1 5 74 185 362 188 197 370 484 372
1 5 1 146 325 151 186 377 485 355
1 5 24 161 334 152 210 381 486 378
1 5 41 149 342 170 187 379 487 361
1 5 56 163 347 171 211 383 488 385
1 5 33 207 380 184 202 389 489 369
1 5 63 212 384 208 222 393 490 390
1 5 60 209 386 190 203 391 491 375
1 5 75 214 388 217 223 395 492 397
1 5 3 154 401 233 160 330 493 404
1 5 17 162 406 231 159 335 494 402
1 5 35 232 409 243 238 403 495 412
1 5 66 239 414 241 237 407 496 410
1 5 43 157 405 236 173 345 497 419
1 5 57 164 408 234 172 348 498 417
1 5 68 235 413 246 252 418 499 423
1 5 76 240 416 244 251 420 500 421
1 5 0 136 425 179 141 321 501 352
1 5 25 155 429 255 144 331 502 426
1 5 32 256 432 195 178 427 503 366
1 5 69 260 436 262 259 430 504 433
1 5 40 140 428 182 166 340 505 359
1 5 58 158 431 257 169 346 506 439
1 5 61 258 435 198 189 440 507 373
1 5 77 261 438 264 269 441 508 442
1 5 4 263 445 191 194 434 509 367
1 5 27 267 449 271 266 437 510 446
1 5 18 272 452 199 192 447 511 371
1 5 71 276 455 278 275 450 512 453
1 5 44 265 448 193 205 443 513 374
1 5 70 268 451 273 270 444 514 457
1 5 62 274 454 201 204 458 515 376
1 5 78 277 456 279 280 459 516 460
1 5 79 20 80 281 282 88 283 461
1 5 281 80 48 81 461 283 89 284
1 5 82 281 81 29 285 461 284 90
1 5 87 282 461 285 36 83 286 86
1 5 282 88 283 461 83 49 84 286
1 5 461 283 89 284 286 84 72 85
1 5 285 461 284 90 86 286 85 52
1 5 91 9 92 287 288 97 289 462
1 5 287 92 28 93 462 289 98 290
1 5 80 287 93 48 283 462 290 89
1 5 88 288 462 283 49 94 291 84
1 5 288 97 289 462 94 37 95 291
1 5 462 289 98 290 291 95 50 96
1 5 283 462 290 89 84 291 96 72
1 5 81 48 99 292 284 89 293 463
1 5 292 99 21 100 463 293 105 294
1 5 101 292 100 11 295 463 294 106
1 5 90 284 463 295 52 85 296 104
1 5 284 89 293 463 85 72 102 296
1 5 463 293 105 294 296 102 51 103
1 5 295 463 294 106 104 296 103 39
1 5 93 28 107 297 290 98 298 464
1 5 297 107 10 108 464 298 111 299
1 5 99 297 108 21 293 464 299 105
1 5 89 290 464 293 72 96 300 102
1 5 290 98 298 464 96 50 109 300
1 5 464 298 111 299 300 109 38 110
1 5 293 464 299 105 102 300 110 51
1 5 83 49 84 286 301 117 302 465
1 5 286 84 72 85 465 302 118 303
1 5 86 286 85 52 304 465 303 119
1 5 116 301 465 304 12 112 305 115
1 5 301 117 302 465 112 22 113 305
1 5 465 302 118 303 305 113 53 114
1 5 304 465 303 119 115 305 114 31
1 5 94 37 95 291 306 123 307 466
1 5 291 95 50 96 466 307 124 308
1 5 84 291 96 72 302 466 308 118
1 5 117 306 466 302 22 120 309 113
1 5 306 123 307 466 120 13 121 309
1 5 466 307 124 308 309 121 30 122
1 5 302 466 308 118 113 309 122 53
1 5 85 72 102 296 303 118 310 467
1 5 296 102 51 103 467 310 128 311
1 5 104 296 103 39 312 467 311 129
1 5 119 303 467 312 31 114 313 127
1 5 303 118 310 467 114 53 125 313
1 5 467 310 128 311 313 125 23 126
1 5 312 467 311 129 127 313 126 15
1 5 96 50 109 300 308 124 314 468
1 5 300 109 38 110 468 314 132 315
1 5 102 300 110 51 310 468 315 128
1 5 118 308 468 310 53 122 316 125
1 5 308 124 314 468 122 30 130 316
1 5 468 314 132 315 316 130 14 131
1 5 310 468 315 128 125 316 131 23
1 5 133 16 134 317 318 142 319 469
1 5 317 134 54 135 469 319 143 320
1 5 136 317 135 25 321 469 320 144
1 5 141 318 469 321 40 137 322 140
1 5 318 142 319 469 137 55 138 322
1 5 469 319 143 320 322 138 73 139
1 5 321 469 320 144 140 322 139 58
1 5 145 1 146 323 324 151 325 470
1 5 323 146 24 147 470 325 152 326
1 5 134 323 147 54 319 470 326 143
1 5 142 324 470 319 55 148 327 138
1 5 324 151 325 470 148 41 149 327
1 5 470 325 152 326 327 149 56 150
1 5 319 470 326 143 138 327 150 73
1 5 135 54 153 328 320 143 329 471
1 5 328 153 17 154 471 329 159 330
1 5 155 328 154 3 331 471 330 160
1 5 144 320 471 331 58 139 332 158
1 5 320 143 329 471 139 73 156 332
1 5 471 329 159 330 332 156 57 157
1 5 331 471 330 160 158 332 157 43
1 5 147 24 161 333 326 152 334 472
1 5 333 161 2 162 472 334 165 335
1 5 153 333 162 17 329 472 335 159
1 5 143 326 472 329 73 150 336 156
1 5 326 152 334 472 150 56 163 336
1 5 472 334 165 335 336 163 42 164
1 5 329 472 335 159 156 336 164 57
1 5 137 55 138 322 337 167 338 473
1 5 322 138 73 139 473 338 168 339
1 5 140 322 139 58 340 473 339 169
1 5 166 337 473 340 8 79 281 82
1 5 337 167 338 473 79 20 80 281
1 5 473 338 168 339 281 80 48 81
1 5 340 473 339 169 82 281 81 29
1 5 148 41 149 327 341 170 342 474
1 5 327 149 56 150 474 342 171 343
1 5 138 327 150 73 338 474 343 168
1 5 167 341 474 338 20 91 287 80
1 5 341 170 342 474 91 9 92 287
1 5 474 342 171 343 287 92 28 93
1 5 338 474 343 168 80 287 93 48
1 5 139 73 156 332 339 168 344 475
1 5 332 156 57 157 475 344 172 345
1 5 158 332 157 43 346 475 345 173
1 5 169 339 475 346 29 81 292 101
1 5 339 168 344 475 81 48 99 292
1 5 475 344 172 345 292 99 21 100
1 5 346 475 345 173 101 292 100 11
1 5 150 56 163 336 343 171 347 476
1 5 336 163 42 164 476 347 174 348
1 5 156 336 164 57 344 476 348 172
1 5 168 343 476 344 48 93 297 99
1 5 343 171 347 476 93 28 107 297
1 5 476 347 174 348 297 107 10 108
1 5 344 476 348 172 99 297 108 21
1 5 133 16 142 318 349 180 350 477
1 5 318 142 55 137 477 350 181 351
1 5 141 318 137 40 352 477 351 182
1 5 179 349 477 352 32 175 353 178
1 5 349 180 350 477 175 59 176 353
1 5 477 350 181 351 353 176 74 177
1 5 352 477 351 182 178 353 177 61
1 5 145 1 151 324 354 186 355 478
1 5 324 151 41 148 478 355 187 356
1 5 142 324 148 55 350 478 356 181
1 5 180 354 478 350 59 183 357 176
1 5 354 186 355 478 183 33 184 357
1 5 478 355 187 356 357 184 60 185
1 5 350 478 356 181 176 357 185 74
1 5 137 55 167 337 351 181 358 479
1 5 337 167 20 79 479 358 88 282
1 5 166 337 79 8 359 479 282 87
1 5 182 351 479 359 61 177 360 189
1 5 351 181 358 479 177 74 188 360
1 5 479 358 88 282 360 188 49 83
1 5 359 479 282 87 189 360 83 36
1 5 148 41 170 341 356 187 361 480
1 5 341 170 9 91 480 361 97 288
1 5 167 341 91 20 358 480 288 88
1 5 181 356 480 358 74 185 362 188
1 5 356 187 361 480 185 60 190 362
1 5 480 361 97 288 362 190 37 94
1 5 358 480 288 88 188 362 94 49
1 5 175 59 176 353 363 196 364 481
1 5 353 176 74 177 481 364 197 365
1 5 178 353 177 61 366 481 365 198
1 5 195 363 481 366 4 191 367 194
1 5 363 196 364 481 191 18 192 367
1 5 481 364 197 365 367 192 62 193
1 5 366 481 365 198 194 367 193 44
1 5 183 33 184 357 368 202 369 482
1 5 357 184 60 185 482 369 203 370
1 5 176 357 185 74 364 482 370 197
1 5 196 368 482 364 18 199 371 192
1 5 368 202 369 482 199 5 200 371
1 5 482 369 203 370 371 200 45 201
1 5 364 482 370 197 192 371 201 62
1 5 177 74 188 360 365 197 372 483
1 5 360 188 49 83 483 372 117 301
1 5 189 360 83 36 373 483 301 116
1 5 198 365 483 373 44 193 374 205
1 5 365 197 372 483 193 62 204 374
1 5 483 372 117 301 374 204 22 112
1 5 373 483 301 116 205 374 112 12
1 5 185 60 190 362 370 203 375 484
1 5 362 190 37 94 484 375 123 306
1 5 188 362 94 49 372 484 306 117
1 5 197 370 484 372 62 201 376 204
1 5 370 203 375 484 201 45 206 376
1 5 484 375 123 306 376 206 13 120
1 5 372 484 306 117 204 376 120 22
1 5 146 24 152 325 377 210 378 485
1 5 325 152 56 149 485 378 211 379
1 5 151 325 149 41 355 485 379 187
1 5 186 377 485 355 33 207 380 184
1 5 377 210 378 485 207 63 208 380
1 5 485 378 211 379 380 208 75 209
1 5 355 485 379 187 184 380 209 60
1 5 161 2 165 334 381 215 382 486
1 5 334 165 42 163 486 382 216 383
1 5 152 334 163 56 378 486 383 211
1 5 210 381 486 378 63 212 384 208
1 5 381 215 382 486 212 34 213 384
1 5 486 382 216 383 384 213 64 214
1 5 378 486 383 211 208 384 214 75
1 5 149 56 171 342 379 211 385 487
1 5 342 171 28 92 487 385 98 289
1 5 170 342 92 9 361 487 289 97
1 5 187 379 487 361 60 209 386 190
1 5 379 211 385 487 209 75 217 386
1 5 487 385 98 289 386 217 50 95
1 5 361 487 289 97 190 386 95 37
1 5 163 42 174 347 383 216 387 488
1 5 347 174 10 107 488 387 111 298
1 5 171 347 107 28 385 488 298 98
1 5 211 383 488 385 75 214 388 217
1 5 383 216 387 488 214 64 218 388
1 5 488 387 111 298 388 218 38 109
1 5 385 488 298 98 217 388 109 50
1 5 207 63 208 380 389 222 390 489
1 5 380 208 75 209 489 390 223 391
1 5 184 380 209 60 369 489 391 203
1 5 202 389 489 369 5 219 392 200
1 5 389 222 390 489 219 26 220 392
1 5 489 390 223 391 392 220 65 221
1 5 369 489 391 203 200 392 221 45
1 5 212 34 213 384 393 227 394 490
1 5 384 213 64 214 490 394 228 395
1 5 208 384 214 75 390 490 395 223
1 5 222 393 490 390 26 224 396 220
1 5 393 227 394 490 224 6 225 396
1 5 490 394 228 395 396 225 46 226
1 5 390 490 395 223 220 396 226 65
1 5 209 75 217 386 391 223 397 491
1 5 386 217 50 95 491 397 124 307
1 5 190 386 95 37 375 491 307 123
1 5 203 391 491 375 45 221 398 206
1 5 391 223 397 491 221 65 229 398
1 5 491 397 124 307 398 229 30 121
1 5 375 491 307 123 206 398 121 13
1 5 214 64 218 388 395 228 399 492
1 5 388 218 38 109 492 399 132 314
1 5 217 388 109 50 397 492 314 124
1 5 223 395 492 397 65 226 400 229
1 5 395 228 399 492 226 46 230 400
1 5 492 399 132 314 400 230 14 130
1 5 397 492 314 124 229 400 130 30
1 5 154 17 231 401 330 159 402 493
1 5 401 231 66 232 493 402 237 403
1 5 233 401 232 35 404 493 403 238
1 5 160 330 493 404 43 157 405 236
1 5 330 159 402 493 157 57 234 405
1 5 493 402 237 403 405 234 76 235
1 5 404 493 403 238 236 405 235 68
1 5 162 2 215 406 335 165 382 494
1 5 406 215 34 239 494 382 213 407
1 5 231 406 239 66 402 494 407 237
1 5 159 335 494 402 57 164 408 234
1 5 335 165 382 494 164 42 216 408
1 5 494 382 213 407 408 216 64 240
1 5 402 494 407 237 234 408 240 76
1 5 232 66 241 409 403 237 410 495
1 5 409 241 19 242 495 410 247 411
1 5 243 409 242 7 412 495 411 248
1 5 238 403 495 412 68 235 413 246
1 5 403 237 410 495 235 76 244 413
1 5 495 410 247 411 413 244 67 245
1 5 412 495 411 248 246 413 245 47
1 5 239 34 227 414 407 213 394 496
1 5 414 227 6 249 496 394 225 415
1 5 241 414 249 19 410 496 415 247
1 5 237 407 496 410 76 240 416 244
1 5 407 213 394 496 240 64 228 416
1 5 496 394 225 415 416 228 46 250
1 5 410 496 415 247 244 416 250 67
1 5 157 57 234 405 345 172 417 497
1 5 405 234 76 235 497 417 251 418
1 5 236 405 235 68 419 497 418 252
1 5 173 345 497 419 11 100 294 106
1 5 345 172 417 497 100 21 105 294
1 5 497 417 251 418 294 105 51 103
1 5 419 497 418 252 106 294 103 39
1 5 164 42 216 408 348 174 387 498
1 5 408 216 64 240 498 387 218 420
1 5 234 408 240 76 417 498 420 251
1 5 172 348 498 417 21 108 299 105
1 5 348 174 387 498 108 10 111 299
1 5 498 387 218 420 299 111 38 110
1 5 417 498 420 251 105 299 110 51
1 5 235 76 244 413 418 251 421 499
1 5 413 244 67 245 499 421 253 422
1 5 246 413 245 47 423 499 422 254
1 5 252 418 499 423 39 103 311 129
1 5 418 251 421 499 103 51 128 311
1 5 499 421 253 422 311 128 23 126
1 5 423 499 422 254 129 311 126 15
1 5 240 64 228 416 420 218 399 500
1 5 416 228 46 250 500 399 230 424
1 5 244 416 250 67 421 500 424 253
1 5 251 420 500 421 51 110 315 128
1 5 420 218 399 500 110 38 132 315
1 5 500 399 230 424 315 132 14 131
1 5 421 500 424 253 128 315 131 23
1 5 136 25 255 425 321 144 426 501
1 5 425 255 69 256 501 426 259 427
1 5 179 425 256 32 352 501 427 178
1 5 141 321 501 352 40 140 428 182
1 5 321 144 426 501 140 58 257 428
1 5 501 426 259 427 428 257 77 258
1 5 352 501 427 178 182 428 258 61
1 5 155 3 233 429 331 160 404 502
1 5 429 233 35 260 502 404 238 430
1 5 255 429 260 69 426 502 430 259
1 5 144 331 502 426 58 158 431 257
1 5 331 160 404 502 158 43 236 431
1 5 502 404 238 430 431 236 68 261
1 5 426 502 430 259 257 431 261 77
1 5 256 69 262 432 427 259 433 503
1 5 432 262 27 263 503 433 266 434
1 5 195 432 263 4 366 503 434 194
1 5 178 427 503 366 61 258 435 198
1 5 427 259 433 503 258 77 264 435
1 5 503 433 266 434 435 264 70 265
1 5 366 503 434 194 198 435 265 44
1 5 260 35 243 436 430 238 412 504
1 5 436 243 7 267 504 412 248 437
1 5 262 436 267 27 433 504 437 266
1 5 259 430 504 433 77 261 438 264
1 5 430 238 412 504 261 68 246 438
1 5 504 412 248 437 438 246 47 268
1 5 433 504 437 266 264 438 268 70
1 5 140 58 257 428 340 169 439 505
1 5 428 257 77 258 505 439 269 440
1 5 182 428 258 61 359 505 440 189
1 5 166 340 505 359 8 82 285 87
1 5 340 169 439 505 82 29 90 285
1 5 505 439 269 440 285 90 52 86
1 5 359 505 440 189 87 285 86 36
1 5 158 43 236 431 346 173 419 506
1 5 431 236 68 261 506 419 252 441
1 5 257 431 261 77 439 506 441 269
1 5 169 346 506 439 29 101 295 90
1 5 346 173 419 506 101 11 106 295
1 5 506 419 252 441 295 106 39 104
1 5 439 506 441 269 90 295 104 52
1 5 258 77 264 435 440 269 442 507
1 5 435 264 70 265 507 442 270 443
1 5 198 435 265 44 373 507 443 205
1 5 189 440 507 373 36 86 304 116
1 5 440 269 442 507 86 52 119 304
1 5 507 442 270 443 304 119 31 115
1 5 373 507 443 205 116 304 115 12
1 5 261 68 246 438 441 252 423 508
1 5 438 246 47 268 508 423 254 444
1 5 264 438 268 70 442 508 444 270
1 5 269 441 508 442 52 104 312 119
1 5 441 252 423 508 104 39 129 312
1 5 508 423 254 444 312 129 15 127
1 5 442 508 444 270 119 312 127 31
1 5 263 27 271 445 434 266 446 509
1 5 445 271 71 272 509 446 275 447
1 5 191 445 272 18 367 509 447 192
1 5 194 434 509 367 44 265 448 193
1 5 434 266 446 509 265 70 273 448
1 5 509 446 275 447 448 273 78 274
1 5 367 509 447 192 193 448 274 62
1 5 267 7 242 449 437 248 411 510
1 5 449 242 19 276 510 411 247 450
1 5 271 449 276 71 446 510 450 275
1 5 266 437 510 446 70 268 451 273
1 5 437 248 411 510 268 47 245 451
1 5 510 411 247 450 451 245 67 277
1 5 446 510 450 275 273 451 277 78
1 5 272 71 278 452 447 275 453 511
1 5 452 278 26 219 511 453 220 392
1 5 199 452 219 5 371 511 392 200
1 5 192 447 511 371 62 274 454 201
1 5 447 275 453 511 274 78 279 454
1 5 511 453 220 392 454 279 65 221
1 5 371 511 392 200 201 454 221 45
1 5 276 19 249 455 450 247 415 512
1 5 455 249 6 224 512 415 225 396
1 5 278 455 224 26 453 512 396 220
1 5 275 450 512 453 78 277 456 279
1 5 450 247 415 512 277 67 250 456
1 5 512 415 225 396 456 250 46 226
1 5 453 512 396 220 279 456 226 65
1 5 265 70 273 448 443 270 457 513
1 5 448 273 78 274 513 457 280 458
1 5 193 448 274 62 374 513 458 204
1 5 205 443 513 374 12 115 305 112
1 5 443 270 457 513 115 31 114 305
1 5 513 457 280 458 305 114 53 113
1 5 374 513 458 204 112 305 113 22
1 5 268 47 245 451 444 254 422 514
1 5 451 245 67 277 514 422 253 459
1 5 273 451 277 78 457 514 459 280
1 5 270 444 514 457 31 127 313 114
1 5 444 254 422 514 127 15 126 313
1 5 514 422 253 459 313 126 23 125
1 5 457 514 459 280 114 313 125 53
1 5 274 78 279 454 458 280 460 515
1 5 454 279 65 221 515 460 229 398
1 5 201 454 221 45 376 515 398 206
1 5 204 458 515 376 22 113 309 120
1 5 458 280 460 515 113 53 122 309
1 5 515 460 229 398 309 122 30 121
1 5 376 515 398 206 120 309 121 13
1 5 277 67 250 456 459 253 424 516
1 5 456 250 46 226 516 424 230 400
1 5 279 456 226 65 460 516 400 229
1 5 280 459 516 460 53 125 316 122
1 5 459 253 424 516 125 23 131 316
1 5 516 424 230 400 316 131 14 130
1 5 460 516 400 229 122 316 130 30

boundary
96
1 3 25 135 317 136
1 3 54 147 323 134
1 3 3 154 328 155
1 3 17 162 333 153
1 3 0 133 349 179
1 3 16 145 354 180
1 3 32 175 363 195
1 3 59 183 368 196
1 3 1 146 377 186
1 3 24 161 381 210
1 3 33 207 389 202
1 3 63 212 393 222
1 3 35 232 401 233
1 3 66 239 406 231
1 3 7 242 409 243
1 3 19 249 414 241
1 3 32 256 425 179
1 3 69 260 429 255
1 3 4 263 432 195
1 3 27 267 436 262
1 3 18 272 445 191
1 3 71 276 449 271
1 3 5 219 452 199
1 3 26 224 455 278
1 3 135 54 134 317
1 3 317 134 16 133
1 3 136 317 133 0
1 3 147 24 146 323
1 3 323 146 1 145
1 3 134 323 145 16
1 3 154 17 153 328
1 3 328 153 54 135
1 3 155 328 135 25
1 3 162 2 161 333
1 3 333 161 24 147
1 3 153 333 147 54
1 3 133 16 180 349
1 3 349 180 59 175
1 3 179 349 175 32
1 3 145 1 186 354
1 3 354 186 33 183
1 3 180 354 183 59
1 3 175 59 196 363
1 3 363 196 18 191
1 3 195 363 191 4
1 3 183 33 202 368
1 3 368 202 5 199
1 3 196 368 199 18
1 3 146 24 210 377
1 3 377 210 63 207
1 3 186 377 207 33
1 3 161 2 215 381
1 3 381 215 34 212
1 3 210 381 212 63
1 3 207 63 222 389
1 3 389 222 26 219
1 3 202 389 219 5
1 3 212 34 227 393
1 3 393 227 6 224
1 3 222 393 224 26
1 3 232 66 231 401
1 3 401 231 17 154
1 3 233 401 154 3
1 3 239 34 215 406
1 3 406 215 2 162
1 3 231 406 162 17
1 3 242 19 241 409
1 3 409 241 66 232
1 3 243 409 232 35
1 3 249 6 227 414
1 3 414 227 34 239
1 3 241 414 239 66
1 3 256 69 255 425
1 3 425 255 25 136
1 3 179 425 136 0
1 3 260 35 233 429
1 3 429 233 3 155
1 3 255 429 155 25
1 3 263 27 262 432
1 3 432 262 69 256
1 3 195 432 256 32
1 3 267 7 243 436
1 3 436 243 35 260
1 3 262 436 260 69
1 3 272 71 271 445
1 3 445 271 27 263
1 3 191 445 263 4
1 3 276 19 242 449
1 3 449 242 7 267
1 3 271 449 267 27
1 3 219 26 278 452
1 3 452 278 71 272
1 3 199 452 272 18
1 3 224 6 249 455
1 3 455 249 19 276
1 3 278 455 276 71

vertices
517

nodes
FiniteElementSpace
FiniteElementCollection: H1_3D_P4
VDim: 3
Ordering: 1

-0.57735026918963 -0.57735026918963 -0.57735026918963
0.57735026918963 -0.57735026918963 -0.57735026918963
0.57735026918963 0.57735026918963 -0.57735026918963
-0.57735026918963 0.57735026918963 -0.57735026918963
-0.57735026918963 -0.57735026918963 0.57735026918963
0.57735026918963 -0.57735026918963 0.57735026918963
0.57735026918963 0.57735026918963 0.57735026918963
-0.57735026918963 0.57735026918963 0.57735026918963
-0.28867513459481 -0.28867513459481 -0.28867513459481
0.28867513459481 -0.28867513459481 -0.28867513459481
0.28867513459481 0.28867513459481 -0.28867513459481
-0.28867513459481 0.28867513459481 -0.28867513459481
-0.28867513459481 -0.28867513459481 0.28867513459481
0.28867513459481 -0.28867513459481 0.28867513459481
0.28867513459481 0.28867513459481 0.28867513459481
-0.28867513459481 0.28867513459481 0.28867513459481
6.9388939039072e-18 -0.70710678118655 -0.70710678118655
6.9388939039072e-18 0.70710678118655 -0.70710678118655
6.9388939039072e-18 -0.70710678118655 0.70710678118655
6.9388939039072e-18 0.70710678118655 0.70710678118655
0 -0.28867513459481 -0.28867513459481
0 0.28867513459481 -0.28867513459481
0 -0.28867513459481 0.28867513459481
0 0.28867513459481 0.28867513459481
0.70710678118655 6.9388939039072e-18 -0.70710678118655
-0.70710678118655 6.9388939039072e-18 -0.70710678118655
0.70710678118655 6.9388939039072e-18 0.70710678118655
-0.70710678118655 6.9388939039072e-18 0.70710678118655
0.28867513459481 0 -0.28867513459481
-0.28867513459481 0 -0.28867513459481
0.28867513459481 0 0.28867513459481
-0.28867513459481 0 0.28867513459481
-0.70710678118655 -0.70710678118655 6.9388939039072e-18
0.70710678118655 -0.70710678118655 6.9388939039072e-18
0.70710678118655 0.70710678118655 6.9388939039072e-18
-0.70710678118655 0.70710678118655 6.9388939039072e-18
-0.28867513459481 -0.28867513459481 0
0.28867513459481 -0.28867513459481 0
0.28867513459481 0.28867513459481 0
-0.28867513459481 0.28867513459481 0
-0.43301270189222 -0.43301270189222 -0.43301270189222
0.43301270189222 -0.43301270189222 -0.43301270189222
0.43301270189222 0.43301270189222 -0.43301270189222
-0.43301270189222 0.43301270189222 -0.43301270189222
-0.43301270189222 -0.43301270189222 0.43301270189222
0.43301270189222 -0.43301270189222 0.43301270189222
0.43301270189222 0.43301270189222 0.43301270189222
-0.43301270189222 0.43301270189222 0.43301270189222
0 4.336808689942e-18 -0.28867513459481
0 -0.28867513459481 4.336808689942e-18
0.28867513459481 0 4.336808689942e-18
0 0.28867513459481 4.336808689942e-18
-0.28867513459481 0 4.336808689942e-18
4.336808689942e-18 0 0.28867513459481
-1.7347234759768e-18 1.7347234759768e-18 -1
4.336808689942e-18 -0.48603888751278 -0.48603888751278
0.48603888751278 4.336808689942e-18 -0.48603888751278
4.336808689942e-18 0.48603888751278 -0.48603888751278
-0.48603888751278 4.336808689942e-18 -0.48603888751278
-1.7347234759768e-18 -1 1.7347234759768e-18
0.48603888751278 -0.48603888751278 1.7347234759768e-18
-0.48603888751278 -0.48603888751278 4.336808689942e-18
4.336808689942e-18 -0.48603888751278 0.48603888751278
1 -1.7347234759768e-18 1.7347234759768e-18
0.48603888751278 0.48603888751278 4.336808689942e-18
0.48603888751278 4.336808689942e-18 0.48603888751278
-1.7347234759768e-18 1 1.7347234759768e-18
4.336808689942e-18 0.48603888751278 0.48603888751278
-0.48603888751278 0.48603888751278 4.336808689942e-18
-1 -1.7347234759768e-18 1.7347234759768e-18
-0.48603888751278 4.336808689942e-18 0.48603888751278
1.7347234759768e-18 -1.7347234759768e-18 1
0 5.4210108624275e-19 9.2157184661268e-18
2.168404344971e-19 5.4210108624275e-18 -0.59630390987755
-1.0842021724855e-19 -0.59630390987755 1.7455654977017e-17
0.59630390987755 -1.0842021724855e-19 1.7455654977017e-17
2.168404344971e-19 0.59630390987755 5.4210108624275e-18
-0.59630390987755 2.168404344971e-19 5.4210108624275e-18
5.4210108624275e-18 2.168404344971e-19 0.59630390987755
-0.1443375672974 -0.28867513459481 -0.28867513459481
1.3010426069826e-18 -0.1443375672974 -0.28867513459481
-0.1443375672974 5.6920614055489e-18 -0.28867513459481
-0.28867513459481 -0.1443375672974 -0.28867513459481
-0.1443375672974 -0.28867513459481 5.6920614055489e-18
-7.0473141211558e-19 -0.1443375672974 -1.6798357409947e-17
-0.1443375672974 1.578869413682e-18 -7.094747966202e-18
-0.28867513459481 -0.1443375672974 5.6920614055489e-18
-0.28867513459481 -0.28867513459481 -0.1443375672974
1.3010426069826e-18 -0.28867513459481 -0.1443375672974
-7.0473141211558e-19 -2.568203896075e-18 -0.1443375672974
-0.28867513459481 1.3010426069826e-18 -0.1443375672974
0.1443375672974 -0.28867513459481 -0.28867513459481
0.28867513459481 -0.1443375672974 -0.28867513459481
0.1443375672974 -4.7704895589362e-18 -0.28867513459481
0.1443375672974 -0.28867513459481 -4.7704895589362e-18
0.28867513459481 -0.1443375672974 5.6920614055489e-18
0.1443375672974 -1.4636729328554e-18 2.4394548880924e-18
0.28867513459481 -0.28867513459481 -0.1443375672974
0.28867513459481 1.3010426069826e-18 -0.1443375672974
1.7347234759768e-18 0.1443375672974 -0.28867513459481
-0.1443375672974 0.28867513459481 -0.28867513459481
-0.28867513459481 0.1443375672974 -0.28867513459481
2.168404344971e-19 0.1443375672974 7.8604657505199e-18
-0.1443375672974 0.28867513459481 5.6920614055489e-18
-0.28867513459481 0.1443375672974 -4.7704895589362e-18
1.3010426069826e-18 0.28867513459481 -0.1443375672974
-0.28867513459481 0.28867513459481 -0.1443375672974
0.28867513459481 0.1443375672974 -0.28867513459481
0.1443375672974 0.28867513459481 -0.28867513459481
0.28867513459481 0.1443375672974 -4.7704895589362e-18
0.1443375672974 0.28867513459481 -4.7704895589362e-18
0.28867513459481 0.28867513459481 -0.1443375672974
-0.1443375672974 -0.28867513459481 0.28867513459481
5.6920614055489e-18 -0.1443375672974 0.28867513459481
-0.1443375672974 1.3010426069826e-18 0.28867513459481
-0.28867513459481 -0.1443375672974 0.28867513459481
-0.28867513459481 -0.28867513459481 0.1443375672974
1.7347234759768e-18 -0.28867513459481 0.1443375672974
-1.5178830414797e-18 5.4752209710518e-18 0.1443375672974
-0.28867513459481 1.7347234759768e-18 0.1443375672974
0.1443375672974 -0.28867513459481 0.28867513459481
0.28867513459481 -0.1443375672974 0.28867513459481
0.1443375672974 1.7347234759768e-18 0.28867513459481
0.28867513459481 -0.28867513459481 0.1443375672974
0.28867513459481 1.7347234759768e-18 0.1443375672974
-4.7704895589362e-18 0.1443375672974 0.28867513459481
-0.1443375672974 0.28867513459481 0.28867513459481
-0.28867513459481 0.1443375672974 0.28867513459481
1.7347234759768e-18 0.28867513459481 0.1443375672974
-0.28867513459481 0.28867513459481 0.1443375672974
0.28867513459481 0.1443375672974 0.28867513459481
0.1443375672974 0.28867513459481 0.28867513459481
0.28867513459481 0.28867513459481 0.1443375672974
-0.31000795443685 -0.67227043226141 -0.67227043226141
4.336808689942e-18 -0.39717734749907 -0.91774187799926
-0.39717734749907 -1.0083080204115e-17 -0.91774187799926
-0.67227043226141 -0.31000795443685 -0.67227043226141
-0.22368927079845 -0.47240706671866 -0.47240706671866
1.3010426069826e-18 -0.25629728467297 -0.5672315181898
-0.25629728467297 -1.0191500421364e-17 -0.5672315181898
-0.47240706671866 -0.22368927079845 -0.47240706671866
-0.50518148554092 -0.50518148554092 -0.50518148554092
3.4152368433293e-18 -0.59335069483823 -0.59335069483823
-6.505213034913e-19 -1.6669608401965e-18 -0.78353469523352
-0.59335069483823 3.4152368433293e-18 -0.59335069483823
0.31000795443685 -0.67227043226141 -0.67227043226141
0.67227043226141 -0.31000795443685 -0.67227043226141
0.39717734749907 3.4694469519536e-17 -0.91774187799926
0.22368927079845 -0.47240706671866 -0.47240706671866
0.47240706671866 -0.22368927079845 -0.47240706671866
0.25629728467297 -8.8362477057569e-18 -0.5672315181898
0.50518148554092 -0.50518148554092 -0.50518148554092
0.59335069483823 3.4152368433293e-18 -0.59335069483823
6.0715321659188e-18 0.39717734749907 -0.91774187799926
-0.31000795443685 0.67227043226141 -0.67227043226141
-0.67227043226141 0.31000795443685 -0.67227043226141
-3.7947076036993e-19 0.25629728467297 -0.5672315181898
-0.22368927079845 0.47240706671866 -0.47240706671866
-0.47240706671866 0.22368927079845 -0.47240706671866
3.4152368433293e-18 0.59335069483823 -0.59335069483823
-0.50518148554092 0.50518148554092 -0.50518148554092
0.67227043226141 0.31000795443685 -0.67227043226141
0.31000795443685 0.67227043226141 -0.67227043226141
0.47240706671866 0.22368927079845 -0.47240706671866
0.22368927079845 0.47240706671866 -0.47240706671866
0.50518148554092 0.50518148554092 -0.50518148554092
-0.36084391824351 -0.36084391824351 -0.36084391824351
3.4694469519536e-18 -0.38463884046381 -0.38463884046381
-7.5894152073985e-19 -1.1384122811098e-18 -0.43275990522375
-0.38463884046381 3.4694469519536e-18 -0.38463884046381
0.36084391824351 -0.36084391824351 -0.36084391824351
0.38463884046381 3.4694469519536e-18 -0.38463884046381
3.4694469519536e-18 0.38463884046381 -0.38463884046381
-0.36084391824351 0.36084391824351 -0.36084391824351
0.36084391824351 0.36084391824351 -0.36084391824351
-0.39717734749907 -0.91774187799926 -1.0083080204115e-17
-5.3532482266472e-19 -0.78353469523351 -2.0532078641444e-18
-0.25629728467297 -0.5672315181898 -2.3635607360184e-17
-0.59335069483823 -0.59335069483823 3.4152368433293e-18
-0.67227043226141 -0.67227043226141 -0.31000795443685
4.336808689942e-18 -0.91774187799926 -0.39717734749907
1.3281476612947e-18 -0.5672315181898 -0.25629728467297
-0.47240706671866 -0.47240706671866 -0.22368927079845
0.39717734749907 -0.91774187799926 3.4694469519536e-17
0.59335069483823 -0.59335069483823 -1.9732479539236e-17
0.25629728467297 -0.5672315181898 -4.3097036356299e-17
0.67227043226141 -0.67227043226141 -0.31000795443685
0.47240706671866 -0.47240706671866 -0.22368927079845
4.6078592330634e-19 -0.43275990522375 -6.1799523831674e-18
-0.38463884046381 -0.38463884046381 3.4694469519536e-18
0.38463884046381 -0.38463884046381 -5.8546917314217e-18
-0.31000795443685 -0.67227043226141 0.67227043226141
3.4152368433293e-18 -0.59335069483823 0.59335069483823
-0.22368927079845 -0.47240706671866 0.47240706671866
-0.50518148554092 -0.50518148554092 0.50518148554092
-0.67227043226141 -0.67227043226141 0.31000795443685
6.0715321659188e-18 -0.91774187799926 0.39717734749907
1.7889335846011e-18 -0.5672315181898 0.25629728467297
-0.47240706671866 -0.47240706671866 0.22368927079845
0.31000795443685 -0.67227043226141 0.67227043226141
0.50518148554092 -0.50518148554092 0.50518148554092
0.22368927079845 -0.47240706671866 0.47240706671866
0.67227043226141 -0.67227043226141 0.31000795443685
0.47240706671866 -0.47240706671866 0.22368927079845
3.4694469519536e-18 -0.38463884046381 0.38463884046381
-0.36084391824351 -0.36084391824351 0.36084391824351
0.36084391824351 -0.36084391824351 0.36084391824351
0.91774187799926 -0.39717734749907 -1.0083080204115e-17
0.78353469523351 -5.3532482266472e-19 -2.0532078641444e-18
0.5672315181898 -0.25629728467297 -2.3635607360184e-17
0.91774187799926 4.336808689942e-18 -0.39717734749907
0.5672315181898 1.3281476612947e-18 -0.25629728467297
0.91774187799926 0.39717734749907 3.4694469519536e-17
0.59335069483823 0.59335069483823 3.4152368433293e-18
0.5672315181898 0.25629728467297 -4.3097036356299e-17
0.67227043226141 0.67227043226141 -0.31000795443685
0.47240706671866 0.47240706671866 -0.22368927079845
0.43275990522375 4.6078592330634e-19 -6.1799523831674e-18
0.38463884046381 0.38463884046381 3.4694469519536e-18
0.67227043226141 -0.31000795443685 0.67227043226141
0.59335069483823 3.4152368433293e-18 0.59335069483823
0.47240706671866 -0.22368927079845 0.47240706671866
0.91774187799926 6.0715321659188e-18 0.39717734749907
0.5672315181898 1.7889335846011e-18 0.25629728467297
0.67227043226141 0.31000795443685 0.67227043226141
0.50518148554092 0.50518148554092 0.50518148554092
0.47240706671866 0.22368927079845 0.47240706671866
0.67227043226141 0.67227043226141 0.31000795443685
0.47240706671866 0.47240706671866 0.22368927079845
0.38463884046381 3.4694469519536e-18 0.38463884046381
0.36084391824351 0.36084391824351 0.36084391824351
4.336808689942e-18 0.91774187799926 -0.39717734749907
-0.39717734749907 0.91774187799926 -1.0083080204115e-17
-0.67227043226141 0.67227043226141 -0.31000795443685
1.3010426069826e-18 0.5672315181898 -0.25629728467297
-0.25629728467297 0.5672315181898 -1.0191500421364e-17
-0.47240706671866 0.47240706671866 -0.22368927079845
-6.505213034913e-19 0.78353469523352 -1.6669608401965e-18
-0.59335069483823 0.59335069483823 3.4152368433293e-18
0.39717734749907 0.91774187799926 3.4694469519536e-17
0.25629728467297 0.5672315181898 -8.8362477057569e-18
6.0715321659188e-18 0.91774187799926 0.39717734749907
-0.31000795443685 0.67227043226141 0.67227043226141
-0.67227043226141 0.67227043226141 0.31000795443685
-3.7947076036993e-19 0.5672315181898 0.25629728467297
-0.22368927079845 0.47240706671866 0.47240706671866
-0.47240706671866 0.47240706671866 0.22368927079845
3.4152368433293e-18 0.59335069483823 0.59335069483823
-0.50518148554092 0.50518148554092 0.50518148554092
0.31000795443685 0.67227043226141 0.67227043226141
0.22368927079845 0.47240706671866 0.47240706671866
-7.5894152073985e-19 0.43275990522375 -1.1384122811098e-18
-0.38463884046381 0.38463884046381 3.4694469519536e-18
3.4694469519536e-18 0.38463884046381 0.38463884046381
-0.36084391824351 0.36084391824351 0.36084391824351
-0.91774187799926 4.336808689942e-18 -0.39717734749907
-0.91774187799926 -0.39717734749907 -1.0083080204115e-17
-0.5672315181898 1.3010426069826e-18 -0.25629728467297
-0.5672315181898 -0.25629728467297 -1.0191500421364e-17
-0.78353469523352 -6.505213034913e-19 -1.6669608401965e-18
-0.91774187799926 0.39717734749907 3.4694469519536e-17
-0.5672315181898 0.25629728467297 -8.8362477057569e-18
-0.91774187799926 6.0715321659188e-18 0.39717734749907
-0.67227043226141 -0.31000795443685 0.67227043226141
-0.5672315181898 -3.7947076036993e-19 0.25629728467297
-0.47240706671866 -0.22368927079845 0.47240706671866
-0.59335069483823 3.4152368433293e-18 0.59335069483823
-0.67227043226141 0.31000795443685 0.67227043226141
-0.47240706671866 0.22368927079845 0.47240706671866
-0.43275990522375 -7.5894152073985e-19 -1.1384122811098e-18
-0.38463884046381 3.4694469519536e-18 0.38463884046381
-0.39717734749907 4.336808689942e-18 0.91774187799926
-1.0083080204115e-17 -0.39717734749907 0.91774187799926
-0.25629728467297 1.3010426069826e-18 0.5672315181898
-1.0191500421364e-17 -0.25629728467297 0.5672315181898
-1.6669608401965e-18 -6.505213034913e-19 0.78353469523352
3.4694469519536e-17 0.39717734749907 0.91774187799926
-8.8362477057569e-18 0.25629728467297 0.5672315181898
0.39717734749907 6.0715321659188e-18 0.91774187799926
0.25629728467297 -3.7947076036993e-19 0.5672315181898
-1.1384122811098e-18 -7.5894152073985e-19 0.43275990522375
-0.1443375672974 -0.1443375672974 -0.28867513459481
-0.1443375672974 -0.28867513459481 -0.1443375672974
6.6068569885835e-19 -0.1443375672974 -0.1443375672974
-0.1443375672974 -4.2381293515869e-18 -0.1443375672974
-0.28867513459481 -0.1443375672974 -0.1443375672974
-0.1443375672974 -0.1443375672974 1.8746956705106e-17
0.1443375672974 -0.1443375672974 -0.28867513459481
0.1443375672974 -0.28867513459481 -0.1443375672974
0.28867513459481 -0.1443375672974 -0.1443375672974
0.1443375672974 1.6940658945086e-20 -0.1443375672974
0.1443375672974 -0.1443375672974 1.4816300313372e-17
-0.1443375672974 0.1443375672974 -0.28867513459481
1.0435445910173e-18 0.1443375672974 -0.1443375672974
-0.1443375672974 0.28867513459481 -0.1443375672974
-0.28867513459481 0.1443375672974 -0.1443375672974
-0.1443375672974 0.1443375672974 -1.3305193535471e-17
0.1443375672974 0.1443375672974 -0.28867513459481
0.28867513459481 0.1443375672974 -0.1443375672974
0.1443375672974 0.28867513459481 -0.1443375672974
0.1443375672974 0.1443375672974 -1.5910666881225e-17
-0.1443375672974 -0.28867513459481 0.1443375672974
5.1499603193061e-19 -0.1443375672974 0.1443375672974
-0.1443375672974 -2.6800122451126e-18 0.1443375672974
-0.28867513459481 -0.1443375672974 0.1443375672974
-0.1443375672974 -0.1443375672974 0.28867513459481
0.1443375672974 -0.28867513459481 0.1443375672974
0.28867513459481 -0.1443375672974 0.1443375672974
0.1443375672974 -7.3183646642772e-19 0.1443375672974
0.1443375672974 -0.1443375672974 0.28867513459481
1.0842021724855e-19 0.1443375672974 0.1443375672974
-0.1443375672974 0.28867513459481 0.1443375672974
-0.28867513459481 0.1443375672974 0.1443375672974
-0.1443375672974 0.1443375672974 0.28867513459481
0.28867513459481 0.1443375672974 0.1443375672974
0.1443375672974 0.28867513459481 0.1443375672974
0.1443375672974 0.1443375672974 0.28867513459481
-0.3729804869405 -0.3729804869405 -0.84957113458689
-0.26592162565808 -0.5701923922271 -0.5701923922271
-1.7444643548702e-18 -0.32246440435591 -0.731855670553
-0.32246440435591 -3.2144900348301e-18 -0.731855670553
-0.5701923922271 -0.26592162565808 -0.5701923922271
-0.24775118615189 -0.24775118615189 -0.54236453486458
0.3729804869405 -0.3729804869405 -0.84957113458689
0.26592162565808 -0.5701923922271 -0.5701923922271
0.5701923922271 -0.26592162565808 -0.5701923922271
0.32246440435591 7.1320174158812e-18 -0.731855670553
0.24775118615189 -0.24775118615189 -0.54236453486458
-0.3729804869405 0.3729804869405 -0.84957113458689
-1.7618285302889e-18 0.32246440435591 -0.731855670553
-0.26592162565808 0.5701923922271 -0.5701923922271
-0.5701923922271 0.26592162565808 -0.5701923922271
-0.24775118615189 0.24775118615189 -0.54236453486458
0.3729804869405 0.3729804869405 -0.84957113458689
0.5701923922271 0.26592162565808 -0.5701923922271
0.26592162565808 0.5701923922271 -0.5701923922271
0.24775118615189 0.24775118615189 -0.54236453486458
-0.18319634977455 -0.37864924818662 -0.37864924818662
1.1638232695274e-18 -0.19728907369071 -0.42041876947151
-0.19728907369071 1.3891340334971e-18 -0.42041876947151
-0.37864924818662 -0.18319634977455 -0.37864924818662
0.18319634977455 -0.37864924818662 -0.37864924818662
0.37864924818662 -0.18319634977455 -0.37864924818662
0.19728907369071 1.0299920638612e-18 -0.42041876947151
-1.3145951341387e-18 0.19728907369071 -0.42041876947151
-0.18319634977455 0.37864924818662 -0.37864924818662
-0.37864924818662 0.18319634977455 -0.37864924818662
0.37864924818662 0.18319634977455 -0.37864924818662
0.18319634977455 0.37864924818662 -0.37864924818662
-0.3729804869405 -0.84957113458689 -0.3729804869405
4.0691462786097e-18 -0.731855670553 -0.32246440435591
-0.24775118615189 -0.54236453486458 -0.24775118615189
-0.5701923922271 -0.5701923922271 -0.26592162565808
-0.32246440435591 -0.731855670553 -2.4763431729453e-17
0.3729804869405 -0.84957113458689 -0.3729804869405
0.5701923922271 -0.5701923922271 -0.26592162565808
0.24775118615189 -0.54236453486458 -0.24775118615189
0.32246440435591 -0.731855670553 -2.0000141950569e-17
-2.4140438996748e-18 -0.42041876947151 -0.19728907369071
-0.37864924818662 -0.37864924818662 -0.18319634977455
-0.19728907369071 -0.42041876947151 -2.4631718106155e-17
0.37864924818662 -0.37864924818662 -0.18319634977455
0.19728907369071 -0.42041876947151 -2.630545520993e-17
-0.3729804869405 -0.84957113458689 0.3729804869405
4.5536491244391e-18 -0.731855670553 0.32246440435591
-0.24775118615189 -0.54236453486458 0.24775118615189
-0.5701923922271 -0.5701923922271 0.26592162565808
-0.26592162565808 -0.5701923922271 0.5701923922271
0.3729804869405 -0.84957113458689 0.3729804869405
0.5701923922271 -0.5701923922271 0.26592162565808
0.24775118615189 -0.54236453486458 0.24775118615189
0.26592162565808 -0.5701923922271 0.5701923922271
1.5178830414797e-18 -0.42041876947151 0.19728907369071
-0.37864924818662 -0.37864924818662 0.18319634977455
-0.18319634977455 -0.37864924818662 0.37864924818662
0.37864924818662 -0.37864924818662 0.18319634977455
0.18319634977455 -0.37864924818662 0.37864924818662
0.84957113458689 -0.3729804869405 -0.3729804869405
0.731855670553 4.0691462786097e-18 -0.32246440435591
0.54236453486458 -0.24775118615189 -0.24775118615189
0.731855670553 -0.32246440435591 -2.4763431729453e-17
0.84957113458689 0.3729804869405 -0.3729804869405
0.5701923922271 0.5701923922271 -0.26592162565808
0.54236453486458 0.24775118615189 -0.24775118615189
0.731855670553 0.32246440435591 -2.0000141950569e-17
0.42041876947151 -2.4140438996748e-18 -0.19728907369071
0.42041876947151 -0.19728907369071 -2.4631718106155e-17
0.37864924818662 0.37864924818662 -0.18319634977455
0.42041876947151 0.19728907369071 -2.630545520993e-17
0.84957113458689 -0.3729804869405 0.3729804869405
0.731855670553 4.5536491244391e-18 0.32246440435591
0.54236453486458 -0.24775118615189 0.24775118615189
0.5701923922271 -0.26592162565808 0.5701923922271
0.84957113458689 0.3729804869405 0.3729804869405
0.5701923922271 0.5701923922271 0.26592162565808
0.54236453486458 0.24775118615189 0.24775118615189
0.5701923922271 0.26592162565808 0.5701923922271
0.42041876947151 1.5178830414797e-18 0.19728907369071
0.37864924818662 -0.18319634977455 0.37864924818662
0.37864924818662 0.37864924818662 0.18319634977455
0.37864924818662 0.18319634977455 0.37864924818662
-0.3729804869405 0.84957113458689 -0.3729804869405
-1.7444643548702e-18 0.731855670553 -0.32246440435591
-0.32246440435591 0.731855670553 -3.2144900348301e-18
-0.5701923922271 0.5701923922271 -0.26592162565808
-0.24775118615189 0.54236453486458 -0.24775118615189
0.3729804869405 0.84957113458689 -0.3729804869405
0.32246440435591 0.731855670553 7.1320174158812e-18
0.24775118615189 0.54236453486458 -0.24775118615189
-0.3729804869405 0.84957113458689 0.3729804869405
-1.7618285302889e-18 0.731855670553 0.32246440435591
-0.26592162565808 0.5701923922271 0.5701923922271
-0.5701923922271 0.5701923922271 0.26592162565808
-0.24775118615189 0.54236453486458 0.24775118615189
0.3729804869405 0.84957113458689 0.3729804869405
0.26592162565808 0.5701923922271 0.5701923922271
0.24775118615189 0.54236453486458 0.24775118615189
1.1638232695274e-18 0.42041876947151 -0.19728907369071
-0.19728907369071 0.42041876947151 1.3891340334971e-18
-0.37864924818662 0.37864924818662 -0.18319634977455
0.19728907369071 0.42041876947151 1.0299920638612e-18
-1.3145951341387e-18 0.42041876947151 0.19728907369071
-0.18319634977455 0.37864924818662 0.37864924818662
-0.37864924818662 0.37864924818662 0.18319634977455
0.18319634977455 0.37864924818662 0.37864924818662
-0.84957113458689 -0.3729804869405 -0.3729804869405
