MFEM mesh v1.0

#
# MFEM Geometry Types (see mesh/geom.hpp):
#
# POINT       = 0
# SEGMENT     = 1
# TRIANGLE    = 2
# SQUARE      = 3
# TETRAHEDRON = 4
# CUBE        = 5
#

dimension
3

elements
1792
1 5 0 365 1297 368 373 1298 2089 1301
1 5 2 377 1303 380 385 1304 2090 1307
1 5 6 389 1309 392 397 1310 2091 1313
1 5 8 401 1315 404 409 1316 2092 1319
1 5 11 413 1321 416 421 1322 2093 1325
1 5 12 425 1327 428 433 1328 2094 1331
1 5 40 437 1333 440 445 1334 2095 1337
1 5 15 449 1339 452 457 1340 2096 1343
1 5 20 461 1345 464 469 1346 2097 1349
1 5 41 473 1351 476 481 1352 2098 1355
1 5 63 485 1357 488 493 1358 2099 1361
1 5 44 497 1363 500 505 1364 2100 1367
1 5 13 509 1369 512 517 1370 2101 1373
1 5 21 521 1375 524 529 1376 2102 1379
1 5 42 533 1381 536 541 1382 2103 1385
1 5 16 545 1387 548 553 1388 2104 1391
1 5 45 557 1393 560 565 1394 2105 1397
1 5 19 569 1399 572 577 1400 2106 1403
1 5 33 581 1405 584 589 1406 2107 1409
1 5 52 593 1411 596 601 1412 2108 1415
1 5 65 605 1417 608 613 1418 2109 1421
1 5 55 617 1423 620 625 1424 2110 1427
1 5 17 629 1429 632 637 1430 2111 1433
1 5 34 641 1435 644 649 1436 2112 1439
1 5 53 653 1441 656 661 1442 2113 1445
1 5 35 665 1447 668 673 1448 2114 1451
1 5 18 677 1453 680 685 1454 2115 1457
1 5 54 689 1459 692 697 1460 2116 1463
1 5 69 701 1465 366 374 1466 2117 1299
1 5 223 702 1469 707 375 1467 2118 1472
1 5 72 367 1474 711 376 1300 2119 1475
1 5 77 369 1302 372 713 1477 2120 1480
1 5 224 703 1468 370 714 1481 2121 1478
1 5 337 704 1473 710 715 1483 2122 1487
1 5 227 371 1476 712 716 1479 2123 1490
1 5 81 728 1492 378 386 1493 2124 1305
1 5 229 730 1497 738 387 1495 2125 1500
1 5 84 379 1502 743 388 1306 2126 1503
1 5 89 381 1308 384 745 1505 2127 1508
1 5 230 731 1496 382 746 1509 2128 1506
1 5 338 733 1501 741 747 1511 2129 1515
1 5 233 383 1504 744 748 1507 2130 1518
1 5 93 761 1520 390 398 1521 2131 1311
1 5 235 762 1524 767 399 1522 2132 1527
1 5 96 391 1529 771 400 1312 2133 1530
1 5 101 393 1314 396 773 1532 2134 1535
1 5 236 763 1523 394 774 1536 2135 1533
1 5 339 764 1528 770 775 1538 2136 1542
1 5 239 395 1531 772 776 1534 2137 1545
1 5 105 788 1547 402 410 1548 2138 1317
1 5 241 790 1552 798 411 1550 2139 1555
1 5 108 403 1557 803 412 1318 2140 1558
1 5 113 405 1320 408 805 1560 2141 1563
1 5 242 791 1551 406 806 1564 2142 1561
1 5 340 793 1556 801 807 1566 2143 1570
1 5 245 407 1559 804 808 1562 2144 1573
1 5 117 821 1575 414 422 1576 2145 1323
1 5 247 823 1580 831 423 1578 2146 1583
1 5 120 415 1585 838 424 1324 2147 1587
1 5 125 417 1326 420 842 1589 2148 1592
1 5 248 824 1579 418 843 1593 2149 1590
1 5 341 826 1584 834 844 1595 2150 1599
1 5 251 419 1588 840 845 1591 2151 1602
1 5 129 859 1604 426 434 1605 2152 1329
1 5 253 860 1608 864 435 1606 2153 1610
1 5 70 427 1612 705 436 1330 2154 1470
1 5 78 429 1332 432 719 1614 2155 1482
1 5 254 861 1607 430 867 1617 2156 1615
1 5 342 862 1611 866 868 1618 2157 1621
1 5 225 431 1613 708 720 1616 2158 1485
1 5 130 863 1625 438 446 1609 2159 1335
1 5 257 874 1628 878 447 1626 2160 1631
1 5 135 439 1633 885 448 1336 2161 1635
1 5 79 441 1338 444 724 1623 2162 1639
1 5 255 865 1627 442 873 1620 2163 1637
1 5 343 875 1632 881 889 1641 2164 1645
1 5 260 443 1636 887 890 1638 2165 1648
1 5 71 706 1650 450 458 1471 2166 1341
1 5 262 901 1653 904 459 1651 2167 1655
1 5 142 451 1657 909 460 1342 2168 1659
1 5 80 453 1344 456 727 1489 2169 1663
1 5 226 709 1652 454 725 1486 2170 1661
1 5 344 902 1656 906 913 1664 2171 1667
1 5 264 455 1660 911 914 1662 2172 1670
1 5 73 717 1484 462 470 1672 2173 1347
1 5 228 718 1488 723 471 1673 2174 1677
1 5 76 463 1491 726 472 1348 2175 1679
1 5 146 465 1350 468 928 1681 2176 1684
1 5 266 922 1674 466 929 1685 2177 1682
1 5 345 923 1678 926 930 1687 2178 1690
1 5 269 467 1680 927 931 1683 2179 1692
1 5 131 869 1619 474 482 1693 2180 1353
1 5 256 870 1622 872 483 1694 2181 1698
1 5 74 475 1624 721 484 1354 2182 1675
1 5 147 477 1356 480 932 1701 2183 1686
1 5 270 937 1695 478 942 1704 2184 1702
1 5 346 938 1699 941 943 1706 2185 1710
1 5 267 479 1700 924 933 1703 2186 1688
1 5 132 871 1642 486 494 1697 2187 1359
1 5 261 891 1646 895 495 1714 2188 1718
1 5 138 487 1649 899 496 1360 2189 1721
1 5 148 489 1362 492 934 1712 2190 1725
1 5 272 940 1715 490 951 1709 2191 1723
1 5 347 952 1719 955 961 1727 2192 1731
1 5 276 491 1722 959 962 1724 2193 1734
1 5 75 722 1665 498 506 1676 2194 1365
1 5 265 915 1668 917 507 1736 2195 1739
1 5 144 499 1671 920 508 1366 2196 1742
1 5 149 501 1368 504 936 1691 2197 1746
1 5 268 925 1737 502 935 1689 2198 1744
1 5 348 972 1740 974 979 1747 2199 1750
1 5 279 503 1743 977 980 1745 2200 1753
1 5 83 737 1755 510 518 1499 2201 1371
1 5 281 989 1759 995 519 1757 2202 1762
1 5 133 511 1764 876 520 1372 2203 1629
1 5 92 513 1374 516 760 1517 2204 1640
1 5 232 740 1758 514 758 1514 2205 1767
1 5 349 991 1763 998 1003 1770 2206 1774
1 5 258 515 1766 879 892 1768 2207 1643
1 5 85 749 1512 522 530 1778 2208 1377
1 5 234 751 1516 756 531 1780 2209 1784
1 5 88 523 1519 759 532 1378 2210 1696
1 5 152 525 1380 528 946 1787 2211 1705
1 5 285 1013 1781 526 1022 1790 2212 1788
1 5 350 1015 1785 1020 1023 1792 2213 1795
1 5 271 527 1786 939 947 1789 2214 1708
1 5 87 755 1771 534 542 1783 2215 1383
1 5 284 1005 1775 1009 543 1798 2216 1802
1 5 136 535 1777 893 544 1384 2217 1716
1 5 153 537 1386 540 950 1796 2218 1726
1 5 287 1019 1799 538 1027 1794 2219 1806
1 5 351 1029 1803 1033 1037 1809 2220 1813
1 5 274 539 1805 953 964 1807 2221 1729
1 5 150 944 1707 546 554 1817 2222 1389
1 5 273 945 1711 949 555 1818 2223 1821
1 5 94 547 1713 765 556 1390 2224 1525
1 5 102 549 1392 552 779 1824 2225 1537
1 5 291 1045 1819 550 1049 1827 2226 1825
1 5 352 1046 1822 1048 1050 1828 2227 1831
1 5 237 551 1823 768 780 1826 2228 1540
1 5 151 948 1728 558 566 1820 2229 1395
1 5 277 963 1732 967 567 1835 2230 1839
1 5 156 559 1735 970 568 1396 2231 1841
1 5 103 561 1398 564 784 1833 2232 1845
1 5 292 1047 1836 562 1055 1830 2233 1843
1 5 353 1056 1840 1059 1061 1847 2234 1851
1 5 296 563 1842 1060 1062 1844 2235 1854
1 5 95 766 1748 570 578 1526 2236 1401
1 5 280 981 1751 983 579 1856 2237 1859
1 5 160 571 1754 986 580 1402 2238 1862
1 5 104 573 1404 576 787 1544 2239 1866
1 5 238 769 1857 574 785 1541 2240 1864
1 5 354 1071 1860 1073 1078 1867 2241 1870
1 5 299 575 1863 1076 1079 1865 2242 1873
1 5 97 777 1539 582 590 1875 2243 1407
1 5 240 778 1543 783 591 1876 2244 1880
1 5 100 583 1546 786 592 1408 2245 1882
1 5 184 585 1410 588 1097 1884 2246 1887
1 5 301 1087 1877 586 1098 1889 2247 1885
1 5 355 1088 1881 1091 1099 1891 2248 1895
1 5 304 587 1883 1092 1100 1886 2249 1898
1 5 171 1051 1829 594 602 1900 2250 1413
1 5 293 1052 1832 1054 603 1901 2251 1905
1 5 98 595 1834 781 604 1414 2252 1878
1 5 185 597 1416 600 1104 1908 2253 1890
1 5 306 1114 1902 598 1122 1912 2254 1909
1 5 356 1115 1906 1118 1123 1914 2255 1918
1 5 302 599 1907 1089 1105 1910 2256 1893
1 5 172 1053 1848 606 614 1904 2257 1419
1 5 297 1063 1852 1067 615 1922 2258 1926
1 5 175 607 1855 1069 616 1420 2259 1928
1 5 186 609 1422 612 1109 1920 2260 1932
1 5 308 1117 1923 610 1133 1917 2261 1930
1 5 357 1135 1927 1138 1143 1935 2262 1939
1 5 312 611 1929 1139 1144 1931 2263 1942
1 5 99 782 1868 618 626 1879 2264 1425
1 5 300 1080 1871 1082 627 1944 2265 1947
1 5 178 619 1874 1085 628 1426 2266 1950
1 5 187 621 1428 624 1113 1897 2267 1954
1 5 303 1090 1945 622 1110 1894 2268 1952
1 5 358 1156 1948 1158 1166 1956 2269 1959
1 5 315 623 1951 1161 1167 1953 2270 1962
1 5 107 797 1810 630 638 1554 2271 1431
1 5 290 1039 1814 1042 639 1965 2272 1968
1 5 154 631 1816 965 640 1432 2273 1837
1 5 116 633 1434 636 820 1572 2274 1846
1 5 244 800 1966 634 818 1569 2275 1971
1 5 359 1176 1969 1179 1180 1974 2276 1977
1 5 294 635 1970 1057 1064 1972 2277 1849
1 5 109 809 1567 642 650 1980 2278 1437
1 5 246 811 1571 816 651 1982 2279 1986
1 5 112 643 1574 819 652 1438 2280 1903
1 5 191 645 1440 648 1127 1989 2281 1913
1 5 319 1186 1983 646 1198 1993 2282 1990
1 5 360 1188 1987 1193 1199 1995 2283 1999
1 5 307 647 1988 1116 1128 1991 2284 1916
1 5 111 815 1975 654 662 1985 2285 1443
1 5 318 1182 1978 1185 663 2004 2286 2008
1 5 173 655 1979 1065 664 1444 2287 1924
1 5 192 657 1446 660 1132 2001 2288 1934
1 5 321 1192 2005 658 1209 1998 2289 2011
1 5 361 1212 2009 1216 1220 2015 2290 2019
1 5 310 659 2010 1136 1147 2012 2291 1937
1 5 121 846 1596 666 674 2007 2292 1449
1 5 252 848 1600 853 675 2024 2293 2028
1 5 124 667 1603 857 676 1450 2294 2031
1 5 196 669 1452 672 1151 2021 2295 2035
1 5 324 1215 2025 670 1228 2018 2296 2033
1 5 362 1231 2029 1235 1244 2038 2297 2042
1 5 328 671 2032 1239 1245 2034 2298 2045
1 5 155 966 2047 678 686 1838 2299 1455
1 5 330 1257 2050 1260 687 2048 2300 2052
1 5 216 679 2054 1265 688 1456 2301 2056
1 5 176 681 1458 684 1070 1853 2302 2060
1 5 295 1058 2049 682 1068 1850 2303 2058
1 5 363 1258 2053 1262 1269 2061 2304 2064
1 5 332 683 2057 1267 1270 2059 2305 2067
1 5 174 1066 2062 690 698 1925 2306 1461
1 5 333 1271 2065 1273 699 2069 2307 2072
1 5 218 691 2068 1276 700 1462 2308 2075
1 5 197 693 1464 696 1155 1941 2309 2079
1 5 311 1137 2070 694 1152 1938 2310 2077
1 5 364 1278 2073 1280 1288 2081 2311 2084
1 5 335 695 2076 1283 1289 2078 2312 2087
1 5 365 69 366 1297 1298 374 1299 2089
1 5 1297 366 223 367 2089 1299 375 1300
1 5 368 1297 367 72 1301 2089 1300 376
1 5 373 1298 2089 1301 77 369 1302 372
1 5 1298 374 1299 2089 369 224 370 1302
1 5 2089 1299 375 1300 1302 370 337 371
1 5 1301 2089 1300 376 372 1302 371 227
1 5 377 81 378 1303 1304 386 1305 2090
1 5 1303 378 229 379 2090 1305 387 1306
1 5 380 1303 379 84 1307 2090 1306 388
1 5 385 1304 2090 1307 89 381 1308 384
1 5 1304 386 1305 2090 381 230 382 1308
1 5 2090 1305 387 1306 1308 382 338 383
1 5 1307 2090 1306 388 384 1308 383 233
1 5 389 93 390 1309 1310 398 1311 2091
1 5 1309 390 235 391 2091 1311 399 1312
1 5 392 1309 391 96 1313 2091 1312 400
1 5 397 1310 2091 1313 101 393 1314 396
1 5 1310 398 1311 2091 393 236 394 1314
1 5 2091 1311 399 1312 1314 394 339 395
1 5 1313 2091 1312 400 396 1314 395 239
1 5 401 105 402 1315 1316 410 1317 2092
1 5 1315 402 241 403 2092 1317 411 1318
1 5 404 1315 403 108 1319 2092 1318 412
1 5 409 1316 2092 1319 113 405 1320 408
1 5 1316 410 1317 2092 405 242 406 1320
1 5 2092 1317 411 1318 1320 406 340 407
1 5 1319 2092 1318 412 408 1320 407 245
1 5 413 117 414 1321 1322 422 1323 2093
1 5 1321 414 247 415 2093 1323 423 1324
1 5 416 1321 415 120 1325 2093 1324 424
1 5 421 1322 2093 1325 125 417 1326 420
1 5 1322 422 1323 2093 417 248 418 1326
1 5 2093 1323 423 1324 1326 418 341 419
1 5 1325 2093 1324 424 420 1326 419 251
1 5 425 129 426 1327 1328 434 1329 2094
1 5 1327 426 253 427 2094 1329 435 1330
1 5 428 1327 427 70 1331 2094 1330 436
1 5 433 1328 2094 1331 78 429 1332 432
1 5 1328 434 1329 2094 429 254 430 1332
1 5 2094 1329 435 1330 1332 430 342 431
1 5 1331 2094 1330 436 432 1332 431 225
1 5 437 130 438 1333 1334 446 1335 2095
1 5 1333 438 257 439 2095 1335 447 1336
1 5 440 1333 439 135 1337 2095 1336 448
1 5 445 1334 2095 1337 79 441 1338 444
1 5 1334 446 1335 2095 441 255 442 1338
1 5 2095 1335 447 1336 1338 442 343 443
1 5 1337 2095 1336 448 444 1338 443 260
1 5 449 71 450 1339 1340 458 1341 2096
1 5 1339 450 262 451 2096 1341 459 1342
1 5 452 1339 451 142 1343 2096 1342 460
1 5 457 1340 2096 1343 80 453 1344 456
1 5 1340 458 1341 2096 453 226 454 1344
1 5 2096 1341 459 1342 1344 454 344 455
1 5 1343 2096 1342 460 456 1344 455 264
1 5 461 73 462 1345 1346 470 1347 2097
1 5 1345 462 228 463 2097 1347 471 1348
1 5 464 1345 463 76 1349 2097 1348 472
1 5 469 1346 2097 1349 146 465 1350 468
1 5 1346 470 1347 2097 465 266 466 1350
1 5 2097 1347 471 1348 1350 466 345 467
1 5 1349 2097 1348 472 468 1350 467 269
1 5 473 131 474 1351 1352 482 1353 2098
1 5 1351 474 256 475 2098 1353 483 1354
1 5 476 1351 475 74 1355 2098 1354 484
1 5 481 1352 2098 1355 147 477 1356 480
1 5 1352 482 1353 2098 477 270 478 1356
1 5 2098 1353 483 1354 1356 478 346 479
1 5 1355 2098 1354 484 480 1356 479 267
1 5 485 132 486 1357 1358 494 1359 2099
1 5 1357 486 261 487 2099 1359 495 1360
1 5 488 1357 487 138 1361 2099 1360 496
1 5 493 1358 2099 1361 148 489 1362 492
1 5 1358 494 1359 2099 489 272 490 1362
1 5 2099 1359 495 1360 1362 490 347 491
1 5 1361 2099 1360 496 492 1362 491 276
1 5 497 75 498 1363 1364 506 1365 2100
1 5 1363 498 265 499 2100 1365 507 1366
1 5 500 1363 499 144 1367 2100 1366 508
1 5 505 1364 2100 1367 149 501 1368 504
1 5 1364 506 1365 2100 501 268 502 1368
1 5 2100 1365 507 1366 1368 502 348 503
1 5 1367 2100 1366 508 504 1368 503 279
1 5 509 83 510 1369 1370 518 1371 2101
1 5 1369 510 281 511 2101 1371 519 1372
1 5 512 1369 511 133 1373 2101 1372 520
1 5 517 1370 2101 1373 92 513 1374 516
1 5 1370 518 1371 2101 513 232 514 1374
1 5 2101 1371 519 1372 1374 514 349 515
1 5 1373 2101 1372 520 516 1374 515 258
1 5 521 85 522 1375 1376 530 1377 2102
1 5 1375 522 234 523 2102 1377 531 1378
1 5 524 1375 523 88 1379 2102 1378 532
1 5 529 1376 2102 1379 152 525 1380 528
1 5 1376 530 1377 2102 525 285 526 1380
1 5 2102 1377 531 1378 1380 526 350 527
1 5 1379 2102 1378 532 528 1380 527 271
1 5 533 87 534 1381 1382 542 1383 2103
1 5 1381 534 284 535 2103 1383 543 1384
1 5 536 1381 535 136 1385 2103 1384 544
1 5 541 1382 2103 1385 153 537 1386 540
1 5 1382 542 1383 2103 537 287 538 1386
1 5 2103 1383 543 1384 1386 538 351 539
1 5 1385 2103 1384 544 540 1386 539 274
1 5 545 150 546 1387 1388 554 1389 2104
1 5 1387 546 273 547 2104 1389 555 1390
1 5 548 1387 547 94 1391 2104 1390 556
1 5 553 1388 2104 1391 102 549 1392 552
1 5 1388 554 1389 2104 549 291 550 1392
1 5 2104 1389 555 1390 1392 550 352 551
1 5 1391 2104 1390 556 552 1392 551 237
1 5 557 151 558 1393 1394 566 1395 2105
1 5 1393 558 277 559 2105 1395 567 1396
1 5 560 1393 559 156 1397 2105 1396 568
1 5 565 1394 2105 1397 103 561 1398 564
1 5 1394 566 1395 2105 561 292 562 1398
1 5 2105 1395 567 1396 1398 562 353 563
1 5 1397 2105 1396 568 564 1398 563 296
1 5 569 95 570 1399 1400 578 1401 2106
1 5 1399 570 280 571 2106 1401 579 1402
1 5 572 1399 571 160 1403 2106 1402 580
1 5 577 1400 2106 1403 104 573 1404 576
1 5 1400 578 1401 2106 573 238 574 1404
1 5 2106 1401 579 1402 1404 574 354 575
1 5 1403 2106 1402 580 576 1404 575 299
1 5 581 97 582 1405 1406 590 1407 2107
1 5 1405 582 240 583 2107 1407 591 1408
1 5 584 1405 583 100 1409 2107 1408 592
1 5 589 1406 2107 1409 184 585 1410 588
1 5 1406 590 1407 2107 585 301 586 1410
1 5 2107 1407 591 1408 1410 586 355 587
1 5 1409 2107 1408 592 588 1410 587 304
1 5 593 171 594 1411 1412 602 1413 2108
1 5 1411 594 293 595 2108 1413 603 1414
1 5 596 1411 595 98 1415 2108 1414 604
1 5 601 1412 2108 1415 185 597 1416 600
1 5 1412 602 1413 2108 597 306 598 1416
1 5 2108 1413 603 1414 1416 598 356 599
1 5 1415 2108 1414 604 600 1416 599 302
1 5 605 172 606 1417 1418 614 1419 2109
1 5 1417 606 297 607 2109 1419 615 1420
1 5 608 1417 607 175 1421 2109 1420 616
1 5 613 1418 2109 1421 186 609 1422 612
1 5 1418 614 1419 2109 609 308 610 1422
1 5 2109 1419 615 1420 1422 610 357 611
1 5 1421 2109 1420 616 612 1422 611 312
1 5 617 99 618 1423 1424 626 1425 2110
1 5 1423 618 300 619 2110 1425 627 1426
1 5 620 1423 619 178 1427 2110 1426 628
1 5 625 1424 2110 1427 187 621 1428 624
1 5 1424 626 1425 2110 621 303 622 1428
1 5 2110 1425 627 1426 1428 622 358 623
1 5 1427 2110 1426 628 624 1428 623 315
1 5 629 107 630 1429 1430 638 1431 2111
1 5 1429 630 290 631 2111 1431 639 1432
1 5 632 1429 631 154 1433 2111 1432 640
1 5 637 1430 2111 1433 116 633 1434 636
1 5 1430 638 1431 2111 633 244 634 1434
1 5 2111 1431 639 1432 1434 634 359 635
1 5 1433 2111 1432 640 636 1434 635 294
1 5 641 109 642 1435 1436 650 1437 2112
1 5 1435 642 246 643 2112 1437 651 1438
1 5 644 1435 643 112 1439 2112 1438 652
1 5 649 1436 2112 1439 191 645 1440 648
1 5 1436 650 1437 2112 645 319 646 1440
1 5 2112 1437 651 1438 1440 646 360 647
1 5 1439 2112 1438 652 648 1440 647 307
1 5 653 111 654 1441 1442 662 1443 2113
1 5 1441 654 318 655 2113 1443 663 1444
1 5 656 1441 655 173 1445 2113 1444 664
1 5 661 1442 2113 1445 192 657 1446 660
1 5 1442 662 1443 2113 657 321 658 1446
1 5 2113 1443 663 1444 1446 658 361 659
1 5 1445 2113 1444 664 660 1446 659 310
1 5 665 121 666 1447 1448 674 1449 2114
1 5 1447 666 252 667 2114 1449 675 1450
1 5 668 1447 667 124 1451 2114 1450 676
1 5 673 1448 2114 1451 196 669 1452 672
1 5 1448 674 1449 2114 669 324 670 1452
1 5 2114 1449 675 1450 1452 670 362 671
1 5 1451 2114 1450 676 672 1452 671 328
1 5 677 155 678 1453 1454 686 1455 2115
1 5 1453 678 330 679 2115 1455 687 1456
1 5 680 1453 679 216 1457 2115 1456 688
1 5 685 1454 2115 1457 176 681 1458 684
1 5 1454 686 1455 2115 681 295 682 1458
1 5 2115 1455 687 1456 1458 682 363 683
1 5 1457 2115 1456 688 684 1458 683 332
1 5 689 174 690 1459 1460 698 1461 2116
1 5 1459 690 333 691 2116 1461 699 1462
1 5 692 1459 691 218 1463 2116 1462 700
1 5 697 1460 2116 1463 197 693 1464 696
1 5 1460 698 1461 2116 693 311 694 1464
1 5 2116 1461 699 1462 1464 694 364 695
1 5 1463 2116 1462 700 696 1464 695 335
1 5 701 12 428 1465 1466 433 1331 2117
1 5 1465 428 70 702 2117 1331 436 1467
1 5 366 1465 702 223 1299 2117 1467 375
1 5 374 1466 2117 1299 224 703 1468 370
1 5 1466 433 1331 2117 703 78 432 1468
1 5 2117 1331 436 1467 1468 432 225 704
1 5 1299 2117 1467 375 370 1468 704 337
1 5 702 70 705 1469 1467 436 1470 2118
1 5 1469 705 40 706 2118 1470 445 1471
1 5 707 1469 706 71 1472 2118 1471 458
1 5 375 1467 2118 1472 337 704 1473 710
1 5 1467 436 1470 2118 704 225 708 1473
1 5 2118 1470 445 1471 1473 708 79 709
1 5 1472 2118 1471 458 710 1473 709 226
1 5 367 223 707 1474 1300 375 1472 2119
1 5 1474 707 71 449 2119 1472 458 1340
1 5 711 1474 449 15 1475 2119 1340 457
1 5 376 1300 2119 1475 227 371 1476 712
1 5 1300 375 1472 2119 371 337 710 1476
1 5 2119 1472 458 1340 1476 710 226 453
1 5 1475 2119 1340 457 712 1476 453 80
1 5 369 224 370 1302 1477 714 1478 2120
1 5 1302 370 337 371 2120 1478 715 1479
1 5 372 1302 371 227 1480 2120 1479 716
1 5 713 1477 2120 1480 20 461 1345 464
1 5 1477 714 1478 2120 461 73 462 1345
1 5 2120 1478 715 1479 1345 462 228 463
1 5 1480 2120 1479 716 464 1345 463 76
1 5 703 78 432 1468 1481 719 1482 2121
1 5 1468 432 225 704 2121 1482 720 1483
1 5 370 1468 704 337 1478 2121 1483 715
1 5 714 1481 2121 1478 73 717 1484 462
1 5 1481 719 1482 2121 717 41 476 1484
1 5 2121 1482 720 1483 1484 476 74 718
1 5 1478 2121 1483 715 462 1484 718 228
1 5 704 225 708 1473 1483 720 1485 2122
1 5 1473 708 79 709 2122 1485 724 1486
1 5 710 1473 709 226 1487 2122 1486 725
1 5 715 1483 2122 1487 228 718 1488 723
1 5 1483 720 1485 2122 718 74 721 1488
1 5 2122 1485 724 1486 1488 721 63 722
1 5 1487 2122 1486 725 723 1488 722 75
1 5 371 337 710 1476 1479 715 1487 2123
1 5 1476 710 226 453 2123 1487 725 1489
1 5 712 1476 453 80 1490 2123 1489 727
1 5 716 1479 2123 1490 76 463 1491 726
1 5 1479 715 1487 2123 463 228 723 1491
1 5 2123 1487 725 1489 1491 723 75 497
1 5 1490 2123 1489 727 726 1491 497 44
1 5 728 24 729 1492 1493 734 1494 2124
1 5 1492 729 82 730 2124 1494 735 1495
1 5 378 1492 730 229 1305 2124 1495 387
1 5 386 1493 2124 1305 230 731 1496 382
1 5 1493 734 1494 2124 731 90 732 1496
1 5 2124 1494 735 1495 1496 732 231 733
1 5 1305 2124 1495 387 382 1496 733 338
1 5 730 82 736 1497 1495 735 1498 2125
1 5 1497 736 46 737 2125 1498 742 1499
1 5 738 1497 737 83 1500 2125 1499 518
1 5 387 1495 2125 1500 338 733 1501 741
1 5 1495 735 1498 2125 733 231 739 1501
1 5 2125 1498 742 1499 1501 739 91 740
1 5 1500 2125 1499 518 741 1501 740 232
1 5 379 229 738 1502 1306 387 1500 2126
1 5 1502 738 83 509 2126 1500 518 1370
1 5 743 1502 509 13 1503 2126 1370 517
1 5 388 1306 2126 1503 233 383 1504 744
1 5 1306 387 1500 2126 383 338 741 1504
1 5 2126 1500 518 1370 1504 741 232 513
1 5 1503 2126 1370 517 744 1504 513 92
1 5 381 230 382 1308 1505 746 1506 2127
1 5 1308 382 338 383 2127 1506 747 1507
1 5 384 1308 383 233 1508 2127 1507 748
1 5 745 1505 2127 1508 21 521 1375 524
1 5 1505 746 1506 2127 521 85 522 1375
1 5 2127 1506 747 1507 1375 522 234 523
1 5 1508 2127 1507 748 524 1375 523 88
1 5 731 90 732 1496 1509 752 1510 2128
1 5 1496 732 231 733 2128 1510 753 1511
1 5 382 1496 733 338 1506 2128 1511 747
1 5 746 1509 2128 1506 85 749 1512 522
1 5 1509 752 1510 2128 749 47 750 1512
1 5 2128 1510 753 1511 1512 750 86 751
1 5 1506 2128 1511 747 522 1512 751 234
1 5 733 231 739 1501 1511 753 1513 2129
1 5 1501 739 91 740 2129 1513 757 1514
1 5 741 1501 740 232 1515 2129 1514 758
1 5 747 1511 2129 1515 234 751 1516 756
1 5 1511 753 1513 2129 751 86 754 1516
1 5 2129 1513 757 1514 1516 754 64 755
1 5 1515 2129 1514 758 756 1516 755 87
1 5 383 338 741 1504 1507 747 1515 2130
1 5 1504 741 232 513 2130 1515 758 1517
1 5 744 1504 513 92 1518 2130 1517 760
1 5 748 1507 2130 1518 88 523 1519 759
1 5 1507 747 1515 2130 523 234 756 1519
1 5 2130 1515 758 1517 1519 756 87 533
1 5 1518 2130 1517 760 759 1519 533 42
1 5 761 16 548 1520 1521 553 1391 2131
1 5 1520 548 94 762 2131 1391 556 1522
1 5 390 1520 762 235 1311 2131 1522 399
1 5 398 1521 2131 1311 236 763 1523 394
1 5 1521 553 1391 2131 763 102 552 1523
1 5 2131 1391 556 1522 1523 552 237 764
1 5 1311 2131 1522 399 394 1523 764 339
1 5 762 94 765 1524 1522 556 1525 2132
1 5 1524 765 45 766 2132 1525 565 1526
1 5 767 1524 766 95 1527 2132 1526 578
1 5 399 1522 2132 1527 339 764 1528 770
1 5 1522 556 1525 2132 764 237 768 1528
1 5 2132 1525 565 1526 1528 768 103 769
1 5 1527 2132 1526 578 770 1528 769 238
1 5 391 235 767 1529 1312 399 1527 2133
1 5 1529 767 95 569 2133 1527 578 1400
1 5 771 1529 569 19 1530 2133 1400 577
1 5 400 1312 2133 1530 239 395 1531 772
1 5 1312 399 1527 2133 395 339 770 1531
1 5 2133 1527 578 1400 1531 770 238 573
1 5 1530 2133 1400 577 772 1531 573 104
1 5 393 236 394 1314 1532 774 1533 2134
1 5 1314 394 339 395 2134 1533 775 1534
1 5 396 1314 395 239 1535 2134 1534 776
1 5 773 1532 2134 1535 33 581 1405 584
1 5 1532 774 1533 2134 581 97 582 1405
1 5 2134 1533 775 1534 1405 582 240 583
1 5 1535 2134 1534 776 584 1405 583 100
1 5 763 102 552 1523 1536 779 1537 2135
1 5 1523 552 237 764 2135 1537 780 1538
1 5 394 1523 764 339 1533 2135 1538 775
1 5 774 1536 2135 1533 97 777 1539 582
1 5 1536 779 1537 2135 777 52 596 1539
1 5 2135 1537 780 1538 1539 596 98 778
1 5 1533 2135 1538 775 582 1539 778 240
1 5 764 237 768 1528 1538 780 1540 2136
1 5 1528 768 103 769 2136 1540 784 1541
1 5 770 1528 769 238 1542 2136 1541 785
1 5 775 1538 2136 1542 240 778 1543 783
1 5 1538 780 1540 2136 778 98 781 1543
1 5 2136 1540 784 1541 1543 781 65 782
1 5 1542 2136 1541 785 783 1543 782 99
1 5 395 339 770 1531 1534 775 1542 2137
1 5 1531 770 238 573 2137 1542 785 1544
1 5 772 1531 573 104 1545 2137 1544 787
1 5 776 1534 2137 1545 100 583 1546 786
1 5 1534 775 1542 2137 583 240 783 1546
1 5 2137 1542 785 1544 1546 783 99 617
1 5 1545 2137 1544 787 786 1546 617 55
1 5 788 26 789 1547 1548 794 1549 2138
1 5 1547 789 106 790 2138 1549 795 1550
1 5 402 1547 790 241 1317 2138 1550 411
1 5 410 1548 2138 1317 242 791 1551 406
1 5 1548 794 1549 2138 791 114 792 1551
1 5 2138 1549 795 1550 1551 792 243 793
1 5 1317 2138 1550 411 406 1551 793 340
1 5 790 106 796 1552 1550 795 1553 2139
1 5 1552 796 49 797 2139 1553 802 1554
1 5 798 1552 797 107 1555 2139 1554 638
1 5 411 1550 2139 1555 340 793 1556 801
1 5 1550 795 1553 2139 793 243 799 1556
1 5 2139 1553 802 1554 1556 799 115 800
1 5 1555 2139 1554 638 801 1556 800 244
1 5 403 241 798 1557 1318 411 1555 2140
1 5 1557 798 107 629 2140 1555 638 1430
1 5 803 1557 629 17 1558 2140 1430 637
1 5 412 1318 2140 1558 245 407 1559 804
1 5 1318 411 1555 2140 407 340 801 1559
1 5 2140 1555 638 1430 1559 801 244 633
1 5 1558 2140 1430 637 804 1559 633 116
1 5 405 242 406 1320 1560 806 1561 2141
1 5 1320 406 340 407 2141 1561 807 1562
1 5 408 1320 407 245 1563 2141 1562 808
1 5 805 1560 2141 1563 34 641 1435 644
1 5 1560 806 1561 2141 641 109 642 1435
1 5 2141 1561 807 1562 1435 642 246 643
1 5 1563 2141 1562 808 644 1435 643 112
1 5 791 114 792 1551 1564 812 1565 2142
1 5 1551 792 243 793 2142 1565 813 1566
1 5 406 1551 793 340 1561 2142 1566 807
1 5 806 1564 2142 1561 109 809 1567 642
1 5 1564 812 1565 2142 809 57 810 1567
1 5 2142 1565 813 1566 1567 810 110 811
1 5 1561 2142 1566 807 642 1567 811 246
1 5 793 243 799 1556 1566 813 1568 2143
1 5 1556 799 115 800 2143 1568 817 1569
1 5 801 1556 800 244 1570 2143 1569 818
1 5 807 1566 2143 1570 246 811 1571 816
1 5 1566 813 1568 2143 811 110 814 1571
1 5 2143 1568 817 1569 1571 814 66 815
1 5 1570 2143 1569 818 816 1571 815 111
1 5 407 340 801 1559 1562 807 1570 2144
1 5 1559 801 244 633 2144 1570 818 1572
1 5 804 1559 633 116 1573 2144 1572 820
1 5 808 1562 2144 1573 112 643 1574 819
1 5 1562 807 1570 2144 643 246 816 1574
1 5 2144 1570 818 1572 1574 816 111 653
1 5 1573 2144 1572 820 819 1574 653 53
1 5 821 27 822 1575 1576 827 1577 2145
1 5 1575 822 118 823 2145 1577 828 1578
1 5 414 1575 823 247 1323 2145 1578 423
1 5 422 1576 2145 1323 248 824 1579 418
1 5 1576 827 1577 2145 824 126 825 1579
1 5 2145 1577 828 1578 1579 825 249 826
1 5 1323 2145 1578 423 418 1579 826 341
1 5 823 118 829 1580 1578 828 1581 2146
1 5 1580 829 50 830 2146 1581 835 1582
1 5 831 1580 830 119 1583 2146 1582 836
1 5 423 1578 2146 1583 341 826 1584 834
1 5 1578 828 1581 2146 826 249 832 1584
1 5 2146 1581 835 1582 1584 832 127 833
1 5 1583 2146 1582 836 834 1584 833 250
1 5 415 247 831 1585 1324 423 1583 2147
1 5 1585 831 119 837 2147 1583 836 1586
1 5 838 1585 837 28 1587 2147 1586 841
1 5 424 1324 2147 1587 251 419 1588 840
1 5 1324 423 1583 2147 419 341 834 1588
1 5 2147 1583 836 1586 1588 834 250 839
1 5 1587 2147 1586 841 840 1588 839 128
1 5 417 248 418 1326 1589 843 1590 2148
1 5 1326 418 341 419 2148 1590 844 1591
1 5 420 1326 419 251 1592 2148 1591 845
1 5 842 1589 2148 1592 35 665 1447 668
1 5 1589 843 1590 2148 665 121 666 1447
1 5 2148 1590 844 1591 1447 666 252 667
1 5 1592 2148 1591 845 668 1447 667 124
1 5 824 126 825 1579 1593 849 1594 2149
1 5 1579 825 249 826 2149 1594 850 1595
1 5 418 1579 826 341 1590 2149 1595 844
1 5 843 1593 2149 1590 121 846 1596 666
1 5 1593 849 1594 2149 846 58 847 1596
1 5 2149 1594 850 1595 1596 847 122 848
1 5 1590 2149 1595 844 666 1596 848 252
1 5 826 249 832 1584 1595 850 1597 2150
1 5 1584 832 127 833 2150 1597 854 1598
1 5 834 1584 833 250 1599 2150 1598 855
1 5 844 1595 2150 1599 252 848 1600 853
1 5 1595 850 1597 2150 848 122 851 1600
1 5 2150 1597 854 1598 1600 851 67 852
1 5 1599 2150 1598 855 853 1600 852 123
1 5 419 341 834 1588 1591 844 1599 2151
1 5 1588 834 250 839 2151 1599 855 1601
1 5 840 1588 839 128 1602 2151 1601 858
1 5 845 1591 2151 1602 124 667 1603 857
1 5 1591 844 1599 2151 667 252 853 1603
1 5 2151 1599 855 1601 1603 853 123 856
1 5 1602 2151 1601 858 857 1603 856 60
1 5 859 2 380 1604 1605 385 1307 2152
1 5 1604 380 84 860 2152 1307 388 1606
1 5 426 1604 860 253 1329 2152 1606 435
1 5 434 1605 2152 1329 254 861 1607 430
1 5 1605 385 1307 2152 861 89 384 1607
1 5 2152 1307 388 1606 1607 384 233 862
1 5 1329 2152 1606 435 430 1607 862 342
1 5 860 84 743 1608 1606 388 1503 2153
1 5 1608 743 13 863 2153 1503 517 1609
1 5 864 1608 863 130 1610 2153 1609 446
1 5 435 1606 2153 1610 342 862 1611 866
1 5 1606 388 1503 2153 862 233 744 1611
1 5 2153 1503 517 1609 1611 744 92 865
1 5 1610 2153 1609 446 866 1611 865 255
1 5 427 253 864 1612 1330 435 1610 2154
1 5 1612 864 130 437 2154 1610 446 1334
1 5 705 1612 437 40 1470 2154 1334 445
1 5 436 1330 2154 1470 225 431 1613 708
1 5 1330 435 1610 2154 431 342 866 1613
1 5 2154 1610 446 1334 1613 866 255 441
1 5 1470 2154 1334 445 708 1613 441 79
1 5 429 254 430 1332 1614 867 1615 2155
1 5 1332 430 342 431 2155 1615 868 1616
1 5 432 1332 431 225 1482 2155 1616 720
1 5 719 1614 2155 1482 41 473 1351 476
1 5 1614 867 1615 2155 473 131 474 1351
1 5 2155 1615 868 1616 1351 474 256 475
1 5 1482 2155 1616 720 476 1351 475 74
1 5 861 89 384 1607 1617 745 1508 2156
1 5 1607 384 233 862 2156 1508 748 1618
1 5 430 1607 862 342 1615 2156 1618 868
1 5 867 1617 2156 1615 131 869 1619 474
1 5 1617 745 1508 2156 869 21 524 1619
1 5 2156 1508 748 1618 1619 524 88 870
1 5 1615 2156 1618 868 474 1619 870 256
1 5 862 233 744 1611 1618 748 1518 2157
1 5 1611 744 92 865 2157 1518 760 1620
1 5 866 1611 865 255 1621 2157 1620 873
1 5 868 1618 2157 1621 256 870 1622 872
1 5 1618 748 1518 2157 870 88 759 1622
1 5 2157 1518 760 1620 1622 759 42 871
1 5 1621 2157 1620 873 872 1622 871 132
1 5 431 342 866 1613 1616 868 1621 2158
1 5 1613 866 255 441 2158 1621 873 1623
1 5 708 1613 441 79 1485 2158 1623 724
1 5 720 1616 2158 1485 74 475 1624 721
1 5 1616 868 1621 2158 475 256 872 1624
1 5 2158 1621 873 1623 1624 872 132 485
1 5 1485 2158 1623 724 721 1624 485 63
1 5 863 13 512 1625 1609 517 1373 2159
1 5 1625 512 133 874 2159 1373 520 1626
1 5 438 1625 874 257 1335 2159 1626 447
1 5 446 1609 2159 1335 255 865 1627 442
1 5 1609 517 1373 2159 865 92 516 1627
1 5 2159 1373 520 1626 1627 516 258 875
1 5 1335 2159 1626 447 442 1627 875 343
1 5 874 133 876 1628 1626 520 1629 2160
1 5 1628 876 7 877 2160 1629 882 1630
1 5 878 1628 877 134 1631 2160 1630 883
1 5 447 1626 2160 1631 343 875 1632 881
1 5 1626 520 1629 2160 875 258 879 1632
1 5 2160 1629 882 1630 1632 879 139 880
1 5 1631 2160 1630 883 881 1632 880 259
1 5 439 257 878 1633 1336 447 1631 2161
1 5 1633 878 134 884 2161 1631 883 1634
1 5 885 1633 884 14 1635 2161 1634 888
1 5 448 1336 2161 1635 260 443 1636 887
1 5 1336 447 1631 2161 443 343 881 1636
1 5 2161 1631 883 1634 1636 881 259 886
1 5 1635 2161 1634 888 887 1636 886 140
1 5 441 255 442 1338 1623 873 1637 2162
1 5 1338 442 343 443 2162 1637 889 1638
1 5 444 1338 443 260 1639 2162 1638 890
1 5 724 1623 2162 1639 63 485 1357 488
1 5 1623 873 1637 2162 485 132 486 1357
1 5 2162 1637 889 1638 1357 486 261 487
1 5 1639 2162 1638 890 488 1357 487 138
1 5 865 92 516 1627 1620 760 1640 2163
1 5 1627 516 258 875 2163 1640 892 1641
1 5 442 1627 875 343 1637 2163 1641 889
1 5 873 1620 2163 1637 132 871 1642 486
1 5 1620 760 1640 2163 871 42 536 1642
1 5 2163 1640 892 1641 1642 536 136 891
1 5 1637 2163 1641 889 486 1642 891 261
1 5 875 258 879 1632 1641 892 1643 2164
1 5 1632 879 139 880 2164 1643 896 1644
1 5 881 1632 880 259 1645 2164 1644 897
1 5 889 1641 2164 1645 261 891 1646 895
1 5 1641 892 1643 2164 891 136 893 1646
1 5 2164 1643 896 1644 1646 893 22 894
1 5 1645 2164 1644 897 895 1646 894 137
1 5 443 343 881 1636 1638 889 1645 2165
1 5 1636 881 259 886 2165 1645 897 1647
1 5 887 1636 886 140 1648 2165 1647 900
1 5 890 1638 2165 1648 138 487 1649 899
1 5 1638 889 1645 2165 487 261 895 1649
1 5 2165 1645 897 1647 1649 895 137 898
1 5 1648 2165 1647 900 899 1649 898 43
1 5 706 40 440 1650 1471 445 1337 2166
1 5 1650 440 135 901 2166 1337 448 1651
1 5 450 1650 901 262 1341 2166 1651 459
1 5 458 1471 2166 1341 226 709 1652 454
1 5 1471 445 1337 2166 709 79 444 1652
1 5 2166 1337 448 1651 1652 444 260 902
1 5 1341 2166 1651 459 454 1652 902 344
1 5 901 135 885 1653 1651 448 1635 2167
1 5 1653 885 14 903 2167 1635 888 1654
1 5 904 1653 903 141 1655 2167 1654 907
1 5 459 1651 2167 1655 344 902 1656 906
1 5 1651 448 1635 2167 902 260 887 1656
1 5 2167 1635 888 1654 1656 887 140 905
1 5 1655 2167 1654 907 906 1656 905 263
1 5 451 262 904 1657 1342 459 1655 2168
1 5 1657 904 141 908 2168 1655 907 1658
1 5 909 1657 908 3 1659 2168 1658 912
1 5 460 1342 2168 1659 264 455 1660 911
1 5 1342 459 1655 2168 455 344 906 1660
1 5 2168 1655 907 1658 1660 906 263 910
1 5 1659 2168 1658 912 911 1660 910 145
1 5 453 226 454 1344 1489 725 1661 2169
1 5 1344 454 344 455 2169 1661 913 1662
1 5 456 1344 455 264 1663 2169 1662 914
1 5 727 1489 2169 1663 44 497 1363 500
1 5 1489 725 1661 2169 497 75 498 1363
1 5 2169 1661 913 1662 1363 498 265 499
1 5 1663 2169 1662 914 500 1363 499 144
1 5 709 79 444 1652 1486 724 1639 2170
1 5 1652 444 260 902 2170 1639 890 1664
1 5 454 1652 902 344 1661 2170 1664 913
1 5 725 1486 2170 1661 75 722 1665 498
1 5 1486 724 1639 2170 722 63 488 1665
1 5 2170 1639 890 1664 1665 488 138 915
1 5 1661 2170 1664 913 498 1665 915 265
1 5 902 260 887 1656 1664 890 1648 2171
1 5 1656 887 140 905 2171 1648 900 1666
1 5 906 1656 905 263 1667 2171 1666 918
1 5 913 1664 2171 1667 265 915 1668 917
1 5 1664 890 1648 2171 915 138 899 1668
1 5 2171 1648 900 1666 1668 899 43 916
1 5 1667 2171 1666 918 917 1668 916 143
1 5 455 344 906 1660 1662 913 1667 2172
1 5 1660 906 263 910 2172 1667 918 1669
1 5 911 1660 910 145 1670 2172 1669 921
1 5 914 1662 2172 1670 144 499 1671 920
1 5 1662 913 1667 2172 499 265 917 1671
1 5 2172 1667 918 1669 1671 917 143 919
1 5 1670 2172 1669 921 920 1671 919 23
1 5 717 41 476 1484 1672 481 1355 2173
1 5 1484 476 74 718 2173 1355 484 1673
1 5 462 1484 718 228 1347 2173 1673 471
1 5 470 1672 2173 1347 266 922 1674 466
1 5 1672 481 1355 2173 922 147 480 1674
1 5 2173 1355 484 1673 1674 480 267 923
1 5 1347 2173 1673 471 466 1674 923 345
1 5 718 74 721 1488 1673 484 1675 2174
1 5 1488 721 63 722 2174 1675 493 1676
1 5 723 1488 722 75 1677 2174 1676 506
1 5 471 1673 2174 1677 345 923 1678 926
1 5 1673 484 1675 2174 923 267 924 1678
1 5 2174 1675 493 1676 1678 924 148 925
1 5 1677 2174 1676 506 926 1678 925 268
1 5 463 228 723 1491 1348 471 1677 2175
1 5 1491 723 75 497 2175 1677 506 1364
1 5 726 1491 497 44 1679 2175 1364 505
1 5 472 1348 2175 1679 269 467 1680 927
1 5 1348 471 1677 2175 467 345 926 1680
1 5 2175 1677 506 1364 1680 926 268 501
1 5 1679 2175 1364 505 927 1680 501 149
1 5 465 266 466 1350 1681 929 1682 2176
1 5 1350 466 345 467 2176 1682 930 1683
1 5 468 1350 467 269 1684 2176 1683 931
1 5 928 1681 2176 1684 6 389 1309 392
1 5 1681 929 1682 2176 389 93 390 1309
1 5 2176 1682 930 1683 1309 390 235 391
1 5 1684 2176 1683 931 392 1309 391 96
1 5 922 147 480 1674 1685 932 1686 2177
1 5 1674 480 267 923 2177 1686 933 1687
1 5 466 1674 923 345 1682 2177 1687 930
1 5 929 1685 2177 1682 93 761 1520 390
1 5 1685 932 1686 2177 761 16 548 1520
1 5 2177 1686 933 1687 1520 548 94 762
1 5 1682 2177 1687 930 390 1520 762 235
1 5 923 267 924 1678 1687 933 1688 2178
1 5 1678 924 148 925 2178 1688 934 1689
1 5 926 1678 925 268 1690 2178 1689 935
1 5 930 1687 2178 1690 235 762 1524 767
1 5 1687 933 1688 2178 762 94 765 1524
1 5 2178 1688 934 1689 1524 765 45 766
1 5 1690 2178 1689 935 767 1524 766 95
1 5 467 345 926 1680 1683 930 1690 2179
1 5 1680 926 268 501 2179 1690 935 1691
1 5 927 1680 501 149 1692 2179 1691 936
1 5 931 1683 2179 1692 96 391 1529 771
1 5 1683 930 1690 2179 391 235 767 1529
1 5 2179 1690 935 1691 1529 767 95 569
1 5 1692 2179 1691 936 771 1529 569 19
1 5 869 21 524 1619 1693 529 1379 2180
1 5 1619 524 88 870 2180 1379 532 1694
1 5 474 1619 870 256 1353 2180 1694 483
1 5 482 1693 2180 1353 270 937 1695 478
1 5 1693 529 1379 2180 937 152 528 1695
1 5 2180 1379 532 1694 1695 528 271 938
1 5 1353 2180 1694 483 478 1695 938 346
1 5 870 88 759 1622 1694 532 1696 2181
1 5 1622 759 42 871 2181 1696 541 1697
1 5 872 1622 871 132 1698 2181 1697 494
1 5 483 1694 2181 1698 346 938 1699 941
1 5 1694 532 1696 2181 938 271 939 1699
1 5 2181 1696 541 1697 1699 939 153 940
1 5 1698 2181 1697 494 941 1699 940 272
1 5 475 256 872 1624 1354 483 1698 2182
1 5 1624 872 132 485 2182 1698 494 1358
1 5 721 1624 485 63 1675 2182 1358 493
1 5 484 1354 2182 1675 267 479 1700 924
1 5 1354 483 1698 2182 479 346 941 1700
1 5 2182 1698 494 1358 1700 941 272 489
1 5 1675 2182 1358 493 924 1700 489 148
1 5 477 270 478 1356 1701 942 1702 2183
1 5 1356 478 346 479 2183 1702 943 1703
1 5 480 1356 479 267 1686 2183 1703 933
1 5 932 1701 2183 1686 16 545 1387 548
1 5 1701 942 1702 2183 545 150 546 1387
1 5 2183 1702 943 1703 1387 546 273 547
1 5 1686 2183 1703 933 548 1387 547 94
1 5 937 152 528 1695 1704 946 1705 2184
1 5 1695 528 271 938 2184 1705 947 1706
1 5 478 1695 938 346 1702 2184 1706 943
1 5 942 1704 2184 1702 150 944 1707 546
1 5 1704 946 1705 2184 944 8 404 1707
1 5 2184 1705 947 1706 1707 404 108 945
1 5 1702 2184 1706 943 546 1707 945 273
1 5 938 271 939 1699 1706 947 1708 2185
1 5 1699 939 153 940 2185 1708 950 1709
1 5 941 1699 940 272 1710 2185 1709 951
1 5 943 1706 2185 1710 273 945 1711 949
1 5 1706 947 1708 2185 945 108 803 1711
1 5 2185 1708 950 1709 1711 803 17 948
1 5 1710 2185 1709 951 949 1711 948 151
1 5 479 346 941 1700 1703 943 1710 2186
1 5 1700 941 272 489 2186 1710 951 1712
1 5 924 1700 489 148 1688 2186 1712 934
1 5 933 1703 2186 1688 94 547 1713 765
1 5 1703 943 1710 2186 547 273 949 1713
1 5 2186 1710 951 1712 1713 949 151 557
1 5 1688 2186 1712 934 765 1713 557 45
1 5 871 42 536 1642 1697 541 1385 2187
1 5 1642 536 136 891 2187 1385 544 1714
1 5 486 1642 891 261 1359 2187 1714 495
1 5 494 1697 2187 1359 272 940 1715 490
1 5 1697 541 1385 2187 940 153 540 1715
1 5 2187 1385 544 1714 1715 540 274 952
1 5 1359 2187 1714 495 490 1715 952 347
1 5 891 136 893 1646 1714 544 1716 2188
1 5 1646 893 22 894 2188 1716 956 1717
1 5 895 1646 894 137 1718 2188 1717 957
1 5 495 1714 2188 1718 347 952 1719 955
1 5 1714 544 1716 2188 952 274 953 1719
1 5 2188 1716 956 1717 1719 953 157 954
1 5 1718 2188 1717 957 955 1719 954 275
1 5 487 261 895 1649 1360 495 1718 2189
1 5 1649 895 137 898 2189 1718 957 1720
1 5 899 1649 898 43 1721 2189 1720 960
1 5 496 1360 2189 1721 276 491 1722 959
1 5 1360 495 1718 2189 491 347 955 1722
1 5 2189 1718 957 1720 1722 955 275 958
1 5 1721 2189 1720 960 959 1722 958 158
1 5 489 272 490 1362 1712 951 1723 2190
1 5 1362 490 347 491 2190 1723 961 1724
1 5 492 1362 491 276 1725 2190 1724 962
1 5 934 1712 2190 1725 45 557 1393 560
1 5 1712 951 1723 2190 557 151 558 1393
1 5 2190 1723 961 1724 1393 558 277 559
1 5 1725 2190 1724 962 560 1393 559 156
1 5 940 153 540 1715 1709 950 1726 2191
1 5 1715 540 274 952 2191 1726 964 1727
1 5 490 1715 952 347 1723 2191 1727 961
1 5 951 1709 2191 1723 151 948 1728 558
1 5 1709 950 1726 2191 948 17 632 1728
1 5 2191 1726 964 1727 1728 632 154 963
1 5 1723 2191 1727 961 558 1728 963 277
1 5 952 274 953 1719 1727 964 1729 2192
1 5 1719 953 157 954 2192 1729 968 1730
1 5 955 1719 954 275 1731 2192 1730 969
1 5 961 1727 2192 1731 277 963 1732 967
1 5 1727 964 1729 2192 963 154 965 1732
1 5 2192 1729 968 1730 1732 965 11 966
1 5 1731 2192 1730 969 967 1732 966 155
1 5 491 347 955 1722 1724 961 1731 2193
1 5 1722 955 275 958 2193 1731 969 1733
1 5 959 1722 958 158 1734 2193 1733 971
1 5 962 1724 2193 1734 156 559 1735 970
1 5 1724 961 1731 2193 559 277 967 1735
1 5 2193 1731 969 1733 1735 967 155 677
1 5 1734 2193 1733 971 970 1735 677 18
1 5 722 63 488 1665 1676 493 1361 2194
1 5 1665 488 138 915 2194 1361 496 1736
1 5 498 1665 915 265 1365 2194 1736 507
1 5 506 1676 2194 1365 268 925 1737 502
1 5 1676 493 1361 2194 925 148 492 1737
1 5 2194 1361 496 1736 1737 492 276 972
1 5 1365 2194 1736 507 502 1737 972 348
1 5 915 138 899 1668 1736 496 1721 2195
1 5 1668 899 43 916 2195 1721 960 1738
1 5 917 1668 916 143 1739 2195 1738 975
1 5 507 1736 2195 1739 348 972 1740 974
1 5 1736 496 1721 2195 972 276 959 1740
1 5 2195 1721 960 1738 1740 959 158 973
1 5 1739 2195 1738 975 974 1740 973 278
1 5 499 265 917 1671 1366 507 1739 2196
1 5 1671 917 143 919 2196 1739 975 1741
1 5 920 1671 919 23 1742 2196 1741 978
1 5 508 1366 2196 1742 279 503 1743 977
1 5 1366 507 1739 2196 503 348 974 1743
1 5 2196 1739 975 1741 1743 974 278 976
1 5 1742 2196 1741 978 977 1743 976 161
1 5 501 268 502 1368 1691 935 1744 2197
1 5 1368 502 348 503 2197 1744 979 1745
1 5 504 1368 503 279 1746 2197 1745 980
1 5 936 1691 2197 1746 19 569 1399 572
1 5 1691 935 1744 2197 569 95 570 1399
1 5 2197 1744 979 1745 1399 570 280 571
1 5 1746 2197 1745 980 572 1399 571 160
1 5 925 148 492 1737 1689 934 1725 2198
1 5 1737 492 276 972 2198 1725 962 1747
1 5 502 1737 972 348 1744 2198 1747 979
1 5 935 1689 2198 1744 95 766 1748 570
1 5 1689 934 1725 2198 766 45 560 1748
1 5 2198 1725 962 1747 1748 560 156 981
1 5 1744 2198 1747 979 570 1748 981 280
1 5 972 276 959 1740 1747 962 1734 2199
1 5 1740 959 158 973 2199 1734 971 1749
1 5 974 1740 973 278 1750 2199 1749 984
1 5 979 1747 2199 1750 280 981 1751 983
