MFEM mesh v1.0

#
# MFEM Geometry Types (see mesh/geom.hpp):
#
# POINT       = 0
# SEGMENT     = 1
# TRIANGLE    = 2
# SQUARE      = 3
# TETRAHEDRON = 4
# CUBE        = 5
#

dimension
3

elements
1792
1 5 0 441 1513 444 449 1514 2369 1517
1 5 3 453 1519 456 461 1520 2370 1523
1 5 9 465 1525 468 473 1526 2371 1529
1 5 5 477 1531 480 485 1532 2372 1535
1 5 14 489 1537 492 497 1538 2373 1541
1 5 19 501 1543 504 509 1544 2374 1547
1 5 48 513 1549 516 521 1550 2375 1553
1 5 18 525 1555 528 533 1556 2376 1559
1 5 59 537 1561 540 545 1562 2377 1565
1 5 28 549 1567 552 557 1568 2378 1571
1 5 32 561 1573 564 569 1574 2379 1577
1 5 62 573 1579 576 581 1580 2380 1583
1 5 63 585 1585 588 593 1586 2381 1589
1 5 84 597 1591 600 605 1592 2382 1595
1 5 64 609 1597 612 617 1598 2383 1601
1 5 34 621 1603 624 629 1604 2384 1607
1 5 65 633 1609 636 641 1610 2385 1613
1 5 22 645 1615 648 653 1616 2386 1619
1 5 68 657 1621 660 665 1622 2387 1625
1 5 35 669 1627 672 677 1628 2388 1631
1 5 66 681 1633 684 689 1634 2389 1637
1 5 37 693 1639 696 701 1640 2390 1643
1 5 87 705 1645 708 713 1646 2391 1649
1 5 30 717 1651 720 725 1652 2392 1655
1 5 40 729 1657 732 737 1658 2393 1661
1 5 73 741 1663 744 749 1664 2394 1667
1 5 89 753 1669 756 761 1670 2395 1673
1 5 79 765 1675 768 773 1676 2396 1679
1 5 91 777 1681 442 450 1682 2397 1515
1 5 283 779 1686 787 451 1684 2398 1689
1 5 94 443 1691 792 452 1516 2399 1692
1 5 99 445 1518 448 794 1694 2400 1697
1 5 284 780 1685 446 795 1698 2401 1695
1 5 413 782 1690 790 796 1700 2402 1704
1 5 287 447 1693 793 797 1696 2403 1707
1 5 103 810 1709 454 462 1710 2404 1521
1 5 289 812 1714 820 463 1712 2405 1717
1 5 106 455 1719 825 464 1522 2406 1720
1 5 111 457 1524 460 831 1722 2407 1725
1 5 290 813 1713 458 832 1727 2408 1723
1 5 414 815 1718 823 833 1729 2409 1733
1 5 293 459 1721 826 834 1724 2410 1736
1 5 115 847 1738 466 474 1739 2411 1527
1 5 295 849 1743 857 475 1741 2412 1746
1 5 118 467 1748 864 476 1528 2413 1750
1 5 123 469 1530 472 868 1752 2414 1755
1 5 296 850 1742 470 869 1756 2415 1753
1 5 415 852 1747 860 870 1758 2416 1762
1 5 299 471 1751 866 871 1754 2417 1765
1 5 127 885 1767 478 486 1768 2418 1533
1 5 301 887 1772 895 487 1770 2419 1775
1 5 130 479 1777 900 488 1534 2420 1778
1 5 135 481 1536 484 906 1780 2421 1783
1 5 302 888 1771 482 907 1785 2422 1781
1 5 416 890 1776 898 908 1787 2423 1791
1 5 305 483 1779 901 909 1782 2424 1794
1 5 93 786 1796 490 498 1688 2425 1539
1 5 307 924 1800 930 499 1798 2426 1803
1 5 141 491 1805 937 500 1540 2427 1807
1 5 102 493 1542 496 809 1706 2428 1811
1 5 286 789 1799 494 806 1703 2429 1809
1 5 417 926 1804 933 944 1814 2430 1818
1 5 310 495 1808 939 945 1810 2431 1821
1 5 95 798 1701 502 510 1823 2432 1545
1 5 288 799 1705 804 511 1824 2433 1828
1 5 98 503 1708 808 512 1546 2434 1831
1 5 147 505 1548 508 967 1833 2435 1836
1 5 312 957 1825 506 968 1837 2436 1834
1 5 418 958 1829 961 969 1839 2437 1842
1 5 315 507 1832 965 970 1835 2438 1844
1 5 151 976 1845 514 522 1846 2439 1551
1 5 316 978 1850 986 523 1848 2440 1853
1 5 96 515 1855 802 524 1552 2441 1826
1 5 148 517 1554 520 971 1858 2442 1838
1 5 317 979 1849 518 997 1862 2443 1859
1 5 419 981 1854 989 998 1864 2444 1868
1 5 313 519 1857 959 972 1860 2445 1840
1 5 105 819 1872 526 534 1716 2446 1557
1 5 321 1011 1876 1016 535 1874 2447 1878
1 5 160 527 1880 1019 536 1558 2448 1881
1 5 114 529 1560 532 846 1735 2449 1885
1 5 292 822 1875 530 844 1732 2450 1883
1 5 420 1013 1879 1018 1021 1887 2451 1890
1 5 323 531 1882 1020 1022 1884 2452 1892
1 5 109 841 1888 538 546 1894 2453 1563
1 5 324 1024 1891 1027 547 1896 2454 1900
1 5 162 539 1893 1028 548 1564 2455 1902
1 5 166 541 1566 544 1043 1904 2456 1907
1 5 325 1029 1897 542 1044 1909 2457 1905
1 5 421 1031 1901 1036 1045 1911 2458 1915
1 5 328 543 1903 1038 1046 1906 2459 1918
1 5 119 872 1759 550 558 1899 2460 1569
1 5 300 874 1763 879 559 1921 2461 1925
1 5 122 551 1766 883 560 1570 2462 1928
1 5 169 553 1572 556 1057 1917 2463 1932
1 5 327 1035 1922 554 1055 1914 2464 1930
1 5 422 1059 1926 1063 1069 1934 2465 1937
1 5 332 555 1929 1067 1070 1931 2466 1939
1 5 172 1075 1940 562 570 1941 2467 1575
1 5 333 1076 1944 1080 571 1942 2468 1946
1 5 174 563 1948 1083 572 1576 2469 1949
1 5 178 565 1578 568 1085 1951 2470 1954
1 5 334 1077 1943 566 1086 1955 2471 1952
1 5 423 1078 1947 1082 1087 1956 2472 1959
1 5 336 567 1950 1084 1088 1953 2473 1962
1 5 173 1079 1964 574 582 1945 2474 1581
1 5 338 1096 1967 1099 583 1965 2475 1969
1 5 181 575 1971 1104 584 1582 2476 1973
1 5 179 577 1584 580 1095 1961 2477 1977
1 5 335 1081 1966 578 1093 1958 2478 1975
1 5 424 1097 1970 1101 1108 1978 2479 1981
1 5 340 579 1974 1106 1109 1976 2480 1984
1 5 175 1089 1957 586 594 1986 2481 1587
1 5 337 1090 1960 1092 595 1987 2482 1990
1 5 177 587 1963 1094 596 1588 2483 1992
1 5 188 589 1590 592 1121 1994 2484 1997
1 5 342 1116 1988 590 1122 1998 2485 1995
1 5 425 1117 1991 1119 1123 1999 2486 2002
1 5 344 591 1993 1120 1124 1996 2487 2005
1 5 176 1091 1979 598 606 1989 2488 1593
1 5 341 1110 1982 1112 607 2008 2489 2012
1 5 183 599 1985 1114 608 1594 2490 2014
1 5 189 601 1596 604 1131 2004 2491 2018
1 5 343 1118 2009 602 1129 2001 2492 2016
1 5 426 1133 2013 1137 1140 2020 2493 2024
1 5 348 603 2015 1139 1141 2017 2494 2027
1 5 182 1111 2029 610 618 2011 2495 1599
1 5 350 1151 2033 1157 619 2031 2496 2036
1 5 196 611 2038 1164 620 1600 2497 2040
1 5 193 613 1602 616 1149 2026 2498 2044
1 5 347 1136 2032 614 1147 2023 2499 2042
1 5 427 1153 2037 1160 1168 2046 2500 2050
1 5 353 615 2041 1166 1169 2043 2501 2053
1 5 185 1125 2000 622 630 2055 2502 1605
1 5 345 1126 2003 1128 631 2056 2503 2059
1 5 187 623 2006 1130 632 1606 2504 2061
1 5 204 625 1608 628 1183 2063 2505 2066
1 5 355 1178 2057 626 1184 2067 2506 2064
1 5 428 1179 2060 1181 1185 2068 2507 2071
1 5 357 627 2062 1182 1186 2065 2508 2074
1 5 186 1127 2021 634 642 2058 2509 1611
1 5 349 1142 2025 1145 643 2076 2510 2079
1 5 191 635 2028 1148 644 1612 2511 2081
1 5 205 637 1614 640 1194 2073 2512 2085
1 5 356 1180 2077 638 1191 2070 2513 2083
1 5 429 1195 2080 1197 1202 2087 2514 2090
1 5 360 639 2082 1198 1203 2084 2515 2093
1 5 209 1211 2095 646 654 2096 2516 1617
1 5 362 1212 2099 1216 655 2097 2517 2101
1 5 211 647 2103 1221 656 1618 2518 2105
1 5 215 649 1620 652 1229 2107 2519 2110
1 5 363 1213 2098 650 1230 2112 2520 2108
1 5 430 1214 2102 1218 1231 2113 2521 2116
1 5 365 651 2106 1223 1232 2109 2522 2119
1 5 201 1187 2069 658 666 2121 2523 1623
1 5 358 1188 2072 1190 667 2123 2524 2127
1 5 203 659 2075 1193 668 1624 2525 2130
1 5 221 661 1626 664 1257 2132 2526 2135
1 5 367 1241 2124 662 1258 2137 2527 2133
1 5 431 1243 2128 1248 1259 2139 2528 2143
1 5 370 663 2131 1251 1260 2134 2529 2146
1 5 190 1144 2047 670 678 2078 2530 1629
1 5 354 1170 2051 1173 679 2148 2531 2151
1 5 198 671 2054 1176 680 1630 2532 2153
1 5 208 673 1632 676 1210 2092 2533 2157
1 5 359 1196 2149 674 1207 2089 2534 2155
1 5 432 1273 2152 1275 1280 2159 2535 2162
1 5 373 675 2154 1276 1281 2156 2536 2165
1 5 197 1172 2167 682 690 2150 2537 1635
1 5 375 1289 2171 1295 691 2169 2538 2174
1 5 229 683 2176 1302 692 1636 2539 2178
1 5 226 685 1638 688 1287 2164 2540 2182
1 5 372 1274 2170 686 1285 2161 2541 2180
1 5 433 1291 2175 1298 1306 2184 2542 2188
1 5 378 687 2179 1304 1307 2181 2543 2191
1 5 235 1319 2193 694 702 2194 2544 1641
1 5 380 1320 2197 1324 703 2195 2545 2199
1 5 237 695 2201 1329 704 1642 2546 2203
1 5 241 697 1644 700 1337 2205 2547 2208
1 5 381 1321 2196 698 1338 2210 2548 2206
1 5 434 1322 2200 1326 1339 2211 2549 2214
1 5 383 699 2204 1331 1340 2207 2550 2217
1 5 224 1283 2185 706 714 2219 2551 1647
1 5 379 1309 2189 1313 715 2221 2552 2225
1 5 232 707 2192 1317 716 1648 2553 2228
1 5 247 709 1650 712 1361 2230 2554 2233
1 5 385 1349 2222 710 1362 2234 2555 2231
1 5 435 1351 2226 1355 1363 2236 2556 2240
1 5 388 711 2229 1359 1364 2232 2557 2243
1 5 129 894 2245 718 726 1774 2558 1653
1 5 390 1377 2249 1383 727 2247 2559 2252
1 5 244 719 2254 1368 728 1654 2560 2256
1 5 138 721 1656 724 922 1793 2561 2260
1 5 304 897 2248 722 919 1790 2562 2258
1 5 436 1379 2253 1386 1396 2263 2563 2267
1 5 393 723 2257 1391 1397 2259 2564 2270
1 5 257 1409 2272 730 738 2273 2565 1659
1 5 395 1410 2276 1413 739 2274 2566 2278
1 5 258 731 2280 1416 740 1660 2567 2281
1 5 262 733 1662 736 1422 2283 2568 2286
1 5 396 1411 2275 734 1423 2288 2569 2284
1 5 437 1412 2279 1415 1424 2289 2570 2292
1 5 398 735 2282 1417 1425 2285 2571 2295
1 5 243 1365 2237 742 750 2277 2572 1665
1 5 389 1366 2241 1370 751 2297 2573 2300
1 5 246 743 2244 1374 752 1666 2574 2303
1 5 263 745 1668 748 1432 2294 2575 2307
1 5 397 1414 2298 746 1430 2291 2576 2305
1 5 438 1433 2301 1435 1440 2308 2577 2311
1 5 401 747 2304 1438 1441 2306 2578 2314
1 5 260 1428 2309 754 762 2316 2579 1671
1 5 402 1442 2312 1444 763 2318 2580 2322
1 5 265 755 2315 1447 764 1672 2581 2325
1 5 271 757 1674 760 1462 2327 2582 2330
1 5 403 1449 2319 758 1463 2331 2583 2328
1 5 439 1451 2323 1456 1464 2333 2584 2337
1 5 406 759 2326 1460 1465 2329 2585 2340
1 5 267 1466 2334 766 774 2342 2586 1677
1 5 407 1468 2338 1473 775 2344 2587 2348
1 5 270 767 2341 1477 776 1678 2588 2351
1 5 279 769 1680 772 1496 2353 2589 2356
1 5 408 1479 2345 770 1497 2358 2590 2354
1 5 440 1481 2349 1486 1498 2360 2591 2364
1 5 411 771 2352 1490 1499 2355 2592 2367
1 5 441 91 442 1513 1514 450 1515 2369
1 5 1513 442 283 443 2369 1515 451 1516
1 5 444 1513 443 94 1517 2369 1516 452
1 5 449 1514 2369 1517 99 445 1518 448
1 5 1514 450 1515 2369 445 284 446 1518
1 5 2369 1515 451 1516 1518 446 413 447
1 5 1517 2369 1516 452 448 1518 447 287
1 5 453 103 454 1519 1520 462 1521 2370
1 5 1519 454 289 455 2370 1521 463 1522
1 5 456 1519 455 106 1523 2370 1522 464
1 5 461 1520 2370 1523 111 457 1524 460
1 5 1520 462 1521 2370 457 290 458 1524
1 5 2370 1521 463 1522 1524 458 414 459
1 5 1523 2370 1522 464 460 1524 459 293
1 5 465 115 466 1525 1526 474 1527 2371
1 5 1525 466 295 467 2371 1527 475 1528
1 5 468 1525 467 118 1529 2371 1528 476
1 5 473 1526 2371 1529 123 469 1530 472
1 5 1526 474 1527 2371 469 296 470 1530
1 5 2371 1527 475 1528 1530 470 415 471
1 5 1529 2371 1528 476 472 1530 471 299
1 5 477 127 478 1531 1532 486 1533 2372
1 5 1531 478 301 479 2372 1533 487 1534
1 5 480 1531 479 130 1535 2372 1534 488
1 5 485 1532 2372 1535 135 481 1536 484
1 5 1532 486 1533 2372 481 302 482 1536
1 5 2372 1533 487 1534 1536 482 416 483
1 5 1535 2372 1534 488 484 1536 483 305
1 5 489 93 490 1537 1538 498 1539 2373
1 5 1537 490 307 491 2373 1539 499 1540
1 5 492 1537 491 141 1541 2373 1540 500
1 5 497 1538 2373 1541 102 493 1542 496
1 5 1538 498 1539 2373 493 286 494 1542
1 5 2373 1539 499 1540 1542 494 417 495
1 5 1541 2373 1540 500 496 1542 495 310
1 5 501 95 502 1543 1544 510 1545 2374
1 5 1543 502 288 503 2374 1545 511 1546
1 5 504 1543 503 98 1547 2374 1546 512
1 5 509 1544 2374 1547 147 505 1548 508
1 5 1544 510 1545 2374 505 312 506 1548
1 5 2374 1545 511 1546 1548 506 418 507
1 5 1547 2374 1546 512 508 1548 507 315
1 5 513 151 514 1549 1550 522 1551 2375
1 5 1549 514 316 515 2375 1551 523 1552
1 5 516 1549 515 96 1553 2375 1552 524
1 5 521 1550 2375 1553 148 517 1554 520
1 5 1550 522 1551 2375 517 317 518 1554
1 5 2375 1551 523 1552 1554 518 419 519
1 5 1553 2375 1552 524 520 1554 519 313
1 5 525 105 526 1555 1556 534 1557 2376
1 5 1555 526 321 527 2376 1557 535 1558
1 5 528 1555 527 160 1559 2376 1558 536
1 5 533 1556 2376 1559 114 529 1560 532
1 5 1556 534 1557 2376 529 292 530 1560
1 5 2376 1557 535 1558 1560 530 420 531
1 5 1559 2376 1558 536 532 1560 531 323
1 5 537 109 538 1561 1562 546 1563 2377
1 5 1561 538 324 539 2377 1563 547 1564
1 5 540 1561 539 162 1565 2377 1564 548
1 5 545 1562 2377 1565 166 541 1566 544
1 5 1562 546 1563 2377 541 325 542 1566
1 5 2377 1563 547 1564 1566 542 421 543
1 5 1565 2377 1564 548 544 1566 543 328
1 5 549 119 550 1567 1568 558 1569 2378
1 5 1567 550 300 551 2378 1569 559 1570
1 5 552 1567 551 122 1571 2378 1570 560
1 5 557 1568 2378 1571 169 553 1572 556
1 5 1568 558 1569 2378 553 327 554 1572
1 5 2378 1569 559 1570 1572 554 422 555
1 5 1571 2378 1570 560 556 1572 555 332
1 5 561 172 562 1573 1574 570 1575 2379
1 5 1573 562 333 563 2379 1575 571 1576
1 5 564 1573 563 174 1577 2379 1576 572
1 5 569 1574 2379 1577 178 565 1578 568
1 5 1574 570 1575 2379 565 334 566 1578
1 5 2379 1575 571 1576 1578 566 423 567
1 5 1577 2379 1576 572 568 1578 567 336
1 5 573 173 574 1579 1580 582 1581 2380
1 5 1579 574 338 575 2380 1581 583 1582
1 5 576 1579 575 181 1583 2380 1582 584
1 5 581 1580 2380 1583 179 577 1584 580
1 5 1580 582 1581 2380 577 335 578 1584
1 5 2380 1581 583 1582 1584 578 424 579
1 5 1583 2380 1582 584 580 1584 579 340
1 5 585 175 586 1585 1586 594 1587 2381
1 5 1585 586 337 587 2381 1587 595 1588
1 5 588 1585 587 177 1589 2381 1588 596
1 5 593 1586 2381 1589 188 589 1590 592
1 5 1586 594 1587 2381 589 342 590 1590
1 5 2381 1587 595 1588 1590 590 425 591
1 5 1589 2381 1588 596 592 1590 591 344
1 5 597 176 598 1591 1592 606 1593 2382
1 5 1591 598 341 599 2382 1593 607 1594
1 5 600 1591 599 183 1595 2382 1594 608
1 5 605 1592 2382 1595 189 601 1596 604
1 5 1592 606 1593 2382 601 343 602 1596
1 5 2382 1593 607 1594 1596 602 426 603
1 5 1595 2382 1594 608 604 1596 603 348
1 5 609 182 610 1597 1598 618 1599 2383
1 5 1597 610 350 611 2383 1599 619 1600
1 5 612 1597 611 196 1601 2383 1600 620
1 5 617 1598 2383 1601 193 613 1602 616
1 5 1598 618 1599 2383 613 347 614 1602
1 5 2383 1599 619 1600 1602 614 427 615
1 5 1601 2383 1600 620 616 1602 615 353
1 5 621 185 622 1603 1604 630 1605 2384
1 5 1603 622 345 623 2384 1605 631 1606
1 5 624 1603 623 187 1607 2384 1606 632
1 5 629 1604 2384 1607 204 625 1608 628
1 5 1604 630 1605 2384 625 355 626 1608
1 5 2384 1605 631 1606 1608 626 428 627
1 5 1607 2384 1606 632 628 1608 627 357
1 5 633 186 634 1609 1610 642 1611 2385
1 5 1609 634 349 635 2385 1611 643 1612
1 5 636 1609 635 191 1613 2385 1612 644
1 5 641 1610 2385 1613 205 637 1614 640
1 5 1610 642 1611 2385 637 356 638 1614
1 5 2385 1611 643 1612 1614 638 429 639
1 5 1613 2385 1612 644 640 1614 639 360
1 5 645 209 646 1615 1616 654 1617 2386
1 5 1615 646 362 647 2386 1617 655 1618
1 5 648 1615 647 211 1619 2386 1618 656
1 5 653 1616 2386 1619 215 649 1620 652
1 5 1616 654 1617 2386 649 363 650 1620
1 5 2386 1617 655 1618 1620 650 430 651
1 5 1619 2386 1618 656 652 1620 651 365
1 5 657 201 658 1621 1622 666 1623 2387
1 5 1621 658 358 659 2387 1623 667 1624
1 5 660 1621 659 203 1625 2387 1624 668
1 5 665 1622 2387 1625 221 661 1626 664
1 5 1622 666 1623 2387 661 367 662 1626
1 5 2387 1623 667 1624 1626 662 431 663
1 5 1625 2387 1624 668 664 1626 663 370
1 5 669 190 670 1627 1628 678 1629 2388
1 5 1627 670 354 671 2388 1629 679 1630
1 5 672 1627 671 198 1631 2388 1630 680
1 5 677 1628 2388 1631 208 673 1632 676
1 5 1628 678 1629 2388 673 359 674 1632
1 5 2388 1629 679 1630 1632 674 432 675
1 5 1631 2388 1630 680 676 1632 675 373
1 5 681 197 682 1633 1634 690 1635 2389
1 5 1633 682 375 683 2389 1635 691 1636
1 5 684 1633 683 229 1637 2389 1636 692
1 5 689 1634 2389 1637 226 685 1638 688
1 5 1634 690 1635 2389 685 372 686 1638
1 5 2389 1635 691 1636 1638 686 433 687
1 5 1637 2389 1636 692 688 1638 687 378
1 5 693 235 694 1639 1640 702 1641 2390
1 5 1639 694 380 695 2390 1641 703 1642
1 5 696 1639 695 237 1643 2390 1642 704
1 5 701 1640 2390 1643 241 697 1644 700
1 5 1640 702 1641 2390 697 381 698 1644
1 5 2390 1641 703 1642 1644 698 434 699
1 5 1643 2390 1642 704 700 1644 699 383
1 5 705 224 706 1645 1646 714 1647 2391
1 5 1645 706 379 707 2391 1647 715 1648
1 5 708 1645 707 232 1649 2391 1648 716
1 5 713 1646 2391 1649 247 709 1650 712
1 5 1646 714 1647 2391 709 385 710 1650
1 5 2391 1647 715 1648 1650 710 435 711
1 5 1649 2391 1648 716 712 1650 711 388
1 5 717 129 718 1651 1652 726 1653 2392
1 5 1651 718 390 719 2392 1653 727 1654
1 5 720 1651 719 244 1655 2392 1654 728
1 5 725 1652 2392 1655 138 721 1656 724
1 5 1652 726 1653 2392 721 304 722 1656
1 5 2392 1653 727 1654 1656 722 436 723
1 5 1655 2392 1654 728 724 1656 723 393
1 5 729 257 730 1657 1658 738 1659 2393
1 5 1657 730 395 731 2393 1659 739 1660
1 5 732 1657 731 258 1661 2393 1660 740
1 5 737 1658 2393 1661 262 733 1662 736
1 5 1658 738 1659 2393 733 396 734 1662
1 5 2393 1659 739 1660 1662 734 437 735
1 5 1661 2393 1660 740 736 1662 735 398
1 5 741 243 742 1663 1664 750 1665 2394
1 5 1663 742 389 743 2394 1665 751 1666
1 5 744 1663 743 246 1667 2394 1666 752
1 5 749 1664 2394 1667 263 745 1668 748
1 5 1664 750 1665 2394 745 397 746 1668
1 5 2394 1665 751 1666 1668 746 438 747
1 5 1667 2394 1666 752 748 1668 747 401
1 5 753 260 754 1669 1670 762 1671 2395
1 5 1669 754 402 755 2395 1671 763 1672
1 5 756 1669 755 265 1673 2395 1672 764
1 5 761 1670 2395 1673 271 757 1674 760
1 5 1670 762 1671 2395 757 403 758 1674
1 5 2395 1671 763 1672 1674 758 439 759
1 5 1673 2395 1672 764 760 1674 759 406
1 5 765 267 766 1675 1676 774 1677 2396
1 5 1675 766 407 767 2396 1677 775 1678
1 5 768 1675 767 270 1679 2396 1678 776
1 5 773 1676 2396 1679 279 769 1680 772
1 5 1676 774 1677 2396 769 408 770 1680
1 5 2396 1677 775 1678 1680 770 440 771
1 5 1679 2396 1678 776 772 1680 771 411
1 5 777 12 778 1681 1682 783 1683 2397
1 5 1681 778 92 779 2397 1683 784 1684
1 5 442 1681 779 283 1515 2397 1684 451
1 5 450 1682 2397 1515 284 780 1685 446
1 5 1682 783 1683 2397 780 100 781 1685
1 5 2397 1683 784 1684 1685 781 285 782
1 5 1515 2397 1684 451 446 1685 782 413
1 5 779 92 785 1686 1684 784 1687 2398
1 5 1686 785 47 786 2398 1687 791 1688
1 5 787 1686 786 93 1689 2398 1688 498
1 5 451 1684 2398 1689 413 782 1690 790
1 5 1684 784 1687 2398 782 285 788 1690
1 5 2398 1687 791 1688 1690 788 101 789
1 5 1689 2398 1688 498 790 1690 789 286
1 5 443 283 787 1691 1516 451 1689 2399
1 5 1691 787 93 489 2399 1689 498 1538
1 5 792 1691 489 14 1692 2399 1538 497
1 5 452 1516 2399 1692 287 447 1693 793
1 5 1516 451 1689 2399 447 413 790 1693
1 5 2399 1689 498 1538 1693 790 286 493
1 5 1692 2399 1538 497 793 1693 493 102
1 5 445 284 446 1518 1694 795 1695 2400
1 5 1518 446 413 447 2400 1695 796 1696
1 5 448 1518 447 287 1697 2400 1696 797
1 5 794 1694 2400 1697 19 501 1543 504
1 5 1694 795 1695 2400 501 95 502 1543
1 5 2400 1695 796 1696 1543 502 288 503
1 5 1697 2400 1696 797 504 1543 503 98
1 5 780 100 781 1685 1698 800 1699 2401
1 5 1685 781 285 782 2401 1699 801 1700
1 5 446 1685 782 413 1695 2401 1700 796
1 5 795 1698 2401 1695 95 798 1701 502
1 5 1698 800 1699 2401 798 48 516 1701
1 5 2401 1699 801 1700 1701 516 96 799
1 5 1695 2401 1700 796 502 1701 799 288
1 5 782 285 788 1690 1700 801 1702 2402
1 5 1690 788 101 789 2402 1702 805 1703
1 5 790 1690 789 286 1704 2402 1703 806
1 5 796 1700 2402 1704 288 799 1705 804
1 5 1700 801 1702 2402 799 96 802 1705
1 5 2402 1702 805 1703 1705 802 81 803
1 5 1704 2402 1703 806 804 1705 803 97
1 5 447 413 790 1693 1696 796 1704 2403
1 5 1693 790 286 493 2403 1704 806 1706
1 5 793 1693 493 102 1707 2403 1706 809
1 5 797 1696 2403 1707 98 503 1708 808
1 5 1696 796 1704 2403 503 288 804 1708
1 5 2403 1704 806 1706 1708 804 97 807
1 5 1707 2403 1706 809 808 1708 807 51
1 5 810 15 811 1709 1710 816 1711 2404
1 5 1709 811 104 812 2404 1711 817 1712
1 5 454 1709 812 289 1521 2404 1712 463
1 5 462 1710 2404 1521 290 813 1713 458
1 5 1710 816 1711 2404 813 112 814 1713
1 5 2404 1711 817 1712 1713 814 291 815
1 5 1521 2404 1712 463 458 1713 815 414
1 5 812 104 818 1714 1712 817 1715 2405
1 5 1714 818 52 819 2405 1715 824 1716
1 5 820 1714 819 105 1717 2405 1716 534
1 5 463 1712 2405 1717 414 815 1718 823
1 5 1712 817 1715 2405 815 291 821 1718
1 5 2405 1715 824 1716 1718 821 113 822
1 5 1717 2405 1716 534 823 1718 822 292
1 5 455 289 820 1719 1522 463 1717 2406
1 5 1719 820 105 525 2406 1717 534 1556
1 5 825 1719 525 18 1720 2406 1556 533
1 5 464 1522 2406 1720 293 459 1721 826
1 5 1522 463 1717 2406 459 414 823 1721
1 5 2406 1717 534 1556 1721 823 292 529
1 5 1720 2406 1556 533 826 1721 529 114
1 5 457 290 458 1524 1722 832 1723 2407
1 5 1524 458 414 459 2407 1723 833 1724
1 5 460 1524 459 293 1725 2407 1724 834
1 5 831 1722 2407 1725 26 827 1726 830
1 5 1722 832 1723 2407 827 107 828 1726
1 5 2407 1723 833 1724 1726 828 294 829
1 5 1725 2407 1724 834 830 1726 829 110
1 5 813 112 814 1713 1727 838 1728 2408
1 5 1713 814 291 815 2408 1728 839 1729
1 5 458 1713 815 414 1723 2408 1729 833
1 5 832 1727 2408 1723 107 835 1730 828
1 5 1727 838 1728 2408 835 55 836 1730
1 5 2408 1728 839 1729 1730 836 108 837
1 5 1723 2408 1729 833 828 1730 837 294
1 5 815 291 821 1718 1729 839 1731 2409
1 5 1718 821 113 822 2409 1731 843 1732
1 5 823 1718 822 292 1733 2409 1732 844
1 5 833 1729 2409 1733 294 837 1734 842
1 5 1729 839 1731 2409 837 108 840 1734
1 5 2409 1731 843 1732 1734 840 82 841
1 5 1733 2409 1732 844 842 1734 841 109
1 5 459 414 823 1721 1724 833 1733 2410
1 5 1721 823 292 529 2410 1733 844 1735
1 5 826 1721 529 114 1736 2410 1735 846
1 5 834 1724 2410 1736 110 829 1737 845
1 5 1724 833 1733 2410 829 294 842 1737
1 5 2410 1733 844 1735 1737 842 109 537
1 5 1736 2410 1735 846 845 1737 537 59
1 5 847 17 848 1738 1739 853 1740 2411
1 5 1738 848 116 849 2411 1740 854 1741
1 5 466 1738 849 295 1527 2411 1741 475
1 5 474 1739 2411 1527 296 850 1742 470
1 5 1739 853 1740 2411 850 124 851 1742
1 5 2411 1740 854 1741 1742 851 297 852
1 5 1527 2411 1741 475 470 1742 852 415
1 5 849 116 855 1743 1741 854 1744 2412
1 5 1743 855 57 856 2412 1744 861 1745
1 5 857 1743 856 117 1746 2412 1745 862
1 5 475 1741 2412 1746 415 852 1747 860
1 5 1741 854 1744 2412 852 297 858 1747
1 5 2412 1744 861 1745 1747 858 125 859
1 5 1746 2412 1745 862 860 1747 859 298
1 5 467 295 857 1748 1528 475 1746 2413
1 5 1748 857 117 863 2413 1746 862 1749
1 5 864 1748 863 27 1750 2413 1749 867
1 5 476 1528 2413 1750 299 471 1751 866
1 5 1528 475 1746 2413 471 415 860 1751
1 5 2413 1746 862 1749 1751 860 298 865
1 5 1750 2413 1749 867 866 1751 865 126
1 5 469 296 470 1530 1752 869 1753 2414
1 5 1530 470 415 471 2414 1753 870 1754
1 5 472 1530 471 299 1755 2414 1754 871
1 5 868 1752 2414 1755 28 549 1567 552
1 5 1752 869 1753 2414 549 119 550 1567
1 5 2414 1753 870 1754 1567 550 300 551
1 5 1755 2414 1754 871 552 1567 551 122
1 5 850 124 851 1742 1756 875 1757 2415
1 5 1742 851 297 852 2415 1757 876 1758
1 5 470 1742 852 415 1753 2415 1758 870
1 5 869 1756 2415 1753 119 872 1759 550
1 5 1756 875 1757 2415 872 58 873 1759
1 5 2415 1757 876 1758 1759 873 120 874
1 5 1753 2415 1758 870 550 1759 874 300
1 5 852 297 858 1747 1758 876 1760 2416
1 5 1747 858 125 859 2416 1760 880 1761
1 5 860 1747 859 298 1762 2416 1761 881
1 5 870 1758 2416 1762 300 874 1763 879
1 5 1758 876 1760 2416 874 120 877 1763
1 5 2416 1760 880 1761 1763 877 83 878
1 5 1762 2416 1761 881 879 1763 878 121
1 5 471 415 860 1751 1754 870 1762 2417
1 5 1751 860 298 865 2417 1762 881 1764
1 5 866 1751 865 126 1765 2417 1764 884
1 5 871 1754 2417 1765 122 551 1766 883
1 5 1754 870 1762 2417 551 300 879 1766
1 5 2417 1762 881 1764 1766 879 121 882
1 5 1765 2417 1764 884 883 1766 882 60
1 5 885 23 886 1767 1768 891 1769 2418
1 5 1767 886 128 887 2418 1769 892 1770
1 5 478 1767 887 301 1533 2418 1770 487
1 5 486 1768 2418 1533 302 888 1771 482
1 5 1768 891 1769 2418 888 136 889 1771
1 5 2418 1769 892 1770 1771 889 303 890
1 5 1533 2418 1770 487 482 1771 890 416
1 5 887 128 893 1772 1770 892 1773 2419
1 5 1772 893 61 894 2419 1773 899 1774
1 5 895 1772 894 129 1775 2419 1774 726
1 5 487 1770 2419 1775 416 890 1776 898
1 5 1770 892 1773 2419 890 303 896 1776
1 5 2419 1773 899 1774 1776 896 137 897
1 5 1775 2419 1774 726 898 1776 897 304
1 5 479 301 895 1777 1534 487 1775 2420
1 5 1777 895 129 717 2420 1775 726 1652
1 5 900 1777 717 30 1778 2420 1652 725
1 5 488 1534 2420 1778 305 483 1779 901
1 5 1534 487 1775 2420 483 416 898 1779
1 5 2420 1775 726 1652 1779 898 304 721
1 5 1778 2420 1652 725 901 1779 721 138
1 5 481 302 482 1536 1780 907 1781 2421
1 5 1536 482 416 483 2421 1781 908 1782
1 5 484 1536 483 305 1783 2421 1782 909
1 5 906 1780 2421 1783 25 902 1784 905
1 5 1780 907 1781 2421 902 131 903 1784
1 5 2421 1781 908 1782 1784 903 306 904
1 5 1783 2421 1782 909 905 1784 904 134
1 5 888 136 889 1771 1785 913 1786 2422
1 5 1771 889 303 890 2422 1786 914 1787
1 5 482 1771 890 416 1781 2422 1787 908
1 5 907 1785 2422 1781 131 910 1788 903
1 5 1785 913 1786 2422 910 54 911 1788
1 5 2422 1786 914 1787 1788 911 132 912
1 5 1781 2422 1787 908 903 1788 912 306
1 5 890 303 896 1776 1787 914 1789 2423
1 5 1776 896 137 897 2423 1789 918 1790
1 5 898 1776 897 304 1791 2423 1790 919
1 5 908 1787 2423 1791 306 912 1792 917
1 5 1787 914 1789 2423 912 132 915 1792
1 5 2423 1789 918 1790 1792 915 88 916
1 5 1791 2423 1790 919 917 1792 916 133
1 5 483 416 898 1779 1782 908 1791 2424
1 5 1779 898 304 721 2424 1791 919 1793
1 5 901 1779 721 138 1794 2424 1793 922
1 5 909 1782 2424 1794 134 904 1795 921
1 5 1782 908 1791 2424 904 306 917 1795
1 5 2424 1791 919 1793 1795 917 133 920
1 5 1794 2424 1793 922 921 1795 920 75
1 5 786 47 923 1796 1688 791 1797 2425
1 5 1796 923 139 924 2425 1797 927 1798
1 5 490 1796 924 307 1539 2425 1798 499
1 5 498 1688 2425 1539 286 789 1799 494
1 5 1688 791 1797 2425 789 101 925 1799
1 5 2425 1797 927 1798 1799 925 308 926
1 5 1539 2425 1798 499 494 1799 926 417
1 5 924 139 928 1800 1798 927 1801 2426
1 5 1800 928 13 929 2426 1801 934 1802
1 5 930 1800 929 140 1803 2426 1802 935
1 5 499 1798 2426 1803 417 926 1804 933
1 5 1798 927 1801 2426 926 308 931 1804
1 5 2426 1801 934 1802 1804 931 145 932
1 5 1803 2426 1802 935 933 1804 932 309
1 5 491 307 930 1805 1540 499 1803 2427
1 5 1805 930 140 936 2427 1803 935 1806
1 5 937 1805 936 4 1807 2427 1806 940
1 5 500 1540 2427 1807 310 495 1808 939
1 5 1540 499 1803 2427 495 417 933 1808
1 5 2427 1803 935 1806 1808 933 309 938
1 5 1807 2427 1806 940 939 1808 938 146
1 5 493 286 494 1542 1706 806 1809 2428
1 5 1542 494 417 495 2428 1809 944 1810
1 5 496 1542 495 310 1811 2428 1810 945
1 5 809 1706 2428 1811 51 807 1812 943
1 5 1706 806 1809 2428 807 97 941 1812
1 5 2428 1809 944 1810 1812 941 311 942
1 5 1811 2428 1810 945 943 1812 942 144
1 5 789 101 925 1799 1703 805 1813 2429
1 5 1799 925 308 926 2429 1813 948 1814
1 5 494 1799 926 417 1809 2429 1814 944
1 5 806 1703 2429 1809 97 803 1815 941
1 5 1703 805 1813 2429 803 81 946 1815
1 5 2429 1813 948 1814 1815 946 142 947
1 5 1809 2429 1814 944 941 1815 947 311
1 5 926 308 931 1804 1814 948 1816 2430
1 5 1804 931 145 932 2430 1816 952 1817
1 5 933 1804 932 309 1818 2430 1817 953
1 5 944 1814 2430 1818 311 947 1819 951
1 5 1814 948 1816 2430 947 142 949 1819
1 5 2430 1816 952 1817 1819 949 50 950
1 5 1818 2430 1817 953 951 1819 950 143
1 5 495 417 933 1808 1810 944 1818 2431
1 5 1808 933 309 938 2431 1818 953 1820
1 5 939 1808 938 146 1821 2431 1820 956
1 5 945 1810 2431 1821 144 942 1822 955
1 5 1810 944 1818 2431 942 311 951 1822
1 5 2431 1818 953 1820 1822 951 143 954
1 5 1821 2431 1820 956 955 1822 954 21
1 5 798 48 516 1701 1823 521 1553 2432
1 5 1701 516 96 799 2432 1553 524 1824
1 5 502 1701 799 288 1545 2432 1824 511
1 5 510 1823 2432 1545 312 957 1825 506
1 5 1823 521 1553 2432 957 148 520 1825
1 5 2432 1553 524 1824 1825 520 313 958
1 5 1545 2432 1824 511 506 1825 958 418
1 5 799 96 802 1705 1824 524 1826 2433
1 5 1705 802 81 803 2433 1826 962 1827
1 5 804 1705 803 97 1828 2433 1827 963
1 5 511 1824 2433 1828 418 958 1829 961
1 5 1824 524 1826 2433 958 313 959 1829
1 5 2433 1826 962 1827 1829 959 149 960
1 5 1828 2433 1827 963 961 1829 960 314
1 5 503 288 804 1708 1546 511 1828 2434
1 5 1708 804 97 807 2434 1828 963 1830
1 5 808 1708 807 51 1831 2434 1830 966
1 5 512 1546 2434 1831 315 507 1832 965
1 5 1546 511 1828 2434 507 418 961 1832
1 5 2434 1828 963 1830 1832 961 314 964
1 5 1831 2434 1830 966 965 1832 964 150
1 5 505 312 506 1548 1833 968 1834 2435
1 5 1548 506 418 507 2435 1834 969 1835
1 5 508 1548 507 315 1836 2435 1835 970
1 5 967 1833 2435 1836 3 453 1519 456
1 5 1833 968 1834 2435 453 103 454 1519
1 5 2435 1834 969 1835 1519 454 289 455
1 5 1836 2435 1835 970 456 1519 455 106
1 5 957 148 520 1825 1837 971 1838 2436
1 5 1825 520 313 958 2436 1838 972 1839
1 5 506 1825 958 418 1834 2436 1839 969
1 5 968 1837 2436 1834 103 810 1709 454
1 5 1837 971 1838 2436 810 15 811 1709
1 5 2436 1838 972 1839 1709 811 104 812
1 5 1834 2436 1839 969 454 1709 812 289
1 5 958 313 959 1829 1839 972 1840 2437
1 5 1829 959 149 960 2437 1840 973 1841
1 5 961 1829 960 314 1842 2437 1841 974
1 5 969 1839 2437 1842 289 812 1714 820
1 5 1839 972 1840 2437 812 104 818 1714
1 5 2437 1840 973 1841 1714 818 52 819
1 5 1842 2437 1841 974 820 1714 819 105
1 5 507 418 961 1832 1835 969 1842 2438
1 5 1832 961 314 964 2438 1842 974 1843
1 5 965 1832 964 150 1844 2438 1843 975
1 5 970 1835 2438 1844 106 455 1719 825
1 5 1835 969 1842 2438 455 289 820 1719
1 5 2438 1842 974 1843 1719 820 105 525
1 5 1844 2438 1843 975 825 1719 525 18
1 5 976 20 977 1845 1846 982 1847 2439
1 5 1845 977 152 978 2439 1847 983 1848
1 5 514 1845 978 316 1551 2439 1848 523
1 5 522 1846 2439 1551 317 979 1849 518
1 5 1846 982 1847 2439 979 157 980 1849
1 5 2439 1847 983 1848 1849 980 318 981
1 5 1551 2439 1848 523 518 1849 981 419
1 5 978 152 984 1850 1848 983 1851 2440
1 5 1850 984 49 985 2440 1851 990 1852
1 5 986 1850 985 153 1853 2440 1852 991
1 5 523 1848 2440 1853 419 981 1854 989
1 5 1848 983 1851 2440 981 318 987 1854
1 5 2440 1851 990 1852 1854 987 158 988
1 5 1853 2440 1852 991 989 1854 988 319
1 5 515 316 986 1855 1552 523 1853 2441
1 5 1855 986 153 992 2441 1853 991 1856
1 5 802 1855 992 81 1826 2441 1856 962
1 5 524 1552 2441 1826 313 519 1857 959
1 5 1552 523 1853 2441 519 419 989 1857
1 5 2441 1853 991 1856 1857 989 319 993
1 5 1826 2441 1856 962 959 1857 993 149
1 5 517 317 518 1554 1858 997 1859 2442
1 5 1554 518 419 519 2442 1859 998 1860
1 5 520 1554 519 313 1838 2442 1860 972
1 5 971 1858 2442 1838 15 994 1861 811
1 5 1858 997 1859 2442 994 154 995 1861
1 5 2442 1859 998 1860 1861 995 320 996
1 5 1838 2442 1860 972 811 1861 996 104
1 5 979 157 980 1849 1862 1002 1863 2443
1 5 1849 980 318 981 2443 1863 1003 1864
1 5 518 1849 981 419 1859 2443 1864 998
1 5 997 1862 2443 1859 154 999 1865 995
1 5 1862 1002 1863 2443 999 8 1000 1865
1 5 2443 1863 1003 1864 1865 1000 155 1001
1 5 1859 2443 1864 998 995 1865 1001 320
1 5 981 318 987 1854 1864 1003 1866 2444
1 5 1854 987 158 988 2444 1866 1007 1867
1 5 989 1854 988 319 1868 2444 1867 1008
1 5 998 1864 2444 1868 320 1001 1869 1006
1 5 1864 1003 1866 2444 1001 155 1004 1869
1 5 2444 1866 1007 1867 1869 1004 16 1005
1 5 1868 2444 1867 1008 1006 1869 1005 156
1 5 519 419 989 1857 1860 998 1868 2445
1 5 1857 989 319 993 2445 1868 1008 1870
1 5 959 1857 993 149 1840 2445 1870 973
1 5 972 1860 2445 1840 104 996 1871 818
1 5 1860 998 1868 2445 996 320 1006 1871
1 5 2445 1868 1008 1870 1871 1006 156 1009
1 5 1840 2445 1870 973 818 1871 1009 52
1 5 819 52 1010 1872 1716 824 1873 2446
1 5 1872 1010 159 1011 2446 1873 1014 1874
1 5 526 1872 1011 321 1557 2446 1874 535
1 5 534 1716 2446 1557 292 822 1875 530
1 5 1716 824 1873 2446 822 113 1012 1875
1 5 2446 1873 1014 1874 1875 1012 322 1013
1 5 1557 2446 1874 535 530 1875 1013 420
1 5 1011 159 1015 1876 1874 1014 1877 2447
1 5 1876 1015 17 847 2447 1877 853 1739
1 5 1016 1876 847 115 1878 2447 1739 474
1 5 535 1874 2447 1878 420 1013 1879 1018
1 5 1874 1014 1877 2447 1013 322 1017 1879
1 5 2447 1877 853 1739 1879 1017 124 850
1 5 1878 2447 1739 474 1018 1879 850 296
1 5 527 321 1016 1880 1558 535 1878 2448
1 5 1880 1016 115 465 2448 1878 474 1526
1 5 1019 1880 465 9 1881 2448 1526 473
1 5 536 1558 2448 1881 323 531 1882 1020
1 5 1558 535 1878 2448 531 420 1018 1882
1 5 2448 1878 474 1526 1882 1018 296 469
1 5 1881 2448 1526 473 1020 1882 469 123
1 5 529 292 530 1560 1735 844 1883 2449
1 5 1560 530 420 531 2449 1883 1021 1884
1 5 532 1560 531 323 1885 2449 1884 1022
1 5 846 1735 2449 1885 59 537 1561 540
1 5 1735 844 1883 2449 537 109 538 1561
1 5 2449 1883 1021 1884 1561 538 324 539
1 5 1885 2449 1884 1022 540 1561 539 162
1 5 822 113 1012 1875 1732 843 1886 2450
1 5 1875 1012 322 1013 2450 1886 1025 1887
1 5 530 1875 1013 420 1883 2450 1887 1021
1 5 844 1732 2450 1883 109 841 1888 538
1 5 1732 843 1886 2450 841 82 1023 1888
1 5 2450 1886 1025 1887 1888 1023 161 1024
1 5 1883 2450 1887 1021 538 1888 1024 324
1 5 1013 322 1017 1879 1887 1025 1889 2451
1 5 1879 1017 124 850 2451 1889 875 1756
1 5 1018 1879 850 296 1890 2451 1756 869
1 5 1021 1887 2451 1890 324 1024 1891 1027
1 5 1887 1025 1889 2451 1024 161 1026 1891
1 5 2451 1889 875 1756 1891 1026 58 872
1 5 1890 2451 1756 869 1027 1891 872 119
1 5 531 420 1018 1882 1884 1021 1890 2452
1 5 1882 1018 296 469 2452 1890 869 1752
1 5 1020 1882 469 123 1892 2452 1752 868
1 5 1022 1884 2452 1892 162 539 1893 1028
1 5 1884 1021 1890 2452 539 324 1027 1893
1 5 2452 1890 869 1752 1893 1027 119 549
1 5 1892 2452 1752 868 1028 1893 549 28
1 5 841 82 1023 1888 1894 1032 1895 2453
1 5 1888 1023 161 1024 2453 1895 1033 1896
1 5 538 1888 1024 324 1563 2453 1896 547
1 5 546 1894 2453 1563 325 1029 1897 542
1 5 1894 1032 1895 2453 1029 167 1030 1897
1 5 2453 1895 1033 1896 1897 1030 326 1031
1 5 1563 2453 1896 547 542 1897 1031 421
1 5 1024 161 1026 1891 1896 1033 1898 2454
1 5 1891 1026 58 872 2454 1898 1037 1899
1 5 1027 1891 872 119 1900 2454 1899 558
1 5 547 1896 2454 1900 421 1031 1901 1036
1 5 1896 1033 1898 2454 1031 326 1034 1901
1 5 2454 1898 1037 1899 1901 1034 168 1035
1 5 1900 2454 1899 558 1036 1901 1035 327
1 5 539 324 1027 1893 1564 547 1900 2455
1 5 1893 1027 119 549 2455 1900 558 1568
1 5 1028 1893 549 28 1902 2455 1568 557
1 5 548 1564 2455 1902 328 543 1903 1038
1 5 1564 547 1900 2455 543 421 1036 1903
1 5 2455 1900 558 1568 1903 1036 327 553
1 5 1902 2455 1568 557 1038 1903 553 169
1 5 541 325 542 1566 1904 1044 1905 2456
1 5 1566 542 421 543 2456 1905 1045 1906
1 5 544 1566 543 328 1907 2456 1906 1046
1 5 1043 1904 2456 1907 24 1039 1908 1042
1 5 1904 1044 1905 2456 1039 163 1040 1908
1 5 2456 1905 1045 1906 1908 1040 329 1041
1 5 1907 2456 1906 1046 1042 1908 1041 165
1 5 1029 167 1030 1897 1909 1050 1910 2457
1 5 1897 1030 326 1031 2457 1910 1051 1911
1 5 542 1897 1031 421 1905 2457 1911 1045
1 5 1044 1909 2457 1905 163 1047 1912 1040
1 5 1909 1050 1910 2457 1047 53 1048 1912
1 5 2457 1910 1051 1911 1912 1048 164 1049
1 5 1905 2457 1911 1045 1040 1912 1049 329
1 5 1031 326 1034 1901 1911 1051 1913 2458
1 5 1901 1034 168 1035 2458 1913 1054 1914
1 5 1036 1901 1035 327 1915 2458 1914 1055
1 5 1045 1911 2458 1915 329 1049 1916 1053
1 5 1911 1051 1913 2458 1049 164 1052 1916
1 5 2458 1913 1054 1914 1916 1052 23 885
1 5 1915 2458 1914 1055 1053 1916 885 127
1 5 543 421 1036 1903 1906 1045 1915 2459
1 5 1903 1036 327 553 2459 1915 1055 1917
1 5 1038 1903 553 169 1918 2459 1917 1057
1 5 1046 1906 2459 1918 165 1041 1919 1056
1 5 1906 1045 1915 2459 1041 329 1053 1919
1 5 2459 1915 1055 1917 1919 1053 127 477
1 5 1918 2459 1917 1057 1056 1919 477 5
1 5 872 58 873 1759 1899 1037 1920 2460
1 5 1759 873 120 874 2460 1920 1060 1921
1 5 550 1759 874 300 1569 2460 1921 559
1 5 558 1899 2460 1569 327 1035 1922 554
1 5 1899 1037 1920 2460 1035 168 1058 1922
1 5 2460 1920 1060 1921 1922 1058 330 1059
1 5 1569 2460 1921 559 554 1922 1059 422
1 5 874 120 877 1763 1921 1060 1923 2461
1 5 1763 877 83 878 2461 1923 1064 1924
1 5 879 1763 878 121 1925 2461 1924 1065
1 5 559 1921 2461 1925 422 1059 1926 1063
1 5 1921 1060 1923 2461 1059 330 1061 1926
1 5 2461 1923 1064 1924 1926 1061 170 1062
1 5 1925 2461 1924 1065 1063 1926 1062 331
1 5 551 300 879 1766 1570 559 1925 2462
1 5 1766 879 121 882 2462 1925 1065 1927
1 5 883 1766 882 60 1928 2462 1927 1068
1 5 560 1570 2462 1928 332 555 1929 1067
1 5 1570 559 1925 2462 555 422 1063 1929
1 5 2462 1925 1065 1927 1929 1063 331 1066
1 5 1928 2462 1927 1068 1067 1929 1066 171
1 5 553 327 554 1572 1917 1055 1930 2463
1 5 1572 554 422 555 2463 1930 1069 1931
1 5 556 1572 555 332 1932 2463 1931 1070
1 5 1057 1917 2463 1932 5 477 1531 480
1 5 1917 1055 1930 2463 477 127 478 1531
1 5 2463 1930 1069 1931 1531 478 301 479
1 5 1932 2463 1931 1070 480 1531 479 130
1 5 1035 168 1058 1922 1914 1054 1933 2464
1 5 1922 1058 330 1059 2464 1933 1071 1934
1 5 554 1922 1059 422 1930 2464 1934 1069
1 5 1055 1914 2464 1930 127 885 1767 478
1 5 1914 1054 1933 2464 885 23 886 1767
1 5 2464 1933 1071 1934 1767 886 128 887
1 5 1930 2464 1934 1069 478 1767 887 301
1 5 1059 330 1061 1926 1934 1071 1935 2465
1 5 1926 1061 170 1062 2465 1935 1072 1936
1 5 1063 1926 1062 331 1937 2465 1936 1073
1 5 1069 1934 2465 1937 301 887 1772 895
1 5 1934 1071 1935 2465 887 128 893 1772
1 5 2465 1935 1072 1936 1772 893 61 894
1 5 1937 2465 1936 1073 895 1772 894 129
1 5 555 422 1063 1929 1931 1069 1937 2466
1 5 1929 1063 331 1066 2466 1937 1073 1938
1 5 1067 1929 1066 171 1939 2466 1938 1074
1 5 1070 1931 2466 1939 130 479 1777 900
1 5 1931 1069 1937 2466 479 301 895 1777
1 5 2466 1937 1073 1938 1777 895 129 717
1 5 1939 2466 1938 1074 900 1777 717 30
1 5 1075 0 444 1940 1941 449 1517 2467
1 5 1940 444 94 1076 2467 1517 452 1942
1 5 562 1940 1076 333 1575 2467 1942 571
1 5 570 1941 2467 1575 334 1077 1943 566
1 5 1941 449 1517 2467 1077 99 448 1943
1 5 2467 1517 452 1942 1943 448 287 1078
1 5 1575 2467 1942 571 566 1943 1078 423
1 5 1076 94 792 1944 1942 452 1692 2468
1 5 1944 792 14 1079 2468 1692 497 1945
1 5 1080 1944 1079 173 1946 2468 1945 582
1 5 571 1942 2468 1946 423 1078 1947 1082
1 5 1942 452 1692 2468 1078 287 793 1947
1 5 2468 1692 497 1945 1947 793 102 1081
1 5 1946 2468 1945 582 1082 1947 1081 335
1 5 563 333 1080 1948 1576 571 1946 2469
1 5 1948 1080 173 573 2469 1946 582 1580
1 5 1083 1948 573 62 1949 2469 1580 581
1 5 572 1576 2469 1949 336 567 1950 1084
1 5 1576 571 1946 2469 567 423 1082 1950
1 5 2469 1946 582 1580 1950 1082 335 577
1 5 1949 2469 1580 581 1084 1950 577 179
1 5 565 334 566 1578 1951 1086 1952 2470
1 5 1578 566 423 567 2470 1952 1087 1953
1 5 568 1578 567 336 1954 2470 1953 1088
1 5 1085 1951 2470 1954 63 585 1585 588
1 5 1951 1086 1952 2470 585 175 586 1585
1 5 2470 1952 1087 1953 1585 586 337 587
1 5 1954 2470 1953 1088 588 1585 587 177
1 5 1077 99 448 1943 1955 794 1697 2471
1 5 1943 448 287 1078 2471 1697 797 1956
1 5 566 1943 1078 423 1952 2471 1956 1087
1 5 1086 1955 2471 1952 175 1089 1957 586
1 5 1955 794 1697 2471 1089 19 504 1957
1 5 2471 1697 797 1956 1957 504 98 1090
1 5 1952 2471 1956 1087 586 1957 1090 337
1 5 1078 287 793 1947 1956 797 1707 2472
1 5 1947 793 102 1081 2472 1707 809 1958
1 5 1082 1947 1081 335 1959 2472 1958 1093
1 5 1087 1956 2472 1959 337 1090 1960 1092
1 5 1956 797 1707 2472 1090 98 808 1960
1 5 2472 1707 809 1958 1960 808 51 1091
1 5 1959 2472 1958 1093 1092 1960 1091 176
1 5 567 423 1082 1950 1953 1087 1959 2473
1 5 1950 1082 335 577 2473 1959 1093 1961
1 5 1084 1950 577 179 1962 2473 1961 1095
1 5 1088 1953 2473 1962 177 587 1963 1094
1 5 1953 1087 1959 2473 587 337 1092 1963
1 5 2473 1959 1093 1961 1963 1092 176 597
1 5 1962 2473 1961 1095 1094 1963 597 84
1 5 1079 14 492 1964 1945 497 1541 2474
1 5 1964 492 141 1096 2474 1541 500 1965
1 5 574 1964 1096 338 1581 2474 1965 583
1 5 582 1945 2474 1581 335 1081 1966 578
1 5 1945 497 1541 2474 1081 102 496 1966
1 5 2474 1541 500 1965 1966 496 310 1097
1 5 1581 2474 1965 583 578 1966 1097 424
1 5 1096 141 937 1967 1965 500 1807 2475
1 5 1967 937 4 1098 2475 1807 940 1968
1 5 1099 1967 1098 180 1969 2475 1968 1102
1 5 583 1965 2475 1969 424 1097 1970 1101
1 5 1965 500 1807 2475 1097 310 939 1970
1 5 2475 1807 940 1968 1970 939 146 1100
1 5 1969 2475 1968 1102 1101 1970 1100 339
1 5 575 338 1099 1971 1582 583 1969 2476
1 5 1971 1099 180 1103 2476 1969 1102 1972
1 5 1104 1971 1103 33 1973 2476 1972 1107
1 5 584 1582 2476 1973 340 579 1974 1106
1 5 1582 583 1969 2476 579 424 1101 1974
1 5 2476 1969 1102 1972 1974 1101 339 1105
1 5 1973 2476 1972 1107 1106 1974 1105 184
1 5 577 335 578 1584 1961 1093 1975 2477
1 5 1584 578 424 579 2477 1975 1108 1976
1 5 580 1584 579 340 1977 2477 1976 1109
