MFEM mesh v1.0

#
# MFEM Geometry Types (see mesh/geom.hpp):
#
# POINT       = 0
# SEGMENT     = 1
# TRIANGLE    = 2
# SQUARE      = 3
# TETRAHEDRON = 4
# CUBE        = 5
#

dimension
3

elements
1792
1 5 2 379 1337 382 387 1338 2141 1341
1 5 8 391 1343 394 399 1344 2142 1347
1 5 9 403 1349 406 411 1350 2143 1353
1 5 13 415 1355 418 423 1356 2144 1359
1 5 5 427 1361 430 435 1362 2145 1365
1 5 22 439 1367 442 447 1368 2146 1371
1 5 47 451 1373 454 459 1374 2147 1377
1 5 14 463 1379 466 471 1380 2148 1383
1 5 16 475 1385 478 483 1386 2149 1389
1 5 48 487 1391 490 495 1392 2150 1395
1 5 68 499 1397 502 507 1398 2151 1401
1 5 45 511 1403 514 519 1404 2152 1407
1 5 24 523 1409 526 531 1410 2153 1413
1 5 32 535 1415 538 543 1416 2154 1419
1 5 17 547 1421 550 555 1422 2155 1425
1 5 50 559 1427 562 567 1428 2156 1431
1 5 55 571 1433 574 579 1434 2157 1437
1 5 25 583 1439 586 591 1440 2158 1443
1 5 51 595 1445 598 603 1446 2159 1449
1 5 15 607 1451 610 615 1452 2160 1455
1 5 36 619 1457 622 627 1458 2161 1461
1 5 58 631 1463 634 639 1464 2162 1467
1 5 70 643 1469 646 651 1470 2163 1473
1 5 57 655 1475 658 663 1476 2164 1479
1 5 27 667 1481 670 675 1482 2165 1485
1 5 60 679 1487 682 687 1488 2166 1491
1 5 38 691 1493 694 699 1494 2167 1497
1 5 19 703 1499 706 711 1500 2168 1503
1 5 73 715 1505 380 388 1506 2169 1339
1 5 234 716 1509 721 389 1507 2170 1512
1 5 76 381 1514 725 390 1340 2171 1515
1 5 81 383 1342 386 727 1517 2172 1520
1 5 235 717 1508 384 728 1521 2173 1518
1 5 351 718 1513 724 729 1523 2174 1527
1 5 238 385 1516 726 730 1519 2175 1530
1 5 85 742 1532 392 400 1533 2176 1345
1 5 240 743 1536 748 401 1534 2177 1539
1 5 88 393 1541 753 402 1346 2178 1542
1 5 93 395 1348 398 755 1544 2179 1547
1 5 241 744 1535 396 756 1548 2180 1545
1 5 352 745 1540 751 757 1550 2181 1554
1 5 244 397 1543 754 758 1546 2182 1557
1 5 97 770 1559 404 412 1560 2183 1351
1 5 246 771 1563 776 413 1561 2184 1566
1 5 100 405 1568 780 414 1352 2185 1569
1 5 105 407 1354 410 782 1571 2186 1574
1 5 247 772 1562 408 783 1575 2187 1572
1 5 353 773 1567 779 784 1577 2188 1581
1 5 250 409 1570 781 785 1573 2189 1584
1 5 109 797 1586 416 424 1587 2190 1357
1 5 252 798 1590 803 425 1588 2191 1593
1 5 112 417 1595 810 426 1358 2192 1597
1 5 117 419 1360 422 818 1599 2193 1602
1 5 253 799 1589 420 819 1604 2194 1600
1 5 354 800 1594 806 820 1606 2195 1610
1 5 256 421 1598 812 821 1601 2196 1613
1 5 121 834 1615 428 436 1616 2197 1363
1 5 258 835 1619 840 437 1617 2198 1622
1 5 124 429 1624 845 438 1364 2199 1625
1 5 129 431 1366 434 851 1627 2200 1630
1 5 259 836 1618 432 852 1632 2201 1628
1 5 355 837 1623 843 853 1634 2202 1638
1 5 262 433 1626 846 854 1629 2203 1641
1 5 133 868 1643 440 448 1644 2204 1369
1 5 264 870 1648 878 449 1646 2205 1651
1 5 74 441 1653 719 450 1370 2206 1510
1 5 82 443 1372 446 733 1655 2207 1522
1 5 265 871 1647 444 883 1658 2208 1656
1 5 356 873 1652 881 884 1660 2209 1664
1 5 236 445 1654 722 734 1657 2210 1525
1 5 135 877 1668 452 460 1650 2211 1375
1 5 269 896 1672 902 461 1670 2212 1675
1 5 143 453 1677 907 462 1376 2213 1678
1 5 83 455 1378 458 738 1666 2214 1682
1 5 267 880 1671 456 894 1663 2215 1680
1 5 357 898 1676 905 909 1684 2216 1688
1 5 272 457 1679 908 910 1681 2217 1691
1 5 75 720 1693 464 472 1511 2218 1381
1 5 274 920 1696 922 473 1694 2219 1697
1 5 148 465 1699 924 474 1382 2220 1700
1 5 84 467 1384 470 741 1529 2221 1704
1 5 237 723 1695 468 739 1526 2222 1702
1 5 358 921 1698 923 926 1705 2223 1707
1 5 275 469 1701 925 927 1703 2224 1709
1 5 77 731 1524 476 484 1711 2225 1387
1 5 239 732 1528 737 485 1712 2226 1716
1 5 80 477 1531 740 486 1388 2227 1718
1 5 150 479 1390 482 937 1720 2228 1723
1 5 277 931 1713 480 938 1724 2229 1721
1 5 359 932 1717 935 939 1726 2230 1729
1 5 280 481 1719 936 940 1722 2231 1731
1 5 136 885 1661 488 496 1732 2232 1393
1 5 268 887 1665 892 497 1734 2233 1738
1 5 78 489 1667 735 498 1394 2234 1714
1 5 151 491 1396 494 941 1741 2235 1725
1 5 281 946 1735 492 955 1744 2236 1742
1 5 360 948 1739 953 956 1746 2237 1750
1 5 278 493 1740 933 942 1743 2238 1727
1 5 138 891 1685 500 508 1737 2239 1399
1 5 273 912 1689 916 509 1755 2240 1759
1 5 146 501 1692 919 510 1400 2241 1761
1 5 152 503 1402 506 943 1752 2242 1765
1 5 283 952 1756 504 966 1749 2243 1763
1 5 361 968 1760 972 975 1767 2244 1771
1 5 287 505 1762 974 976 1764 2245 1774
1 5 79 736 1706 512 520 1715 2246 1405
1 5 276 928 1708 929 521 1776 2247 1779
1 5 149 513 1710 930 522 1406 2248 1781
1 5 153 515 1408 518 945 1730 2249 1785
1 5 279 934 1777 516 944 1728 2250 1783
1 5 362 987 1780 989 991 1786 2251 1789
1 5 290 517 1782 990 992 1784 2252 1792
1 5 142 901 1794 524 532 1674 2253 1411
1 5 292 999 1798 1005 533 1796 2254 1801
1 5 86 525 1803 746 534 1412 2255 1537
1 5 94 527 1414 530 761 1690 2256 1549
1 5 271 904 1797 528 918 1687 2257 1806
1 5 363 1001 1802 1008 1013 1809 2258 1813
1 5 242 529 1805 749 762 1807 2259 1552
1 5 87 747 1817 536 544 1538 2260 1417
1 5 296 1024 1821 1030 545 1819 2261 1824
1 5 173 537 1826 1037 546 1418 2262 1828
1 5 96 539 1420 542 769 1556 2263 1832
1 5 243 750 1820 540 767 1553 2264 1830
1 5 364 1026 1825 1033 1041 1834 2265 1838
1 5 299 541 1829 1039 1042 1831 2266 1841
1 5 89 759 1551 548 556 1778 2267 1423
1 5 245 760 1555 765 557 1843 2268 1847
1 5 92 549 1558 768 558 1424 2269 1849
1 5 165 551 1426 554 997 1791 2270 1853
1 5 289 988 1844 552 995 1788 2271 1851
1 5 365 1054 1848 1057 1060 1855 2272 1858
1 5 303 553 1850 1059 1061 1852 2273 1860
1 5 145 915 1810 560 568 1758 2274 1429
1 5 295 1015 1814 1019 569 1862 2275 1866
1 5 90 561 1816 763 570 1430 2276 1845
1 5 163 563 1432 566 986 1773 2277 1854
1 5 286 971 1863 564 984 1770 2278 1870
1 5 366 1067 1867 1071 1075 1873 2279 1877
1 5 301 565 1869 1055 1062 1871 2280 1856
1 5 91 764 1835 572 580 1846 2281 1435
1 5 300 1044 1839 1048 581 1882 2282 1886
1 5 176 573 1842 1052 582 1436 2283 1889
1 5 180 575 1438 578 1065 1859 2284 1893
1 5 302 1056 1883 576 1064 1857 2285 1891
1 5 367 1086 1887 1090 1099 1896 2286 1900
1 5 309 577 1890 1094 1100 1892 2287 1903
1 5 154 957 1747 584 592 1905 2288 1441
1 5 284 959 1751 964 593 1907 2289 1911
1 5 98 585 1753 774 594 1442 2290 1564
1 5 106 587 1444 590 788 1914 2291 1576
1 5 311 1112 1908 588 1121 1917 2292 1915
1 5 368 1114 1912 1119 1122 1919 2293 1923
1 5 248 589 1913 777 789 1916 2294 1579
1 5 156 963 1768 596 604 1910 2295 1447
1 5 288 978 1772 982 605 1928 2296 1932
1 5 161 597 1775 985 606 1448 2297 1934
1 5 107 599 1450 602 793 1925 2298 1938
1 5 313 1118 1929 600 1132 1922 2299 1936
1 5 369 1134 1933 1138 1141 1940 2300 1944
1 5 317 601 1935 1140 1142 1937 2301 1947
1 5 99 775 1787 608 616 1565 2302 1453
1 5 291 993 1790 994 617 1949 2303 1951
1 5 164 609 1793 996 618 1454 2304 1953
1 5 108 611 1456 614 796 1583 2305 1957
1 5 249 778 1950 612 794 1580 2306 1955
1 5 370 1152 1952 1153 1155 1958 2307 1960
1 5 319 613 1954 1154 1156 1956 2308 1962
1 5 101 786 1578 620 628 1964 2309 1459
1 5 251 787 1582 792 629 1965 2310 1969
1 5 104 621 1585 795 630 1460 2311 1971
1 5 199 623 1462 626 1166 1973 2312 1976
1 5 321 1160 1966 624 1167 1977 2313 1974
1 5 371 1161 1970 1164 1168 1979 2314 1982
1 5 324 625 1972 1165 1169 1975 2315 1984
1 5 189 1123 1920 632 640 1985 2316 1465
1 5 314 1125 1924 1130 641 1987 2317 1991
1 5 102 633 1926 790 642 1466 2318 1967
1 5 200 635 1468 638 1170 1994 2319 1978
1 5 325 1175 1988 636 1184 1997 2320 1995
1 5 372 1177 1992 1182 1185 1999 2321 2003
1 5 322 637 1993 1162 1171 1996 2322 1980
1 5 191 1129 1941 644 652 1990 2323 1471
1 5 318 1144 1945 1148 653 2008 2324 2012
1 5 196 645 1948 1151 654 1472 2325 2014
1 5 201 647 1474 650 1172 2005 2326 2018
1 5 327 1181 2009 648 1195 2002 2327 2016
1 5 373 1198 2013 1202 1208 2021 2328 2025
1 5 331 649 2015 1204 1209 2017 2329 2028
1 5 103 791 1959 656 664 1968 2330 1477
1 5 320 1157 1961 1158 665 2030 2331 2033
1 5 198 657 1963 1159 666 1478 2332 2036
1 5 202 659 1480 662 1174 1983 2333 2040
1 5 323 1163 2031 660 1173 1981 2334 2038
1 5 374 1221 2034 1223 1228 2041 2335 2044
1 5 334 661 2037 1226 1229 2039 2336 2047
1 5 160 981 1874 668 676 1931 2337 1483
1 5 306 1077 1878 1081 677 2050 2338 2054
1 5 110 669 1880 801 678 1484 2339 1591
1 5 118 671 1486 674 824 1946 2340 1605
1 5 316 1137 2051 672 1150 1943 2341 2058
1 5 375 1238 2055 1242 1246 2061 2342 2065
1 5 254 673 2057 804 825 2059 2343 1608
1 5 195 1147 2062 680 688 2011 2344 1489
1 5 338 1248 2066 1252 689 2070 2345 2074
1 5 114 681 2068 826 690 1490 2346 2077
1 5 212 683 1492 686 1220 2027 2347 2081
1 5 330 1201 2071 684 1217 2024 2348 2079
1 5 376 1257 2075 1261 1270 2084 2349 2088
1 5 341 685 2078 1265 1271 2080 2350 2091
1 5 203 1186 2000 692 700 2093 2351 1495
1 5 328 1188 2004 1193 701 2095 2352 2099
1 5 122 693 2006 838 702 1496 2353 1620
1 5 130 695 1498 698 858 2103 2354 1633
1 5 343 1283 2096 696 1297 2107 2355 2104
1 5 377 1285 2100 1290 1298 2109 2356 2113
1 5 260 697 2102 841 859 2105 2357 1636
1 5 123 839 2042 704 712 1621 2358 1501
1 5 335 1230 2045 1232 713 2118 2359 2122
1 5 214 705 2048 1235 714 1502 2360 2125
1 5 132 707 1504 710 867 1640 2361 2129
1 5 261 842 2119 708 864 1637 2362 2127
1 5 378 1311 2123 1315 1324 2132 2363 2136
1 5 349 709 2126 1319 1325 2128 2364 2139
1 5 379 73 380 1337 1338 388 1339 2141
1 5 1337 380 234 381 2141 1339 389 1340
1 5 382 1337 381 76 1341 2141 1340 390
1 5 387 1338 2141 1341 81 383 1342 386
1 5 1338 388 1339 2141 383 235 384 1342
1 5 2141 1339 389 1340 1342 384 351 385
1 5 1341 2141 1340 390 386 1342 385 238
1 5 391 85 392 1343 1344 400 1345 2142
1 5 1343 392 240 393 2142 1345 401 1346
1 5 394 1343 393 88 1347 2142 1346 402
1 5 399 1344 2142 1347 93 395 1348 398
1 5 1344 400 1345 2142 395 241 396 1348
1 5 2142 1345 401 1346 1348 396 352 397
1 5 1347 2142 1346 402 398 1348 397 244
1 5 403 97 404 1349 1350 412 1351 2143
1 5 1349 404 246 405 2143 1351 413 1352
1 5 406 1349 405 100 1353 2143 1352 414
1 5 411 1350 2143 1353 105 407 1354 410
1 5 1350 412 1351 2143 407 247 408 1354
1 5 2143 1351 413 1352 1354 408 353 409
1 5 1353 2143 1352 414 410 1354 409 250
1 5 415 109 416 1355 1356 424 1357 2144
1 5 1355 416 252 417 2144 1357 425 1358
1 5 418 1355 417 112 1359 2144 1358 426
1 5 423 1356 2144 1359 117 419 1360 422
1 5 1356 424 1357 2144 419 253 420 1360
1 5 2144 1357 425 1358 1360 420 354 421
1 5 1359 2144 1358 426 422 1360 421 256
1 5 427 121 428 1361 1362 436 1363 2145
1 5 1361 428 258 429 2145 1363 437 1364
1 5 430 1361 429 124 1365 2145 1364 438
1 5 435 1362 2145 1365 129 431 1366 434
1 5 1362 436 1363 2145 431 259 432 1366
1 5 2145 1363 437 1364 1366 432 355 433
1 5 1365 2145 1364 438 434 1366 433 262
1 5 439 133 440 1367 1368 448 1369 2146
1 5 1367 440 264 441 2146 1369 449 1370
1 5 442 1367 441 74 1371 2146 1370 450
1 5 447 1368 2146 1371 82 443 1372 446
1 5 1368 448 1369 2146 443 265 444 1372
1 5 2146 1369 449 1370 1372 444 356 445
1 5 1371 2146 1370 450 446 1372 445 236
1 5 451 135 452 1373 1374 460 1375 2147
1 5 1373 452 269 453 2147 1375 461 1376
1 5 454 1373 453 143 1377 2147 1376 462
1 5 459 1374 2147 1377 83 455 1378 458
1 5 1374 460 1375 2147 455 267 456 1378
1 5 2147 1375 461 1376 1378 456 357 457
1 5 1377 2147 1376 462 458 1378 457 272
1 5 463 75 464 1379 1380 472 1381 2148
1 5 1379 464 274 465 2148 1381 473 1382
1 5 466 1379 465 148 1383 2148 1382 474
1 5 471 1380 2148 1383 84 467 1384 470
1 5 1380 472 1381 2148 467 237 468 1384
1 5 2148 1381 473 1382 1384 468 358 469
1 5 1383 2148 1382 474 470 1384 469 275
1 5 475 77 476 1385 1386 484 1387 2149
1 5 1385 476 239 477 2149 1387 485 1388
1 5 478 1385 477 80 1389 2149 1388 486
1 5 483 1386 2149 1389 150 479 1390 482
1 5 1386 484 1387 2149 479 277 480 1390
1 5 2149 1387 485 1388 1390 480 359 481
1 5 1389 2149 1388 486 482 1390 481 280
1 5 487 136 488 1391 1392 496 1393 2150
1 5 1391 488 268 489 2150 1393 497 1394
1 5 490 1391 489 78 1395 2150 1394 498
1 5 495 1392 2150 1395 151 491 1396 494
1 5 1392 496 1393 2150 491 281 492 1396
1 5 2150 1393 497 1394 1396 492 360 493
1 5 1395 2150 1394 498 494 1396 493 278
1 5 499 138 500 1397 1398 508 1399 2151
1 5 1397 500 273 501 2151 1399 509 1400
1 5 502 1397 501 146 1401 2151 1400 510
1 5 507 1398 2151 1401 152 503 1402 506
1 5 1398 508 1399 2151 503 283 504 1402
1 5 2151 1399 509 1400 1402 504 361 505
1 5 1401 2151 1400 510 506 1402 505 287
1 5 511 79 512 1403 1404 520 1405 2152
1 5 1403 512 276 513 2152 1405 521 1406
1 5 514 1403 513 149 1407 2152 1406 522
1 5 519 1404 2152 1407 153 515 1408 518
1 5 1404 520 1405 2152 515 279 516 1408
1 5 2152 1405 521 1406 1408 516 362 517
1 5 1407 2152 1406 522 518 1408 517 290
1 5 523 142 524 1409 1410 532 1411 2153
1 5 1409 524 292 525 2153 1411 533 1412
1 5 526 1409 525 86 1413 2153 1412 534
1 5 531 1410 2153 1413 94 527 1414 530
1 5 1410 532 1411 2153 527 271 528 1414
1 5 2153 1411 533 1412 1414 528 363 529
1 5 1413 2153 1412 534 530 1414 529 242
1 5 535 87 536 1415 1416 544 1417 2154
1 5 1415 536 296 537 2154 1417 545 1418
1 5 538 1415 537 173 1419 2154 1418 546
1 5 543 1416 2154 1419 96 539 1420 542
1 5 1416 544 1417 2154 539 243 540 1420
1 5 2154 1417 545 1418 1420 540 364 541
1 5 1419 2154 1418 546 542 1420 541 299
1 5 547 89 548 1421 1422 556 1423 2155
1 5 1421 548 245 549 2155 1423 557 1424
1 5 550 1421 549 92 1425 2155 1424 558
1 5 555 1422 2155 1425 165 551 1426 554
1 5 1422 556 1423 2155 551 289 552 1426
1 5 2155 1423 557 1424 1426 552 365 553
1 5 1425 2155 1424 558 554 1426 553 303
1 5 559 145 560 1427 1428 568 1429 2156
1 5 1427 560 295 561 2156 1429 569 1430
1 5 562 1427 561 90 1431 2156 1430 570
1 5 567 1428 2156 1431 163 563 1432 566
1 5 1428 568 1429 2156 563 286 564 1432
1 5 2156 1429 569 1430 1432 564 366 565
1 5 1431 2156 1430 570 566 1432 565 301
1 5 571 91 572 1433 1434 580 1435 2157
1 5 1433 572 300 573 2157 1435 581 1436
1 5 574 1433 573 176 1437 2157 1436 582
1 5 579 1434 2157 1437 180 575 1438 578
1 5 1434 580 1435 2157 575 302 576 1438
1 5 2157 1435 581 1436 1438 576 367 577
1 5 1437 2157 1436 582 578 1438 577 309
1 5 583 154 584 1439 1440 592 1441 2158
1 5 1439 584 284 585 2158 1441 593 1442
1 5 586 1439 585 98 1443 2158 1442 594
1 5 591 1440 2158 1443 106 587 1444 590
1 5 1440 592 1441 2158 587 311 588 1444
1 5 2158 1441 593 1442 1444 588 368 589
1 5 1443 2158 1442 594 590 1444 589 248
1 5 595 156 596 1445 1446 604 1447 2159
1 5 1445 596 288 597 2159 1447 605 1448
1 5 598 1445 597 161 1449 2159 1448 606
1 5 603 1446 2159 1449 107 599 1450 602
1 5 1446 604 1447 2159 599 313 600 1450
1 5 2159 1447 605 1448 1450 600 369 601
1 5 1449 2159 1448 606 602 1450 601 317
1 5 607 99 608 1451 1452 616 1453 2160
1 5 1451 608 291 609 2160 1453 617 1454
1 5 610 1451 609 164 1455 2160 1454 618
1 5 615 1452 2160 1455 108 611 1456 614
1 5 1452 616 1453 2160 611 249 612 1456
1 5 2160 1453 617 1454 1456 612 370 613
1 5 1455 2160 1454 618 614 1456 613 319
1 5 619 101 620 1457 1458 628 1459 2161
1 5 1457 620 251 621 2161 1459 629 1460
1 5 622 1457 621 104 1461 2161 1460 630
1 5 627 1458 2161 1461 199 623 1462 626
1 5 1458 628 1459 2161 623 321 624 1462
1 5 2161 1459 629 1460 1462 624 371 625
1 5 1461 2161 1460 630 626 1462 625 324
1 5 631 189 632 1463 1464 640 1465 2162
1 5 1463 632 314 633 2162 1465 641 1466
1 5 634 1463 633 102 1467 2162 1466 642
1 5 639 1464 2162 1467 200 635 1468 638
1 5 1464 640 1465 2162 635 325 636 1468
1 5 2162 1465 641 1466 1468 636 372 637
1 5 1467 2162 1466 642 638 1468 637 322
1 5 643 191 644 1469 1470 652 1471 2163
1 5 1469 644 318 645 2163 1471 653 1472
1 5 646 1469 645 196 1473 2163 1472 654
1 5 651 1470 2163 1473 201 647 1474 650
1 5 1470 652 1471 2163 647 327 648 1474
1 5 2163 1471 653 1472 1474 648 373 649
1 5 1473 2163 1472 654 650 1474 649 331
1 5 655 103 656 1475 1476 664 1477 2164
1 5 1475 656 320 657 2164 1477 665 1478
1 5 658 1475 657 198 1479 2164 1478 666
1 5 663 1476 2164 1479 202 659 1480 662
1 5 1476 664 1477 2164 659 323 660 1480
1 5 2164 1477 665 1478 1480 660 374 661
1 5 1479 2164 1478 666 662 1480 661 334
1 5 667 160 668 1481 1482 676 1483 2165
1 5 1481 668 306 669 2165 1483 677 1484
1 5 670 1481 669 110 1485 2165 1484 678
1 5 675 1482 2165 1485 118 671 1486 674
1 5 1482 676 1483 2165 671 316 672 1486
1 5 2165 1483 677 1484 1486 672 375 673
1 5 1485 2165 1484 678 674 1486 673 254
1 5 679 195 680 1487 1488 688 1489 2166
1 5 1487 680 338 681 2166 1489 689 1490
1 5 682 1487 681 114 1491 2166 1490 690
1 5 687 1488 2166 1491 212 683 1492 686
1 5 1488 688 1489 2166 683 330 684 1492
1 5 2166 1489 689 1490 1492 684 376 685
1 5 1491 2166 1490 690 686 1492 685 341
1 5 691 203 692 1493 1494 700 1495 2167
1 5 1493 692 328 693 2167 1495 701 1496
1 5 694 1493 693 122 1497 2167 1496 702
1 5 699 1494 2167 1497 130 695 1498 698
1 5 1494 700 1495 2167 695 343 696 1498
1 5 2167 1495 701 1496 1498 696 377 697
1 5 1497 2167 1496 702 698 1498 697 260
1 5 703 123 704 1499 1500 712 1501 2168
1 5 1499 704 335 705 2168 1501 713 1502
1 5 706 1499 705 214 1503 2168 1502 714
1 5 711 1500 2168 1503 132 707 1504 710
1 5 1500 712 1501 2168 707 261 708 1504
1 5 2168 1501 713 1502 1504 708 378 709
1 5 1503 2168 1502 714 710 1504 709 349
1 5 715 22 442 1505 1506 447 1371 2169
1 5 1505 442 74 716 2169 1371 450 1507
1 5 380 1505 716 234 1339 2169 1507 389
1 5 388 1506 2169 1339 235 717 1508 384
1 5 1506 447 1371 2169 717 82 446 1508
1 5 2169 1371 450 1507 1508 446 236 718
1 5 1339 2169 1507 389 384 1508 718 351
1 5 716 74 719 1509 1507 450 1510 2170
1 5 1509 719 47 720 2170 1510 459 1511
1 5 721 1509 720 75 1512 2170 1511 472
1 5 389 1507 2170 1512 351 718 1513 724
1 5 1507 450 1510 2170 718 236 722 1513
1 5 2170 1510 459 1511 1513 722 83 723
1 5 1512 2170 1511 472 724 1513 723 237
1 5 381 234 721 1514 1340 389 1512 2171
1 5 1514 721 75 463 2171 1512 472 1380
1 5 725 1514 463 14 1515 2171 1380 471
1 5 390 1340 2171 1515 238 385 1516 726
1 5 1340 389 1512 2171 385 351 724 1516
1 5 2171 1512 472 1380 1516 724 237 467
1 5 1515 2171 1380 471 726 1516 467 84
1 5 383 235 384 1342 1517 728 1518 2172
1 5 1342 384 351 385 2172 1518 729 1519
1 5 386 1342 385 238 1520 2172 1519 730
1 5 727 1517 2172 1520 16 475 1385 478
1 5 1517 728 1518 2172 475 77 476 1385
1 5 2172 1518 729 1519 1385 476 239 477
1 5 1520 2172 1519 730 478 1385 477 80
1 5 717 82 446 1508 1521 733 1522 2173
1 5 1508 446 236 718 2173 1522 734 1523
1 5 384 1508 718 351 1518 2173 1523 729
1 5 728 1521 2173 1518 77 731 1524 476
1 5 1521 733 1522 2173 731 48 490 1524
1 5 2173 1522 734 1523 1524 490 78 732
1 5 1518 2173 1523 729 476 1524 732 239
1 5 718 236 722 1513 1523 734 1525 2174
1 5 1513 722 83 723 2174 1525 738 1526
1 5 724 1513 723 237 1527 2174 1526 739
1 5 729 1523 2174 1527 239 732 1528 737
1 5 1523 734 1525 2174 732 78 735 1528
1 5 2174 1525 738 1526 1528 735 68 736
1 5 1527 2174 1526 739 737 1528 736 79
1 5 385 351 724 1516 1519 729 1527 2175
1 5 1516 724 237 467 2175 1527 739 1529
1 5 726 1516 467 84 1530 2175 1529 741
1 5 730 1519 2175 1530 80 477 1531 740
1 5 1519 729 1527 2175 477 239 737 1531
1 5 2175 1527 739 1529 1531 737 79 511
1 5 1530 2175 1529 741 740 1531 511 45
1 5 742 24 526 1532 1533 531 1413 2176
1 5 1532 526 86 743 2176 1413 534 1534
1 5 392 1532 743 240 1345 2176 1534 401
1 5 400 1533 2176 1345 241 744 1535 396
1 5 1533 531 1413 2176 744 94 530 1535
1 5 2176 1413 534 1534 1535 530 242 745
1 5 1345 2176 1534 401 396 1535 745 352
1 5 743 86 746 1536 1534 534 1537 2177
1 5 1536 746 52 747 2177 1537 752 1538
1 5 748 1536 747 87 1539 2177 1538 544
1 5 401 1534 2177 1539 352 745 1540 751
1 5 1534 534 1537 2177 745 242 749 1540
1 5 2177 1537 752 1538 1540 749 95 750
1 5 1539 2177 1538 544 751 1540 750 243
1 5 393 240 748 1541 1346 401 1539 2178
1 5 1541 748 87 535 2178 1539 544 1416
1 5 753 1541 535 32 1542 2178 1416 543
1 5 402 1346 2178 1542 244 397 1543 754
1 5 1346 401 1539 2178 397 352 751 1543
1 5 2178 1539 544 1416 1543 751 243 539
1 5 1542 2178 1416 543 754 1543 539 96
1 5 395 241 396 1348 1544 756 1545 2179
1 5 1348 396 352 397 2179 1545 757 1546
1 5 398 1348 397 244 1547 2179 1546 758
1 5 755 1544 2179 1547 17 547 1421 550
1 5 1544 756 1545 2179 547 89 548 1421
1 5 2179 1545 757 1546 1421 548 245 549
1 5 1547 2179 1546 758 550 1421 549 92
1 5 744 94 530 1535 1548 761 1549 2180
1 5 1535 530 242 745 2180 1549 762 1550
1 5 396 1535 745 352 1545 2180 1550 757
1 5 756 1548 2180 1545 89 759 1551 548
1 5 1548 761 1549 2180 759 50 562 1551
1 5 2180 1549 762 1550 1551 562 90 760
1 5 1545 2180 1550 757 548 1551 760 245
1 5 745 242 749 1540 1550 762 1552 2181
1 5 1540 749 95 750 2181 1552 766 1553
1 5 751 1540 750 243 1554 2181 1553 767
1 5 757 1550 2181 1554 245 760 1555 765
1 5 1550 762 1552 2181 760 90 763 1555
1 5 2181 1552 766 1553 1555 763 69 764
1 5 1554 2181 1553 767 765 1555 764 91
1 5 397 352 751 1543 1546 757 1554 2182
1 5 1543 751 243 539 2182 1554 767 1556
1 5 754 1543 539 96 1557 2182 1556 769
1 5 758 1546 2182 1557 92 549 1558 768
1 5 1546 757 1554 2182 549 245 765 1558
1 5 2182 1554 767 1556 1558 765 91 571
1 5 1557 2182 1556 769 768 1558 571 55
1 5 770 25 586 1559 1560 591 1443 2183
1 5 1559 586 98 771 2183 1443 594 1561
1 5 404 1559 771 246 1351 2183 1561 413
1 5 412 1560 2183 1351 247 772 1562 408
1 5 1560 591 1443 2183 772 106 590 1562
1 5 2183 1443 594 1561 1562 590 248 773
1 5 1351 2183 1561 413 408 1562 773 353
1 5 771 98 774 1563 1561 594 1564 2184
1 5 1563 774 51 775 2184 1564 603 1565
1 5 776 1563 775 99 1566 2184 1565 616
1 5 413 1561 2184 1566 353 773 1567 779
1 5 1561 594 1564 2184 773 248 777 1567
1 5 2184 1564 603 1565 1567 777 107 778
1 5 1566 2184 1565 616 779 1567 778 249
1 5 405 246 776 1568 1352 413 1566 2185
1 5 1568 776 99 607 2185 1566 616 1452
1 5 780 1568 607 15 1569 2185 1452 615
1 5 414 1352 2185 1569 250 409 1570 781
1 5 1352 413 1566 2185 409 353 779 1570
1 5 2185 1566 616 1452 1570 779 249 611
1 5 1569 2185 1452 615 781 1570 611 108
1 5 407 247 408 1354 1571 783 1572 2186
1 5 1354 408 353 409 2186 1572 784 1573
1 5 410 1354 409 250 1574 2186 1573 785
1 5 782 1571 2186 1574 36 619 1457 622
1 5 1571 783 1572 2186 619 101 620 1457
1 5 2186 1572 784 1573 1457 620 251 621
1 5 1574 2186 1573 785 622 1457 621 104
1 5 772 106 590 1562 1575 788 1576 2187
1 5 1562 590 248 773 2187 1576 789 1577
1 5 408 1562 773 353 1572 2187 1577 784
1 5 783 1575 2187 1572 101 786 1578 620
1 5 1575 788 1576 2187 786 58 634 1578
1 5 2187 1576 789 1577 1578 634 102 787
1 5 1572 2187 1577 784 620 1578 787 251
1 5 773 248 777 1567 1577 789 1579 2188
1 5 1567 777 107 778 2188 1579 793 1580
1 5 779 1567 778 249 1581 2188 1580 794
1 5 784 1577 2188 1581 251 787 1582 792
1 5 1577 789 1579 2188 787 102 790 1582
1 5 2188 1579 793 1580 1582 790 70 791
1 5 1581 2188 1580 794 792 1582 791 103
1 5 409 353 779 1570 1573 784 1581 2189
1 5 1570 779 249 611 2189 1581 794 1583
1 5 781 1570 611 108 1584 2189 1583 796
1 5 785 1573 2189 1584 104 621 1585 795
1 5 1573 784 1581 2189 621 251 792 1585
1 5 2189 1581 794 1583 1585 792 103 655
1 5 1584 2189 1583 796 795 1585 655 57
1 5 797 27 670 1586 1587 675 1485 2190
1 5 1586 670 110 798 2190 1485 678 1588
1 5 416 1586 798 252 1357 2190 1588 425
1 5 424 1587 2190 1357 253 799 1589 420
1 5 1587 675 1485 2190 799 118 674 1589
1 5 2190 1485 678 1588 1589 674 254 800
1 5 1357 2190 1588 425 420 1589 800 354
1 5 798 110 801 1590 1588 678 1591 2191
1 5 1590 801 56 802 2191 1591 807 1592
1 5 803 1590 802 111 1593 2191 1592 808
1 5 425 1588 2191 1593 354 800 1594 806
1 5 1588 678 1591 2191 800 254 804 1594
1 5 2191 1591 807 1592 1594 804 119 805
1 5 1593 2191 1592 808 806 1594 805 255
1 5 417 252 803 1595 1358 425 1593 2192
1 5 1595 803 111 809 2192 1593 808 1596
1 5 810 1595 809 35 1597 2192 1596 813
1 5 426 1358 2192 1597 256 421 1598 812
1 5 1358 425 1593 2192 421 354 806 1598
1 5 2192 1593 808 1596 1598 806 255 811
1 5 1597 2192 1596 813 812 1598 811 120
1 5 419 253 420 1360 1599 819 1600 2193
1 5 1360 420 354 421 2193 1600 820 1601
1 5 422 1360 421 256 1602 2193 1601 821
1 5 818 1599 2193 1602 37 814 1603 817
1 5 1599 819 1600 2193 814 113 815 1603
1 5 2193 1600 820 1601 1603 815 257 816
1 5 1602 2193 1601 821 817 1603 816 116
1 5 799 118 674 1589 1604 824 1605 2194
1 5 1589 674 254 800 2194 1605 825 1606
1 5 420 1589 800 354 1600 2194 1606 820
1 5 819 1604 2194 1600 113 822 1607 815
1 5 1604 824 1605 2194 822 60 682 1607
1 5 2194 1605 825 1606 1607 682 114 823
1 5 1600 2194 1606 820 815 1607 823 257
1 5 800 254 804 1594 1606 825 1608 2195
1 5 1594 804 119 805 2195 1608 829 1609
1 5 806 1594 805 255 1610 2195 1609 830
1 5 820 1606 2195 1610 257 823 1611 828
1 5 1606 825 1608 2195 823 114 826 1611
1 5 2195 1608 829 1609 1611 826 71 827
1 5 1610 2195 1609 830 828 1611 827 115
1 5 421 354 806 1598 1601 820 1610 2196
1 5 1598 806 255 811 2196 1610 830 1612
1 5 812 1598 811 120 1613 2196 1612 833
1 5 821 1601 2196 1613 116 816 1614 832
1 5 1601 820 1610 2196 816 257 828 1614
1 5 2196 1610 830 1612 1614 828 115 831
1 5 1613 2196 1612 833 832 1614 831 63
1 5 834 38 694 1615 1616 699 1497 2197
1 5 1615 694 122 835 2197 1497 702 1617
1 5 428 1615 835 258 1363 2197 1617 437
1 5 436 1616 2197 1363 259 836 1618 432
1 5 1616 699 1497 2197 836 130 698 1618
1 5 2197 1497 702 1617 1618 698 260 837
1 5 1363 2197 1617 437 432 1618 837 355
1 5 835 122 838 1619 1617 702 1620 2198
1 5 1619 838 61 839 2198 1620 844 1621
1 5 840 1619 839 123 1622 2198 1621 712
1 5 437 1617 2198 1622 355 837 1623 843
1 5 1617 702 1620 2198 837 260 841 1623
1 5 2198 1620 844 1621 1623 841 131 842
1 5 1622 2198 1621 712 843 1623 842 261
1 5 429 258 840 1624 1364 437 1622 2199
1 5 1624 840 123 703 2199 1622 712 1500
1 5 845 1624 703 19 1625 2199 1500 711
1 5 438 1364 2199 1625 262 433 1626 846
1 5 1364 437 1622 2199 433 355 843 1626
1 5 2199 1622 712 1500 1626 843 261 707
1 5 1625 2199 1500 711 846 1626 707 132
1 5 431 259 432 1366 1627 852 1628 2200
1 5 1366 432 355 433 2200 1628 853 1629
1 5 434 1366 433 262 1630 2200 1629 854
1 5 851 1627 2200 1630 20 847 1631 850
1 5 1627 852 1628 2200 847 125 848 1631
1 5 2200 1628 853 1629 1631 848 263 849
1 5 1630 2200 1629 854 850 1631 849 128
1 5 836 130 698 1618 1632 858 1633 2201
1 5 1618 698 260 837 2201 1633 859 1634
1 5 432 1618 837 355 1628 2201 1634 853
1 5 852 1632 2201 1628 125 855 1635 848
1 5 1632 858 1633 2201 855 65 856 1635
1 5 2201 1633 859 1634 1635 856 126 857
1 5 1628 2201 1634 853 848 1635 857 263
1 5 837 260 841 1623 1634 859 1636 2202
1 5 1623 841 131 842 2202 1636 863 1637
1 5 843 1623 842 261 1638 2202 1637 864
1 5 853 1634 2202 1638 263 857 1639 862
1 5 1634 859 1636 2202 857 126 860 1639
1 5 2202 1636 863 1637 1639 860 72 861
1 5 1638 2202 1637 864 862 1639 861 127
1 5 433 355 843 1626 1629 853 1638 2203
1 5 1626 843 261 707 2203 1638 864 1640
1 5 846 1626 707 132 1641 2203 1640 867
1 5 854 1629 2203 1641 128 849 1642 866
1 5 1629 853 1638 2203 849 263 862 1642
1 5 2203 1638 864 1640 1642 862 127 865
1 5 1641 2203 1640 867 866 1642 865 46
1 5 868 0 869 1643 1644 874 1645 2204
1 5 1643 869 134 870 2204 1645 875 1646
1 5 440 1643 870 264 1369 2204 1646 449
1 5 448 1644 2204 1369 265 871 1647 444
1 5 1644 874 1645 2204 871 139 872 1647
1 5 2204 1645 875 1646 1647 872 266 873
1 5 1369 2204 1646 449 444 1647 873 356
1 5 870 134 876 1648 1646 875 1649 2205
1 5 1648 876 23 877 2205 1649 882 1650
1 5 878 1648 877 135 1651 2205 1650 460
1 5 449 1646 2205 1651 356 873 1652 881
1 5 1646 875 1649 2205 873 266 879 1652
1 5 2205 1649 882 1650 1652 879 140 880
1 5 1651 2205 1650 460 881 1652 880 267
1 5 441 264 878 1653 1370 449 1651 2206
1 5 1653 878 135 451 2206 1651 460 1374
1 5 719 1653 451 47 1510 2206 1374 459
1 5 450 1370 2206 1510 236 445 1654 722
1 5 1370 449 1651 2206 445 356 881 1654
1 5 2206 1651 460 1374 1654 881 267 455
1 5 1510 2206 1374 459 722 1654 455 83
1 5 443 265 444 1372 1655 883 1656 2207
1 5 1372 444 356 445 2207 1656 884 1657
1 5 446 1372 445 236 1522 2207 1657 734
1 5 733 1655 2207 1522 48 487 1391 490
1 5 1655 883 1656 2207 487 136 488 1391
1 5 2207 1656 884 1657 1391 488 268 489
1 5 1522 2207 1657 734 490 1391 489 78
1 5 871 139 872 1647 1658 888 1659 2208
1 5 1647 872 266 873 2208 1659 889 1660
1 5 444 1647 873 356 1656 2208 1660 884
1 5 883 1658 2208 1656 136 885 1661 488
1 5 1658 888 1659 2208 885 28 886 1661
1 5 2208 1659 889 1660 1661 886 137 887
1 5 1656 2208 1660 884 488 1661 887 268
1 5 873 266 879 1652 1660 889 1662 2209
1 5 1652 879 140 880 2209 1662 893 1663
1 5 881 1652 880 267 1664 2209 1663 894
1 5 884 1660 2209 1664 268 887 1665 892
1 5 1660 889 1662 2209 887 137 890 1665
1 5 2209 1662 893 1663 1665 890 49 891
1 5 1664 2209 1663 894 892 1665 891 138
1 5 445 356 881 1654 1657 884 1664 2210
1 5 1654 881 267 455 2210 1664 894 1666
1 5 722 1654 455 83 1525 2210 1666 738
1 5 734 1657 2210 1525 78 489 1667 735
1 5 1657 884 1664 2210 489 268 892 1667
1 5 2210 1664 894 1666 1667 892 138 499
1 5 1525 2210 1666 738 735 1667 499 68
1 5 877 23 895 1668 1650 882 1669 2211
1 5 1668 895 141 896 2211 1669 899 1670
1 5 452 1668 896 269 1375 2211 1670 461
1 5 460 1650 2211 1375 267 880 1671 456
1 5 1650 882 1669 2211 880 140 897 1671
1 5 2211 1669 899 1670 1671 897 270 898
1 5 1375 2211 1670 461 456 1671 898 357
1 5 896 141 900 1672 1670 899 1673 2212
1 5 1672 900 3 901 2212 1673 906 1674
1 5 902 1672 901 142 1675 2212 1674 532
1 5 461 1670 2212 1675 357 898 1676 905
1 5 1670 899 1673 2212 898 270 903 1676
1 5 2212 1673 906 1674 1676 903 147 904
1 5 1675 2212 1674 532 905 1676 904 271
1 5 453 269 902 1677 1376 461 1675 2213
1 5 1677 902 142 523 2213 1675 532 1410
1 5 907 1677 523 24 1678 2213 1410 531
1 5 462 1376 2213 1678 272 457 1679 908
1 5 1376 461 1675 2213 457 357 905 1679
1 5 2213 1675 532 1410 1679 905 271 527
1 5 1678 2213 1410 531 908 1679 527 94
1 5 455 267 456 1378 1666 894 1680 2214
1 5 1378 456 357 457 2214 1680 909 1681
1 5 458 1378 457 272 1682 2214 1681 910
1 5 738 1666 2214 1682 68 499 1397 502
1 5 1666 894 1680 2214 499 138 500 1397
1 5 2214 1680 909 1681 1397 500 273 501
1 5 1682 2214 1681 910 502 1397 501 146
1 5 880 140 897 1671 1663 893 1683 2215
1 5 1671 897 270 898 2215 1683 913 1684
1 5 456 1671 898 357 1680 2215 1684 909
1 5 894 1663 2215 1680 138 891 1685 500
1 5 1663 893 1683 2215 891 49 911 1685
1 5 2215 1683 913 1684 1685 911 144 912
1 5 1680 2215 1684 909 500 1685 912 273
1 5 898 270 903 1676 1684 913 1686 2216
1 5 1676 903 147 904 2216 1686 917 1687
1 5 905 1676 904 271 1688 2216 1687 918
1 5 909 1684 2216 1688 273 912 1689 916
1 5 1684 913 1686 2216 912 144 914 1689
1 5 2216 1686 917 1687 1689 914 29 915
1 5 1688 2216 1687 918 916 1689 915 145
1 5 457 357 905 1679 1681 909 1688 2217
1 5 1679 905 271 527 2217 1688 918 1690
1 5 908 1679 527 94 1691 2217 1690 761
1 5 910 1681 2217 1691 146 501 1692 919
1 5 1681 909 1688 2217 501 273 916 1692
1 5 2217 1688 918 1690 1692 916 145 559
1 5 1691 2217 1690 761 919 1692 559 50
1 5 720 47 454 1693 1511 459 1377 2218
1 5 1693 454 143 920 2218 1377 462 1694
1 5 464 1693 920 274 1381 2218 1694 473
1 5 472 1511 2218 1381 237 723 1695 468
1 5 1511 459 1377 2218 723 83 458 1695
1 5 2218 1377 462 1694 1695 458 272 921
1 5 1381 2218 1694 473 468 1695 921 358
1 5 920 143 907 1696 1694 462 1678 2219
1 5 1696 907 24 742 2219 1678 531 1533
1 5 922 1696 742 85 1697 2219 1533 400
1 5 473 1694 2219 1697 358 921 1698 923
1 5 1694 462 1678 2219 921 272 908 1698
1 5 2219 1678 531 1533 1698 908 94 744
1 5 1697 2219 1533 400 923 1698 744 241
1 5 465 274 922 1699 1382 473 1697 2220
1 5 1699 922 85 391 2220 1697 400 1344
1 5 924 1699 391 8 1700 2220 1344 399
1 5 474 1382 2220 1700 275 469 1701 925
1 5 1382 473 1697 2220 469 358 923 1701
1 5 2220 1697 400 1344 1701 923 241 395
1 5 1700 2220 1344 399 925 1701 395 93
1 5 467 237 468 1384 1529 739 1702 2221
1 5 1384 468 358 469 2221 1702 926 1703
1 5 470 1384 469 275 1704 2221 1703 927
1 5 741 1529 2221 1704 45 511 1403 514
1 5 1529 739 1702 2221 511 79 512 1403
1 5 2221 1702 926 1703 1403 512 276 513
1 5 1704 2221 1703 927 514 1403 513 149
1 5 723 83 458 1695 1526 738 1682 2222
1 5 1695 458 272 921 2222 1682 910 1705
1 5 468 1695 921 358 1702 2222 1705 926
1 5 739 1526 2222 1702 79 736 1706 512
1 5 1526 738 1682 2222 736 68 502 1706
1 5 2222 1682 910 1705 1706 502 146 928
1 5 1702 2222 1705 926 512 1706 928 276
1 5 921 272 908 1698 1705 910 1691 2223
1 5 1698 908 94 744 2223 1691 761 1548
1 5 923 1698 744 241 1707 2223 1548 756
1 5 926 1705 2223 1707 276 928 1708 929
1 5 1705 910 1691 2223 928 146 919 1708
1 5 2223 1691 761 1548 1708 919 50 759
1 5 1707 2223 1548 756 929 1708 759 89
1 5 469 358 923 1701 1703 926 1707 2224
1 5 1701 923 241 395 2224 1707 756 1544
1 5 925 1701 395 93 1709 2224 1544 755
1 5 927 1703 2224 1709 149 513 1710 930
1 5 1703 926 1707 2224 513 276 929 1710
1 5 2224 1707 756 1544 1710 929 89 547
1 5 1709 2224 1544 755 930 1710 547 17
1 5 731 48 490 1524 1711 495 1395 2225
1 5 1524 490 78 732 2225 1395 498 1712
1 5 476 1524 732 239 1387 2225 1712 485
1 5 484 1711 2225 1387 277 931 1713 480
1 5 1711 495 1395 2225 931 151 494 1713
1 5 2225 1395 498 1712 1713 494 278 932
1 5 1387 2225 1712 485 480 1713 932 359
1 5 732 78 735 1528 1712 498 1714 2226
1 5 1528 735 68 736 2226 1714 507 1715
1 5 737 1528 736 79 1716 2226 1715 520
1 5 485 1712 2226 1716 359 932 1717 935
1 5 1712 498 1714 2226 932 278 933 1717
1 5 2226 1714 507 1715 1717 933 152 934
1 5 1716 2226 1715 520 935 1717 934 279
1 5 477 239 737 1531 1388 485 1716 2227
1 5 1531 737 79 511 2227 1716 520 1404
1 5 740 1531 511 45 1718 2227 1404 519
1 5 486 1388 2227 1718 280 481 1719 936
1 5 1388 485 1716 2227 481 359 935 1719
1 5 2227 1716 520 1404 1719 935 279 515
1 5 1718 2227 1404 519 936 1719 515 153
1 5 479 277 480 1390 1720 938 1721 2228
1 5 1390 480 359 481 2228 1721 939 1722
1 5 482 1390 481 280 1723 2228 1722 940
1 5 937 1720 2228 1723 9 403 1349 406
1 5 1720 938 1721 2228 403 97 404 1349
1 5 2228 1721 939 1722 1349 404 246 405
1 5 1723 2228 1722 940 406 1349 405 100
1 5 931 151 494 1713 1724 941 1725 2229
1 5 1713 494 278 932 2229 1725 942 1726
1 5 480 1713 932 359 1721 2229 1726 939
1 5 938 1724 2229 1721 97 770 1559 404
1 5 1724 941 1725 2229 770 25 586 1559
1 5 2229 1725 942 1726 1559 586 98 771
1 5 1721 2229 1726 939 404 1559 771 246
1 5 932 278 933 1717 1726 942 1727 2230
1 5 1717 933 152 934 2230 1727 943 1728
1 5 935 1717 934 279 1729 2230 1728 944
1 5 939 1726 2230 1729 246 771 1563 776
1 5 1726 942 1727 2230 771 98 774 1563
1 5 2230 1727 943 1728 1563 774 51 775
1 5 1729 2230 1728 944 776 1563 775 99
1 5 481 359 935 1719 1722 939 1729 2231
1 5 1719 935 279 515 2231 1729 944 1730
1 5 936 1719 515 153 1731 2231 1730 945
1 5 940 1722 2231 1731 100 405 1568 780
1 5 1722 939 1729 2231 405 246 776 1568
1 5 2231 1729 944 1730 1568 776 99 607
1 5 1731 2231 1730 945 780 1568 607 15
1 5 885 28 886 1661 1732 949 1733 2232
1 5 1661 886 137 887 2232 1733 950 1734
1 5 488 1661 887 268 1393 2232 1734 497
1 5 496 1732 2232 1393 281 946 1735 492
1 5 1732 949 1733 2232 946 157 947 1735
1 5 2232 1733 950 1734 1735 947 282 948
1 5 1393 2232 1734 497 492 1735 948 360
1 5 887 137 890 1665 1734 950 1736 2233
1 5 1665 890 49 891 2233 1736 954 1737
1 5 892 1665 891 138 1738 2233 1737 508
1 5 497 1734 2233 1738 360 948 1739 953
1 5 1734 950 1736 2233 948 282 951 1739
1 5 2233 1736 954 1737 1739 951 158 952
1 5 1738 2233 1737 508 953 1739 952 283
1 5 489 268 892 1667 1394 497 1738 2234
1 5 1667 892 138 499 2234 1738 508 1398
1 5 735 1667 499 68 1714 2234 1398 507
1 5 498 1394 2234 1714 278 493 1740 933
1 5 1394 497 1738 2234 493 360 953 1740
1 5 2234 1738 508 1398 1740 953 283 503
1 5 1714 2234 1398 507 933 1740 503 152
1 5 491 281 492 1396 1741 955 1742 2235
1 5 1396 492 360 493 2235 1742 956 1743
1 5 494 1396 493 278 1725 2235 1743 942
1 5 941 1741 2235 1725 25 583 1439 586
1 5 1741 955 1742 2235 583 154 584 1439
1 5 2235 1742 956 1743 1439 584 284 585
1 5 1725 2235 1743 942 586 1439 585 98
1 5 946 157 947 1735 1744 960 1745 2236
1 5 1735 947 282 948 2236 1745 961 1746
1 5 492 1735 948 360 1742 2236 1746 956
1 5 955 1744 2236 1742 154 957 1747 584
1 5 1744 960 1745 2236 957 7 958 1747
1 5 2236 1745 961 1746 1747 958 155 959
1 5 1742 2236 1746 956 584 1747 959 284
1 5 948 282 951 1739 1746 961 1748 2237
1 5 1739 951 158 952 2237 1748 965 1749
1 5 953 1739 952 283 1750 2237 1749 966
1 5 956 1746 2237 1750 284 959 1751 964
1 5 1746 961 1748 2237 959 155 962 1751
1 5 2237 1748 965 1749 1751 962 26 963
1 5 1750 2237 1749 966 964 1751 963 156
1 5 493 360 953 1740 1743 956 1750 2238
1 5 1740 953 283 503 2238 1750 966 1752
1 5 933 1740 503 152 1727 2238 1752 943
1 5 942 1743 2238 1727 98 585 1753 774
1 5 1743 956 1750 2238 585 284 964 1753
1 5 2238 1750 966 1752 1753 964 156 595
1 5 1727 2238 1752 943 774 1753 595 51
1 5 891 49 911 1685 1737 954 1754 2239
1 5 1685 911 144 912 2239 1754 969 1755
1 5 500 1685 912 273 1399 2239 1755 509
1 5 508 1737 2239 1399 283 952 1756 504
1 5 1737 954 1754 2239 952 158 967 1756
1 5 2239 1754 969 1755 1756 967 285 968
1 5 1399 2239 1755 509 504 1756 968 361
1 5 912 144 914 1689 1755 969 1757 2240
1 5 1689 914 29 915 2240 1757 973 1758
1 5 916 1689 915 145 1759 2240 1758 568
1 5 509 1755 2240 1759 361 968 1760 972
1 5 1755 969 1757 2240 968 285 970 1760
1 5 2240 1757 973 1758 1760 970 162 971
1 5 1759 2240 1758 568 972 1760 971 286
1 5 501 273 916 1692 1400 509 1759 2241
1 5 1692 916 145 559 2241 1759 568 1428
1 5 919 1692 559 50 1761 2241 1428 567
1 5 510 1400 2241 1761 287 505 1762 974
1 5 1400 509 1759 2241 505 361 972 1762
1 5 2241 1759 568 1428 1762 972 286 563
1 5 1761 2241 1428 567 974 1762 563 163
1 5 503 283 504 1402 1752 966 1763 2242
1 5 1402 504 361 505 2242 1763 975 1764
1 5 506 1402 505 287 1765 2242 1764 976
1 5 943 1752 2242 1765 51 595 1445 598
1 5 1752 966 1763 2242 595 156 596 1445
1 5 2242 1763 975 1764 1445 596 288 597
1 5 1765 2242 1764 976 598 1445 597 161
1 5 952 158 967 1756 1749 965 1766 2243
1 5 1756 967 285 968 2243 1766 979 1767
1 5 504 1756 968 361 1763 2243 1767 975
1 5 966 1749 2243 1763 156 963 1768 596
1 5 1749 965 1766 2243 963 26 977 1768
1 5 2243 1766 979 1767 1768 977 159 978
1 5 1763 2243 1767 975 596 1768 978 288
1 5 968 285 970 1760 1767 979 1769 2244
1 5 1760 970 162 971 2244 1769 983 1770
1 5 972 1760 971 286 1771 2244 1770 984
1 5 975 1767 2244 1771 288 978 1772 982
1 5 1767 979 1769 2244 978 159 980 1772
1 5 2244 1769 983 1770 1772 980 10 981
1 5 1771 2244 1770 984 982 1772 981 160
1 5 505 361 972 1762 1764 975 1771 2245
1 5 1762 972 286 563 2245 1771 984 1773
1 5 974 1762 563 163 1774 2245 1773 986
1 5 976 1764 2245 1774 161 597 1775 985
1 5 1764 975 1771 2245 597 288 982 1775
1 5 2245 1771 984 1773 1775 982 160 667
1 5 1774 2245 1773 986 985 1775 667 27
1 5 736 68 502 1706 1715 507 1401 2246
1 5 1706 502 146 928 2246 1401 510 1776
1 5 512 1706 928 276 1405 2246 1776 521
1 5 520 1715 2246 1405 279 934 1777 516
1 5 1715 507 1401 2246 934 152 506 1777
1 5 2246 1401 510 1776 1777 506 287 987
1 5 1405 2246 1776 521 516 1777 987 362
1 5 928 146 919 1708 1776 510 1761 2247
1 5 1708 919 50 759 2247 1761 567 1778
1 5 929 1708 759 89 1779 2247 1778 556
1 5 521 1776 2247 1779 362 987 1780 989
1 5 1776 510 1761 2247 987 287 974 1780
1 5 2247 1761 567 1778 1780 974 163 988
1 5 1779 2247 1778 556 989 1780 988 289
1 5 513 276 929 1710 1406 521 1779 2248
1 5 1710 929 89 547 2248 1779 556 1422
1 5 930 1710 547 17 1781 2248 1422 555
1 5 522 1406 2248 1781 290 517 1782 990
1 5 1406 521 1779 2248 517 362 989 1782
1 5 2248 1779 556 1422 1782 989 289 551
1 5 1781 2248 1422 555 990 1782 551 165
1 5 515 279 516 1408 1730 944 1783 2249
1 5 1408 516 362 517 2249 1783 991 1784
1 5 518 1408 517 290 1785 2249 1784 992
1 5 945 1730 2249 1785 15 607 1451 610
1 5 1730 944 1783 2249 607 99 608 1451
1 5 2249 1783 991 1784 1451 608 291 609
1 5 1785 2249 1784 992 610 1451 609 164
1 5 934 152 506 1777 1728 943 1765 2250
1 5 1777 506 287 987 2250 1765 976 1786
1 5 516 1777 987 362 1783 2250 1786 991
1 5 944 1728 2250 1783 99 775 1787 608
1 5 1728 943 1765 2250 775 51 598 1787
1 5 2250 1765 976 1786 1787 598 161 993
1 5 1783 2250 1786 991 608 1787 993 291
1 5 987 287 974 1780 1786 976 1774 2251
1 5 1780 974 163 988 2251 1774 986 1788
1 5 989 1780 988 289 1789 2251 1788 995
