MFEM mesh v1.0

#
# MFEM Geometry Types (see mesh/geom.hpp):
#
# POINT       = 0
# SEGMENT     = 1
# TRIANGLE    = 2
# SQUARE      = 3
# TETRAHEDRON = 4
# CUBE        = 5
#

dimension
3

elements
1792
1 5 0 439 1509 442 447 1510 2365 1513
1 5 6 451 1515 454 459 1516 2366 1519
1 5 8 463 1521 466 471 1522 2367 1525
1 5 16 475 1527 478 483 1528 2368 1531
1 5 20 487 1533 490 495 1534 2369 1537
1 5 24 499 1539 502 507 1540 2370 1543
1 5 81 511 1545 514 519 1546 2371 1549
1 5 57 523 1551 526 531 1552 2372 1555
1 5 28 535 1557 538 543 1558 2373 1561
1 5 59 547 1563 550 555 1564 2374 1567
1 5 58 559 1569 562 567 1570 2375 1573
1 5 83 571 1575 574 579 1576 2376 1579
1 5 29 583 1581 586 591 1582 2377 1585
1 5 62 595 1587 598 603 1588 2378 1591
1 5 32 607 1593 610 615 1594 2379 1597
1 5 63 619 1599 622 627 1600 2380 1603
1 5 84 631 1605 634 639 1606 2381 1609
1 5 66 643 1611 646 651 1612 2382 1615
1 5 13 655 1617 658 663 1618 2383 1621
1 5 30 667 1623 670 675 1624 2384 1627
1 5 64 679 1629 682 687 1630 2385 1633
1 5 17 691 1635 694 699 1636 2386 1639
1 5 38 703 1641 706 711 1642 2387 1645
1 5 26 715 1647 718 723 1648 2388 1651
1 5 56 727 1653 730 735 1654 2389 1657
1 5 31 739 1659 742 747 1660 2390 1663
1 5 75 751 1665 754 759 1666 2391 1669
1 5 39 763 1671 766 771 1672 2392 1675
1 5 90 775 1677 440 448 1678 2393 1511
1 5 281 777 1682 785 449 1680 2394 1685
1 5 93 441 1687 790 450 1512 2395 1688
1 5 98 443 1514 446 792 1690 2396 1693
1 5 282 778 1681 444 793 1694 2397 1691
1 5 411 780 1686 788 794 1696 2398 1700
1 5 285 445 1689 791 795 1692 2399 1703
1 5 102 809 1705 452 460 1706 2400 1517
1 5 287 810 1709 815 461 1707 2401 1712
1 5 105 453 1714 822 462 1518 2402 1716
1 5 110 455 1520 458 826 1718 2403 1721
1 5 288 811 1708 456 827 1722 2404 1719
1 5 412 812 1713 818 828 1724 2405 1728
1 5 291 457 1717 824 829 1720 2406 1731
1 5 114 843 1733 464 472 1734 2407 1523
1 5 293 844 1737 849 473 1735 2408 1740
1 5 117 465 1742 855 474 1524 2409 1744
1 5 122 467 1526 470 859 1746 2410 1749
1 5 294 845 1736 468 860 1750 2411 1747
1 5 413 846 1741 852 861 1752 2412 1756
1 5 297 469 1745 857 862 1748 2413 1759
1 5 92 784 1761 476 484 1684 2414 1529
1 5 299 877 1765 883 485 1763 2415 1768
1 5 128 477 1770 890 486 1530 2416 1772
1 5 101 479 1532 482 808 1702 2417 1776
1 5 284 787 1764 480 805 1699 2418 1774
1 5 414 879 1769 886 897 1779 2419 1783
1 5 302 481 1773 892 898 1775 2420 1786
1 5 94 796 1697 488 496 1788 2421 1535
1 5 286 798 1701 803 497 1790 2422 1794
1 5 97 489 1704 807 498 1536 2423 1797
1 5 134 491 1538 494 923 1799 2424 1802
1 5 304 910 1791 492 924 1803 2425 1800
1 5 415 912 1795 917 925 1805 2426 1808
1 5 307 493 1798 921 926 1801 2427 1810
1 5 138 932 1811 500 508 1812 2428 1541
1 5 308 934 1816 942 509 1814 2429 1819
1 5 141 501 1821 949 510 1542 2430 1823
1 5 142 503 1544 506 953 1825 2431 1828
1 5 309 935 1815 504 954 1829 2432 1826
1 5 416 937 1820 945 955 1831 2433 1834
1 5 312 505 1824 951 956 1827 2434 1836
1 5 146 962 1837 512 520 1838 2435 1547
1 5 313 964 1842 971 521 1840 2436 1845
1 5 149 513 1847 978 522 1548 2437 1849
1 5 153 515 1550 518 982 1851 2438 1854
1 5 314 965 1841 516 983 1855 2439 1852
1 5 417 967 1846 974 984 1857 2440 1861
1 5 317 517 1850 980 985 1853 2441 1864
1 5 156 996 1866 524 532 1867 2442 1553
1 5 319 998 1871 1006 533 1869 2443 1874
1 5 159 525 1876 1011 534 1554 2444 1877
1 5 164 527 1556 530 1017 1879 2445 1882
1 5 320 999 1870 528 1018 1884 2446 1880
1 5 418 1001 1875 1009 1019 1886 2447 1890
1 5 323 529 1878 1012 1020 1881 2448 1893
1 5 158 1005 1895 536 544 1873 2449 1559
1 5 325 1034 1899 1040 545 1897 2450 1902
1 5 170 537 1904 1045 546 1560 2451 1905
1 5 167 539 1562 542 1032 1892 2452 1909
1 5 322 1008 1898 540 1030 1889 2453 1907
1 5 419 1036 1903 1043 1047 1911 2454 1915
1 5 328 541 1906 1046 1048 1908 2455 1918
1 5 169 1039 1920 548 556 1901 2456 1565
1 5 330 1059 1924 1065 557 1922 2457 1927
1 5 178 549 1929 1069 558 1566 2458 1930
1 5 175 551 1568 554 1057 1917 2459 1934
1 5 327 1042 1923 552 1055 1914 2460 1932
1 5 420 1061 1928 1068 1071 1936 2461 1940
1 5 333 553 1931 1070 1072 1933 2462 1943
1 5 162 1027 1912 560 568 1945 2463 1571
1 5 329 1049 1916 1053 569 1946 2464 1950
1 5 173 561 1919 1056 570 1572 2465 1952
1 5 187 563 1574 566 1090 1954 2466 1957
1 5 335 1083 1947 564 1091 1958 2467 1955
1 5 421 1084 1951 1087 1092 1960 2468 1964
1 5 338 565 1953 1089 1093 1956 2469 1967
1 5 172 1052 1937 572 580 1949 2470 1577
1 5 334 1074 1941 1078 581 1970 2471 1974
1 5 181 573 1944 1081 582 1578 2472 1977
1 5 190 575 1580 578 1105 1966 2473 1981
1 5 337 1086 1971 576 1103 1963 2474 1979
1 5 422 1107 1975 1111 1116 1983 2475 1987
1 5 342 577 1978 1114 1117 1980 2476 1990
1 5 183 1094 1961 584 592 1992 2477 1583
1 5 339 1096 1965 1101 593 1994 2478 1998
1 5 186 585 1968 1104 594 1584 2479 2000
1 5 199 587 1586 590 1135 2002 2480 2005
1 5 344 1126 1995 588 1136 2006 2481 2003
1 5 423 1128 1999 1133 1137 2008 2482 2012
1 5 347 589 2001 1134 1138 2004 2483 2015
1 5 185 1100 1984 596 604 1997 2484 1589
1 5 343 1118 1988 1122 605 2017 2485 2021
1 5 193 597 1991 1124 606 1590 2486 2023
1 5 202 599 1592 602 1150 2014 2487 2027
1 5 346 1132 2018 600 1148 2011 2488 2025
1 5 424 1151 2022 1154 1156 2029 2489 2033
1 5 351 601 2024 1155 1157 2026 2490 2036
1 5 206 1166 2038 608 616 2039 2491 1595
1 5 353 1167 2042 1170 617 2040 2492 2043
1 5 207 609 2045 1172 618 1596 2493 2046
1 5 210 611 1598 614 1174 2048 2494 2051
1 5 354 1168 2041 612 1175 2052 2495 2049
1 5 425 1169 2044 1171 1176 2053 2496 2055
1 5 355 613 2047 1173 1177 2050 2497 2057
1 5 195 1139 2009 620 628 2059 2498 1601
1 5 348 1141 2013 1146 629 2061 2499 2065
1 5 198 621 2016 1149 630 1602 2500 2067
1 5 215 623 1604 626 1195 2069 2501 2072
1 5 357 1182 2062 624 1196 2074 2502 2070
1 5 426 1184 2066 1189 1197 2076 2503 2080
1 5 360 625 2068 1190 1198 2071 2504 2083
1 5 197 1145 2030 632 640 2064 2505 1607
1 5 352 1158 2034 1162 641 2085 2506 2089
1 5 205 633 2037 1165 642 1608 2507 2092
1 5 218 635 1610 638 1211 2082 2508 2096
1 5 359 1188 2086 636 1208 2079 2509 2094
1 5 427 1212 2090 1215 1223 2099 2510 2103
1 5 364 637 2093 1218 1224 2095 2511 2106
1 5 208 1178 2054 644 652 2108 2512 1613
1 5 356 1179 2056 1180 653 2109 2513 2112
1 5 209 645 2058 1181 654 1614 2514 2114
1 5 227 647 1616 650 1245 2116 2515 2119
1 5 366 1236 2110 648 1246 2121 2516 2117
1 5 428 1237 2113 1239 1247 2122 2517 2125
1 5 368 649 2115 1240 1248 2118 2518 2128
1 5 229 1257 2130 656 664 2131 2519 1619
1 5 370 1259 2135 1267 665 2133 2520 2138
1 5 171 657 2140 1051 666 1620 2521 1948
1 5 188 659 1622 662 1097 2143 2522 1959
1 5 371 1260 2134 660 1278 2147 2523 2144
1 5 429 1262 2139 1270 1279 2149 2524 2153
1 5 336 661 2142 1085 1098 2145 2525 1962
1 5 234 1286 2157 668 676 2158 2526 1625
1 5 375 1291 2162 1298 677 2160 2527 2164
1 5 191 669 2166 1120 678 1626 2528 2019
1 5 201 671 1628 674 1147 2168 2529 2028
1 5 376 1292 2161 672 1301 2171 2530 2169
1 5 430 1294 2165 1300 1302 2173 2531 2176
1 5 349 673 2167 1152 1159 2170 2532 2031
1 5 238 1303 2174 680 688 2179 2533 1631
1 5 378 1305 2177 1309 689 2181 2534 2185
1 5 203 681 2178 1160 690 1632 2535 2087
1 5 217 683 1634 686 1207 2188 2536 2098
1 5 379 1310 2182 684 1322 2192 2537 2189
1 5 431 1312 2186 1317 1323 2194 2538 2198
1 5 362 685 2187 1213 1227 2190 2539 2101
1 5 246 1335 2202 692 700 2203 2540 1637
1 5 383 1337 2207 1345 701 2205 2541 2210
1 5 103 693 2212 813 702 1638 2542 1710
1 5 111 695 1640 698 833 2215 2543 1723
1 5 384 1338 2206 696 1356 2219 2544 2216
1 5 432 1340 2211 1348 1357 2221 2545 2225
1 5 289 697 2214 816 834 2217 2546 1726
1 5 106 830 1725 704 712 2184 2547 1643
1 5 292 832 1729 837 713 2230 2548 2234
1 5 109 705 1732 841 714 1644 2549 2237
1 5 222 707 1646 710 1231 2200 2550 2241
1 5 381 1316 2231 708 1333 2197 2551 2239
1 5 433 1370 2235 1374 1383 2244 2552 2248
1 5 390 709 2238 1378 1384 2240 2553 2251
1 5 177 1064 2253 716 724 1926 2554 1649
1 5 392 1396 2256 1398 725 2254 2555 2258
1 5 259 717 2260 1401 726 1650 2556 2261
1 5 182 719 1652 722 1082 1942 2557 2265
1 5 332 1067 2255 720 1079 1939 2558 2263
1 5 434 1397 2259 1400 1406 2267 2559 2270
1 5 394 721 2262 1402 1407 2264 2560 2273
1 5 150 986 1858 728 736 2257 2561 1655
1 5 318 987 1862 990 737 2275 2562 2278
1 5 152 729 1865 994 738 1656 2563 2281
1 5 262 731 1658 734 1414 2272 2564 2285
1 5 393 1399 2276 732 1411 2269 2565 2283
1 5 435 1415 2279 1417 1425 2287 2566 2290
1 5 397 733 2282 1420 1426 2284 2567 2293
1 5 192 1121 2295 740 748 2020 2568 1661
1 5 399 1434 2298 1437 749 2296 2569 2300
1 5 115 741 2302 847 750 1662 2570 1738
1 5 123 743 1664 746 866 2035 2571 1751
1 5 350 1153 2297 744 1163 2032 2572 2304
1 5 436 1435 2301 1439 1442 2307 2573 2310
1 5 295 745 2303 850 867 2305 2574 1754
1 5 266 1436 2314 752 760 2299 2575 1667
1 5 402 1449 2318 1455 761 2316 2576 2321
1 5 270 753 2323 1462 762 1668 2577 2325
1 5 124 755 1670 758 871 2312 2578 2329
1 5 400 1438 2317 756 1446 2309 2579 2327
1 5 437 1451 2322 1458 1469 2332 2580 2336
1 5 405 757 2326 1464 1470 2328 2581 2339
1 5 118 863 1753 764 772 2111 2582 1673
1 5 298 865 1757 870 773 2342 2583 2346
1 5 121 765 1760 874 774 1674 2584 2349
1 5 228 767 1676 770 1256 2127 2585 2353
1 5 367 1238 2343 768 1253 2124 2586 2351
1 5 438 1483 2347 1487 1496 2356 2587 2360
1 5 409 769 2350 1491 1497 2352 2588 2363
1 5 439 90 440 1509 1510 448 1511 2365
1 5 1509 440 281 441 2365 1511 449 1512
1 5 442 1509 441 93 1513 2365 1512 450
1 5 447 1510 2365 1513 98 443 1514 446
1 5 1510 448 1511 2365 443 282 444 1514
1 5 2365 1511 449 1512 1514 444 411 445
1 5 1513 2365 1512 450 446 1514 445 285
1 5 451 102 452 1515 1516 460 1517 2366
1 5 1515 452 287 453 2366 1517 461 1518
1 5 454 1515 453 105 1519 2366 1518 462
1 5 459 1516 2366 1519 110 455 1520 458
1 5 1516 460 1517 2366 455 288 456 1520
1 5 2366 1517 461 1518 1520 456 412 457
1 5 1519 2366 1518 462 458 1520 457 291
1 5 463 114 464 1521 1522 472 1523 2367
1 5 1521 464 293 465 2367 1523 473 1524
1 5 466 1521 465 117 1525 2367 1524 474
1 5 471 1522 2367 1525 122 467 1526 470
1 5 1522 472 1523 2367 467 294 468 1526
1 5 2367 1523 473 1524 1526 468 413 469
1 5 1525 2367 1524 474 470 1526 469 297
1 5 475 92 476 1527 1528 484 1529 2368
1 5 1527 476 299 477 2368 1529 485 1530
1 5 478 1527 477 128 1531 2368 1530 486
1 5 483 1528 2368 1531 101 479 1532 482
1 5 1528 484 1529 2368 479 284 480 1532
1 5 2368 1529 485 1530 1532 480 414 481
1 5 1531 2368 1530 486 482 1532 481 302
1 5 487 94 488 1533 1534 496 1535 2369
1 5 1533 488 286 489 2369 1535 497 1536
1 5 490 1533 489 97 1537 2369 1536 498
1 5 495 1534 2369 1537 134 491 1538 494
1 5 1534 496 1535 2369 491 304 492 1538
1 5 2369 1535 497 1536 1538 492 415 493
1 5 1537 2369 1536 498 494 1538 493 307
1 5 499 138 500 1539 1540 508 1541 2370
1 5 1539 500 308 501 2370 1541 509 1542
1 5 502 1539 501 141 1543 2370 1542 510
1 5 507 1540 2370 1543 142 503 1544 506
1 5 1540 508 1541 2370 503 309 504 1544
1 5 2370 1541 509 1542 1544 504 416 505
1 5 1543 2370 1542 510 506 1544 505 312
1 5 511 146 512 1545 1546 520 1547 2371
1 5 1545 512 313 513 2371 1547 521 1548
1 5 514 1545 513 149 1549 2371 1548 522
1 5 519 1546 2371 1549 153 515 1550 518
1 5 1546 520 1547 2371 515 314 516 1550
1 5 2371 1547 521 1548 1550 516 417 517
1 5 1549 2371 1548 522 518 1550 517 317
1 5 523 156 524 1551 1552 532 1553 2372
1 5 1551 524 319 525 2372 1553 533 1554
1 5 526 1551 525 159 1555 2372 1554 534
1 5 531 1552 2372 1555 164 527 1556 530
1 5 1552 532 1553 2372 527 320 528 1556
1 5 2372 1553 533 1554 1556 528 418 529
1 5 1555 2372 1554 534 530 1556 529 323
1 5 535 158 536 1557 1558 544 1559 2373
1 5 1557 536 325 537 2373 1559 545 1560
1 5 538 1557 537 170 1561 2373 1560 546
1 5 543 1558 2373 1561 167 539 1562 542
1 5 1558 544 1559 2373 539 322 540 1562
1 5 2373 1559 545 1560 1562 540 419 541
1 5 1561 2373 1560 546 542 1562 541 328
1 5 547 169 548 1563 1564 556 1565 2374
1 5 1563 548 330 549 2374 1565 557 1566
1 5 550 1563 549 178 1567 2374 1566 558
1 5 555 1564 2374 1567 175 551 1568 554
1 5 1564 556 1565 2374 551 327 552 1568
1 5 2374 1565 557 1566 1568 552 420 553
1 5 1567 2374 1566 558 554 1568 553 333
1 5 559 162 560 1569 1570 568 1571 2375
1 5 1569 560 329 561 2375 1571 569 1572
1 5 562 1569 561 173 1573 2375 1572 570
1 5 567 1570 2375 1573 187 563 1574 566
1 5 1570 568 1571 2375 563 335 564 1574
1 5 2375 1571 569 1572 1574 564 421 565
1 5 1573 2375 1572 570 566 1574 565 338
1 5 571 172 572 1575 1576 580 1577 2376
1 5 1575 572 334 573 2376 1577 581 1578
1 5 574 1575 573 181 1579 2376 1578 582
1 5 579 1576 2376 1579 190 575 1580 578
1 5 1576 580 1577 2376 575 337 576 1580
1 5 2376 1577 581 1578 1580 576 422 577
1 5 1579 2376 1578 582 578 1580 577 342
1 5 583 183 584 1581 1582 592 1583 2377
1 5 1581 584 339 585 2377 1583 593 1584
1 5 586 1581 585 186 1585 2377 1584 594
1 5 591 1582 2377 1585 199 587 1586 590
1 5 1582 592 1583 2377 587 344 588 1586
1 5 2377 1583 593 1584 1586 588 423 589
1 5 1585 2377 1584 594 590 1586 589 347
1 5 595 185 596 1587 1588 604 1589 2378
1 5 1587 596 343 597 2378 1589 605 1590
1 5 598 1587 597 193 1591 2378 1590 606
1 5 603 1588 2378 1591 202 599 1592 602
1 5 1588 604 1589 2378 599 346 600 1592
1 5 2378 1589 605 1590 1592 600 424 601
1 5 1591 2378 1590 606 602 1592 601 351
1 5 607 206 608 1593 1594 616 1595 2379
1 5 1593 608 353 609 2379 1595 617 1596
1 5 610 1593 609 207 1597 2379 1596 618
1 5 615 1594 2379 1597 210 611 1598 614
1 5 1594 616 1595 2379 611 354 612 1598
1 5 2379 1595 617 1596 1598 612 425 613
1 5 1597 2379 1596 618 614 1598 613 355
1 5 619 195 620 1599 1600 628 1601 2380
1 5 1599 620 348 621 2380 1601 629 1602
1 5 622 1599 621 198 1603 2380 1602 630
1 5 627 1600 2380 1603 215 623 1604 626
1 5 1600 628 1601 2380 623 357 624 1604
1 5 2380 1601 629 1602 1604 624 426 625
1 5 1603 2380 1602 630 626 1604 625 360
1 5 631 197 632 1605 1606 640 1607 2381
1 5 1605 632 352 633 2381 1607 641 1608
1 5 634 1605 633 205 1609 2381 1608 642
1 5 639 1606 2381 1609 218 635 1610 638
1 5 1606 640 1607 2381 635 359 636 1610
1 5 2381 1607 641 1608 1610 636 427 637
1 5 1609 2381 1608 642 638 1610 637 364
1 5 643 208 644 1611 1612 652 1613 2382
1 5 1611 644 356 645 2382 1613 653 1614
1 5 646 1611 645 209 1615 2382 1614 654
1 5 651 1612 2382 1615 227 647 1616 650
1 5 1612 652 1613 2382 647 366 648 1616
1 5 2382 1613 653 1614 1616 648 428 649
1 5 1615 2382 1614 654 650 1616 649 368
1 5 655 229 656 1617 1618 664 1619 2383
1 5 1617 656 370 657 2383 1619 665 1620
1 5 658 1617 657 171 1621 2383 1620 666
1 5 663 1618 2383 1621 188 659 1622 662
1 5 1618 664 1619 2383 659 371 660 1622
1 5 2383 1619 665 1620 1622 660 429 661
1 5 1621 2383 1620 666 662 1622 661 336
1 5 667 234 668 1623 1624 676 1625 2384
1 5 1623 668 375 669 2384 1625 677 1626
1 5 670 1623 669 191 1627 2384 1626 678
1 5 675 1624 2384 1627 201 671 1628 674
1 5 1624 676 1625 2384 671 376 672 1628
1 5 2384 1625 677 1626 1628 672 430 673
1 5 1627 2384 1626 678 674 1628 673 349
1 5 679 238 680 1629 1630 688 1631 2385
1 5 1629 680 378 681 2385 1631 689 1632
1 5 682 1629 681 203 1633 2385 1632 690
1 5 687 1630 2385 1633 217 683 1634 686
1 5 1630 688 1631 2385 683 379 684 1634
1 5 2385 1631 689 1632 1634 684 431 685
1 5 1633 2385 1632 690 686 1634 685 362
1 5 691 246 692 1635 1636 700 1637 2386
1 5 1635 692 383 693 2386 1637 701 1638
1 5 694 1635 693 103 1639 2386 1638 702
1 5 699 1636 2386 1639 111 695 1640 698
1 5 1636 700 1637 2386 695 384 696 1640
1 5 2386 1637 701 1638 1640 696 432 697
1 5 1639 2386 1638 702 698 1640 697 289
1 5 703 106 704 1641 1642 712 1643 2387
1 5 1641 704 292 705 2387 1643 713 1644
1 5 706 1641 705 109 1645 2387 1644 714
1 5 711 1642 2387 1645 222 707 1646 710
1 5 1642 712 1643 2387 707 381 708 1646
1 5 2387 1643 713 1644 1646 708 433 709
1 5 1645 2387 1644 714 710 1646 709 390
1 5 715 177 716 1647 1648 724 1649 2388
1 5 1647 716 392 717 2388 1649 725 1650
1 5 718 1647 717 259 1651 2388 1650 726
1 5 723 1648 2388 1651 182 719 1652 722
1 5 1648 724 1649 2388 719 332 720 1652
1 5 2388 1649 725 1650 1652 720 434 721
1 5 1651 2388 1650 726 722 1652 721 394
1 5 727 150 728 1653 1654 736 1655 2389
1 5 1653 728 318 729 2389 1655 737 1656
1 5 730 1653 729 152 1657 2389 1656 738
1 5 735 1654 2389 1657 262 731 1658 734
1 5 1654 736 1655 2389 731 393 732 1658
1 5 2389 1655 737 1656 1658 732 435 733
1 5 1657 2389 1656 738 734 1658 733 397
1 5 739 192 740 1659 1660 748 1661 2390
1 5 1659 740 399 741 2390 1661 749 1662
1 5 742 1659 741 115 1663 2390 1662 750
1 5 747 1660 2390 1663 123 743 1664 746
1 5 1660 748 1661 2390 743 350 744 1664
1 5 2390 1661 749 1662 1664 744 436 745
1 5 1663 2390 1662 750 746 1664 745 295
1 5 751 266 752 1665 1666 760 1667 2391
1 5 1665 752 402 753 2391 1667 761 1668
1 5 754 1665 753 270 1669 2391 1668 762
1 5 759 1666 2391 1669 124 755 1670 758
1 5 1666 760 1667 2391 755 400 756 1670
1 5 2391 1667 761 1668 1670 756 437 757
1 5 1669 2391 1668 762 758 1670 757 405
1 5 763 118 764 1671 1672 772 1673 2392
1 5 1671 764 298 765 2392 1673 773 1674
1 5 766 1671 765 121 1675 2392 1674 774
1 5 771 1672 2392 1675 228 767 1676 770
1 5 1672 772 1673 2392 767 367 768 1676
1 5 2392 1673 773 1674 1676 768 438 769
1 5 1675 2392 1674 774 770 1676 769 409
1 5 775 14 776 1677 1678 781 1679 2393
1 5 1677 776 91 777 2393 1679 782 1680
1 5 440 1677 777 281 1511 2393 1680 449
1 5 448 1678 2393 1511 282 778 1681 444
1 5 1678 781 1679 2393 778 99 779 1681
1 5 2393 1679 782 1680 1681 779 283 780
1 5 1511 2393 1680 449 444 1681 780 411
1 5 777 91 783 1682 1680 782 1683 2394
1 5 1682 783 48 784 2394 1683 789 1684
1 5 785 1682 784 92 1685 2394 1684 484
1 5 449 1680 2394 1685 411 780 1686 788
1 5 1680 782 1683 2394 780 283 786 1686
1 5 2394 1683 789 1684 1686 786 100 787
1 5 1685 2394 1684 484 788 1686 787 284
1 5 441 281 785 1687 1512 449 1685 2395
1 5 1687 785 92 475 2395 1685 484 1528
1 5 790 1687 475 16 1688 2395 1528 483
1 5 450 1512 2395 1688 285 445 1689 791
1 5 1512 449 1685 2395 445 411 788 1689
1 5 2395 1685 484 1528 1689 788 284 479
1 5 1688 2395 1528 483 791 1689 479 101
1 5 443 282 444 1514 1690 793 1691 2396
1 5 1514 444 411 445 2396 1691 794 1692
1 5 446 1514 445 285 1693 2396 1692 795
1 5 792 1690 2396 1693 20 487 1533 490
1 5 1690 793 1691 2396 487 94 488 1533
1 5 2396 1691 794 1692 1533 488 286 489
1 5 1693 2396 1692 795 490 1533 489 97
1 5 778 99 779 1681 1694 799 1695 2397
1 5 1681 779 283 780 2397 1695 800 1696
1 5 444 1681 780 411 1691 2397 1696 794
1 5 793 1694 2397 1691 94 796 1697 488
1 5 1694 799 1695 2397 796 49 797 1697
1 5 2397 1695 800 1696 1697 797 95 798
1 5 1691 2397 1696 794 488 1697 798 286
1 5 780 283 786 1686 1696 800 1698 2398
1 5 1686 786 100 787 2398 1698 804 1699
1 5 788 1686 787 284 1700 2398 1699 805
1 5 794 1696 2398 1700 286 798 1701 803
1 5 1696 800 1698 2398 798 95 801 1701
1 5 2398 1698 804 1699 1701 801 79 802
1 5 1700 2398 1699 805 803 1701 802 96
1 5 445 411 788 1689 1692 794 1700 2399
1 5 1689 788 284 479 2399 1700 805 1702
1 5 791 1689 479 101 1703 2399 1702 808
1 5 795 1692 2399 1703 97 489 1704 807
1 5 1692 794 1700 2399 489 286 803 1704
1 5 2399 1700 805 1702 1704 803 96 806
1 5 1703 2399 1702 808 807 1704 806 51
1 5 809 17 694 1705 1706 699 1639 2400
1 5 1705 694 103 810 2400 1639 702 1707
1 5 452 1705 810 287 1517 2400 1707 461
1 5 460 1706 2400 1517 288 811 1708 456
1 5 1706 699 1639 2400 811 111 698 1708
1 5 2400 1639 702 1707 1708 698 289 812
1 5 1517 2400 1707 461 456 1708 812 412
1 5 810 103 813 1709 1707 702 1710 2401
1 5 1709 813 52 814 2401 1710 819 1711
1 5 815 1709 814 104 1712 2401 1711 820
1 5 461 1707 2401 1712 412 812 1713 818
1 5 1707 702 1710 2401 812 289 816 1713
1 5 2401 1710 819 1711 1713 816 112 817
1 5 1712 2401 1711 820 818 1713 817 290
1 5 453 287 815 1714 1518 461 1712 2402
1 5 1714 815 104 821 2402 1712 820 1715
1 5 822 1714 821 19 1716 2402 1715 825
1 5 462 1518 2402 1716 291 457 1717 824
1 5 1518 461 1712 2402 457 412 818 1717
1 5 2402 1712 820 1715 1717 818 290 823
1 5 1716 2402 1715 825 824 1717 823 113
1 5 455 288 456 1520 1718 827 1719 2403
1 5 1520 456 412 457 2403 1719 828 1720
1 5 458 1520 457 291 1721 2403 1720 829
1 5 826 1718 2403 1721 38 703 1641 706
1 5 1718 827 1719 2403 703 106 704 1641
1 5 2403 1719 828 1720 1641 704 292 705
1 5 1721 2403 1720 829 706 1641 705 109
1 5 811 111 698 1708 1722 833 1723 2404
1 5 1708 698 289 812 2404 1723 834 1724
1 5 456 1708 812 412 1719 2404 1724 828
1 5 827 1722 2404 1719 106 830 1725 704
1 5 1722 833 1723 2404 830 69 831 1725
1 5 2404 1723 834 1724 1725 831 107 832
1 5 1719 2404 1724 828 704 1725 832 292
1 5 812 289 816 1713 1724 834 1726 2405
1 5 1713 816 112 817 2405 1726 838 1727
1 5 818 1713 817 290 1728 2405 1727 839
1 5 828 1724 2405 1728 292 832 1729 837
1 5 1724 834 1726 2405 832 107 835 1729
1 5 2405 1726 838 1727 1729 835 87 836
1 5 1728 2405 1727 839 837 1729 836 108
1 5 457 412 818 1717 1720 828 1728 2406
1 5 1717 818 290 823 2406 1728 839 1730
1 5 824 1717 823 113 1731 2406 1730 842
1 5 829 1720 2406 1731 109 705 1732 841
1 5 1720 828 1728 2406 705 292 837 1732
1 5 2406 1728 839 1730 1732 837 108 840
1 5 1731 2406 1730 842 841 1732 840 72
1 5 843 31 742 1733 1734 747 1663 2407
1 5 1733 742 115 844 2407 1663 750 1735
1 5 464 1733 844 293 1523 2407 1735 473
1 5 472 1734 2407 1523 294 845 1736 468
1 5 1734 747 1663 2407 845 123 746 1736
1 5 2407 1663 750 1735 1736 746 295 846
1 5 1523 2407 1735 473 468 1736 846 413
1 5 844 115 847 1737 1735 750 1738 2408
1 5 1737 847 75 848 2408 1738 759 1739
1 5 849 1737 848 116 1740 2408 1739 853
1 5 473 1735 2408 1740 413 846 1741 852
1 5 1735 750 1738 2408 846 295 850 1741
1 5 2408 1738 759 1739 1741 850 124 851
1 5 1740 2408 1739 853 852 1741 851 296
1 5 465 293 849 1742 1524 473 1740 2409
1 5 1742 849 116 854 2409 1740 853 1743
1 5 855 1742 854 22 1744 2409 1743 858
1 5 474 1524 2409 1744 297 469 1745 857
1 5 1524 473 1740 2409 469 413 852 1745
1 5 2409 1740 853 1743 1745 852 296 856
1 5 1744 2409 1743 858 857 1745 856 125
1 5 467 294 468 1526 1746 860 1747 2410
1 5 1526 468 413 469 2410 1747 861 1748
1 5 470 1526 469 297 1749 2410 1748 862
1 5 859 1746 2410 1749 39 763 1671 766
1 5 1746 860 1747 2410 763 118 764 1671
1 5 2410 1747 861 1748 1671 764 298 765
1 5 1749 2410 1748 862 766 1671 765 121
1 5 845 123 746 1736 1750 866 1751 2411
1 5 1736 746 295 846 2411 1751 867 1752
1 5 468 1736 846 413 1747 2411 1752 861
1 5 860 1750 2411 1747 118 863 1753 764
1 5 1750 866 1751 2411 863 65 864 1753
1 5 2411 1751 867 1752 1753 864 119 865
1 5 1747 2411 1752 861 764 1753 865 298
1 5 846 295 850 1741 1752 867 1754 2412
1 5 1741 850 124 851 2412 1754 871 1755
1 5 852 1741 851 296 1756 2412 1755 872
1 5 861 1752 2412 1756 298 865 1757 870
1 5 1752 867 1754 2412 865 119 868 1757
1 5 2412 1754 871 1755 1757 868 89 869
1 5 1756 2412 1755 872 870 1757 869 120
1 5 469 413 852 1745 1748 861 1756 2413
1 5 1745 852 296 856 2413 1756 872 1758
1 5 857 1745 856 125 1759 2413 1758 875
1 5 862 1748 2413 1759 121 765 1760 874
1 5 1748 861 1756 2413 765 298 870 1760
1 5 2413 1756 872 1758 1760 870 120 873
1 5 1759 2413 1758 875 874 1760 873 76
1 5 784 48 876 1761 1684 789 1762 2414
1 5 1761 876 126 877 2414 1762 880 1763
1 5 476 1761 877 299 1529 2414 1763 485
1 5 484 1684 2414 1529 284 787 1764 480
1 5 1684 789 1762 2414 787 100 878 1764
1 5 2414 1762 880 1763 1764 878 300 879
1 5 1529 2414 1763 485 480 1764 879 414
1 5 877 126 881 1765 1763 880 1766 2415
1 5 1765 881 15 882 2415 1766 887 1767
1 5 883 1765 882 127 1768 2415 1767 888
1 5 485 1763 2415 1768 414 879 1769 886
1 5 1763 880 1766 2415 879 300 884 1769
1 5 2415 1766 887 1767 1769 884 132 885
1 5 1768 2415 1767 888 886 1769 885 301
1 5 477 299 883 1770 1530 485 1768 2416
1 5 1770 883 127 889 2416 1768 888 1771
1 5 890 1770 889 3 1772 2416 1771 893
1 5 486 1530 2416 1772 302 481 1773 892
1 5 1530 485 1768 2416 481 414 886 1773
1 5 2416 1768 888 1771 1773 886 301 891
1 5 1772 2416 1771 893 892 1773 891 133
1 5 479 284 480 1532 1702 805 1774 2417
1 5 1532 480 414 481 2417 1774 897 1775
1 5 482 1532 481 302 1776 2417 1775 898
1 5 808 1702 2417 1776 51 806 1777 896
1 5 1702 805 1774 2417 806 96 894 1777
1 5 2417 1774 897 1775 1777 894 303 895
1 5 1776 2417 1775 898 896 1777 895 131
1 5 787 100 878 1764 1699 804 1778 2418
1 5 1764 878 300 879 2418 1778 901 1779
1 5 480 1764 879 414 1774 2418 1779 897
1 5 805 1699 2418 1774 96 802 1780 894
1 5 1699 804 1778 2418 802 79 899 1780
1 5 2418 1778 901 1779 1780 899 129 900
1 5 1774 2418 1779 897 894 1780 900 303
1 5 879 300 884 1769 1779 901 1781 2419
1 5 1769 884 132 885 2419 1781 905 1782
1 5 886 1769 885 301 1783 2419 1782 906
1 5 897 1779 2419 1783 303 900 1784 904
1 5 1779 901 1781 2419 900 129 902 1784
1 5 2419 1781 905 1782 1784 902 50 903
1 5 1783 2419 1782 906 904 1784 903 130
1 5 481 414 886 1773 1775 897 1783 2420
1 5 1773 886 301 891 2420 1783 906 1785
1 5 892 1773 891 133 1786 2420 1785 909
1 5 898 1775 2420 1786 131 895 1787 908
1 5 1775 897 1783 2420 895 303 904 1787
1 5 2420 1783 906 1785 1787 904 130 907
1 5 1786 2420 1785 909 908 1787 907 21
1 5 796 49 797 1697 1788 913 1789 2421
1 5 1697 797 95 798 2421 1789 914 1790
1 5 488 1697 798 286 1535 2421 1790 497
1 5 496 1788 2421 1535 304 910 1791 492
1 5 1788 913 1789 2421 910 135 911 1791
1 5 2421 1789 914 1790 1791 911 305 912
1 5 1535 2421 1790 497 492 1791 912 415
1 5 798 95 801 1701 1790 914 1792 2422
1 5 1701 801 79 802 2422 1792 918 1793
1 5 803 1701 802 96 1794 2422 1793 919
1 5 497 1790 2422 1794 415 912 1795 917
1 5 1790 914 1792 2422 912 305 915 1795
1 5 2422 1792 918 1793 1795 915 136 916
1 5 1794 2422 1793 919 917 1795 916 306
1 5 489 286 803 1704 1536 497 1794 2423
1 5 1704 803 96 806 2423 1794 919 1796
1 5 807 1704 806 51 1797 2423 1796 922
1 5 498 1536 2423 1797 307 493 1798 921
1 5 1536 497 1794 2423 493 415 917 1798
1 5 2423 1794 919 1796 1798 917 306 920
1 5 1797 2423 1796 922 921 1798 920 137
1 5 491 304 492 1538 1799 924 1800 2424
1 5 1538 492 415 493 2424 1800 925 1801
1 5 494 1538 493 307 1802 2424 1801 926
1 5 923 1799 2424 1802 6 451 1515 454
1 5 1799 924 1800 2424 451 102 452 1515
1 5 2424 1800 925 1801 1515 452 287 453
1 5 1802 2424 1801 926 454 1515 453 105
1 5 910 135 911 1791 1803 927 1804 2425
1 5 1791 911 305 912 2425 1804 928 1805
1 5 492 1791 912 415 1800 2425 1805 925
1 5 924 1803 2425 1800 102 809 1705 452
1 5 1803 927 1804 2425 809 17 694 1705
1 5 2425 1804 928 1805 1705 694 103 810
1 5 1800 2425 1805 925 452 1705 810 287
1 5 912 305 915 1795 1805 928 1806 2426
1 5 1795 915 136 916 2426 1806 929 1807
1 5 917 1795 916 306 1808 2426 1807 930
1 5 925 1805 2426 1808 287 810 1709 815
1 5 1805 928 1806 2426 810 103 813 1709
1 5 2426 1806 929 1807 1709 813 52 814
1 5 1808 2426 1807 930 815 1709 814 104
1 5 493 415 917 1798 1801 925 1808 2427
1 5 1798 917 306 920 2427 1808 930 1809
1 5 921 1798 920 137 1810 2427 1809 931
1 5 926 1801 2427 1810 105 453 1714 822
1 5 1801 925 1808 2427 453 287 815 1714
1 5 2427 1808 930 1809 1714 815 104 821
1 5 1810 2427 1809 931 822 1714 821 19
1 5 932 53 933 1811 1812 938 1813 2428
1 5 1811 933 139 934 2428 1813 939 1814
1 5 500 1811 934 308 1541 2428 1814 509
1 5 508 1812 2428 1541 309 935 1815 504
1 5 1812 938 1813 2428 935 143 936 1815
1 5 2428 1813 939 1814 1815 936 310 937
1 5 1541 2428 1814 509 504 1815 937 416
1 5 934 139 940 1816 1814 939 1817 2429
1 5 1816 940 80 941 2429 1817 946 1818
1 5 942 1816 941 140 1819 2429 1818 947
1 5 509 1814 2429 1819 416 937 1820 945
1 5 1814 939 1817 2429 937 310 943 1820
1 5 2429 1817 946 1818 1820 943 144 944
1 5 1819 2429 1818 947 945 1820 944 311
1 5 501 308 942 1821 1542 509 1819 2430
1 5 1821 942 140 948 2430 1819 947 1822
1 5 949 1821 948 54 1823 2430 1822 952
1 5 510 1542 2430 1823 312 505 1824 951
1 5 1542 509 1819 2430 505 416 945 1824
1 5 2430 1819 947 1822 1824 945 311 950
1 5 1823 2430 1822 952 951 1824 950 145
1 5 503 309 504 1544 1825 954 1826 2431
1 5 1544 504 416 505 2431 1826 955 1827
1 5 506 1544 505 312 1828 2431 1827 956
1 5 953 1825 2431 1828 0 439 1509 442
1 5 1825 954 1826 2431 439 90 440 1509
1 5 2431 1826 955 1827 1509 440 281 441
1 5 1828 2431 1827 956 442 1509 441 93
1 5 935 143 936 1815 1829 957 1830 2432
1 5 1815 936 310 937 2432 1830 958 1831
1 5 504 1815 937 416 1826 2432 1831 955
1 5 954 1829 2432 1826 90 775 1677 440
1 5 1829 957 1830 2432 775 14 776 1677
1 5 2432 1830 958 1831 1677 776 91 777
1 5 1826 2432 1831 955 440 1677 777 281
1 5 937 310 943 1820 1831 958 1832 2433
1 5 1820 943 144 944 2433 1832 959 1833
1 5 945 1820 944 311 1834 2433 1833 960
1 5 955 1831 2433 1834 281 777 1682 785
1 5 1831 958 1832 2433 777 91 783 1682
1 5 2433 1832 959 1833 1682 783 48 784
1 5 1834 2433 1833 960 785 1682 784 92
1 5 505 416 945 1824 1827 955 1834 2434
1 5 1824 945 311 950 2434 1834 960 1835
1 5 951 1824 950 145 1836 2434 1835 961
1 5 956 1827 2434 1836 93 441 1687 790
1 5 1827 955 1834 2434 441 281 785 1687
1 5 2434 1834 960 1835 1687 785 92 475
1 5 1836 2434 1835 961 790 1687 475 16
1 5 962 54 963 1837 1838 952 1839 2435
1 5 1837 963 147 964 2435 1839 968 1840
1 5 512 1837 964 313 1547 2435 1840 521
1 5 520 1838 2435 1547 314 965 1841 516
1 5 1838 952 1839 2435 965 145 966 1841
1 5 2435 1839 968 1840 1841 966 315 967
1 5 1547 2435 1840 521 516 1841 967 417
1 5 964 147 969 1842 1840 968 1843 2436
1 5 1842 969 25 970 2436 1843 975 1844
1 5 971 1842 970 148 1845 2436 1844 976
1 5 521 1840 2436 1845 417 967 1846 974
1 5 1840 968 1843 2436 967 315 972 1846
1 5 2436 1843 975 1844 1846 972 154 973
1 5 1845 2436 1844 976 974 1846 973 316
1 5 513 313 971 1847 1548 521 1845 2437
1 5 1847 971 148 977 2437 1845 976 1848
1 5 978 1847 977 55 1849 2437 1848 981
1 5 522 1548 2437 1849 317 517 1850 980
1 5 1548 521 1845 2437 517 417 974 1850
1 5 2437 1845 976 1848 1850 974 316 979
1 5 1849 2437 1848 981 980 1850 979 155
1 5 515 314 516 1550 1851 983 1852 2438
1 5 1550 516 417 517 2438 1852 984 1853
1 5 518 1550 517 317 1854 2438 1853 985
1 5 982 1851 2438 1854 56 727 1653 730
1 5 1851 983 1852 2438 727 150 728 1653
1 5 2438 1852 984 1853 1653 728 318 729
1 5 1854 2438 1853 985 730 1653 729 152
1 5 965 145 966 1841 1855 961 1856 2439
1 5 1841 966 315 967 2439 1856 988 1857
1 5 516 1841 967 417 1852 2439 1857 984
1 5 983 1855 2439 1852 150 986 1858 728
1 5 1855 961 1856 2439 986 16 478 1858
1 5 2439 1856 988 1857 1858 478 128 987
1 5 1852 2439 1857 984 728 1858 987 318
1 5 967 315 972 1846 1857 988 1859 2440
1 5 1846 972 154 973 2440 1859 991 1860
1 5 974 1846 973 316 1861 2440 1860 992
1 5 984 1857 2440 1861 318 987 1862 990
1 5 1857 988 1859 2440 987 128 890 1862
1 5 2440 1859 991 1860 1862 890 3 989
1 5 1861 2440 1860 992 990 1862 989 151
1 5 517 417 974 1850 1853 984 1861 2441
1 5 1850 974 316 979 2441 1861 992 1863
1 5 980 1850 979 155 1864 2441 1863 995
1 5 985 1853 2441 1864 152 729 1865 994
1 5 1853 984 1861 2441 729 318 990 1865
1 5 2441 1861 992 1863 1865 990 151 993
1 5 1864 2441 1863 995 994 1865 993 27
1 5 996 11 997 1866 1867 1002 1868 2442
1 5 1866 997 157 998 2442 1868 1003 1869
1 5 524 1866 998 319 1553 2442 1869 533
1 5 532 1867 2442 1553 320 999 1870 528
1 5 1867 1002 1868 2442 999 165 1000 1870
1 5 2442 1868 1003 1869 1870 1000 321 1001
1 5 1553 2442 1869 533 528 1870 1001 418
1 5 998 157 1004 1871 1869 1003 1872 2443
1 5 1871 1004 2 1005 2443 1872 1010 1873
1 5 1006 1871 1005 158 1874 2443 1873 544
1 5 533 1869 2443 1874 418 1001 1875 1009
1 5 1869 1003 1872 2443 1001 321 1007 1875
1 5 2443 1872 1010 1873 1875 1007 166 1008
1 5 1874 2443 1873 544 1009 1875 1008 322
1 5 525 319 1006 1876 1554 533 1874 2444
1 5 1876 1006 158 535 2444 1874 544 1558
1 5 1011 1876 535 28 1877 2444 1558 543
1 5 534 1554 2444 1877 323 529 1878 1012
1 5 1554 533 1874 2444 529 418 1009 1878
1 5 2444 1874 544 1558 1878 1009 322 539
1 5 1877 2444 1558 543 1012 1878 539 167
1 5 527 320 528 1556 1879 1018 1880 2445
1 5 1556 528 418 529 2445 1880 1019 1881
1 5 530 1556 529 323 1882 2445 1881 1020
1 5 1017 1879 2445 1882 82 1013 1883 1016
1 5 1879 1018 1880 2445 1013 160 1014 1883
1 5 2445 1880 1019 1881 1883 1014 324 1015
1 5 1882 2445 1881 1020 1016 1883 1015 163
1 5 999 165 1000 1870 1884 1024 1885 2446
1 5 1870 1000 321 1001 2446 1885 1025 1886
1 5 528 1870 1001 418 1880 2446 1886 1019
1 5 1018 1884 2446 1880 160 1021 1887 1014
1 5 1884 1024 1885 2446 1021 47 1022 1887
1 5 2446 1885 1025 1886 1887 1022 161 1023
1 5 1880 2446 1886 1019 1014 1887 1023 324
1 5 1001 321 1007 1875 1886 1025 1888 2447
1 5 1875 1007 166 1008 2447 1888 1029 1889
1 5 1009 1875 1008 322 1890 2447 1889 1030
1 5 1019 1886 2447 1890 324 1023 1891 1028
1 5 1886 1025 1888 2447 1023 161 1026 1891
1 5 2447 1888 1029 1889 1891 1026 13 1027
1 5 1890 2447 1889 1030 1028 1891 1027 162
1 5 529 418 1009 1878 1881 1019 1890 2448
1 5 1878 1009 322 539 2448 1890 1030 1892
1 5 1012 1878 539 167 1893 2448 1892 1032
1 5 1020 1881 2448 1893 163 1015 1894 1031
1 5 1881 1019 1890 2448 1015 324 1028 1894
1 5 2448 1890 1030 1892 1894 1028 162 559
1 5 1893 2448 1892 1032 1031 1894 559 58
1 5 1005 2 1033 1895 1873 1010 1896 2449
1 5 1895 1033 168 1034 2449 1896 1037 1897
1 5 536 1895 1034 325 1559 2449 1897 545
1 5 544 1873 2449 1559 322 1008 1898 540
1 5 1873 1010 1896 2449 1008 166 1035 1898
1 5 2449 1896 1037 1897 1898 1035 326 1036
1 5 1559 2449 1897 545 540 1898 1036 419
1 5 1034 168 1038 1899 1897 1037 1900 2450
1 5 1899 1038 23 1039 2450 1900 1044 1901
1 5 1040 1899 1039 169 1902 2450 1901 556
1 5 545 1897 2450 1902 419 1036 1903 1043
1 5 1897 1037 1900 2450 1036 326 1041 1903
1 5 2450 1900 1044 1901 1903 1041 174 1042
1 5 1902 2450 1901 556 1043 1903 1042 327
1 5 537 325 1040 1904 1560 545 1902 2451
1 5 1904 1040 169 547 2451 1902 556 1564
1 5 1045 1904 547 59 1905 2451 1564 555
1 5 546 1560 2451 1905 328 541 1906 1046
1 5 1560 545 1902 2451 541 419 1043 1906
1 5 2451 1902 556 1564 1906 1043 327 551
1 5 1905 2451 1564 555 1046 1906 551 175
1 5 539 322 540 1562 1892 1030 1907 2452
1 5 1562 540 419 541 2452 1907 1047 1908
1 5 542 1562 541 328 1909 2452 1908 1048
1 5 1032 1892 2452 1909 58 559 1569 562
1 5 1892 1030 1907 2452 559 162 560 1569
1 5 2452 1907 1047 1908 1569 560 329 561
1 5 1909 2452 1908 1048 562 1569 561 173
1 5 1008 166 1035 1898 1889 1029 1910 2453
1 5 1898 1035 326 1036 2453 1910 1050 1911
1 5 540 1898 1036 419 1907 2453 1911 1047
1 5 1030 1889 2453 1907 162 1027 1912 560
1 5 1889 1029 1910 2453 1027 13 658 1912
1 5 2453 1910 1050 1911 1912 658 171 1049
1 5 1907 2453 1911 1047 560 1912 1049 329
1 5 1036 326 1041 1903 1911 1050 1913 2454
1 5 1903 1041 174 1042 2454 1913 1054 1914
1 5 1043 1903 1042 327 1915 2454 1914 1055
1 5 1047 1911 2454 1915 329 1049 1916 1053
1 5 1911 1050 1913 2454 1049 171 1051 1916
1 5 2454 1913 1054 1914 1916 1051 60 1052
1 5 1915 2454 1914 1055 1053 1916 1052 172
1 5 541 419 1043 1906 1908 1047 1915 2455
1 5 1906 1043 327 551 2455 1915 1055 1917
1 5 1046 1906 551 175 1918 2455 1917 1057
1 5 1048 1908 2455 1918 173 561 1919 1056
1 5 1908 1047 1915 2455 561 329 1053 1919
1 5 2455 1915 1055 1917 1919 1053 172 571
1 5 1918 2455 1917 1057 1056 1919 571 83
1 5 1039 23 1058 1920 1901 1044 1921 2456
1 5 1920 1058 176 1059 2456 1921 1062 1922
1 5 548 1920 1059 330 1565 2456 1922 557
1 5 556 1901 2456 1565 327 1042 1923 552
1 5 1901 1044 1921 2456 1042 174 1060 1923
1 5 2456 1921 1062 1922 1923 1060 331 1061
1 5 1565 2456 1922 557 552 1923 1061 420
1 5 1059 176 1063 1924 1922 1062 1925 2457
1 5 1924 1063 0 1064 2457 1925 447 1926
1 5 1065 1924 1064 177 1927 2457 1926 724
1 5 557 1922 2457 1927 420 1061 1928 1068
1 5 1922 1062 1925 2457 1061 331 1066 1928
1 5 2457 1925 447 1926 1928 1066 98 1067
1 5 1927 2457 1926 724 1068 1928 1067 332
1 5 549 330 1065 1929 1566 557 1927 2458
1 5 1929 1065 177 715 2458 1927 724 1648
1 5 1069 1929 715 26 1930 2458 1648 723
1 5 558 1566 2458 1930 333 553 1931 1070
1 5 1566 557 1927 2458 553 420 1068 1931
1 5 2458 1927 724 1648 1931 1068 332 719
1 5 1930 2458 1648 723 1070 1931 719 182
1 5 551 327 552 1568 1917 1055 1932 2459
1 5 1568 552 420 553 2459 1932 1071 1933
1 5 554 1568 553 333 1934 2459 1933 1072
1 5 1057 1917 2459 1934 83 571 1575 574
1 5 1917 1055 1932 2459 571 172 572 1575
1 5 2459 1932 1071 1933 1575 572 334 573
1 5 1934 2459 1933 1072 574 1575 573 181
1 5 1042 174 1060 1923 1914 1054 1935 2460
1 5 1923 1060 331 1061 2460 1935 1075 1936
1 5 552 1923 1061 420 1932 2460 1936 1071
1 5 1055 1914 2460 1932 172 1052 1937 572
1 5 1914 1054 1935 2460 1052 60 1073 1937
1 5 2460 1935 1075 1936 1937 1073 179 1074
1 5 1932 2460 1936 1071 572 1937 1074 334
1 5 1061 331 1066 1928 1936 1075 1938 2461
1 5 1928 1066 98 1067 2461 1938 792 1939
1 5 1068 1928 1067 332 1940 2461 1939 1079
1 5 1071 1936 2461 1940 334 1074 1941 1078
1 5 1936 1075 1938 2461 1074 179 1076 1941
1 5 2461 1938 792 1939 1941 1076 20 1077
1 5 1940 2461 1939 1079 1078 1941 1077 180
1 5 553 420 1068 1931 1933 1071 1940 2462
1 5 1931 1068 332 719 2462 1940 1079 1942
1 5 1070 1931 719 182 1943 2462 1942 1082
1 5 1072 1933 2462 1943 181 573 1944 1081
1 5 1933 1071 1940 2462 573 334 1078 1944
1 5 2462 1940 1079 1942 1944 1078 180 1080
1 5 1943 2462 1942 1082 1081 1944 1080 61
1 5 1027 13 658 1912 1945 663 1621 2463
1 5 1912 658 171 1049 2463 1621 666 1946
1 5 560 1912 1049 329 1571 2463 1946 569
1 5 568 1945 2463 1571 335 1083 1947 564
1 5 1945 663 1621 2463 1083 188 662 1947
1 5 2463 1621 666 1946 1947 662 336 1084
1 5 1571 2463 1946 569 564 1947 1084 421
1 5 1049 171 1051 1916 1946 666 1948 2464
1 5 1916 1051 60 1052 2464 1948 1088 1949
1 5 1053 1916 1052 172 1950 2464 1949 580
1 5 569 1946 2464 1950 421 1084 1951 1087
1 5 1946 666 1948 2464 1084 336 1085 1951
1 5 2464 1948 1088 1949 1951 1085 189 1086
1 5 1950 2464 1949 580 1087 1951 1086 337
1 5 561 329 1053 1919 1572 569 1950 2465
1 5 1919 1053 172 571 2465 1950 580 1576
1 5 1056 1919 571 83 1952 2465 1576 579
1 5 570 1572 2465 1952 338 565 1953 1089
1 5 1572 569 1950 2465 565 421 1087 1953
1 5 2465 1950 580 1576 1953 1087 337 575
1 5 1952 2465 1576 579 1089 1953 575 190
1 5 563 335 564 1574 1954 1091 1955 2466
1 5 1574 564 421 565 2466 1955 1092 1956
1 5 566 1574 565 338 1957 2466 1956 1093
1 5 1090 1954 2466 1957 29 583 1581 586
1 5 1954 1091 1955 2466 583 183 584 1581
1 5 2466 1955 1092 1956 1581 584 339 585
1 5 1957 2466 1956 1093 586 1581 585 186
1 5 1083 188 662 1947 1958 1097 1959 2467
1 5 1947 662 336 1084 2467 1959 1098 1960
1 5 564 1947 1084 421 1955 2467 1960 1092
1 5 1091 1958 2467 1955 183 1094 1961 584
1 5 1958 1097 1959 2467 1094 7 1095 1961
1 5 2467 1959 1098 1960 1961 1095 184 1096
1 5 1955 2467 1960 1092 584 1961 1096 339
1 5 1084 336 1085 1951 1960 1098 1962 2468
1 5 1951 1085 189 1086 2468 1962 1102 1963
1 5 1087 1951 1086 337 1964 2468 1963 1103
1 5 1092 1960 2468 1964 339 1096 1965 1101
1 5 1960 1098 1962 2468 1096 184 1099 1965
1 5 2468 1962 1102 1963 1965 1099 30 1100
1 5 1964 2468 1963 1103 1101 1965 1100 185
1 5 565 421 1087 1953 1956 1092 1964 2469
1 5 1953 1087 337 575 2469 1964 1103 1966
1 5 1089 1953 575 190 1967 2469 1966 1105
1 5 1093 1956 2469 1967 186 585 1968 1104
1 5 1956 1092 1964 2469 585 339 1101 1968
1 5 2469 1964 1103 1966 1968 1101 185 595
1 5 1967 2469 1966 1105 1104 1968 595 62
1 5 1052 60 1073 1937 1949 1088 1969 2470
1 5 1937 1073 179 1074 2470 1969 1108 1970
1 5 572 1937 1074 334 1577 2470 1970 581
1 5 580 1949 2470 1577 337 1086 1971 576
1 5 1949 1088 1969 2470 1086 189 1106 1971
1 5 2470 1969 1108 1970 1971 1106 340 1107
1 5 1577 2470 1970 581 576 1971 1107 422
1 5 1074 179 1076 1941 1970 1108 1972 2471
1 5 1941 1076 20 1077 2471 1972 495 1973
1 5 1078 1941 1077 180 1974 2471 1973 1112
1 5 581 1970 2471 1974 422 1107 1975 1111
1 5 1970 1108 1972 2471 1107 340 1109 1975
1 5 2471 1972 495 1973 1975 1109 134 1110
1 5 1974 2471 1973 1112 1111 1975 1110 341
1 5 573 334 1078 1944 1578 581 1974 2472
1 5 1944 1078 180 1080 2472 1974 1112 1976
1 5 1081 1944 1080 61 1977 2472 1976 1115
1 5 582 1578 2472 1977 342 577 1978 1114
1 5 1578 581 1974 2472 577 422 1111 1978
1 5 2472 1974 1112 1976 1978 1111 341 1113
1 5 1977 2472 1976 1115 1114 1978 1113 194
1 5 575 337 576 1580 1966 1103 1979 2473
1 5 1580 576 422 577 2473 1979 1116 1980
