MFEM mesh v1.0

#
# MFEM Geometry Types (see mesh/geom.hpp):
#
# POINT       = 0
# SEGMENT     = 1
# TRIANGLE    = 2
# SQUARE      = 3
# TETRAHEDRON = 4
# CUBE        = 5
#

dimension
3

elements
1792
1 5 0 399 1393 402 407 1394 2213 1397
1 5 4 411 1399 414 419 1400 2214 1403
1 5 6 423 1405 426 431 1406 2215 1409
1 5 8 435 1411 438 443 1412 2216 1415
1 5 10 447 1417 450 455 1418 2217 1421
1 5 42 459 1423 462 467 1424 2218 1427
1 5 13 471 1429 474 479 1430 2219 1433
1 5 18 483 1435 486 491 1436 2220 1439
1 5 71 495 1441 498 503 1442 2221 1445
1 5 46 507 1447 510 515 1448 2222 1451
1 5 24 519 1453 522 527 1454 2223 1457
1 5 49 531 1459 534 539 1460 2224 1463
1 5 72 543 1465 546 551 1466 2225 1469
1 5 52 555 1471 558 563 1472 2226 1475
1 5 51 567 1477 570 575 1478 2227 1481
1 5 30 579 1483 582 587 1484 2228 1487
1 5 56 591 1489 594 599 1490 2229 1493
1 5 74 603 1495 606 611 1496 2230 1499
1 5 31 615 1501 618 623 1502 2231 1505
1 5 58 627 1507 630 635 1508 2232 1511
1 5 60 639 1513 642 647 1514 2233 1517
1 5 75 651 1519 654 659 1520 2234 1523
1 5 12 663 1525 666 671 1526 2235 1529
1 5 29 675 1531 678 683 1532 2236 1535
1 5 17 687 1537 690 695 1538 2237 1541
1 5 37 699 1543 702 707 1544 2238 1547
1 5 61 711 1549 714 719 1550 2239 1553
1 5 38 723 1555 726 731 1556 2240 1559
1 5 79 735 1561 400 408 1562 2241 1395
1 5 250 736 1565 741 409 1563 2242 1568
1 5 82 401 1570 745 410 1396 2243 1571
1 5 87 403 1398 406 747 1573 2244 1576
1 5 251 737 1564 404 748 1577 2245 1574
1 5 371 738 1569 744 749 1579 2246 1583
1 5 254 405 1572 746 750 1575 2247 1586
1 5 91 763 1588 412 420 1589 2248 1401
1 5 256 764 1592 769 421 1590 2249 1595
1 5 94 413 1597 774 422 1402 2250 1598
1 5 99 415 1404 418 780 1600 2251 1603
1 5 257 765 1591 416 781 1605 2252 1601
1 5 372 766 1596 772 782 1607 2253 1611
1 5 260 417 1599 775 783 1602 2254 1614
1 5 103 797 1616 424 432 1617 2255 1407
1 5 262 799 1621 807 433 1619 2256 1624
1 5 106 425 1626 812 434 1408 2257 1627
1 5 111 427 1410 430 814 1629 2258 1632
1 5 263 800 1620 428 815 1633 2259 1630
1 5 373 802 1625 810 816 1635 2260 1639
1 5 266 429 1628 813 817 1631 2261 1642
1 5 115 830 1644 436 444 1645 2262 1413
1 5 268 832 1649 840 445 1647 2263 1652
1 5 118 437 1654 847 446 1414 2264 1656
1 5 123 439 1416 442 851 1658 2265 1661
1 5 269 833 1648 440 852 1662 2266 1659
1 5 374 835 1653 843 853 1664 2267 1668
1 5 272 441 1657 849 854 1660 2268 1671
1 5 127 868 1673 448 456 1674 2269 1419
1 5 274 870 1678 878 457 1676 2270 1681
1 5 80 449 1683 739 458 1420 2271 1566
1 5 88 451 1422 454 754 1685 2272 1578
1 5 275 871 1677 452 886 1689 2273 1686
1 5 375 873 1682 881 887 1691 2274 1695
1 5 252 453 1684 742 755 1687 2275 1581
1 5 129 877 1699 460 468 1680 2276 1425
1 5 279 899 1703 905 469 1701 2277 1706
1 5 137 461 1708 910 470 1426 2278 1709
1 5 89 463 1428 466 759 1697 2279 1713
1 5 277 880 1702 464 897 1694 2280 1711
1 5 376 901 1707 908 912 1715 2281 1719
1 5 282 465 1710 911 913 1712 2282 1722
1 5 81 740 1724 472 480 1567 2283 1431
1 5 284 924 1727 926 481 1725 2284 1728
1 5 142 473 1730 928 482 1432 2285 1731
1 5 90 475 1434 478 762 1585 2286 1735
1 5 253 743 1726 476 760 1582 2287 1733
1 5 377 925 1729 927 930 1736 2288 1738
1 5 285 477 1732 929 931 1734 2289 1740
1 5 83 751 1580 484 492 1742 2290 1437
1 5 255 753 1584 758 493 1744 2291 1748
1 5 86 485 1587 761 494 1438 2292 1750
1 5 144 487 1440 490 944 1752 2293 1755
1 5 287 935 1745 488 945 1756 2294 1753
1 5 378 937 1749 942 946 1758 2295 1761
1 5 290 489 1751 943 947 1754 2296 1763
1 5 132 894 1716 496 504 1764 2297 1443
1 5 283 915 1720 919 505 1766 2298 1770
1 5 140 497 1723 923 506 1444 2299 1773
1 5 146 499 1446 502 950 1775 2300 1778
1 5 291 953 1767 500 970 1780 2301 1776
1 5 379 955 1771 960 971 1782 2302 1786
1 5 294 501 1774 964 972 1777 2303 1789
1 5 85 757 1737 508 516 1747 2304 1449
1 5 286 932 1739 933 517 1791 2305 1794
1 5 143 509 1741 934 518 1450 2306 1797
1 5 147 511 1452 514 952 1762 2307 1801
1 5 289 941 1792 512 951 1760 2308 1799
1 5 380 986 1795 988 993 1802 2309 1805
1 5 297 513 1798 991 994 1800 2310 1808
1 5 157 1000 1810 520 528 1811 2311 1455
1 5 299 1001 1814 1006 529 1812 2312 1817
1 5 160 521 1819 1010 530 1456 2313 1820
1 5 161 523 1458 526 1012 1822 2314 1825
1 5 300 1002 1813 524 1013 1826 2315 1823
1 5 381 1003 1818 1009 1014 1828 2316 1831
1 5 303 525 1821 1011 1015 1824 2317 1833
1 5 165 1021 1834 532 540 1835 2318 1461
1 5 304 1023 1839 1031 541 1837 2319 1842
1 5 158 533 1844 1004 542 1462 2320 1815
1 5 162 535 1464 538 1016 1846 2321 1827
1 5 305 1024 1838 536 1036 1849 2322 1847
1 5 382 1026 1843 1034 1037 1851 2323 1854
1 5 301 537 1845 1007 1017 1848 2324 1829
1 5 167 1030 1856 544 552 1841 2325 1467
1 5 308 1043 1860 1049 553 1858 2326 1863
1 5 172 545 1865 1054 554 1468 2327 1866
1 5 163 547 1470 550 1018 1855 2328 1870
1 5 307 1033 1859 548 1041 1853 2329 1868
1 5 383 1045 1864 1052 1056 1872 2330 1875
1 5 311 549 1867 1055 1057 1869 2331 1877
1 5 159 1005 1878 556 564 1816 2332 1473
1 5 312 1062 1881 1065 565 1879 2333 1883
1 5 176 557 1885 1070 566 1474 2334 1887
1 5 164 559 1476 562 1020 1832 2335 1891
1 5 302 1008 1880 560 1019 1830 2336 1889
1 5 384 1063 1884 1067 1074 1892 2337 1894
1 5 314 561 1888 1072 1075 1890 2338 1896
1 5 171 1048 1897 568 576 1862 2339 1479
1 5 315 1079 1901 1085 577 1899 2340 1904
1 5 180 569 1906 1092 578 1480 2341 1908
1 5 174 571 1482 574 1061 1876 2342 1912
1 5 310 1051 1900 572 1060 1874 2343 1910
1 5 385 1081 1905 1088 1096 1914 2344 1918
1 5 318 573 1909 1094 1097 1911 2345 1921
1 5 185 1108 1923 580 588 1924 2346 1485
1 5 320 1109 1927 1113 589 1925 2347 1929
1 5 187 581 1931 1118 590 1486 2348 1933
1 5 191 583 1488 586 1122 1935 2349 1938
1 5 321 1110 1926 584 1123 1939 2350 1936
1 5 386 1111 1930 1115 1124 1940 2351 1943
1 5 323 585 1934 1120 1125 1937 2352 1946
1 5 188 1126 1941 592 600 1948 2353 1491
1 5 324 1127 1944 1129 601 1949 2354 1952
1 5 190 593 1947 1131 602 1492 2355 1954
1 5 196 595 1494 598 1138 1956 2356 1959
1 5 325 1133 1950 596 1139 1960 2357 1957
1 5 387 1134 1953 1136 1140 1961 2358 1964
1 5 327 597 1955 1137 1141 1958 2359 1967
1 5 189 1128 1969 604 612 1951 2360 1497
1 5 329 1149 1972 1152 613 1970 2361 1974
1 5 199 605 1976 1157 614 1498 2362 1978
1 5 197 607 1500 610 1148 1966 2363 1982
1 5 326 1135 1971 608 1146 1963 2364 1980
1 5 388 1150 1975 1154 1161 1983 2365 1986
1 5 331 609 1979 1159 1162 1981 2366 1989
1 5 193 1142 1962 616 624 1991 2367 1503
1 5 328 1143 1965 1145 625 1992 2368 1995
1 5 195 617 1968 1147 626 1504 2369 1997
1 5 206 619 1506 622 1175 1999 2370 2002
1 5 333 1170 1993 620 1176 2003 2371 2000
1 5 389 1171 1996 1173 1177 2004 2372 2007
1 5 335 621 1998 1174 1178 2001 2373 2010
1 5 194 1144 1984 628 636 1994 2374 1509
1 5 332 1163 1987 1165 637 2012 2375 2016
1 5 201 629 1990 1168 638 1510 2376 2019
1 5 207 631 1512 634 1185 2009 2377 2023
1 5 334 1172 2013 632 1183 2006 2378 2021
1 5 390 1186 2017 1189 1194 2025 2379 2029
1 5 339 633 2020 1192 1195 2022 2380 2032
1 5 203 1179 2005 640 648 2034 2381 1515
1 5 336 1180 2008 1182 649 2035 2382 2039
1 5 205 641 2011 1184 650 1516 2383 2041
1 5 216 643 1518 646 1215 2043 2384 2046
1 5 341 1205 2036 644 1216 2048 2385 2044
1 5 391 1206 2040 1209 1217 2050 2386 2054
1 5 344 645 2042 1210 1218 2045 2387 2057
1 5 204 1181 2026 652 660 2038 2388 1521
1 5 340 1196 2030 1200 661 2059 2389 2063
1 5 210 653 2033 1203 662 1522 2390 2066
1 5 219 655 1524 658 1231 2056 2391 2070
1 5 343 1208 2060 656 1228 2053 2392 2068
1 5 392 1232 2064 1235 1243 2073 2393 2077
1 5 348 657 2067 1238 1244 2069 2394 2080
1 5 136 904 1915 664 672 1705 2395 1527
1 5 319 1099 1919 1103 673 2083 2396 2087
1 5 92 665 1922 767 674 1528 2397 1593
1 5 100 667 1530 670 787 1721 2398 1606
1 5 281 907 2084 668 921 1718 2399 2091
1 5 393 1257 2088 1261 1267 2095 2400 2099
1 5 258 669 2090 770 788 2092 2401 1609
1 5 93 768 2103 676 684 1594 2402 1533
1 5 353 1278 2107 1284 685 2105 2403 2110
1 5 230 677 2112 1291 686 1534 2404 2114
1 5 102 679 1536 682 796 1613 2405 2118
1 5 259 771 2106 680 793 1610 2406 2116
1 5 394 1280 2111 1287 1298 2121 2407 2125
1 5 356 681 2115 1293 1299 2117 2408 2128
1 5 105 806 1803 688 696 1623 2409 1539
1 5 298 995 1806 996 697 2131 2410 2134
1 5 155 689 1809 998 698 1540 2411 2014
1 5 114 691 1542 694 829 1641 2412 2024
1 5 265 809 2132 692 827 1638 2413 2137
1 5 395 1312 2135 1315 1316 2140 2414 2143
1 5 337 693 2136 1187 1197 2138 2415 2027
1 5 107 818 1636 700 708 2146 2416 1545
1 5 267 820 1640 825 709 2148 2417 2152
1 5 110 701 1643 828 710 1546 2418 2037
1 5 217 703 1548 706 1222 2155 2419 2049
1 5 360 1322 2149 704 1334 2159 2420 2156
1 5 396 1324 2153 1329 1335 2161 2421 2165
1 5 342 705 2154 1207 1223 2157 2422 2052
1 5 109 824 2141 712 720 2151 2423 1551
1 5 359 1318 2144 1321 721 2170 2424 2174
1 5 208 713 2145 1198 722 1552 2425 2061
1 5 218 715 1554 718 1227 2167 2426 2072
1 5 362 1328 2171 716 1345 2164 2427 2177
1 5 397 1348 2175 1352 1356 2181 2428 2185
1 5 346 717 2176 1233 1247 2178 2429 2075
1 5 119 855 1665 724 732 2173 2430 1557
1 5 273 857 1669 862 733 2190 2431 2194
1 5 122 725 1672 866 734 1558 2432 2197
1 5 223 727 1560 730 1251 2187 2433 2201
1 5 365 1351 2191 728 1364 2184 2434 2199
1 5 398 1367 2195 1371 1380 2204 2435 2208
1 5 369 729 2198 1375 1381 2200 2436 2211
1 5 399 79 400 1393 1394 408 1395 2213
1 5 1393 400 250 401 2213 1395 409 1396
1 5 402 1393 401 82 1397 2213 1396 410
1 5 407 1394 2213 1397 87 403 1398 406
1 5 1394 408 1395 2213 403 251 404 1398
1 5 2213 1395 409 1396 1398 404 371 405
1 5 1397 2213 1396 410 406 1398 405 254
1 5 411 91 412 1399 1400 420 1401 2214
1 5 1399 412 256 413 2214 1401 421 1402
1 5 414 1399 413 94 1403 2214 1402 422
1 5 419 1400 2214 1403 99 415 1404 418
1 5 1400 420 1401 2214 415 257 416 1404
1 5 2214 1401 421 1402 1404 416 372 417
1 5 1403 2214 1402 422 418 1404 417 260
1 5 423 103 424 1405 1406 432 1407 2215
1 5 1405 424 262 425 2215 1407 433 1408
1 5 426 1405 425 106 1409 2215 1408 434
1 5 431 1406 2215 1409 111 427 1410 430
1 5 1406 432 1407 2215 427 263 428 1410
1 5 2215 1407 433 1408 1410 428 373 429
1 5 1409 2215 1408 434 430 1410 429 266
1 5 435 115 436 1411 1412 444 1413 2216
1 5 1411 436 268 437 2216 1413 445 1414
1 5 438 1411 437 118 1415 2216 1414 446
1 5 443 1412 2216 1415 123 439 1416 442
1 5 1412 444 1413 2216 439 269 440 1416
1 5 2216 1413 445 1414 1416 440 374 441
1 5 1415 2216 1414 446 442 1416 441 272
1 5 447 127 448 1417 1418 456 1419 2217
1 5 1417 448 274 449 2217 1419 457 1420
1 5 450 1417 449 80 1421 2217 1420 458
1 5 455 1418 2217 1421 88 451 1422 454
1 5 1418 456 1419 2217 451 275 452 1422
1 5 2217 1419 457 1420 1422 452 375 453
1 5 1421 2217 1420 458 454 1422 453 252
1 5 459 129 460 1423 1424 468 1425 2218
1 5 1423 460 279 461 2218 1425 469 1426
1 5 462 1423 461 137 1427 2218 1426 470
1 5 467 1424 2218 1427 89 463 1428 466
1 5 1424 468 1425 2218 463 277 464 1428
1 5 2218 1425 469 1426 1428 464 376 465
1 5 1427 2218 1426 470 466 1428 465 282
1 5 471 81 472 1429 1430 480 1431 2219
1 5 1429 472 284 473 2219 1431 481 1432
1 5 474 1429 473 142 1433 2219 1432 482
1 5 479 1430 2219 1433 90 475 1434 478
1 5 1430 480 1431 2219 475 253 476 1434
1 5 2219 1431 481 1432 1434 476 377 477
1 5 1433 2219 1432 482 478 1434 477 285
1 5 483 83 484 1435 1436 492 1437 2220
1 5 1435 484 255 485 2220 1437 493 1438
1 5 486 1435 485 86 1439 2220 1438 494
1 5 491 1436 2220 1439 144 487 1440 490
1 5 1436 492 1437 2220 487 287 488 1440
1 5 2220 1437 493 1438 1440 488 378 489
1 5 1439 2220 1438 494 490 1440 489 290
1 5 495 132 496 1441 1442 504 1443 2221
1 5 1441 496 283 497 2221 1443 505 1444
1 5 498 1441 497 140 1445 2221 1444 506
1 5 503 1442 2221 1445 146 499 1446 502
1 5 1442 504 1443 2221 499 291 500 1446
1 5 2221 1443 505 1444 1446 500 379 501
1 5 1445 2221 1444 506 502 1446 501 294
1 5 507 85 508 1447 1448 516 1449 2222
1 5 1447 508 286 509 2222 1449 517 1450
1 5 510 1447 509 143 1451 2222 1450 518
1 5 515 1448 2222 1451 147 511 1452 514
1 5 1448 516 1449 2222 511 289 512 1452
1 5 2222 1449 517 1450 1452 512 380 513
1 5 1451 2222 1450 518 514 1452 513 297
1 5 519 157 520 1453 1454 528 1455 2223
1 5 1453 520 299 521 2223 1455 529 1456
1 5 522 1453 521 160 1457 2223 1456 530
1 5 527 1454 2223 1457 161 523 1458 526
1 5 1454 528 1455 2223 523 300 524 1458
1 5 2223 1455 529 1456 1458 524 381 525
1 5 1457 2223 1456 530 526 1458 525 303
1 5 531 165 532 1459 1460 540 1461 2224
1 5 1459 532 304 533 2224 1461 541 1462
1 5 534 1459 533 158 1463 2224 1462 542
1 5 539 1460 2224 1463 162 535 1464 538
1 5 1460 540 1461 2224 535 305 536 1464
1 5 2224 1461 541 1462 1464 536 382 537
1 5 1463 2224 1462 542 538 1464 537 301
1 5 543 167 544 1465 1466 552 1467 2225
1 5 1465 544 308 545 2225 1467 553 1468
1 5 546 1465 545 172 1469 2225 1468 554
1 5 551 1466 2225 1469 163 547 1470 550
1 5 1466 552 1467 2225 547 307 548 1470
1 5 2225 1467 553 1468 1470 548 383 549
1 5 1469 2225 1468 554 550 1470 549 311
1 5 555 159 556 1471 1472 564 1473 2226
1 5 1471 556 312 557 2226 1473 565 1474
1 5 558 1471 557 176 1475 2226 1474 566
1 5 563 1472 2226 1475 164 559 1476 562
1 5 1472 564 1473 2226 559 302 560 1476
1 5 2226 1473 565 1474 1476 560 384 561
1 5 1475 2226 1474 566 562 1476 561 314
1 5 567 171 568 1477 1478 576 1479 2227
1 5 1477 568 315 569 2227 1479 577 1480
1 5 570 1477 569 180 1481 2227 1480 578
1 5 575 1478 2227 1481 174 571 1482 574
1 5 1478 576 1479 2227 571 310 572 1482
1 5 2227 1479 577 1480 1482 572 385 573
1 5 1481 2227 1480 578 574 1482 573 318
1 5 579 185 580 1483 1484 588 1485 2228
1 5 1483 580 320 581 2228 1485 589 1486
1 5 582 1483 581 187 1487 2228 1486 590
1 5 587 1484 2228 1487 191 583 1488 586
1 5 1484 588 1485 2228 583 321 584 1488
1 5 2228 1485 589 1486 1488 584 386 585
1 5 1487 2228 1486 590 586 1488 585 323
1 5 591 188 592 1489 1490 600 1491 2229
1 5 1489 592 324 593 2229 1491 601 1492
1 5 594 1489 593 190 1493 2229 1492 602
1 5 599 1490 2229 1493 196 595 1494 598
1 5 1490 600 1491 2229 595 325 596 1494
1 5 2229 1491 601 1492 1494 596 387 597
1 5 1493 2229 1492 602 598 1494 597 327
1 5 603 189 604 1495 1496 612 1497 2230
1 5 1495 604 329 605 2230 1497 613 1498
1 5 606 1495 605 199 1499 2230 1498 614
1 5 611 1496 2230 1499 197 607 1500 610
1 5 1496 612 1497 2230 607 326 608 1500
1 5 2230 1497 613 1498 1500 608 388 609
1 5 1499 2230 1498 614 610 1500 609 331
1 5 615 193 616 1501 1502 624 1503 2231
1 5 1501 616 328 617 2231 1503 625 1504
1 5 618 1501 617 195 1505 2231 1504 626
1 5 623 1502 2231 1505 206 619 1506 622
1 5 1502 624 1503 2231 619 333 620 1506
1 5 2231 1503 625 1504 1506 620 389 621
1 5 1505 2231 1504 626 622 1506 621 335
1 5 627 194 628 1507 1508 636 1509 2232
1 5 1507 628 332 629 2232 1509 637 1510
1 5 630 1507 629 201 1511 2232 1510 638
1 5 635 1508 2232 1511 207 631 1512 634
1 5 1508 636 1509 2232 631 334 632 1512
1 5 2232 1509 637 1510 1512 632 390 633
1 5 1511 2232 1510 638 634 1512 633 339
1 5 639 203 640 1513 1514 648 1515 2233
1 5 1513 640 336 641 2233 1515 649 1516
1 5 642 1513 641 205 1517 2233 1516 650
1 5 647 1514 2233 1517 216 643 1518 646
1 5 1514 648 1515 2233 643 341 644 1518
1 5 2233 1515 649 1516 1518 644 391 645
1 5 1517 2233 1516 650 646 1518 645 344
1 5 651 204 652 1519 1520 660 1521 2234
1 5 1519 652 340 653 2234 1521 661 1522
1 5 654 1519 653 210 1523 2234 1522 662
1 5 659 1520 2234 1523 219 655 1524 658
1 5 1520 660 1521 2234 655 343 656 1524
1 5 2234 1521 661 1522 1524 656 392 657
1 5 1523 2234 1522 662 658 1524 657 348
1 5 663 136 664 1525 1526 672 1527 2235
1 5 1525 664 319 665 2235 1527 673 1528
1 5 666 1525 665 92 1529 2235 1528 674
1 5 671 1526 2235 1529 100 667 1530 670
1 5 1526 672 1527 2235 667 281 668 1530
1 5 2235 1527 673 1528 1530 668 393 669
1 5 1529 2235 1528 674 670 1530 669 258
1 5 675 93 676 1531 1532 684 1533 2236
1 5 1531 676 353 677 2236 1533 685 1534
1 5 678 1531 677 230 1535 2236 1534 686
1 5 683 1532 2236 1535 102 679 1536 682
1 5 1532 684 1533 2236 679 259 680 1536
1 5 2236 1533 685 1534 1536 680 394 681
1 5 1535 2236 1534 686 682 1536 681 356
1 5 687 105 688 1537 1538 696 1539 2237
1 5 1537 688 298 689 2237 1539 697 1540
1 5 690 1537 689 155 1541 2237 1540 698
1 5 695 1538 2237 1541 114 691 1542 694
1 5 1538 696 1539 2237 691 265 692 1542
1 5 2237 1539 697 1540 1542 692 395 693
1 5 1541 2237 1540 698 694 1542 693 337
1 5 699 107 700 1543 1544 708 1545 2238
1 5 1543 700 267 701 2238 1545 709 1546
1 5 702 1543 701 110 1547 2238 1546 710
1 5 707 1544 2238 1547 217 703 1548 706
1 5 1544 708 1545 2238 703 360 704 1548
1 5 2238 1545 709 1546 1548 704 396 705
1 5 1547 2238 1546 710 706 1548 705 342
1 5 711 109 712 1549 1550 720 1551 2239
1 5 1549 712 359 713 2239 1551 721 1552
1 5 714 1549 713 208 1553 2239 1552 722
1 5 719 1550 2239 1553 218 715 1554 718
1 5 1550 720 1551 2239 715 362 716 1554
1 5 2239 1551 721 1552 1554 716 397 717
1 5 1553 2239 1552 722 718 1554 717 346
1 5 723 119 724 1555 1556 732 1557 2240
1 5 1555 724 273 725 2240 1557 733 1558
1 5 726 1555 725 122 1559 2240 1558 734
1 5 731 1556 2240 1559 223 727 1560 730
1 5 1556 732 1557 2240 727 365 728 1560
1 5 2240 1557 733 1558 1560 728 398 729
1 5 1559 2240 1558 734 730 1560 729 369
1 5 735 10 450 1561 1562 455 1421 2241
1 5 1561 450 80 736 2241 1421 458 1563
1 5 400 1561 736 250 1395 2241 1563 409
1 5 408 1562 2241 1395 251 737 1564 404
1 5 1562 455 1421 2241 737 88 454 1564
1 5 2241 1421 458 1563 1564 454 252 738
1 5 1395 2241 1563 409 404 1564 738 371
1 5 736 80 739 1565 1563 458 1566 2242
1 5 1565 739 42 740 2242 1566 467 1567
1 5 741 1565 740 81 1568 2242 1567 480
1 5 409 1563 2242 1568 371 738 1569 744
1 5 1563 458 1566 2242 738 252 742 1569
1 5 2242 1566 467 1567 1569 742 89 743
1 5 1568 2242 1567 480 744 1569 743 253
1 5 401 250 741 1570 1396 409 1568 2243
1 5 1570 741 81 471 2243 1568 480 1430
1 5 745 1570 471 13 1571 2243 1430 479
1 5 410 1396 2243 1571 254 405 1572 746
1 5 1396 409 1568 2243 405 371 744 1572
1 5 2243 1568 480 1430 1572 744 253 475
1 5 1571 2243 1430 479 746 1572 475 90
1 5 403 251 404 1398 1573 748 1574 2244
1 5 1398 404 371 405 2244 1574 749 1575
1 5 406 1398 405 254 1576 2244 1575 750
1 5 747 1573 2244 1576 18 483 1435 486
1 5 1573 748 1574 2244 483 83 484 1435
1 5 2244 1574 749 1575 1435 484 255 485
1 5 1576 2244 1575 750 486 1435 485 86
1 5 737 88 454 1564 1577 754 1578 2245
1 5 1564 454 252 738 2245 1578 755 1579
1 5 404 1564 738 371 1574 2245 1579 749
1 5 748 1577 2245 1574 83 751 1580 484
1 5 1577 754 1578 2245 751 43 752 1580
1 5 2245 1578 755 1579 1580 752 84 753
1 5 1574 2245 1579 749 484 1580 753 255
1 5 738 252 742 1569 1579 755 1581 2246
1 5 1569 742 89 743 2246 1581 759 1582
1 5 744 1569 743 253 1583 2246 1582 760
1 5 749 1579 2246 1583 255 753 1584 758
1 5 1579 755 1581 2246 753 84 756 1584
1 5 2246 1581 759 1582 1584 756 71 757
1 5 1583 2246 1582 760 758 1584 757 85
1 5 405 371 744 1572 1575 749 1583 2247
1 5 1572 744 253 475 2247 1583 760 1585
1 5 746 1572 475 90 1586 2247 1585 762
1 5 750 1575 2247 1586 86 485 1587 761
1 5 1575 749 1583 2247 485 255 758 1587
1 5 2247 1583 760 1585 1587 758 85 507
1 5 1586 2247 1585 762 761 1587 507 46
1 5 763 12 666 1588 1589 671 1529 2248
1 5 1588 666 92 764 2248 1529 674 1590
1 5 412 1588 764 256 1401 2248 1590 421
1 5 420 1589 2248 1401 257 765 1591 416
1 5 1589 671 1529 2248 765 100 670 1591
1 5 2248 1529 674 1590 1591 670 258 766
1 5 1401 2248 1590 421 416 1591 766 372
1 5 764 92 767 1592 1590 674 1593 2249
1 5 1592 767 54 768 2249 1593 773 1594
1 5 769 1592 768 93 1595 2249 1594 684
1 5 421 1590 2249 1595 372 766 1596 772
1 5 1590 674 1593 2249 766 258 770 1596
1 5 2249 1593 773 1594 1596 770 101 771
1 5 1595 2249 1594 684 772 1596 771 259
1 5 413 256 769 1597 1402 421 1595 2250
1 5 1597 769 93 675 2250 1595 684 1532
1 5 774 1597 675 29 1598 2250 1532 683
1 5 422 1402 2250 1598 260 417 1599 775
1 5 1402 421 1595 2250 417 372 772 1599
1 5 2250 1595 684 1532 1599 772 259 679
1 5 1598 2250 1532 683 775 1599 679 102
1 5 415 257 416 1404 1600 781 1601 2251
1 5 1404 416 372 417 2251 1601 782 1602
1 5 418 1404 417 260 1603 2251 1602 783
1 5 780 1600 2251 1603 21 776 1604 779
1 5 1600 781 1601 2251 776 95 777 1604
1 5 2251 1601 782 1602 1604 777 261 778
1 5 1603 2251 1602 783 779 1604 778 98
1 5 765 100 670 1591 1605 787 1606 2252
1 5 1591 670 258 766 2252 1606 788 1607
1 5 416 1591 766 372 1601 2252 1607 782
1 5 781 1605 2252 1601 95 784 1608 777
1 5 1605 787 1606 2252 784 45 785 1608
1 5 2252 1606 788 1607 1608 785 96 786
1 5 1601 2252 1607 782 777 1608 786 261
1 5 766 258 770 1596 1607 788 1609 2253
1 5 1596 770 101 771 2253 1609 792 1610
1 5 772 1596 771 259 1611 2253 1610 793
1 5 782 1607 2253 1611 261 786 1612 791
1 5 1607 788 1609 2253 786 96 789 1612
1 5 2253 1609 792 1610 1612 789 76 790
1 5 1611 2253 1610 793 791 1612 790 97
1 5 417 372 772 1599 1602 782 1611 2254
1 5 1599 772 259 679 2254 1611 793 1613
1 5 775 1599 679 102 1614 2254 1613 796
1 5 783 1602 2254 1614 98 778 1615 795
1 5 1602 782 1611 2254 778 261 791 1615
1 5 2254 1611 793 1613 1615 791 97 794
1 5 1614 2254 1613 796 795 1615 794 59
1 5 797 14 798 1616 1617 803 1618 2255
1 5 1616 798 104 799 2255 1618 804 1619
1 5 424 1616 799 262 1407 2255 1619 433
1 5 432 1617 2255 1407 263 800 1620 428
1 5 1617 803 1618 2255 800 112 801 1620
1 5 2255 1618 804 1619 1620 801 264 802
1 5 1407 2255 1619 433 428 1620 802 373
1 5 799 104 805 1621 1619 804 1622 2256
1 5 1621 805 47 806 2256 1622 811 1623
1 5 807 1621 806 105 1624 2256 1623 696
1 5 433 1619 2256 1624 373 802 1625 810
1 5 1619 804 1622 2256 802 264 808 1625
1 5 2256 1622 811 1623 1625 808 113 809
1 5 1624 2256 1623 696 810 1625 809 265
1 5 425 262 807 1626 1408 433 1624 2257
1 5 1626 807 105 687 2257 1624 696 1538
1 5 812 1626 687 17 1627 2257 1538 695
1 5 434 1408 2257 1627 266 429 1628 813
1 5 1408 433 1624 2257 429 373 810 1628
1 5 2257 1624 696 1538 1628 810 265 691
1 5 1627 2257 1538 695 813 1628 691 114
1 5 427 263 428 1410 1629 815 1630 2258
1 5 1410 428 373 429 2258 1630 816 1631
1 5 430 1410 429 266 1632 2258 1631 817
1 5 814 1629 2258 1632 37 699 1543 702
1 5 1629 815 1630 2258 699 107 700 1543
1 5 2258 1630 816 1631 1543 700 267 701
1 5 1632 2258 1631 817 702 1543 701 110
1 5 800 112 801 1620 1633 821 1634 2259
1 5 1620 801 264 802 2259 1634 822 1635
1 5 428 1620 802 373 1630 2259 1635 816
1 5 815 1633 2259 1630 107 818 1636 700
1 5 1633 821 1634 2259 818 67 819 1636
1 5 2259 1634 822 1635 1636 819 108 820
1 5 1630 2259 1635 816 700 1636 820 267
1 5 802 264 808 1625 1635 822 1637 2260
1 5 1625 808 113 809 2260 1637 826 1638
1 5 810 1625 809 265 1639 2260 1638 827
1 5 816 1635 2260 1639 267 820 1640 825
1 5 1635 822 1637 2260 820 108 823 1640
1 5 2260 1637 826 1638 1640 823 77 824
1 5 1639 2260 1638 827 825 1640 824 109
1 5 429 373 810 1628 1631 816 1639 2261
1 5 1628 810 265 691 2261 1639 827 1641
1 5 813 1628 691 114 1642 2261 1641 829
1 5 817 1631 2261 1642 110 701 1643 828
1 5 1631 816 1639 2261 701 267 825 1643
1 5 2261 1639 827 1641 1643 825 109 711
1 5 1642 2261 1641 829 828 1643 711 61
1 5 830 16 831 1644 1645 836 1646 2262
1 5 1644 831 116 832 2262 1646 837 1647
1 5 436 1644 832 268 1413 2262 1647 445
1 5 444 1645 2262 1413 269 833 1648 440
1 5 1645 836 1646 2262 833 124 834 1648
1 5 2262 1646 837 1647 1648 834 270 835
1 5 1413 2262 1647 445 440 1648 835 374
1 5 832 116 838 1649 1647 837 1650 2263
1 5 1649 838 66 839 2263 1650 844 1651
1 5 840 1649 839 117 1652 2263 1651 845
1 5 445 1647 2263 1652 374 835 1653 843
1 5 1647 837 1650 2263 835 270 841 1653
1 5 2263 1650 844 1651 1653 841 125 842
1 5 1652 2263 1651 845 843 1653 842 271
1 5 437 268 840 1654 1414 445 1652 2264
1 5 1654 840 117 846 2264 1652 845 1655
1 5 847 1654 846 33 1656 2264 1655 850
1 5 446 1414 2264 1656 272 441 1657 849
1 5 1414 445 1652 2264 441 374 843 1657
1 5 2264 1652 845 1655 1657 843 271 848
1 5 1656 2264 1655 850 849 1657 848 126
1 5 439 269 440 1416 1658 852 1659 2265
1 5 1416 440 374 441 2265 1659 853 1660
1 5 442 1416 441 272 1661 2265 1660 854
1 5 851 1658 2265 1661 38 723 1555 726
1 5 1658 852 1659 2265 723 119 724 1555
1 5 2265 1659 853 1660 1555 724 273 725
1 5 1661 2265 1660 854 726 1555 725 122
1 5 833 124 834 1648 1662 858 1663 2266
1 5 1648 834 270 835 2266 1663 859 1664
1 5 440 1648 835 374 1659 2266 1664 853
1 5 852 1662 2266 1659 119 855 1665 724
1 5 1662 858 1663 2266 855 68 856 1665
1 5 2266 1663 859 1664 1665 856 120 857
1 5 1659 2266 1664 853 724 1665 857 273
1 5 835 270 841 1653 1664 859 1666 2267
1 5 1653 841 125 842 2267 1666 863 1667
1 5 843 1653 842 271 1668 2267 1667 864
1 5 853 1664 2267 1668 273 857 1669 862
1 5 1664 859 1666 2267 857 120 860 1669
1 5 2267 1666 863 1667 1669 860 78 861
1 5 1668 2267 1667 864 862 1669 861 121
1 5 441 374 843 1657 1660 853 1668 2268
1 5 1657 843 271 848 2268 1668 864 1670
1 5 849 1657 848 126 1671 2268 1670 867
1 5 854 1660 2268 1671 122 725 1672 866
1 5 1660 853 1668 2268 725 273 862 1672
1 5 2268 1668 864 1670 1672 862 121 865
1 5 1671 2268 1670 867 866 1672 865 64
1 5 868 3 869 1673 1674 874 1675 2269
1 5 1673 869 128 870 2269 1675 875 1676
1 5 448 1673 870 274 1419 2269 1676 457
1 5 456 1674 2269 1419 275 871 1677 452
1 5 1674 874 1675 2269 871 133 872 1677
1 5 2269 1675 875 1676 1677 872 276 873
1 5 1419 2269 1676 457 452 1677 873 375
1 5 870 128 876 1678 1676 875 1679 2270
1 5 1678 876 11 877 2270 1679 882 1680
1 5 878 1678 877 129 1681 2270 1680 468
1 5 457 1676 2270 1681 375 873 1682 881
1 5 1676 875 1679 2270 873 276 879 1682
1 5 2270 1679 882 1680 1682 879 134 880
1 5 1681 2270 1680 468 881 1682 880 277
1 5 449 274 878 1683 1420 457 1681 2271
1 5 1683 878 129 459 2271 1681 468 1424
1 5 739 1683 459 42 1566 2271 1424 467
1 5 458 1420 2271 1566 252 453 1684 742
1 5 1420 457 1681 2271 453 375 881 1684
1 5 2271 1681 468 1424 1684 881 277 463
1 5 1566 2271 1424 467 742 1684 463 89
1 5 451 275 452 1422 1685 886 1686 2272
1 5 1422 452 375 453 2272 1686 887 1687
1 5 454 1422 453 252 1578 2272 1687 755
1 5 754 1685 2272 1578 43 883 1688 752
1 5 1685 886 1686 2272 883 130 884 1688
1 5 2272 1686 887 1687 1688 884 278 885
1 5 1578 2272 1687 755 752 1688 885 84
1 5 871 133 872 1677 1689 891 1690 2273
1 5 1677 872 276 873 2273 1690 892 1691
1 5 452 1677 873 375 1686 2273 1691 887
1 5 886 1689 2273 1686 130 888 1692 884
1 5 1689 891 1690 2273 888 19 889 1692
1 5 2273 1690 892 1691 1692 889 131 890
1 5 1686 2273 1691 887 884 1692 890 278
1 5 873 276 879 1682 1691 892 1693 2274
1 5 1682 879 134 880 2274 1693 896 1694
1 5 881 1682 880 277 1695 2274 1694 897
1 5 887 1691 2274 1695 278 890 1696 895
1 5 1691 892 1693 2274 890 131 893 1696
1 5 2274 1693 896 1694 1696 893 44 894
1 5 1695 2274 1694 897 895 1696 894 132
1 5 453 375 881 1684 1687 887 1695 2275
1 5 1684 881 277 463 2275 1695 897 1697
1 5 742 1684 463 89 1581 2275 1697 759
1 5 755 1687 2275 1581 84 885 1698 756
1 5 1687 887 1695 2275 885 278 895 1698
1 5 2275 1695 897 1697 1698 895 132 495
1 5 1581 2275 1697 759 756 1698 495 71
1 5 877 11 898 1699 1680 882 1700 2276
1 5 1699 898 135 899 2276 1700 902 1701
1 5 460 1699 899 279 1425 2276 1701 469
1 5 468 1680 2276 1425 277 880 1702 464
1 5 1680 882 1700 2276 880 134 900 1702
1 5 2276 1700 902 1701 1702 900 280 901
1 5 1425 2276 1701 469 464 1702 901 376
1 5 899 135 903 1703 1701 902 1704 2277
1 5 1703 903 7 904 2277 1704 909 1705
1 5 905 1703 904 136 1706 2277 1705 672
1 5 469 1701 2277 1706 376 901 1707 908
1 5 1701 902 1704 2277 901 280 906 1707
1 5 2277 1704 909 1705 1707 906 141 907
1 5 1706 2277 1705 672 908 1707 907 281
1 5 461 279 905 1708 1426 469 1706 2278
1 5 1708 905 136 663 2278 1706 672 1526
1 5 910 1708 663 12 1709 2278 1526 671
1 5 470 1426 2278 1709 282 465 1710 911
1 5 1426 469 1706 2278 465 376 908 1710
1 5 2278 1706 672 1526 1710 908 281 667
1 5 1709 2278 1526 671 911 1710 667 100
1 5 463 277 464 1428 1697 897 1711 2279
1 5 1428 464 376 465 2279 1711 912 1712
1 5 466 1428 465 282 1713 2279 1712 913
1 5 759 1697 2279 1713 71 495 1441 498
1 5 1697 897 1711 2279 495 132 496 1441
1 5 2279 1711 912 1712 1441 496 283 497
1 5 1713 2279 1712 913 498 1441 497 140
1 5 880 134 900 1702 1694 896 1714 2280
1 5 1702 900 280 901 2280 1714 916 1715
1 5 464 1702 901 376 1711 2280 1715 912
1 5 897 1694 2280 1711 132 894 1716 496
1 5 1694 896 1714 2280 894 44 914 1716
1 5 2280 1714 916 1715 1716 914 138 915
1 5 1711 2280 1715 912 496 1716 915 283
1 5 901 280 906 1707 1715 916 1717 2281
1 5 1707 906 141 907 2281 1717 920 1718
1 5 908 1707 907 281 1719 2281 1718 921
1 5 912 1715 2281 1719 283 915 1720 919
1 5 1715 916 1717 2281 915 138 917 1720
1 5 2281 1717 920 1718 1720 917 20 918
1 5 1719 2281 1718 921 919 1720 918 139
1 5 465 376 908 1710 1712 912 1719 2282
1 5 1710 908 281 667 2282 1719 921 1721
1 5 911 1710 667 100 1722 2282 1721 787
1 5 913 1712 2282 1722 140 497 1723 923
1 5 1712 912 1719 2282 497 283 919 1723
1 5 2282 1719 921 1721 1723 919 139 922
1 5 1722 2282 1721 787 923 1723 922 45
1 5 740 42 462 1724 1567 467 1427 2283
1 5 1724 462 137 924 2283 1427 470 1725
1 5 472 1724 924 284 1431 2283 1725 481
1 5 480 1567 2283 1431 253 743 1726 476
1 5 1567 467 1427 2283 743 89 466 1726
1 5 2283 1427 470 1725 1726 466 282 925
1 5 1431 2283 1725 481 476 1726 925 377
1 5 924 137 910 1727 1725 470 1709 2284
1 5 1727 910 12 763 2284 1709 671 1589
1 5 926 1727 763 91 1728 2284 1589 420
1 5 481 1725 2284 1728 377 925 1729 927
1 5 1725 470 1709 2284 925 282 911 1729
1 5 2284 1709 671 1589 1729 911 100 765
1 5 1728 2284 1589 420 927 1729 765 257
1 5 473 284 926 1730 1432 481 1728 2285
1 5 1730 926 91 411 2285 1728 420 1400
1 5 928 1730 411 4 1731 2285 1400 419
1 5 482 1432 2285 1731 285 477 1732 929
1 5 1432 481 1728 2285 477 377 927 1732
1 5 2285 1728 420 1400 1732 927 257 415
1 5 1731 2285 1400 419 929 1732 415 99
1 5 475 253 476 1434 1585 760 1733 2286
1 5 1434 476 377 477 2286 1733 930 1734
1 5 478 1434 477 285 1735 2286 1734 931
1 5 762 1585 2286 1735 46 507 1447 510
1 5 1585 760 1733 2286 507 85 508 1447
1 5 2286 1733 930 1734 1447 508 286 509
1 5 1735 2286 1734 931 510 1447 509 143
1 5 743 89 466 1726 1582 759 1713 2287
1 5 1726 466 282 925 2287 1713 913 1736
1 5 476 1726 925 377 1733 2287 1736 930
1 5 760 1582 2287 1733 85 757 1737 508
1 5 1582 759 1713 2287 757 71 498 1737
1 5 2287 1713 913 1736 1737 498 140 932
1 5 1733 2287 1736 930 508 1737 932 286
1 5 925 282 911 1729 1736 913 1722 2288
1 5 1729 911 100 765 2288 1722 787 1605
1 5 927 1729 765 257 1738 2288 1605 781
1 5 930 1736 2288 1738 286 932 1739 933
1 5 1736 913 1722 2288 932 140 923 1739
1 5 2288 1722 787 1605 1739 923 45 784
1 5 1738 2288 1605 781 933 1739 784 95
1 5 477 377 927 1732 1734 930 1738 2289
1 5 1732 927 257 415 2289 1738 781 1600
1 5 929 1732 415 99 1740 2289 1600 780
1 5 931 1734 2289 1740 143 509 1741 934
1 5 1734 930 1738 2289 509 286 933 1741
1 5 2289 1738 781 1600 1741 933 95 776
1 5 1740 2289 1600 780 934 1741 776 21
1 5 751 43 752 1580 1742 938 1743 2290
1 5 1580 752 84 753 2290 1743 939 1744
1 5 484 1580 753 255 1437 2290 1744 493
1 5 492 1742 2290 1437 287 935 1745 488
1 5 1742 938 1743 2290 935 145 936 1745
1 5 2290 1743 939 1744 1745 936 288 937
1 5 1437 2290 1744 493 488 1745 937 378
1 5 753 84 756 1584 1744 939 1746 2291
1 5 1584 756 71 757 2291 1746 503 1747
1 5 758 1584 757 85 1748 2291 1747 516
1 5 493 1744 2291 1748 378 937 1749 942
1 5 1744 939 1746 2291 937 288 940 1749
1 5 2291 1746 503 1747 1749 940 146 941
1 5 1748 2291 1747 516 942 1749 941 289
1 5 485 255 758 1587 1438 493 1748 2292
1 5 1587 758 85 507 2292 1748 516 1448
1 5 761 1587 507 46 1750 2292 1448 515
1 5 494 1438 2292 1750 290 489 1751 943
1 5 1438 493 1748 2292 489 378 942 1751
1 5 2292 1748 516 1448 1751 942 289 511
1 5 1750 2292 1448 515 943 1751 511 147
1 5 487 287 488 1440 1752 945 1753 2293
1 5 1440 488 378 489 2293 1753 946 1754
1 5 490 1440 489 290 1755 2293 1754 947
1 5 944 1752 2293 1755 6 423 1405 426
1 5 1752 945 1753 2293 423 103 424 1405
1 5 2293 1753 946 1754 1405 424 262 425
1 5 1755 2293 1754 947 426 1405 425 106
1 5 935 145 936 1745 1756 948 1757 2294
1 5 1745 936 288 937 2294 1757 949 1758
1 5 488 1745 937 378 1753 2294 1758 946
1 5 945 1756 2294 1753 103 797 1616 424
1 5 1756 948 1757 2294 797 14 798 1616
1 5 2294 1757 949 1758 1616 798 104 799
1 5 1753 2294 1758 946 424 1616 799 262
1 5 937 288 940 1749 1758 949 1759 2295
1 5 1749 940 146 941 2295 1759 950 1760
1 5 942 1749 941 289 1761 2295 1760 951
1 5 946 1758 2295 1761 262 799 1621 807
1 5 1758 949 1759 2295 799 104 805 1621
1 5 2295 1759 950 1760 1621 805 47 806
1 5 1761 2295 1760 951 807 1621 806 105
1 5 489 378 942 1751 1754 946 1761 2296
1 5 1751 942 289 511 2296 1761 951 1762
1 5 943 1751 511 147 1763 2296 1762 952
1 5 947 1754 2296 1763 106 425 1626 812
1 5 1754 946 1761 2296 425 262 807 1626
1 5 2296 1761 951 1762 1626 807 105 687
1 5 1763 2296 1762 952 812 1626 687 17
1 5 894 44 914 1716 1764 956 1765 2297
1 5 1716 914 138 915 2297 1765 957 1766
1 5 496 1716 915 283 1443 2297 1766 505
1 5 504 1764 2297 1443 291 953 1767 500
1 5 1764 956 1765 2297 953 152 954 1767
1 5 2297 1765 957 1766 1767 954 292 955
1 5 1443 2297 1766 505 500 1767 955 379
1 5 915 138 917 1720 1766 957 1768 2298
1 5 1720 917 20 918 2298 1768 961 1769
1 5 919 1720 918 139 1770 2298 1769 962
1 5 505 1766 2298 1770 379 955 1771 960
1 5 1766 957 1768 2298 955 292 958 1771
1 5 2298 1768 961 1769 1771 958 153 959
1 5 1770 2298 1769 962 960 1771 959 293
1 5 497 283 919 1723 1444 505 1770 2299
1 5 1723 919 139 922 2299 1770 962 1772
1 5 923 1723 922 45 1773 2299 1772 965
1 5 506 1444 2299 1773 294 501 1774 964
1 5 1444 505 1770 2299 501 379 960 1774
1 5 2299 1770 962 1772 1774 960 293 963
1 5 1773 2299 1772 965 964 1774 963 154
1 5 499 291 500 1446 1775 970 1776 2300
1 5 1446 500 379 501 2300 1776 971 1777
1 5 502 1446 501 294 1778 2300 1777 972
1 5 950 1775 2300 1778 47 966 1779 969
1 5 1775 970 1776 2300 966 148 967 1779
1 5 2300 1776 971 1777 1779 967 295 968
1 5 1778 2300 1777 972 969 1779 968 151
1 5 953 152 954 1767 1780 976 1781 2301
1 5 1767 954 292 955 2301 1781 977 1782
1 5 500 1767 955 379 1776 2301 1782 971
1 5 970 1780 2301 1776 148 973 1783 967
1 5 1780 976 1781 2301 973 15 974 1783
1 5 2301 1781 977 1782 1783 974 149 975
1 5 1776 2301 1782 971 967 1783 975 295
1 5 955 292 958 1771 1782 977 1784 2302
1 5 1771 958 153 959 2302 1784 981 1785
1 5 960 1771 959 293 1786 2302 1785 982
1 5 971 1782 2302 1786 295 975 1787 980
1 5 1782 977 1784 2302 975 149 978 1787
1 5 2302 1784 981 1785 1787 978 9 979
1 5 1786 2302 1785 982 980 1787 979 150
1 5 501 379 960 1774 1777 971 1786 2303
1 5 1774 960 293 963 2303 1786 982 1788
1 5 964 1774 963 154 1789 2303 1788 985
1 5 972 1777 2303 1789 151 968 1790 984
1 5 1777 971 1786 2303 968 295 980 1790
1 5 2303 1786 982 1788 1790 980 150 983
1 5 1789 2303 1788 985 984 1790 983 16
1 5 757 71 498 1737 1747 503 1445 2304
1 5 1737 498 140 932 2304 1445 506 1791
1 5 508 1737 932 286 1449 2304 1791 517
1 5 516 1747 2304 1449 289 941 1792 512
1 5 1747 503 1445 2304 941 146 502 1792
1 5 2304 1445 506 1791 1792 502 294 986
1 5 1449 2304 1791 517 512 1792 986 380
1 5 932 140 923 1739 1791 506 1773 2305
1 5 1739 923 45 784 2305 1773 965 1793
1 5 933 1739 784 95 1794 2305 1793 989
1 5 517 1791 2305 1794 380 986 1795 988
1 5 1791 506 1773 2305 986 294 964 1795
1 5 2305 1773 965 1793 1795 964 154 987
1 5 1794 2305 1793 989 988 1795 987 296
1 5 509 286 933 1741 1450 517 1794 2306
1 5 1741 933 95 776 2306 1794 989 1796
1 5 934 1741 776 21 1797 2306 1796 992
1 5 518 1450 2306 1797 297 513 1798 991
1 5 1450 517 1794 2306 513 380 988 1798
1 5 2306 1794 989 1796 1798 988 296 990
1 5 1797 2306 1796 992 991 1798 990 156
1 5 511 289 512 1452 1762 951 1799 2307
1 5 1452 512 380 513 2307 1799 993 1800
1 5 514 1452 513 297 1801 2307 1800 994
1 5 952 1762 2307 1801 17 687 1537 690
1 5 1762 951 1799 2307 687 105 688 1537
1 5 2307 1799 993 1800 1537 688 298 689
1 5 1801 2307 1800 994 690 1537 689 155
1 5 941 146 502 1792 1760 950 1778 2308
1 5 1792 502 294 986 2308 1778 972 1802
1 5 512 1792 986 380 1799 2308 1802 993
1 5 951 1760 2308 1799 105 806 1803 688
1 5 1760 950 1778 2308 806 47 969 1803
1 5 2308 1778 972 1802 1803 969 151 995
1 5 1799 2308 1802 993 688 1803 995 298
1 5 986 294 964 1795 1802 972 1789 2309
1 5 1795 964 154 987 2309 1789 985 1804
1 5 988 1795 987 296 1805 2309 1804 997
1 5 993 1802 2309 1805 298 995 1806 996
1 5 1802 972 1789 2309 995 151 984 1806
1 5 2309 1789 985 1804 1806 984 16 830
1 5 1805 2309 1804 997 996 1806 830 115
1 5 513 380 988 1798 1800 993 1805 2310
1 5 1798 988 296 990 2310 1805 997 1807
1 5 991 1798 990 156 1808 2310 1807 999
1 5 994 1800 2310 1808 155 689 1809 998
1 5 1800 993 1805 2310 689 298 996 1809
1 5 2310 1805 997 1807 1809 996 115 435
1 5 1808 2310 1807 999 998 1809 435 8
1 5 1000 49 534 1810 1811 539 1463 2311
1 5 1810 534 158 1001 2311 1463 542 1812
1 5 520 1810 1001 299 1455 2311 1812 529
1 5 528 1811 2311 1455 300 1002 1813 524
1 5 1811 539 1463 2311 1002 162 538 1813
1 5 2311 1463 542 1812 1813 538 301 1003
1 5 1455 2311 1812 529 524 1813 1003 381
1 5 1001 158 1004 1814 1812 542 1815 2312
1 5 1814 1004 72 1005 2312 1815 551 1816
1 5 1006 1814 1005 159 1817 2312 1816 564
1 5 529 1812 2312 1817 381 1003 1818 1009
1 5 1812 542 1815 2312 1003 301 1007 1818
1 5 2312 1815 551 1816 1818 1007 163 1008
1 5 1817 2312 1816 564 1009 1818 1008 302
1 5 521 299 1006 1819 1456 529 1817 2313
1 5 1819 1006 159 555 2313 1817 564 1472
1 5 1010 1819 555 52 1820 2313 1472 563
1 5 530 1456 2313 1820 303 525 1821 1011
1 5 1456 529 1817 2313 525 381 1009 1821
1 5 2313 1817 564 1472 1821 1009 302 559
1 5 1820 2313 1472 563 1011 1821 559 164
1 5 523 300 524 1458 1822 1013 1823 2314
1 5 1458 524 381 525 2314 1823 1014 1824
1 5 526 1458 525 303 1825 2314 1824 1015
1 5 1012 1822 2314 1825 0 399 1393 402
1 5 1822 1013 1823 2314 399 79 400 1393
1 5 2314 1823 1014 1824 1393 400 250 401
1 5 1825 2314 1824 1015 402 1393 401 82
1 5 1002 162 538 1813 1826 1016 1827 2315
1 5 1813 538 301 1003 2315 1827 1017 1828
1 5 524 1813 1003 381 1823 2315 1828 1014
1 5 1013 1826 2315 1823 79 735 1561 400
1 5 1826 1016 1827 2315 735 10 450 1561
1 5 2315 1827 1017 1828 1561 450 80 736
1 5 1823 2315 1828 1014 400 1561 736 250
1 5 1003 301 1007 1818 1828 1017 1829 2316
1 5 1818 1007 163 1008 2316 1829 1018 1830
1 5 1009 1818 1008 302 1831 2316 1830 1019
1 5 1014 1828 2316 1831 250 736 1565 741
1 5 1828 1017 1829 2316 736 80 739 1565
1 5 2316 1829 1018 1830 1565 739 42 740
1 5 1831 2316 1830 1019 741 1565 740 81
1 5 525 381 1009 1821 1824 1014 1831 2317
1 5 1821 1009 302 559 2317 1831 1019 1832
1 5 1011 1821 559 164 1833 2317 1832 1020
1 5 1015 1824 2317 1833 82 401 1570 745
1 5 1824 1014 1831 2317 401 250 741 1570
1 5 2317 1831 1019 1832 1570 741 81 471
1 5 1833 2317 1832 1020 745 1570 471 13
1 5 1021 25 1022 1834 1835 1027 1836 2318
1 5 1834 1022 166 1023 2318 1836 1028 1837
1 5 532 1834 1023 304 1461 2318 1837 541
1 5 540 1835 2318 1461 305 1024 1838 536
1 5 1835 1027 1836 2318 1024 168 1025 1838
1 5 2318 1836 1028 1837 1838 1025 306 1026
1 5 1461 2318 1837 541 536 1838 1026 382
1 5 1023 166 1029 1839 1837 1028 1840 2319
1 5 1839 1029 50 1030 2319 1840 1035 1841
1 5 1031 1839 1030 167 1842 2319 1841 552
1 5 541 1837 2319 1842 382 1026 1843 1034
1 5 1837 1028 1840 2319 1026 306 1032 1843
1 5 2319 1840 1035 1841 1843 1032 169 1033
1 5 1842 2319 1841 552 1034 1843 1033 307
1 5 533 304 1031 1844 1462 541 1842 2320
1 5 1844 1031 167 543 2320 1842 552 1466
1 5 1004 1844 543 72 1815 2320 1466 551
1 5 542 1462 2320 1815 301 537 1845 1007
1 5 1462 541 1842 2320 537 382 1034 1845
1 5 2320 1842 552 1466 1845 1034 307 547
1 5 1815 2320 1466 551 1007 1845 547 163
1 5 535 305 536 1464 1846 1036 1847 2321
1 5 1464 536 382 537 2321 1847 1037 1848
1 5 538 1464 537 301 1827 2321 1848 1017
1 5 1016 1846 2321 1827 10 447 1417 450
1 5 1846 1036 1847 2321 447 127 448 1417
1 5 2321 1847 1037 1848 1417 448 274 449
1 5 1827 2321 1848 1017 450 1417 449 80
1 5 1024 168 1025 1838 1849 1038 1850 2322
1 5 1838 1025 306 1026 2322 1850 1039 1851
1 5 536 1838 1026 382 1847 2322 1851 1037
1 5 1036 1849 2322 1847 127 868 1673 448
1 5 1849 1038 1850 2322 868 3 869 1673
