MFEM mesh v1.0

#
# MFEM Geometry Types (see mesh/geom.hpp):
#
# POINT       = 0
# SEGMENT     = 1
# TRIANGLE    = 2
# SQUARE      = 3
# TETRAHEDRON = 4
# CUBE        = 5
#

dimension
3

elements
1792
1 5 7 409 1421 412 417 1422 2249 1425
1 5 3 421 1427 424 429 1428 2250 1431
1 5 10 433 1433 436 441 1434 2251 1437
1 5 47 445 1439 448 453 1440 2252 1443
1 5 17 457 1445 460 465 1446 2253 1449
1 5 50 469 1451 472 477 1452 2254 1455
1 5 53 481 1457 484 489 1458 2255 1461
1 5 76 493 1463 496 501 1464 2256 1467
1 5 48 505 1469 508 513 1470 2257 1473
1 5 25 517 1475 520 525 1476 2258 1479
1 5 21 529 1481 532 537 1482 2259 1485
1 5 16 541 1487 544 549 1488 2260 1491
1 5 55 553 1493 556 561 1494 2261 1497
1 5 28 565 1499 568 573 1500 2262 1503
1 5 22 577 1505 580 585 1506 2263 1509
1 5 49 589 1511 592 597 1512 2264 1515
1 5 78 601 1517 604 609 1518 2265 1521
1 5 62 613 1523 616 621 1524 2266 1527
1 5 79 625 1529 628 633 1530 2267 1533
1 5 66 637 1535 640 645 1536 2268 1539
1 5 69 649 1541 652 657 1542 2269 1545
1 5 19 661 1547 664 669 1548 2270 1551
1 5 63 673 1553 676 681 1554 2271 1557
1 5 33 685 1559 688 693 1560 2272 1563
1 5 39 697 1565 700 705 1566 2273 1569
1 5 65 709 1571 712 717 1572 2274 1575
1 5 81 721 1577 724 729 1578 2275 1581
1 5 72 733 1583 736 741 1584 2276 1587
1 5 82 745 1589 410 418 1590 2277 1423
1 5 258 747 1594 755 419 1592 2278 1597
1 5 85 411 1599 760 420 1424 2279 1600
1 5 90 413 1426 416 762 1602 2280 1605
1 5 259 748 1593 414 763 1606 2281 1603
1 5 381 750 1598 758 764 1608 2282 1612
1 5 262 415 1601 761 765 1604 2283 1615
1 5 94 779 1617 422 430 1618 2284 1429
1 5 264 780 1621 785 431 1619 2285 1624
1 5 97 423 1626 789 432 1430 2286 1627
1 5 102 425 1432 428 791 1629 2287 1632
1 5 265 781 1620 426 792 1633 2288 1630
1 5 382 782 1625 788 793 1635 2289 1639
1 5 268 427 1628 790 794 1631 2290 1642
1 5 106 806 1644 434 442 1645 2291 1435
1 5 270 807 1648 812 443 1646 2292 1651
1 5 109 435 1653 816 444 1436 2293 1654
1 5 114 437 1438 440 818 1656 2294 1659
1 5 271 808 1647 438 819 1660 2295 1657
1 5 383 809 1652 815 820 1662 2296 1666
1 5 274 439 1655 817 821 1658 2297 1669
1 5 118 833 1671 446 454 1672 2298 1441
1 5 276 835 1676 843 455 1674 2299 1679
1 5 121 447 1681 847 456 1442 2300 1682
1 5 126 449 1444 452 853 1684 2301 1687
1 5 277 836 1675 450 854 1689 2302 1685
1 5 384 838 1680 846 855 1691 2303 1695
1 5 280 451 1683 848 856 1686 2304 1698
1 5 128 866 1700 458 466 1701 2305 1447
1 5 282 867 1704 870 467 1702 2306 1705
1 5 129 459 1707 872 468 1448 2307 1708
1 5 132 461 1450 464 874 1710 2308 1713
1 5 283 868 1703 462 875 1714 2309 1711
1 5 385 869 1706 871 876 1715 2310 1717
1 5 284 463 1709 873 877 1712 2311 1719
1 5 130 878 1716 470 478 1721 2312 1453
1 5 285 879 1718 880 479 1723 2313 1727
1 5 131 471 1720 881 480 1454 2314 1729
1 5 136 473 1456 476 895 1731 2315 1734
1 5 286 882 1724 474 896 1736 2316 1732
1 5 386 884 1728 889 897 1738 2317 1742
1 5 289 475 1730 890 898 1733 2318 1745
1 5 140 910 1747 482 490 1748 2319 1459
1 5 291 912 1752 920 491 1750 2320 1755
1 5 143 483 1757 927 492 1460 2321 1759
1 5 147 485 1462 488 931 1761 2322 1764
1 5 292 913 1751 486 932 1765 2323 1762
1 5 387 915 1756 923 933 1767 2324 1771
1 5 295 487 1760 929 934 1763 2325 1774
1 5 151 947 1776 494 502 1777 2326 1465
1 5 297 949 1781 957 503 1779 2327 1784
1 5 154 495 1786 964 504 1466 2328 1788
1 5 159 497 1468 500 972 1790 2329 1793
1 5 298 950 1780 498 973 1795 2330 1791
1 5 388 952 1785 960 974 1797 2331 1801
1 5 301 499 1789 966 975 1792 2332 1804
1 5 163 989 1806 506 514 1807 2333 1471
1 5 303 990 1810 993 515 1808 2334 1812
1 5 123 507 1814 861 516 1472 2335 1815
1 5 167 509 1474 512 1001 1817 2336 1820
1 5 304 991 1809 510 1002 1822 2337 1818
1 5 389 992 1813 995 1003 1823 2338 1826
1 5 306 511 1816 996 1004 1819 2339 1829
1 5 84 754 1768 518 526 1596 2340 1477
1 5 296 936 1772 941 527 1832 2341 1836
1 5 146 519 1775 945 528 1478 2342 1839
1 5 93 521 1480 524 778 1614 2343 1843
1 5 261 757 1833 522 775 1611 2344 1841
1 5 390 1014 1837 1018 1027 1846 2345 1850
1 5 310 523 1840 1022 1028 1842 2346 1853
1 5 86 766 1609 530 538 1811 2347 1483
1 5 263 768 1613 773 539 1856 2348 1860
1 5 89 531 1616 777 540 1484 2349 1863
1 5 168 533 1486 536 1012 1828 2350 1867
1 5 305 994 1857 534 1009 1825 2351 1865
1 5 391 1041 1861 1045 1054 1870 2352 1874
1 5 314 535 1864 1049 1055 1866 2353 1877
1 5 120 842 1879 542 550 1678 2354 1489
1 5 316 1067 1882 1070 551 1880 2355 1884
1 5 95 543 1886 783 552 1490 2356 1622
1 5 103 545 1492 548 797 1697 2357 1634
1 5 279 845 1881 546 864 1694 2358 1888
1 5 392 1068 1885 1072 1073 1890 2359 1893
1 5 266 547 1887 786 798 1889 2360 1637
1 5 179 1069 1897 554 562 1883 2361 1495
1 5 319 1078 1900 1081 563 1898 2362 1902
1 5 182 555 1904 1086 564 1496 2363 1906
1 5 104 557 1498 560 802 1895 2364 1910
1 5 317 1071 1899 558 1077 1892 2365 1908
1 5 393 1079 1903 1083 1090 1911 2366 1914
1 5 321 559 1907 1088 1091 1909 2367 1917
1 5 96 784 1919 566 574 1623 2368 1501
1 5 323 1099 1922 1102 575 1920 2369 1924
1 5 187 567 1926 1107 576 1502 2370 1928
1 5 105 569 1504 572 805 1641 2371 1932
1 5 267 787 1921 570 803 1638 2372 1930
1 5 394 1100 1925 1104 1111 1933 2373 1936
1 5 325 571 1929 1109 1112 1931 2374 1939
1 5 98 795 1636 578 586 1726 2375 1507
1 5 269 796 1640 801 587 1941 2376 1945
1 5 101 579 1643 804 588 1508 2377 1947
1 5 139 581 1510 584 909 1744 2378 1951
1 5 288 888 1942 582 907 1741 2379 1949
1 5 395 1120 1946 1123 1125 1953 2380 1956
1 5 329 583 1948 1124 1126 1950 2381 1958
1 5 124 862 1891 590 598 1959 2382 1513
1 5 318 1074 1894 1076 599 1960 2383 1963
1 5 99 591 1896 799 600 1514 2384 1943
1 5 138 593 1516 596 906 1966 2385 1952
1 5 330 1131 1961 594 1135 1969 2386 1967
1 5 396 1132 1964 1134 1136 1970 2387 1973
1 5 327 595 1965 1121 1127 1968 2388 1954
1 5 180 1075 1912 602 610 1962 2389 1519
1 5 322 1092 1915 1094 611 1978 2390 1982
1 5 184 603 1918 1097 612 1520 2391 1985
1 5 191 605 1522 608 1128 1975 2392 1989
1 5 331 1133 1979 606 1141 1972 2393 1987
1 5 397 1143 1983 1147 1153 1991 2394 1995
1 5 335 607 1986 1151 1154 1988 2395 1998
1 5 100 800 1934 614 622 1944 2396 1525
1 5 326 1113 1937 1115 623 2000 2397 2003
1 5 189 615 1940 1118 624 1526 2398 2006
1 5 192 617 1528 620 1130 1957 2399 2010
1 5 328 1122 2001 618 1129 1955 2400 2008
1 5 398 1166 2004 1168 1173 2011 2401 2014
1 5 338 619 2007 1171 1174 2009 2402 2017
1 5 203 1182 2019 626 634 2020 2403 1531
1 5 340 1184 2024 1192 635 2022 2404 2027
1 5 206 627 2029 1197 636 1532 2405 2030
1 5 211 629 1534 632 1203 2032 2406 2035
1 5 341 1185 2023 630 1204 2037 2407 2033
1 5 399 1187 2028 1195 1205 2039 2408 2043
1 5 344 631 2031 1198 1206 2034 2409 2046
1 5 215 1220 2048 638 646 2049 2410 1537
1 5 346 1221 2052 1224 647 2050 2411 2054
1 5 216 639 2056 1227 648 1538 2412 2057
1 5 220 641 1540 644 1233 2059 2413 2062
1 5 347 1222 2051 642 1234 2064 2414 2060
1 5 400 1223 2055 1226 1235 2065 2415 2068
1 5 349 643 2058 1228 1236 2061 2416 2071
1 5 222 1245 2073 650 658 2074 2417 1543
1 5 351 1247 2078 1255 659 2076 2418 2081
1 5 225 651 2083 1262 660 1544 2419 2085
1 5 230 653 1546 656 1270 2087 2420 2090
1 5 352 1248 2077 654 1271 2092 2421 2088
1 5 401 1250 2082 1258 1272 2094 2422 2098
1 5 355 655 2086 1264 1273 2089 2423 2101
1 5 193 1137 1971 662 670 2103 2424 1549
1 5 332 1138 1974 1140 671 2105 2425 2109
1 5 107 663 1976 810 672 1550 2426 1649
1 5 115 665 1552 668 824 2112 2427 1661
1 5 357 1287 2106 666 1296 2115 2428 2113
1 5 402 1289 2110 1294 1297 2117 2429 2121
1 5 272 667 2111 813 825 2114 2430 1664
1 5 194 1139 1992 674 682 2108 2431 1555
1 5 336 1156 1996 1160 683 2126 2432 2130
1 5 197 675 1999 1164 684 1556 2433 2133
1 5 116 677 1558 680 829 2123 2434 2137
1 5 359 1293 2127 678 1306 2120 2435 2135
1 5 403 1308 2131 1312 1318 2139 2436 2143
1 5 363 679 2134 1316 1319 2136 2437 2146
1 5 108 811 2012 686 694 1650 2438 1561
1 5 339 1175 2015 1177 695 2148 2439 2151
1 5 201 687 2018 1180 696 1562 2440 2154
1 5 117 689 1564 692 832 1668 2441 2158
1 5 273 814 2149 690 830 1665 2442 2156
1 5 404 1329 2152 1331 1336 2159 2443 2162
1 5 366 691 2155 1334 1337 2157 2444 2165
1 5 110 822 1663 698 706 2053 2445 1567
1 5 275 823 1667 828 707 2167 2446 2171
1 5 113 699 1670 831 708 1568 2447 2173
1 5 221 701 1570 704 1244 2070 2448 2177
1 5 348 1225 2168 702 1241 2067 2449 2175
1 5 405 1345 2172 1348 1353 2180 2450 2184
1 5 370 703 2174 1349 1354 2176 2451 2187
1 5 205 1191 2118 710 718 2026 2452 1573
1 5 360 1299 2122 1304 719 2190 2453 2194
1 5 111 711 2124 826 720 1574 2454 2169
1 5 214 713 1576 716 1219 2045 2455 2179
1 5 343 1194 2191 714 1216 2042 2456 2197
1 5 406 1367 2195 1371 1374 2201 2457 2205
1 5 368 715 2196 1346 1357 2198 2458 2182
1 5 235 1303 2140 722 730 2193 2459 1579
1 5 364 1320 2144 1323 731 2209 2460 2212
1 5 239 723 2147 1327 732 1580 2461 2215
1 5 248 725 1582 728 1361 2207 2462 2219
1 5 373 1370 2210 726 1381 2204 2463 2217
1 5 407 1383 2213 1385 1393 2221 2464 2224
1 5 376 727 2216 1388 1394 2218 2465 2227
1 5 112 827 2160 734 742 2170 2466 1585
1 5 367 1338 2163 1340 743 2229 2467 2232
1 5 243 735 2166 1343 744 1586 2468 2235
1 5 249 737 1588 740 1365 2186 2469 2239
1 5 369 1347 2230 738 1362 2183 2470 2237
1 5 408 1402 2233 1404 1412 2241 2471 2244
1 5 379 739 2236 1407 1413 2238 2472 2247
1 5 409 82 410 1421 1422 418 1423 2249
1 5 1421 410 258 411 2249 1423 419 1424
1 5 412 1421 411 85 1425 2249 1424 420
1 5 417 1422 2249 1425 90 413 1426 416
1 5 1422 418 1423 2249 413 259 414 1426
1 5 2249 1423 419 1424 1426 414 381 415
1 5 1425 2249 1424 420 416 1426 415 262
1 5 421 94 422 1427 1428 430 1429 2250
1 5 1427 422 264 423 2250 1429 431 1430
1 5 424 1427 423 97 1431 2250 1430 432
1 5 429 1428 2250 1431 102 425 1432 428
1 5 1428 430 1429 2250 425 265 426 1432
1 5 2250 1429 431 1430 1432 426 382 427
1 5 1431 2250 1430 432 428 1432 427 268
1 5 433 106 434 1433 1434 442 1435 2251
1 5 1433 434 270 435 2251 1435 443 1436
1 5 436 1433 435 109 1437 2251 1436 444
1 5 441 1434 2251 1437 114 437 1438 440
1 5 1434 442 1435 2251 437 271 438 1438
1 5 2251 1435 443 1436 1438 438 383 439
1 5 1437 2251 1436 444 440 1438 439 274
1 5 445 118 446 1439 1440 454 1441 2252
1 5 1439 446 276 447 2252 1441 455 1442
1 5 448 1439 447 121 1443 2252 1442 456
1 5 453 1440 2252 1443 126 449 1444 452
1 5 1440 454 1441 2252 449 277 450 1444
1 5 2252 1441 455 1442 1444 450 384 451
1 5 1443 2252 1442 456 452 1444 451 280
1 5 457 128 458 1445 1446 466 1447 2253
1 5 1445 458 282 459 2253 1447 467 1448
1 5 460 1445 459 129 1449 2253 1448 468
1 5 465 1446 2253 1449 132 461 1450 464
1 5 1446 466 1447 2253 461 283 462 1450
1 5 2253 1447 467 1448 1450 462 385 463
1 5 1449 2253 1448 468 464 1450 463 284
1 5 469 130 470 1451 1452 478 1453 2254
1 5 1451 470 285 471 2254 1453 479 1454
1 5 472 1451 471 131 1455 2254 1454 480
1 5 477 1452 2254 1455 136 473 1456 476
1 5 1452 478 1453 2254 473 286 474 1456
1 5 2254 1453 479 1454 1456 474 386 475
1 5 1455 2254 1454 480 476 1456 475 289
1 5 481 140 482 1457 1458 490 1459 2255
1 5 1457 482 291 483 2255 1459 491 1460
1 5 484 1457 483 143 1461 2255 1460 492
1 5 489 1458 2255 1461 147 485 1462 488
1 5 1458 490 1459 2255 485 292 486 1462
1 5 2255 1459 491 1460 1462 486 387 487
1 5 1461 2255 1460 492 488 1462 487 295
1 5 493 151 494 1463 1464 502 1465 2256
1 5 1463 494 297 495 2256 1465 503 1466
1 5 496 1463 495 154 1467 2256 1466 504
1 5 501 1464 2256 1467 159 497 1468 500
1 5 1464 502 1465 2256 497 298 498 1468
1 5 2256 1465 503 1466 1468 498 388 499
1 5 1467 2256 1466 504 500 1468 499 301
1 5 505 163 506 1469 1470 514 1471 2257
1 5 1469 506 303 507 2257 1471 515 1472
1 5 508 1469 507 123 1473 2257 1472 516
1 5 513 1470 2257 1473 167 509 1474 512
1 5 1470 514 1471 2257 509 304 510 1474
1 5 2257 1471 515 1472 1474 510 389 511
1 5 1473 2257 1472 516 512 1474 511 306
1 5 517 84 518 1475 1476 526 1477 2258
1 5 1475 518 296 519 2258 1477 527 1478
1 5 520 1475 519 146 1479 2258 1478 528
1 5 525 1476 2258 1479 93 521 1480 524
1 5 1476 526 1477 2258 521 261 522 1480
1 5 2258 1477 527 1478 1480 522 390 523
1 5 1479 2258 1478 528 524 1480 523 310
1 5 529 86 530 1481 1482 538 1483 2259
1 5 1481 530 263 531 2259 1483 539 1484
1 5 532 1481 531 89 1485 2259 1484 540
1 5 537 1482 2259 1485 168 533 1486 536
1 5 1482 538 1483 2259 533 305 534 1486
1 5 2259 1483 539 1484 1486 534 391 535
1 5 1485 2259 1484 540 536 1486 535 314
1 5 541 120 542 1487 1488 550 1489 2260
1 5 1487 542 316 543 2260 1489 551 1490
1 5 544 1487 543 95 1491 2260 1490 552
1 5 549 1488 2260 1491 103 545 1492 548
1 5 1488 550 1489 2260 545 279 546 1492
1 5 2260 1489 551 1490 1492 546 392 547
1 5 1491 2260 1490 552 548 1492 547 266
1 5 553 179 554 1493 1494 562 1495 2261
1 5 1493 554 319 555 2261 1495 563 1496
1 5 556 1493 555 182 1497 2261 1496 564
1 5 561 1494 2261 1497 104 557 1498 560
1 5 1494 562 1495 2261 557 317 558 1498
1 5 2261 1495 563 1496 1498 558 393 559
1 5 1497 2261 1496 564 560 1498 559 321
1 5 565 96 566 1499 1500 574 1501 2262
1 5 1499 566 323 567 2262 1501 575 1502
1 5 568 1499 567 187 1503 2262 1502 576
1 5 573 1500 2262 1503 105 569 1504 572
1 5 1500 574 1501 2262 569 267 570 1504
1 5 2262 1501 575 1502 1504 570 394 571
1 5 1503 2262 1502 576 572 1504 571 325
1 5 577 98 578 1505 1506 586 1507 2263
1 5 1505 578 269 579 2263 1507 587 1508
1 5 580 1505 579 101 1509 2263 1508 588
1 5 585 1506 2263 1509 139 581 1510 584
1 5 1506 586 1507 2263 581 288 582 1510
1 5 2263 1507 587 1508 1510 582 395 583
1 5 1509 2263 1508 588 584 1510 583 329
1 5 589 124 590 1511 1512 598 1513 2264
1 5 1511 590 318 591 2264 1513 599 1514
1 5 592 1511 591 99 1515 2264 1514 600
1 5 597 1512 2264 1515 138 593 1516 596
1 5 1512 598 1513 2264 593 330 594 1516
1 5 2264 1513 599 1514 1516 594 396 595
1 5 1515 2264 1514 600 596 1516 595 327
1 5 601 180 602 1517 1518 610 1519 2265
1 5 1517 602 322 603 2265 1519 611 1520
1 5 604 1517 603 184 1521 2265 1520 612
1 5 609 1518 2265 1521 191 605 1522 608
1 5 1518 610 1519 2265 605 331 606 1522
1 5 2265 1519 611 1520 1522 606 397 607
1 5 1521 2265 1520 612 608 1522 607 335
1 5 613 100 614 1523 1524 622 1525 2266
1 5 1523 614 326 615 2266 1525 623 1526
1 5 616 1523 615 189 1527 2266 1526 624
1 5 621 1524 2266 1527 192 617 1528 620
1 5 1524 622 1525 2266 617 328 618 1528
1 5 2266 1525 623 1526 1528 618 398 619
1 5 1527 2266 1526 624 620 1528 619 338
1 5 625 203 626 1529 1530 634 1531 2267
1 5 1529 626 340 627 2267 1531 635 1532
1 5 628 1529 627 206 1533 2267 1532 636
1 5 633 1530 2267 1533 211 629 1534 632
1 5 1530 634 1531 2267 629 341 630 1534
1 5 2267 1531 635 1532 1534 630 399 631
1 5 1533 2267 1532 636 632 1534 631 344
1 5 637 215 638 1535 1536 646 1537 2268
1 5 1535 638 346 639 2268 1537 647 1538
1 5 640 1535 639 216 1539 2268 1538 648
1 5 645 1536 2268 1539 220 641 1540 644
1 5 1536 646 1537 2268 641 347 642 1540
1 5 2268 1537 647 1538 1540 642 400 643
1 5 1539 2268 1538 648 644 1540 643 349
1 5 649 222 650 1541 1542 658 1543 2269
1 5 1541 650 351 651 2269 1543 659 1544
1 5 652 1541 651 225 1545 2269 1544 660
1 5 657 1542 2269 1545 230 653 1546 656
1 5 1542 658 1543 2269 653 352 654 1546
1 5 2269 1543 659 1544 1546 654 401 655
1 5 1545 2269 1544 660 656 1546 655 355
1 5 661 193 662 1547 1548 670 1549 2270
1 5 1547 662 332 663 2270 1549 671 1550
1 5 664 1547 663 107 1551 2270 1550 672
1 5 669 1548 2270 1551 115 665 1552 668
1 5 1548 670 1549 2270 665 357 666 1552
1 5 2270 1549 671 1550 1552 666 402 667
1 5 1551 2270 1550 672 668 1552 667 272
1 5 673 194 674 1553 1554 682 1555 2271
1 5 1553 674 336 675 2271 1555 683 1556
1 5 676 1553 675 197 1557 2271 1556 684
1 5 681 1554 2271 1557 116 677 1558 680
1 5 1554 682 1555 2271 677 359 678 1558
1 5 2271 1555 683 1556 1558 678 403 679
1 5 1557 2271 1556 684 680 1558 679 363
1 5 685 108 686 1559 1560 694 1561 2272
1 5 1559 686 339 687 2272 1561 695 1562
1 5 688 1559 687 201 1563 2272 1562 696
1 5 693 1560 2272 1563 117 689 1564 692
1 5 1560 694 1561 2272 689 273 690 1564
1 5 2272 1561 695 1562 1564 690 404 691
1 5 1563 2272 1562 696 692 1564 691 366
1 5 697 110 698 1565 1566 706 1567 2273
1 5 1565 698 275 699 2273 1567 707 1568
1 5 700 1565 699 113 1569 2273 1568 708
1 5 705 1566 2273 1569 221 701 1570 704
1 5 1566 706 1567 2273 701 348 702 1570
1 5 2273 1567 707 1568 1570 702 405 703
1 5 1569 2273 1568 708 704 1570 703 370
1 5 709 205 710 1571 1572 718 1573 2274
1 5 1571 710 360 711 2274 1573 719 1574
1 5 712 1571 711 111 1575 2274 1574 720
1 5 717 1572 2274 1575 214 713 1576 716
1 5 1572 718 1573 2274 713 343 714 1576
1 5 2274 1573 719 1574 1576 714 406 715
1 5 1575 2274 1574 720 716 1576 715 368
1 5 721 235 722 1577 1578 730 1579 2275
1 5 1577 722 364 723 2275 1579 731 1580
1 5 724 1577 723 239 1581 2275 1580 732
1 5 729 1578 2275 1581 248 725 1582 728
1 5 1578 730 1579 2275 725 373 726 1582
1 5 2275 1579 731 1580 1582 726 407 727
1 5 1581 2275 1580 732 728 1582 727 376
1 5 733 112 734 1583 1584 742 1585 2276
1 5 1583 734 367 735 2276 1585 743 1586
1 5 736 1583 735 243 1587 2276 1586 744
1 5 741 1584 2276 1587 249 737 1588 740
1 5 1584 742 1585 2276 737 369 738 1588
1 5 2276 1585 743 1586 1588 738 408 739
1 5 1587 2276 1586 744 740 1588 739 379
1 5 745 23 746 1589 1590 751 1591 2277
1 5 1589 746 83 747 2277 1591 752 1592
1 5 410 1589 747 258 1423 2277 1592 419
1 5 418 1590 2277 1423 259 748 1593 414
1 5 1590 751 1591 2277 748 91 749 1593
1 5 2277 1591 752 1592 1593 749 260 750
1 5 1423 2277 1592 419 414 1593 750 381
1 5 747 83 753 1594 1592 752 1595 2278
1 5 1594 753 54 754 2278 1595 759 1596
1 5 755 1594 754 84 1597 2278 1596 526
1 5 419 1592 2278 1597 381 750 1598 758
1 5 1592 752 1595 2278 750 260 756 1598
1 5 2278 1595 759 1596 1598 756 92 757
1 5 1597 2278 1596 526 758 1598 757 261
1 5 411 258 755 1599 1424 419 1597 2279
1 5 1599 755 84 517 2279 1597 526 1476
1 5 760 1599 517 25 1600 2279 1476 525
1 5 420 1424 2279 1600 262 415 1601 761
1 5 1424 419 1597 2279 415 381 758 1601
1 5 2279 1597 526 1476 1601 758 261 521
1 5 1600 2279 1476 525 761 1601 521 93
1 5 413 259 414 1426 1602 763 1603 2280
1 5 1426 414 381 415 2280 1603 764 1604
1 5 416 1426 415 262 1605 2280 1604 765
1 5 762 1602 2280 1605 21 529 1481 532
1 5 1602 763 1603 2280 529 86 530 1481
1 5 2280 1603 764 1604 1481 530 263 531
1 5 1605 2280 1604 765 532 1481 531 89
1 5 748 91 749 1593 1606 769 1607 2281
1 5 1593 749 260 750 2281 1607 770 1608
1 5 414 1593 750 381 1603 2281 1608 764
1 5 763 1606 2281 1603 86 766 1609 530
1 5 1606 769 1607 2281 766 56 767 1609
1 5 2281 1607 770 1608 1609 767 87 768
1 5 1603 2281 1608 764 530 1609 768 263
1 5 750 260 756 1598 1608 770 1610 2282
1 5 1598 756 92 757 2282 1610 774 1611
1 5 758 1598 757 261 1612 2282 1611 775
1 5 764 1608 2282 1612 263 768 1613 773
1 5 1608 770 1610 2282 768 87 771 1613
1 5 2282 1610 774 1611 1613 771 77 772
1 5 1612 2282 1611 775 773 1613 772 88
1 5 415 381 758 1601 1604 764 1612 2283
1 5 1601 758 261 521 2283 1612 775 1614
1 5 761 1601 521 93 1615 2283 1614 778
1 5 765 1604 2283 1615 89 531 1616 777
1 5 1604 764 1612 2283 531 263 773 1616
1 5 2283 1612 775 1614 1616 773 88 776
1 5 1615 2283 1614 778 777 1616 776 59
1 5 779 16 544 1617 1618 549 1491 2284
1 5 1617 544 95 780 2284 1491 552 1619
1 5 422 1617 780 264 1429 2284 1619 431
1 5 430 1618 2284 1429 265 781 1620 426
1 5 1618 549 1491 2284 781 103 548 1620
1 5 2284 1491 552 1619 1620 548 266 782
1 5 1429 2284 1619 431 426 1620 782 382
1 5 780 95 783 1621 1619 552 1622 2285
1 5 1621 783 55 784 2285 1622 561 1623
1 5 785 1621 784 96 1624 2285 1623 574
1 5 431 1619 2285 1624 382 782 1625 788
1 5 1619 552 1622 2285 782 266 786 1625
1 5 2285 1622 561 1623 1625 786 104 787
1 5 1624 2285 1623 574 788 1625 787 267
1 5 423 264 785 1626 1430 431 1624 2286
1 5 1626 785 96 565 2286 1624 574 1500
1 5 789 1626 565 28 1627 2286 1500 573
1 5 432 1430 2286 1627 268 427 1628 790
1 5 1430 431 1624 2286 427 382 788 1628
1 5 2286 1624 574 1500 1628 788 267 569
1 5 1627 2286 1500 573 790 1628 569 105
1 5 425 265 426 1432 1629 792 1630 2287
1 5 1432 426 382 427 2287 1630 793 1631
1 5 428 1432 427 268 1632 2287 1631 794
1 5 791 1629 2287 1632 22 577 1505 580
1 5 1629 792 1630 2287 577 98 578 1505
1 5 2287 1630 793 1631 1505 578 269 579
1 5 1632 2287 1631 794 580 1505 579 101
1 5 781 103 548 1620 1633 797 1634 2288
1 5 1620 548 266 782 2288 1634 798 1635
1 5 426 1620 782 382 1630 2288 1635 793
1 5 792 1633 2288 1630 98 795 1636 578
1 5 1633 797 1634 2288 795 49 592 1636
1 5 2288 1634 798 1635 1636 592 99 796
1 5 1630 2288 1635 793 578 1636 796 269
1 5 782 266 786 1625 1635 798 1637 2289
1 5 1625 786 104 787 2289 1637 802 1638
1 5 788 1625 787 267 1639 2289 1638 803
1 5 793 1635 2289 1639 269 796 1640 801
1 5 1635 798 1637 2289 796 99 799 1640
1 5 2289 1637 802 1638 1640 799 78 800
1 5 1639 2289 1638 803 801 1640 800 100
1 5 427 382 788 1628 1631 793 1639 2290
1 5 1628 788 267 569 2290 1639 803 1641
1 5 790 1628 569 105 1642 2290 1641 805
1 5 794 1631 2290 1642 101 579 1643 804
1 5 1631 793 1639 2290 579 269 801 1643
1 5 2290 1639 803 1641 1643 801 100 613
1 5 1642 2290 1641 805 804 1643 613 62
1 5 806 19 664 1644 1645 669 1551 2291
1 5 1644 664 107 807 2291 1551 672 1646
1 5 434 1644 807 270 1435 2291 1646 443
1 5 442 1645 2291 1435 271 808 1647 438
1 5 1645 669 1551 2291 808 115 668 1647
1 5 2291 1551 672 1646 1647 668 272 809
1 5 1435 2291 1646 443 438 1647 809 383
1 5 807 107 810 1648 1646 672 1649 2292
1 5 1648 810 63 811 2292 1649 681 1650
1 5 812 1648 811 108 1651 2292 1650 694
1 5 443 1646 2292 1651 383 809 1652 815
1 5 1646 672 1649 2292 809 272 813 1652
1 5 2292 1649 681 1650 1652 813 116 814
1 5 1651 2292 1650 694 815 1652 814 273
1 5 435 270 812 1653 1436 443 1651 2293
1 5 1653 812 108 685 2293 1651 694 1560
1 5 816 1653 685 33 1654 2293 1560 693
1 5 444 1436 2293 1654 274 439 1655 817
1 5 1436 443 1651 2293 439 383 815 1655
1 5 2293 1651 694 1560 1655 815 273 689
1 5 1654 2293 1560 693 817 1655 689 117
1 5 437 271 438 1438 1656 819 1657 2294
1 5 1438 438 383 439 2294 1657 820 1658
1 5 440 1438 439 274 1659 2294 1658 821
1 5 818 1656 2294 1659 39 697 1565 700
1 5 1656 819 1657 2294 697 110 698 1565
1 5 2294 1657 820 1658 1565 698 275 699
1 5 1659 2294 1658 821 700 1565 699 113
1 5 808 115 668 1647 1660 824 1661 2295
1 5 1647 668 272 809 2295 1661 825 1662
1 5 438 1647 809 383 1657 2295 1662 820
1 5 819 1660 2295 1657 110 822 1663 698
1 5 1660 824 1661 2295 822 65 712 1663
1 5 2295 1661 825 1662 1663 712 111 823
1 5 1657 2295 1662 820 698 1663 823 275
1 5 809 272 813 1652 1662 825 1664 2296
1 5 1652 813 116 814 2296 1664 829 1665
1 5 815 1652 814 273 1666 2296 1665 830
1 5 820 1662 2296 1666 275 823 1667 828
1 5 1662 825 1664 2296 823 111 826 1667
1 5 2296 1664 829 1665 1667 826 81 827
1 5 1666 2296 1665 830 828 1667 827 112
1 5 439 383 815 1655 1658 820 1666 2297
1 5 1655 815 273 689 2297 1666 830 1668
1 5 817 1655 689 117 1669 2297 1668 832
1 5 821 1658 2297 1669 113 699 1670 831
1 5 1658 820 1666 2297 699 275 828 1670
1 5 2297 1666 830 1668 1670 828 112 733
1 5 1669 2297 1668 832 831 1670 733 72
1 5 833 15 834 1671 1672 839 1673 2298
1 5 1671 834 119 835 2298 1673 840 1674
1 5 446 1671 835 276 1441 2298 1674 455
1 5 454 1672 2298 1441 277 836 1675 450
1 5 1672 839 1673 2298 836 127 837 1675
1 5 2298 1673 840 1674 1675 837 278 838
1 5 1441 2298 1674 455 450 1675 838 384
1 5 835 119 841 1676 1674 840 1677 2299
1 5 1676 841 7 842 2299 1677 417 1678
1 5 843 1676 842 120 1679 2299 1678 550
1 5 455 1674 2299 1679 384 838 1680 846
1 5 1674 840 1677 2299 838 278 844 1680
1 5 2299 1677 417 1678 1680 844 90 845
1 5 1679 2299 1678 550 846 1680 845 279
1 5 447 276 843 1681 1442 455 1679 2300
1 5 1681 843 120 541 2300 1679 550 1488
1 5 847 1681 541 16 1682 2300 1488 549
1 5 456 1442 2300 1682 280 451 1683 848
1 5 1442 455 1679 2300 451 384 846 1683
1 5 2300 1679 550 1488 1683 846 279 545
1 5 1682 2300 1488 549 848 1683 545 103
1 5 449 277 450 1444 1684 854 1685 2301
1 5 1444 450 384 451 2301 1685 855 1686
1 5 452 1444 451 280 1687 2301 1686 856
1 5 853 1684 2301 1687 74 849 1688 852
1 5 1684 854 1685 2301 849 122 850 1688
1 5 2301 1685 855 1686 1688 850 281 851
1 5 1687 2301 1686 856 852 1688 851 125
1 5 836 127 837 1675 1689 859 1690 2302
1 5 1675 837 278 838 2302 1690 860 1691
1 5 450 1675 838 384 1685 2302 1691 855
1 5 854 1689 2302 1685 122 857 1692 850
1 5 1689 859 1690 2302 857 48 508 1692
1 5 2302 1690 860 1691 1692 508 123 858
1 5 1685 2302 1691 855 850 1692 858 281
1 5 838 278 844 1680 1691 860 1693 2303
1 5 1680 844 90 845 2303 1693 762 1694
1 5 846 1680 845 279 1695 2303 1694 864
1 5 855 1691 2303 1695 281 858 1696 863
1 5 1691 860 1693 2303 858 123 861 1696
1 5 2303 1693 762 1694 1696 861 21 862
1 5 1695 2303 1694 864 863 1696 862 124
1 5 451 384 846 1683 1686 855 1695 2304
1 5 1683 846 279 545 2304 1695 864 1697
1 5 848 1683 545 103 1698 2304 1697 797
1 5 856 1686 2304 1698 125 851 1699 865
1 5 1686 855 1695 2304 851 281 863 1699
1 5 2304 1695 864 1697 1699 863 124 589
1 5 1698 2304 1697 797 865 1699 589 49
1 5 866 47 448 1700 1701 453 1443 2305
1 5 1700 448 121 867 2305 1443 456 1702
1 5 458 1700 867 282 1447 2305 1702 467
1 5 466 1701 2305 1447 283 868 1703 462
1 5 1701 453 1443 2305 868 126 452 1703
1 5 2305 1443 456 1702 1703 452 280 869
1 5 1447 2305 1702 467 462 1703 869 385
1 5 867 121 847 1704 1702 456 1682 2306
1 5 1704 847 16 779 2306 1682 549 1618
1 5 870 1704 779 94 1705 2306 1618 430
1 5 467 1702 2306 1705 385 869 1706 871
1 5 1702 456 1682 2306 869 280 848 1706
1 5 2306 1682 549 1618 1706 848 103 781
1 5 1705 2306 1618 430 871 1706 781 265
1 5 459 282 870 1707 1448 467 1705 2307
1 5 1707 870 94 421 2307 1705 430 1428
1 5 872 1707 421 3 1708 2307 1428 429
1 5 468 1448 2307 1708 284 463 1709 873
1 5 1448 467 1705 2307 463 385 871 1709
1 5 2307 1705 430 1428 1709 871 265 425
1 5 1708 2307 1428 429 873 1709 425 102
1 5 461 283 462 1450 1710 875 1711 2308
1 5 1450 462 385 463 2308 1711 876 1712
1 5 464 1450 463 284 1713 2308 1712 877
1 5 874 1710 2308 1713 50 469 1451 472
1 5 1710 875 1711 2308 469 130 470 1451
1 5 2308 1711 876 1712 1451 470 285 471
1 5 1713 2308 1712 877 472 1451 471 131
1 5 868 126 452 1703 1714 853 1687 2309
1 5 1703 452 280 869 2309 1687 856 1715
1 5 462 1703 869 385 1711 2309 1715 876
1 5 875 1714 2309 1711 130 878 1716 470
1 5 1714 853 1687 2309 878 74 852 1716
1 5 2309 1687 856 1715 1716 852 125 879
1 5 1711 2309 1715 876 470 1716 879 285
1 5 869 280 848 1706 1715 856 1698 2310
1 5 1706 848 103 781 2310 1698 797 1633
1 5 871 1706 781 265 1717 2310 1633 792
1 5 876 1715 2310 1717 285 879 1718 880
1 5 1715 856 1698 2310 879 125 865 1718
1 5 2310 1698 797 1633 1718 865 49 795
1 5 1717 2310 1633 792 880 1718 795 98
1 5 463 385 871 1709 1712 876 1717 2311
1 5 1709 871 265 425 2311 1717 792 1629
1 5 873 1709 425 102 1719 2311 1629 791
1 5 877 1712 2311 1719 131 471 1720 881
1 5 1712 876 1717 2311 471 285 880 1720
1 5 2311 1717 792 1629 1720 880 98 577
1 5 1719 2311 1629 791 881 1720 577 22
1 5 878 74 852 1716 1721 885 1722 2312
1 5 1716 852 125 879 2312 1722 886 1723
1 5 470 1716 879 285 1453 2312 1723 479
1 5 478 1721 2312 1453 286 882 1724 474
1 5 1721 885 1722 2312 882 137 883 1724
1 5 2312 1722 886 1723 1724 883 287 884
1 5 1453 2312 1723 479 474 1724 884 386
1 5 879 125 865 1718 1723 886 1725 2313
1 5 1718 865 49 795 2313 1725 597 1726
1 5 880 1718 795 98 1727 2313 1726 586
1 5 479 1723 2313 1727 386 884 1728 889
1 5 1723 886 1725 2313 884 287 887 1728
1 5 2313 1725 597 1726 1728 887 138 888
1 5 1727 2313 1726 586 889 1728 888 288
1 5 471 285 880 1720 1454 479 1727 2314
1 5 1720 880 98 577 2314 1727 586 1506
1 5 881 1720 577 22 1729 2314 1506 585
1 5 480 1454 2314 1729 289 475 1730 890
1 5 1454 479 1727 2314 475 386 889 1730
1 5 2314 1727 586 1506 1730 889 288 581
1 5 1729 2314 1506 585 890 1730 581 139
1 5 473 286 474 1456 1731 896 1732 2315
1 5 1456 474 386 475 2315 1732 897 1733
1 5 476 1456 475 289 1734 2315 1733 898
1 5 895 1731 2315 1734 20 891 1735 894
1 5 1731 896 1732 2315 891 133 892 1735
1 5 2315 1732 897 1733 1735 892 290 893
1 5 1734 2315 1733 898 894 1735 893 135
1 5 882 137 883 1724 1736 902 1737 2316
1 5 1724 883 287 884 2316 1737 903 1738
1 5 474 1724 884 386 1732 2316 1738 897
1 5 896 1736 2316 1732 133 899 1739 892
1 5 1736 902 1737 2316 899 51 900 1739
1 5 2316 1737 903 1738 1739 900 134 901
1 5 1732 2316 1738 897 892 1739 901 290
1 5 884 287 887 1728 1738 903 1740 2317
1 5 1728 887 138 888 2317 1740 906 1741
1 5 889 1728 888 288 1742 2317 1741 907
1 5 897 1738 2317 1742 290 901 1743 905
1 5 1738 903 1740 2317 901 134 904 1743
1 5 2317 1740 906 1741 1743 904 19 806
1 5 1742 2317 1741 907 905 1743 806 106
1 5 475 386 889 1730 1733 897 1742 2318
1 5 1730 889 288 581 2318 1742 907 1744
1 5 890 1730 581 139 1745 2318 1744 909
1 5 898 1733 2318 1745 135 893 1746 908
1 5 1733 897 1742 2318 893 290 905 1746
1 5 2318 1742 907 1744 1746 905 106 433
1 5 1745 2318 1744 909 908 1746 433 10
1 5 910 75 911 1747 1748 916 1749 2319
1 5 1747 911 141 912 2319 1749 917 1750
1 5 482 1747 912 291 1459 2319 1750 491
1 5 490 1748 2319 1459 292 913 1751 486
1 5 1748 916 1749 2319 913 148 914 1751
1 5 2319 1749 917 1750 1751 914 293 915
1 5 1459 2319 1750 491 486 1751 915 387
1 5 912 141 918 1752 1750 917 1753 2320
1 5 1752 918 52 919 2320 1753 924 1754
1 5 920 1752 919 142 1755 2320 1754 925
1 5 491 1750 2320 1755 387 915 1756 923
1 5 1750 917 1753 2320 915 293 921 1756
1 5 2320 1753 924 1754 1756 921 149 922
1 5 1755 2320 1754 925 923 1756 922 294
1 5 483 291 920 1757 1460 491 1755 2321
1 5 1757 920 142 926 2321 1755 925 1758
1 5 927 1757 926 26 1759 2321 1758 930
1 5 492 1460 2321 1759 295 487 1760 929
1 5 1460 491 1755 2321 487 387 923 1760
1 5 2321 1755 925 1758 1760 923 294 928
1 5 1759 2321 1758 930 929 1760 928 150
1 5 485 292 486 1462 1761 932 1762 2322
1 5 1462 486 387 487 2322 1762 933 1763
1 5 488 1462 487 295 1764 2322 1763 934
1 5 931 1761 2322 1764 25 517 1475 520
1 5 1761 932 1762 2322 517 84 518 1475
1 5 2322 1762 933 1763 1475 518 296 519
1 5 1764 2322 1763 934 520 1475 519 146
1 5 913 148 914 1751 1765 937 1766 2323
1 5 1751 914 293 915 2323 1766 938 1767
1 5 486 1751 915 387 1762 2323 1767 933
1 5 932 1765 2323 1762 84 754 1768 518
1 5 1765 937 1766 2323 754 54 935 1768
1 5 2323 1766 938 1767 1768 935 144 936
1 5 1762 2323 1767 933 518 1768 936 296
1 5 915 293 921 1756 1767 938 1769 2324
1 5 1756 921 149 922 2324 1769 942 1770
1 5 923 1756 922 294 1771 2324 1770 943
1 5 933 1767 2324 1771 296 936 1772 941
1 5 1767 938 1769 2324 936 144 939 1772
1 5 2324 1769 942 1770 1772 939 24 940
1 5 1771 2324 1770 943 941 1772 940 145
1 5 487 387 923 1760 1763 933 1771 2325
1 5 1760 923 294 928 2325 1771 943 1773
1 5 929 1760 928 150 1774 2325 1773 946
1 5 934 1763 2325 1774 146 519 1775 945
1 5 1763 933 1771 2325 519 296 941 1775
1 5 2325 1771 943 1773 1775 941 145 944
1 5 1774 2325 1773 946 945 1775 944 2
1 5 947 46 948 1776 1777 953 1778 2326
1 5 1776 948 152 949 2326 1778 954 1779
1 5 494 1776 949 297 1465 2326 1779 503
1 5 502 1777 2326 1465 298 950 1780 498
1 5 1777 953 1778 2326 950 160 951 1780
1 5 2326 1778 954 1779 1780 951 299 952
1 5 1465 2326 1779 503 498 1780 952 388
1 5 949 152 955 1781 1779 954 1782 2327
1 5 1781 955 14 956 2327 1782 961 1783
1 5 957 1781 956 153 1784 2327 1783 962
1 5 503 1779 2327 1784 388 952 1785 960
1 5 1779 954 1782 2327 952 299 958 1785
1 5 2327 1782 961 1783 1785 958 161 959
1 5 1784 2327 1783 962 960 1785 959 300
1 5 495 297 957 1786 1466 503 1784 2328
1 5 1786 957 153 963 2328 1784 962 1787
1 5 964 1786 963 56 1788 2328 1787 967
1 5 504 1466 2328 1788 301 499 1789 966
1 5 1466 503 1784 2328 499 388 960 1789
1 5 2328 1784 962 1787 1789 960 300 965
1 5 1788 2328 1787 967 966 1789 965 162
1 5 497 298 498 1468 1790 973 1791 2329
1 5 1468 498 388 499 2329 1791 974 1792
1 5 500 1468 499 301 1793 2329 1792 975
1 5 972 1790 2329 1793 57 968 1794 971
1 5 1790 973 1791 2329 968 155 969 1794
1 5 2329 1791 974 1792 1794 969 302 970
1 5 1793 2329 1792 975 971 1794 970 158
1 5 950 160 951 1780 1795 979 1796 2330
1 5 1780 951 299 952 2330 1796 980 1797
1 5 498 1780 952 388 1791 2330 1797 974
1 5 973 1795 2330 1791 155 976 1798 969
1 5 1795 979 1796 2330 976 13 977 1798
1 5 2330 1796 980 1797 1798 977 156 978
1 5 1791 2330 1797 974 969 1798 978 302
1 5 952 299 958 1785 1797 980 1799 2331
1 5 1785 958 161 959 2331 1799 984 1800
1 5 960 1785 959 300 1801 2331 1800 985
1 5 974 1797 2331 1801 302 978 1802 983
1 5 1797 980 1799 2331 978 156 981 1802
1 5 2331 1799 984 1800 1802 981 8 982
1 5 1801 2331 1800 985 983 1802 982 157
1 5 499 388 960 1789 1792 974 1801 2332
1 5 1789 960 300 965 2332 1801 985 1803
1 5 966 1789 965 162 1804 2332 1803 988
1 5 975 1792 2332 1804 158 970 1805 987
1 5 1792 974 1801 2332 970 302 983 1805
1 5 2332 1801 985 1803 1805 983 157 986
1 5 1804 2332 1803 988 987 1805 986 29
1 5 989 76 496 1806 1807 501 1467 2333
1 5 1806 496 154 990 2333 1467 504 1808
1 5 506 1806 990 303 1471 2333 1808 515
1 5 514 1807 2333 1471 304 991 1809 510
1 5 1807 501 1467 2333 991 159 500 1809
1 5 2333 1467 504 1808 1809 500 301 992
1 5 1471 2333 1808 515 510 1809 992 389
1 5 990 154 964 1810 1808 504 1788 2334
1 5 1810 964 56 766 2334 1788 967 1811
1 5 993 1810 766 86 1812 2334 1811 538
1 5 515 1808 2334 1812 389 992 1813 995
1 5 1808 504 1788 2334 992 301 966 1813
1 5 2334 1788 967 1811 1813 966 162 994
1 5 1812 2334 1811 538 995 1813 994 305
1 5 507 303 993 1814 1472 515 1812 2335
1 5 1814 993 86 529 2335 1812 538 1482
1 5 861 1814 529 21 1815 2335 1482 537
1 5 516 1472 2335 1815 306 511 1816 996
1 5 1472 515 1812 2335 511 389 995 1816
1 5 2335 1812 538 1482 1816 995 305 533
1 5 1815 2335 1482 537 996 1816 533 168
1 5 509 304 510 1474 1817 1002 1818 2336
1 5 1474 510 389 511 2336 1818 1003 1819
1 5 512 1474 511 306 1820 2336 1819 1004
1 5 1001 1817 2336 1820 18 997 1821 1000
1 5 1817 1002 1818 2336 997 164 998 1821
1 5 2336 1818 1003 1819 1821 998 307 999
1 5 1820 2336 1819 1004 1000 1821 999 166
1 5 991 159 500 1809 1822 972 1793 2337
1 5 1809 500 301 992 2337 1793 975 1823
1 5 510 1809 992 389 1818 2337 1823 1003
1 5 1002 1822 2337 1818 164 1005 1824 998
1 5 1822 972 1793 2337 1005 57 971 1824
1 5 2337 1793 975 1823 1824 971 158 1006
1 5 1818 2337 1823 1003 998 1824 1006 307
1 5 992 301 966 1813 1823 975 1804 2338
1 5 1813 966 162 994 2338 1804 988 1825
1 5 995 1813 994 305 1826 2338 1825 1009
1 5 1003 1823 2338 1826 307 1006 1827 1008
1 5 1823 975 1804 2338 1006 158 987 1827
1 5 2338 1804 988 1825 1827 987 29 1007
1 5 1826 2338 1825 1009 1008 1827 1007 165
1 5 511 389 995 1816 1819 1003 1826 2339
1 5 1816 995 305 533 2339 1826 1009 1828
1 5 996 1816 533 168 1829 2339 1828 1012
1 5 1004 1819 2339 1829 166 999 1830 1011
1 5 1819 1003 1826 2339 999 307 1008 1830
1 5 2339 1826 1009 1828 1830 1008 165 1010
1 5 1829 2339 1828 1012 1011 1830 1010 12
1 5 754 54 935 1768 1596 759 1831 2340
1 5 1768 935 144 936 2340 1831 1015 1832
1 5 518 1768 936 296 1477 2340 1832 527
1 5 526 1596 2340 1477 261 757 1833 522
1 5 1596 759 1831 2340 757 92 1013 1833
1 5 2340 1831 1015 1832 1833 1013 308 1014
1 5 1477 2340 1832 527 522 1833 1014 390
1 5 936 144 939 1772 1832 1015 1834 2341
1 5 1772 939 24 940 2341 1834 1019 1835
1 5 941 1772 940 145 1836 2341 1835 1020
1 5 527 1832 2341 1836 390 1014 1837 1018
1 5 1832 1015 1834 2341 1014 308 1016 1837
1 5 2341 1834 1019 1835 1837 1016 172 1017
1 5 1836 2341 1835 1020 1018 1837 1017 309
1 5 519 296 941 1775 1478 527 1836 2342
1 5 1775 941 145 944 2342 1836 1020 1838
1 5 945 1775 944 2 1839 2342 1838 1023
1 5 528 1478 2342 1839 310 523 1840 1022
1 5 1478 527 1836 2342 523 390 1018 1840
1 5 2342 1836 1020 1838 1840 1018 309 1021
1 5 1839 2342 1838 1023 1022 1840 1021 173
1 5 521 261 522 1480 1614 775 1841 2343
1 5 1480 522 390 523 2343 1841 1027 1842
1 5 524 1480 523 310 1843 2343 1842 1028
1 5 778 1614 2343 1843 59 776 1844 1026
1 5 1614 775 1841 2343 776 88 1024 1844
1 5 2343 1841 1027 1842 1844 1024 311 1025
1 5 1843 2343 1842 1028 1026 1844 1025 171
1 5 757 92 1013 1833 1611 774 1845 2344
1 5 1833 1013 308 1014 2344 1845 1031 1846
1 5 522 1833 1014 390 1841 2344 1846 1027
1 5 775 1611 2344 1841 88 772 1847 1024
1 5 1611 774 1845 2344 772 77 1029 1847
1 5 2344 1845 1031 1846 1847 1029 169 1030
1 5 1841 2344 1846 1027 1024 1847 1030 311
1 5 1014 308 1016 1837 1846 1031 1848 2345
1 5 1837 1016 172 1017 2345 1848 1035 1849
1 5 1018 1837 1017 309 1850 2345 1849 1036
1 5 1027 1846 2345 1850 311 1030 1851 1034
1 5 1846 1031 1848 2345 1030 169 1032 1851
1 5 2345 1848 1035 1849 1851 1032 58 1033
1 5 1850 2345 1849 1036 1034 1851 1033 170
1 5 523 390 1018 1840 1842 1027 1850 2346
1 5 1840 1018 309 1021 2346 1850 1036 1852
1 5 1022 1840 1021 173 1853 2346 1852 1039
1 5 1028 1842 2346 1853 171 1025 1854 1038
1 5 1842 1027 1850 2346 1025 311 1034 1854
1 5 2346 1850 1036 1852 1854 1034 170 1037
1 5 1853 2346 1852 1039 1038 1854 1037 31
1 5 766 56 767 1609 1811 967 1855 2347
1 5 1609 767 87 768 2347 1855 1042 1856
1 5 530 1609 768 263 1483 2347 1856 539
1 5 538 1811 2347 1483 305 994 1857 534
1 5 1811 967 1855 2347 994 162 1040 1857
1 5 2347 1855 1042 1856 1857 1040 312 1041
1 5 1483 2347 1856 539 534 1857 1041 391
1 5 768 87 771 1613 1856 1042 1858 2348
1 5 1613 771 77 772 2348 1858 1046 1859
1 5 773 1613 772 88 1860 2348 1859 1047
1 5 539 1856 2348 1860 391 1041 1861 1045
1 5 1856 1042 1858 2348 1041 312 1043 1861
1 5 2348 1858 1046 1859 1861 1043 177 1044
1 5 1860 2348 1859 1047 1045 1861 1044 313
1 5 531 263 773 1616 1484 539 1860 2349
1 5 1616 773 88 776 2349 1860 1047 1862
1 5 777 1616 776 59 1863 2349 1862 1050
1 5 540 1484 2349 1863 314 535 1864 1049
1 5 1484 539 1860 2349 535 391 1045 1864
1 5 2349 1860 1047 1862 1864 1045 313 1048
1 5 1863 2349 1862 1050 1049 1864 1048 178
1 5 533 305 534 1486 1828 1009 1865 2350
1 5 1486 534 391 535 2350 1865 1054 1866
1 5 536 1486 535 314 1867 2350 1866 1055
1 5 1012 1828 2350 1867 12 1010 1868 1053
1 5 1828 1009 1865 2350 1010 165 1051 1868
1 5 2350 1865 1054 1866 1868 1051 315 1052
1 5 1867 2350 1866 1055 1053 1868 1052 176
1 5 994 162 1040 1857 1825 988 1869 2351
1 5 1857 1040 312 1041 2351 1869 1058 1870
1 5 534 1857 1041 391 1865 2351 1870 1054
1 5 1009 1825 2351 1865 165 1007 1871 1051
1 5 1825 988 1869 2351 1007 29 1056 1871
1 5 2351 1869 1058 1870 1871 1056 174 1057
1 5 1865 2351 1870 1054 1051 1871 1057 315
1 5 1041 312 1043 1861 1870 1058 1872 2352
1 5 1861 1043 177 1044 2352 1872 1062 1873
1 5 1045 1861 1044 313 1874 2352 1873 1063
1 5 1054 1870 2352 1874 315 1057 1875 1061
1 5 1870 1058 1872 2352 1057 174 1059 1875
1 5 2352 1872 1062 1873 1875 1059 60 1060
1 5 1874 2352 1873 1063 1061 1875 1060 175
1 5 535 391 1045 1864 1866 1054 1874 2353
1 5 1864 1045 313 1048 2353 1874 1063 1876
1 5 1049 1864 1048 178 1877 2353 1876 1066
1 5 1055 1866 2353 1877 176 1052 1878 1065
1 5 1866 1054 1874 2353 1052 315 1061 1878
1 5 2353 1874 1063 1876 1878 1061 175 1064
1 5 1877 2353 1876 1066 1065 1878 1064 30
1 5 842 7 412 1879 1678 417 1425 2354
1 5 1879 412 85 1067 2354 1425 420 1880
1 5 542 1879 1067 316 1489 2354 1880 551
1 5 550 1678 2354 1489 279 845 1881 546
1 5 1678 417 1425 2354 845 90 416 1881
1 5 2354 1425 420 1880 1881 416 262 1068
1 5 1489 2354 1880 551 546 1881 1068 392
1 5 1067 85 760 1882 1880 420 1600 2355
1 5 1882 760 25 1069 2355 1600 525 1883
1 5 1070 1882 1069 179 1884 2355 1883 562
1 5 551 1880 2355 1884 392 1068 1885 1072
1 5 1880 420 1600 2355 1068 262 761 1885
1 5 2355 1600 525 1883 1885 761 93 1071
1 5 1884 2355 1883 562 1072 1885 1071 317
1 5 543 316 1070 1886 1490 551 1884 2356
1 5 1886 1070 179 553 2356 1884 562 1494
1 5 783 1886 553 55 1622 2356 1494 561
1 5 552 1490 2356 1622 266 547 1887 786
1 5 1490 551 1884 2356 547 392 1072 1887
1 5 2356 1884 562 1494 1887 1072 317 557
1 5 1622 2356 1494 561 786 1887 557 104
1 5 545 279 546 1492 1697 864 1888 2357
1 5 1492 546 392 547 2357 1888 1073 1889
1 5 548 1492 547 266 1634 2357 1889 798
1 5 797 1697 2357 1634 49 589 1511 592
1 5 1697 864 1888 2357 589 124 590 1511
1 5 2357 1888 1073 1889 1511 590 318 591
1 5 1634 2357 1889 798 592 1511 591 99
1 5 845 90 416 1881 1694 762 1605 2358
