MFEM mesh v1.0

#
# MFEM Geometry Types (see mesh/geom.hpp):
#
# POINT       = 0
# SEGMENT     = 1
# TRIANGLE    = 2
# SQUARE      = 3
# TETRAHEDRON = 4
# CUBE        = 5
#

dimension
3

elements
1792
1 5 6 437 1501 440 445 1502 2353 1505
1 5 11 449 1507 452 457 1508 2354 1511
1 5 81 461 1513 464 469 1514 2355 1517
1 5 50 473 1519 476 481 1520 2356 1523
1 5 82 485 1525 488 493 1526 2357 1529
1 5 16 497 1531 500 505 1532 2358 1535
1 5 83 509 1537 512 517 1538 2359 1541
1 5 58 521 1543 524 529 1544 2360 1547
1 5 51 533 1549 536 541 1550 2361 1553
1 5 14 545 1555 548 553 1556 2362 1559
1 5 62 557 1561 560 565 1562 2363 1565
1 5 26 569 1567 572 577 1568 2364 1571
1 5 31 581 1573 584 589 1574 2365 1577
1 5 85 593 1579 596 601 1580 2366 1583
1 5 66 605 1585 608 613 1586 2367 1589
1 5 68 617 1591 620 625 1592 2368 1595
1 5 71 629 1597 632 637 1598 2369 1601
1 5 54 641 1603 644 649 1604 2370 1607
1 5 19 653 1609 656 661 1610 2371 1613
1 5 17 665 1615 668 673 1616 2372 1619
1 5 55 677 1621 680 685 1622 2373 1625
1 5 88 689 1627 692 697 1628 2374 1631
1 5 73 701 1633 704 709 1634 2375 1637
1 5 37 713 1639 716 721 1640 2376 1643
1 5 39 725 1645 728 733 1646 2377 1649
1 5 42 737 1651 740 745 1652 2378 1655
1 5 76 749 1657 752 757 1658 2379 1661
1 5 89 761 1663 764 769 1664 2380 1667
1 5 90 773 1669 438 446 1670 2381 1503
1 5 280 775 1674 783 447 1672 2382 1677
1 5 93 439 1679 788 448 1504 2383 1680
1 5 98 441 1506 444 790 1682 2384 1685
1 5 281 776 1673 442 791 1686 2385 1683
1 5 409 778 1678 786 792 1688 2386 1692
1 5 284 443 1681 789 793 1684 2387 1695
1 5 102 806 1697 450 458 1698 2388 1509
1 5 286 807 1701 812 459 1699 2389 1704
1 5 105 451 1706 817 460 1510 2390 1707
1 5 110 453 1512 456 819 1709 2391 1712
1 5 287 808 1700 454 820 1713 2392 1710
1 5 410 809 1705 815 821 1715 2393 1719
1 5 290 455 1708 818 822 1711 2394 1722
1 5 114 835 1724 462 470 1725 2395 1515
1 5 292 837 1729 845 471 1727 2396 1732
1 5 117 463 1734 852 472 1516 2397 1736
1 5 122 465 1518 468 856 1738 2398 1741
1 5 293 838 1728 466 857 1742 2399 1739
1 5 411 840 1733 848 858 1744 2400 1748
1 5 296 467 1737 854 859 1740 2401 1751
1 5 126 873 1753 474 482 1754 2402 1521
1 5 298 874 1757 878 483 1755 2403 1759
1 5 128 475 1761 881 484 1522 2404 1762
1 5 131 477 1524 480 883 1764 2405 1767
1 5 299 875 1756 478 884 1768 2406 1765
1 5 412 876 1760 880 885 1769 2407 1772
1 5 301 479 1763 882 886 1766 2408 1775
1 5 133 893 1777 486 494 1778 2409 1527
1 5 303 895 1782 903 495 1780 2410 1785
1 5 136 487 1787 910 496 1528 2411 1789
1 5 141 489 1530 492 914 1791 2412 1794
1 5 304 896 1781 490 915 1795 2413 1792
1 5 413 898 1786 906 916 1797 2414 1801
1 5 307 491 1790 912 917 1793 2415 1804
1 5 127 877 1806 498 506 1758 2416 1533
1 5 309 931 1810 937 507 1808 2417 1813
1 5 147 499 1815 941 508 1534 2418 1816
1 5 132 501 1536 504 892 1774 2419 1820
1 5 300 879 1809 502 890 1771 2420 1818
1 5 414 933 1814 940 943 1822 2421 1825
1 5 312 503 1817 942 944 1819 2422 1827
1 5 150 949 1828 510 518 1829 2423 1539
1 5 313 951 1833 959 519 1831 2424 1836
1 5 153 511 1838 966 520 1540 2425 1840
1 5 148 513 1542 516 946 1842 2426 1845
1 5 314 952 1832 514 974 1847 2427 1843
1 5 415 954 1837 962 975 1849 2428 1853
1 5 317 515 1841 968 976 1844 2429 1856
1 5 146 936 1858 522 530 1812 2430 1545
1 5 319 990 1861 993 531 1859 2431 1863
1 5 162 523 1865 998 532 1546 2432 1867
1 5 149 525 1548 528 948 1826 2433 1871
1 5 311 939 1860 526 947 1824 2434 1869
1 5 416 991 1864 995 1002 1872 2435 1875
1 5 321 527 1868 1000 1003 1870 2436 1878
1 5 118 860 1745 534 542 1880 2437 1551
1 5 297 862 1749 867 543 1882 2438 1886
1 5 121 535 1752 871 544 1552 2439 1889
1 5 170 537 1554 540 1027 1891 2440 1894
1 5 323 1011 1883 538 1028 1896 2441 1892
1 5 417 1013 1887 1018 1029 1898 2442 1902
1 5 326 539 1890 1022 1030 1893 2443 1905
1 5 129 887 1770 546 554 1907 2444 1557
1 5 302 888 1773 889 555 1908 2445 1910
1 5 130 547 1776 891 556 1558 2446 1912
1 5 175 549 1560 552 1047 1914 2447 1917
1 5 328 1043 1909 550 1048 1918 2448 1915
1 5 418 1044 1911 1045 1049 1919 2449 1921
1 5 329 551 1913 1046 1050 1916 2450 1923
1 5 173 1051 1920 558 566 1925 2451 1563
1 5 330 1052 1922 1053 567 1927 2452 1931
1 5 174 559 1924 1054 568 1564 2453 1933
1 5 180 561 1566 564 1069 1935 2454 1938
1 5 331 1055 1928 562 1070 1940 2455 1936
1 5 419 1057 1932 1062 1071 1942 2456 1946
1 5 334 563 1934 1064 1072 1937 2457 1949
1 5 92 782 1873 570 578 1676 2458 1569
1 5 322 1004 1876 1006 579 1952 2459 1956
1 5 164 571 1879 1009 580 1570 2460 1959
1 5 101 573 1572 576 805 1694 2461 1963
1 5 283 785 1953 574 803 1691 2462 1961
1 5 420 1087 1957 1091 1097 1965 2463 1969
1 5 338 575 1960 1095 1098 1962 2464 1972
1 5 94 794 1689 582 590 1930 2465 1575
1 5 285 796 1693 801 591 1975 2466 1979
1 5 97 583 1696 804 592 1576 2467 1981
1 5 183 585 1578 588 1085 1948 2468 1985
1 5 333 1061 1976 586 1082 1945 2469 1983
1 5 421 1110 1980 1114 1119 1988 2470 1992
1 5 342 587 1982 1115 1120 1984 2471 1995
1 5 194 1132 1997 594 602 1998 2472 1581
1 5 344 1134 2002 1142 603 2000 2473 2005
1 5 184 595 2007 1101 604 1582 2474 2009
1 5 192 597 1584 600 1127 2011 2475 2014
1 5 345 1135 2001 598 1156 2016 2476 2012
1 5 422 1137 2006 1145 1157 2018 2477 2022
1 5 348 599 2010 1150 1158 2013 2478 2025
1 5 96 800 1966 606 614 1978 2479 1587
1 5 339 1099 1970 1103 615 2027 2480 2030
1 5 186 607 1973 1107 616 1588 2481 2033
1 5 193 609 1590 612 1131 1994 2482 2037
1 5 341 1113 2028 610 1128 1991 2483 2035
1 5 423 1172 2031 1174 1182 2039 2484 2042
1 5 351 611 2034 1177 1183 2036 2485 2045
1 5 207 1191 2047 618 626 2048 2486 1593
1 5 353 1192 2051 1196 627 2049 2487 2053
1 5 209 619 2055 1201 628 1594 2488 2057
1 5 212 621 1596 624 1205 2059 2489 2062
1 5 354 1193 2050 622 1206 2063 2490 2060
1 5 424 1194 2054 1198 1207 2064 2491 2067
1 5 356 623 2058 1203 1208 2061 2492 2070
1 5 214 1216 2072 630 638 2073 2493 1599
1 5 358 1218 2077 1225 639 2075 2494 2080
1 5 217 631 2082 1232 640 1600 2495 2084
1 5 221 633 1602 636 1236 2086 2496 2089
1 5 359 1219 2076 634 1237 2090 2497 2087
1 5 425 1221 2081 1228 1238 2092 2498 2096
1 5 362 635 2085 1234 1239 2088 2499 2099
1 5 137 918 1798 642 650 2101 2500 1605
1 5 308 919 1802 924 651 2102 2501 2106
1 5 140 643 1805 928 652 1606 2502 2109
1 5 228 645 1608 648 1264 2111 2503 2114
1 5 364 1251 2103 646 1265 2116 2504 2112
1 5 426 1252 2107 1255 1266 2118 2505 2122
1 5 367 647 2110 1258 1267 2113 2506 2125
1 5 231 1279 2127 654 662 2128 2507 1611
1 5 369 1280 2131 1284 663 2129 2508 2133
1 5 233 655 2135 1289 664 1612 2509 2137
1 5 237 657 1614 660 1297 2139 2510 2142
1 5 370 1281 2130 658 1298 2144 2511 2140
1 5 427 1282 2134 1286 1299 2145 2512 2148
1 5 372 659 2138 1291 1300 2141 2513 2151
1 5 239 1309 2153 666 674 2154 2514 1617
1 5 374 1311 2158 1318 675 2156 2515 2160
1 5 138 667 2162 922 676 1618 2516 2104
1 5 229 669 1620 672 1270 2164 2517 2117
1 5 375 1312 2157 670 1321 2167 2518 2165
1 5 428 1314 2161 1320 1322 2169 2519 2172
1 5 365 671 2163 1253 1271 2166 2520 2120
1 5 244 1329 2175 678 686 2176 2521 1623
1 5 378 1331 2180 1339 687 2178 2522 2183
1 5 247 679 2185 1343 688 1624 2523 2186
1 5 252 681 1626 684 1349 2188 2524 2191
1 5 379 1332 2179 682 1350 2193 2525 2189
1 5 429 1334 2184 1342 1351 2195 2526 2199
1 5 382 683 2187 1344 1352 2190 2527 2202
1 5 246 1338 2204 690 698 2182 2528 1629
1 5 384 1365 2207 1368 699 2205 2529 2209
1 5 242 691 2211 1327 700 1630 2530 2212
1 5 254 693 1632 696 1364 2201 2531 2216
1 5 381 1341 2206 694 1361 2198 2532 2214
1 5 430 1366 2210 1370 1375 2218 2533 2221
1 5 386 695 2213 1371 1376 2215 2534 2224
1 5 241 1323 2170 702 710 2226 2535 1635
1 5 377 1324 2173 1328 711 2227 2536 2230
1 5 225 703 2174 1272 712 1636 2537 2232
1 5 262 705 1638 708 1393 2234 2538 2237
1 5 388 1384 2228 706 1394 2239 2539 2235
1 5 431 1385 2231 1387 1395 2240 2540 2243
1 5 390 707 2233 1388 1396 2236 2541 2246
1 5 210 1209 2065 714 722 2248 2542 1641
1 5 357 1210 2068 1212 723 2249 2543 2252
1 5 103 715 2071 810 724 1642 2544 1702
1 5 111 717 1644 720 825 2256 2545 1714
1 5 392 1405 2250 718 1411 2259 2546 2257
1 5 432 1406 2253 1408 1412 2260 2547 2263
1 5 288 719 2255 813 826 2258 2548 1717
1 5 104 811 2093 726 734 1703 2549 1647
1 5 363 1241 2097 1245 735 2268 2550 2272
1 5 220 727 2100 1249 736 1648 2551 2275
1 5 113 729 1650 732 834 1721 2552 2279
1 5 289 814 2269 730 831 1718 2553 2277
1 5 433 1418 2273 1422 1431 2282 2554 2286
1 5 397 731 2276 1426 1432 2278 2555 2289
1 5 106 823 1716 738 746 2229 2556 1653
1 5 291 824 1720 829 747 2291 2557 2295
1 5 109 739 1723 833 748 1654 2558 2298
1 5 263 741 1656 744 1404 2245 2559 2302
1 5 389 1386 2292 742 1401 2242 2560 2300
1 5 434 1443 2296 1446 1454 2305 2561 2309
1 5 401 743 2299 1449 1455 2301 2562 2312
1 5 255 1367 2261 750 758 2208 2563 1659
1 5 394 1413 2264 1415 759 2314 2564 2317
1 5 107 751 2266 827 760 1660 2565 2293
1 5 258 753 1662 756 1383 2223 2566 2304
1 5 385 1369 2315 754 1380 2220 2567 2320
1 5 435 1467 2318 1469 1472 2323 2568 2326
1 5 399 755 2319 1444 1458 2321 2569 2307
1 5 264 1414 2330 762 770 2316 2570 1665
1 5 405 1478 2333 1481 771 2331 2571 2335
1 5 265 763 2337 1435 772 1666 2572 2339
1 5 273 765 1668 768 1462 2328 2573 2343
1 5 403 1468 2332 766 1476 2325 2574 2341
1 5 436 1479 2336 1483 1492 2345 2575 2348
1 5 407 767 2340 1487 1493 2342 2576 2351
1 5 437 90 438 1501 1502 446 1503 2353
1 5 1501 438 280 439 2353 1503 447 1504
1 5 440 1501 439 93 1505 2353 1504 448
1 5 445 1502 2353 1505 98 441 1506 444
1 5 1502 446 1503 2353 441 281 442 1506
1 5 2353 1503 447 1504 1506 442 409 443
1 5 1505 2353 1504 448 444 1506 443 284
1 5 449 102 450 1507 1508 458 1509 2354
1 5 1507 450 286 451 2354 1509 459 1510
1 5 452 1507 451 105 1511 2354 1510 460
1 5 457 1508 2354 1511 110 453 1512 456
1 5 1508 458 1509 2354 453 287 454 1512
1 5 2354 1509 459 1510 1512 454 410 455
1 5 1511 2354 1510 460 456 1512 455 290
1 5 461 114 462 1513 1514 470 1515 2355
1 5 1513 462 292 463 2355 1515 471 1516
1 5 464 1513 463 117 1517 2355 1516 472
1 5 469 1514 2355 1517 122 465 1518 468
1 5 1514 470 1515 2355 465 293 466 1518
1 5 2355 1515 471 1516 1518 466 411 467
1 5 1517 2355 1516 472 468 1518 467 296
1 5 473 126 474 1519 1520 482 1521 2356
1 5 1519 474 298 475 2356 1521 483 1522
1 5 476 1519 475 128 1523 2356 1522 484
1 5 481 1520 2356 1523 131 477 1524 480
1 5 1520 482 1521 2356 477 299 478 1524
1 5 2356 1521 483 1522 1524 478 412 479
1 5 1523 2356 1522 484 480 1524 479 301
1 5 485 133 486 1525 1526 494 1527 2357
1 5 1525 486 303 487 2357 1527 495 1528
1 5 488 1525 487 136 1529 2357 1528 496
1 5 493 1526 2357 1529 141 489 1530 492
1 5 1526 494 1527 2357 489 304 490 1530
1 5 2357 1527 495 1528 1530 490 413 491
1 5 1529 2357 1528 496 492 1530 491 307
1 5 497 127 498 1531 1532 506 1533 2358
1 5 1531 498 309 499 2358 1533 507 1534
1 5 500 1531 499 147 1535 2358 1534 508
1 5 505 1532 2358 1535 132 501 1536 504
1 5 1532 506 1533 2358 501 300 502 1536
1 5 2358 1533 507 1534 1536 502 414 503
1 5 1535 2358 1534 508 504 1536 503 312
1 5 509 150 510 1537 1538 518 1539 2359
1 5 1537 510 313 511 2359 1539 519 1540
1 5 512 1537 511 153 1541 2359 1540 520
1 5 517 1538 2359 1541 148 513 1542 516
1 5 1538 518 1539 2359 513 314 514 1542
1 5 2359 1539 519 1540 1542 514 415 515
1 5 1541 2359 1540 520 516 1542 515 317
1 5 521 146 522 1543 1544 530 1545 2360
1 5 1543 522 319 523 2360 1545 531 1546
1 5 524 1543 523 162 1547 2360 1546 532
1 5 529 1544 2360 1547 149 525 1548 528
1 5 1544 530 1545 2360 525 311 526 1548
1 5 2360 1545 531 1546 1548 526 416 527
1 5 1547 2360 1546 532 528 1548 527 321
1 5 533 118 534 1549 1550 542 1551 2361
1 5 1549 534 297 535 2361 1551 543 1552
1 5 536 1549 535 121 1553 2361 1552 544
1 5 541 1550 2361 1553 170 537 1554 540
1 5 1550 542 1551 2361 537 323 538 1554
1 5 2361 1551 543 1552 1554 538 417 539
1 5 1553 2361 1552 544 540 1554 539 326
1 5 545 129 546 1555 1556 554 1557 2362
1 5 1555 546 302 547 2362 1557 555 1558
1 5 548 1555 547 130 1559 2362 1558 556
1 5 553 1556 2362 1559 175 549 1560 552
1 5 1556 554 1557 2362 549 328 550 1560
1 5 2362 1557 555 1558 1560 550 418 551
1 5 1559 2362 1558 556 552 1560 551 329
1 5 557 173 558 1561 1562 566 1563 2363
1 5 1561 558 330 559 2363 1563 567 1564
1 5 560 1561 559 174 1565 2363 1564 568
1 5 565 1562 2363 1565 180 561 1566 564
1 5 1562 566 1563 2363 561 331 562 1566
1 5 2363 1563 567 1564 1566 562 419 563
1 5 1565 2363 1564 568 564 1566 563 334
1 5 569 92 570 1567 1568 578 1569 2364
1 5 1567 570 322 571 2364 1569 579 1570
1 5 572 1567 571 164 1571 2364 1570 580
1 5 577 1568 2364 1571 101 573 1572 576
1 5 1568 578 1569 2364 573 283 574 1572
1 5 2364 1569 579 1570 1572 574 420 575
1 5 1571 2364 1570 580 576 1572 575 338
1 5 581 94 582 1573 1574 590 1575 2365
1 5 1573 582 285 583 2365 1575 591 1576
1 5 584 1573 583 97 1577 2365 1576 592
1 5 589 1574 2365 1577 183 585 1578 588
1 5 1574 590 1575 2365 585 333 586 1578
1 5 2365 1575 591 1576 1578 586 421 587
1 5 1577 2365 1576 592 588 1578 587 342
1 5 593 194 594 1579 1580 602 1581 2366
1 5 1579 594 344 595 2366 1581 603 1582
1 5 596 1579 595 184 1583 2366 1582 604
1 5 601 1580 2366 1583 192 597 1584 600
1 5 1580 602 1581 2366 597 345 598 1584
1 5 2366 1581 603 1582 1584 598 422 599
1 5 1583 2366 1582 604 600 1584 599 348
1 5 605 96 606 1585 1586 614 1587 2367
1 5 1585 606 339 607 2367 1587 615 1588
1 5 608 1585 607 186 1589 2367 1588 616
1 5 613 1586 2367 1589 193 609 1590 612
1 5 1586 614 1587 2367 609 341 610 1590
1 5 2367 1587 615 1588 1590 610 423 611
1 5 1589 2367 1588 616 612 1590 611 351
1 5 617 207 618 1591 1592 626 1593 2368
1 5 1591 618 353 619 2368 1593 627 1594
1 5 620 1591 619 209 1595 2368 1594 628
1 5 625 1592 2368 1595 212 621 1596 624
1 5 1592 626 1593 2368 621 354 622 1596
1 5 2368 1593 627 1594 1596 622 424 623
1 5 1595 2368 1594 628 624 1596 623 356
1 5 629 214 630 1597 1598 638 1599 2369
1 5 1597 630 358 631 2369 1599 639 1600
1 5 632 1597 631 217 1601 2369 1600 640
1 5 637 1598 2369 1601 221 633 1602 636
1 5 1598 638 1599 2369 633 359 634 1602
1 5 2369 1599 639 1600 1602 634 425 635
1 5 1601 2369 1600 640 636 1602 635 362
1 5 641 137 642 1603 1604 650 1605 2370
1 5 1603 642 308 643 2370 1605 651 1606
1 5 644 1603 643 140 1607 2370 1606 652
1 5 649 1604 2370 1607 228 645 1608 648
1 5 1604 650 1605 2370 645 364 646 1608
1 5 2370 1605 651 1606 1608 646 426 647
1 5 1607 2370 1606 652 648 1608 647 367
1 5 653 231 654 1609 1610 662 1611 2371
1 5 1609 654 369 655 2371 1611 663 1612
1 5 656 1609 655 233 1613 2371 1612 664
1 5 661 1610 2371 1613 237 657 1614 660
1 5 1610 662 1611 2371 657 370 658 1614
1 5 2371 1611 663 1612 1614 658 427 659
1 5 1613 2371 1612 664 660 1614 659 372
1 5 665 239 666 1615 1616 674 1617 2372
1 5 1615 666 374 667 2372 1617 675 1618
1 5 668 1615 667 138 1619 2372 1618 676
1 5 673 1616 2372 1619 229 669 1620 672
1 5 1616 674 1617 2372 669 375 670 1620
1 5 2372 1617 675 1618 1620 670 428 671
1 5 1619 2372 1618 676 672 1620 671 365
1 5 677 244 678 1621 1622 686 1623 2373
1 5 1621 678 378 679 2373 1623 687 1624
1 5 680 1621 679 247 1625 2373 1624 688
1 5 685 1622 2373 1625 252 681 1626 684
1 5 1622 686 1623 2373 681 379 682 1626
1 5 2373 1623 687 1624 1626 682 429 683
1 5 1625 2373 1624 688 684 1626 683 382
1 5 689 246 690 1627 1628 698 1629 2374
1 5 1627 690 384 691 2374 1629 699 1630
1 5 692 1627 691 242 1631 2374 1630 700
1 5 697 1628 2374 1631 254 693 1632 696
1 5 1628 698 1629 2374 693 381 694 1632
1 5 2374 1629 699 1630 1632 694 430 695
1 5 1631 2374 1630 700 696 1632 695 386
1 5 701 241 702 1633 1634 710 1635 2375
1 5 1633 702 377 703 2375 1635 711 1636
1 5 704 1633 703 225 1637 2375 1636 712
1 5 709 1634 2375 1637 262 705 1638 708
1 5 1634 710 1635 2375 705 388 706 1638
1 5 2375 1635 711 1636 1638 706 431 707
1 5 1637 2375 1636 712 708 1638 707 390
1 5 713 210 714 1639 1640 722 1641 2376
1 5 1639 714 357 715 2376 1641 723 1642
1 5 716 1639 715 103 1643 2376 1642 724
1 5 721 1640 2376 1643 111 717 1644 720
1 5 1640 722 1641 2376 717 392 718 1644
1 5 2376 1641 723 1642 1644 718 432 719
1 5 1643 2376 1642 724 720 1644 719 288
1 5 725 104 726 1645 1646 734 1647 2377
1 5 1645 726 363 727 2377 1647 735 1648
1 5 728 1645 727 220 1649 2377 1648 736
1 5 733 1646 2377 1649 113 729 1650 732
1 5 1646 734 1647 2377 729 289 730 1650
1 5 2377 1647 735 1648 1650 730 433 731
1 5 1649 2377 1648 736 732 1650 731 397
1 5 737 106 738 1651 1652 746 1653 2378
1 5 1651 738 291 739 2378 1653 747 1654
1 5 740 1651 739 109 1655 2378 1654 748
1 5 745 1652 2378 1655 263 741 1656 744
1 5 1652 746 1653 2378 741 389 742 1656
1 5 2378 1653 747 1654 1656 742 434 743
1 5 1655 2378 1654 748 744 1656 743 401
1 5 749 255 750 1657 1658 758 1659 2379
1 5 1657 750 394 751 2379 1659 759 1660
1 5 752 1657 751 107 1661 2379 1660 760
1 5 757 1658 2379 1661 258 753 1662 756
1 5 1658 758 1659 2379 753 385 754 1662
1 5 2379 1659 759 1660 1662 754 435 755
1 5 1661 2379 1660 760 756 1662 755 399
1 5 761 264 762 1663 1664 770 1665 2380
1 5 1663 762 405 763 2380 1665 771 1666
1 5 764 1663 763 265 1667 2380 1666 772
1 5 769 1664 2380 1667 273 765 1668 768
1 5 1664 770 1665 2380 765 403 766 1668
1 5 2380 1665 771 1666 1668 766 436 767
1 5 1667 2380 1666 772 768 1668 767 407
1 5 773 13 774 1669 1670 779 1671 2381
1 5 1669 774 91 775 2381 1671 780 1672
1 5 438 1669 775 280 1503 2381 1672 447
1 5 446 1670 2381 1503 281 776 1673 442
1 5 1670 779 1671 2381 776 99 777 1673
1 5 2381 1671 780 1672 1673 777 282 778
1 5 1503 2381 1672 447 442 1673 778 409
1 5 775 91 781 1674 1672 780 1675 2382
1 5 1674 781 59 782 2382 1675 787 1676
1 5 783 1674 782 92 1677 2382 1676 578
1 5 447 1672 2382 1677 409 778 1678 786
1 5 1672 780 1675 2382 778 282 784 1678
1 5 2382 1675 787 1676 1678 784 100 785
1 5 1677 2382 1676 578 786 1678 785 283
1 5 439 280 783 1679 1504 447 1677 2383
1 5 1679 783 92 569 2383 1677 578 1568
1 5 788 1679 569 26 1680 2383 1568 577
1 5 448 1504 2383 1680 284 443 1681 789
1 5 1504 447 1677 2383 443 409 786 1681
1 5 2383 1677 578 1568 1681 786 283 573
1 5 1680 2383 1568 577 789 1681 573 101
1 5 441 281 442 1506 1682 791 1683 2384
1 5 1506 442 409 443 2384 1683 792 1684
1 5 444 1506 443 284 1685 2384 1684 793
1 5 790 1682 2384 1685 31 581 1573 584
1 5 1682 791 1683 2384 581 94 582 1573
1 5 2384 1683 792 1684 1573 582 285 583
1 5 1685 2384 1684 793 584 1573 583 97
1 5 776 99 777 1673 1686 797 1687 2385
1 5 1673 777 282 778 2385 1687 798 1688
1 5 442 1673 778 409 1683 2385 1688 792
1 5 791 1686 2385 1683 94 794 1689 582
1 5 1686 797 1687 2385 794 61 795 1689
1 5 2385 1687 798 1688 1689 795 95 796
1 5 1683 2385 1688 792 582 1689 796 285
1 5 778 282 784 1678 1688 798 1690 2386
1 5 1678 784 100 785 2386 1690 802 1691
1 5 786 1678 785 283 1692 2386 1691 803
1 5 792 1688 2386 1692 285 796 1693 801
1 5 1688 798 1690 2386 796 95 799 1693
1 5 2386 1690 802 1691 1693 799 85 800
1 5 1692 2386 1691 803 801 1693 800 96
1 5 443 409 786 1681 1684 792 1692 2387
1 5 1681 786 283 573 2387 1692 803 1694
1 5 789 1681 573 101 1695 2387 1694 805
1 5 793 1684 2387 1695 97 583 1696 804
1 5 1684 792 1692 2387 583 285 801 1696
1 5 2387 1692 803 1694 1696 801 96 605
1 5 1695 2387 1694 805 804 1696 605 66
1 5 806 37 716 1697 1698 721 1643 2388
1 5 1697 716 103 807 2388 1643 724 1699
1 5 450 1697 807 286 1509 2388 1699 459
1 5 458 1698 2388 1509 287 808 1700 454
1 5 1698 721 1643 2388 808 111 720 1700
1 5 2388 1643 724 1699 1700 720 288 809
1 5 1509 2388 1699 459 454 1700 809 410
1 5 807 103 810 1701 1699 724 1702 2389
1 5 1701 810 72 811 2389 1702 816 1703
1 5 812 1701 811 104 1704 2389 1703 734
1 5 459 1699 2389 1704 410 809 1705 815
1 5 1699 724 1702 2389 809 288 813 1705
1 5 2389 1702 816 1703 1705 813 112 814
1 5 1704 2389 1703 734 815 1705 814 289
1 5 451 286 812 1706 1510 459 1704 2390
1 5 1706 812 104 725 2390 1704 734 1646
1 5 817 1706 725 39 1707 2390 1646 733
1 5 460 1510 2390 1707 290 455 1708 818
1 5 1510 459 1704 2390 455 410 815 1708
1 5 2390 1704 734 1646 1708 815 289 729
1 5 1707 2390 1646 733 818 1708 729 113
1 5 453 287 454 1512 1709 820 1710 2391
1 5 1512 454 410 455 2391 1710 821 1711
1 5 456 1512 455 290 1712 2391 1711 822
1 5 819 1709 2391 1712 42 737 1651 740
1 5 1709 820 1710 2391 737 106 738 1651
1 5 2391 1710 821 1711 1651 738 291 739
1 5 1712 2391 1711 822 740 1651 739 109
1 5 808 111 720 1700 1713 825 1714 2392
1 5 1700 720 288 809 2392 1714 826 1715
1 5 454 1700 809 410 1710 2392 1715 821
1 5 820 1713 2392 1710 106 823 1716 738
1 5 1713 825 1714 2392 823 76 752 1716
1 5 2392 1714 826 1715 1716 752 107 824
1 5 1710 2392 1715 821 738 1716 824 291
1 5 809 288 813 1705 1715 826 1717 2393
1 5 1705 813 112 814 2393 1717 830 1718
1 5 815 1705 814 289 1719 2393 1718 831
1 5 821 1715 2393 1719 291 824 1720 829
1 5 1715 826 1717 2393 824 107 827 1720
1 5 2393 1717 830 1718 1720 827 89 828
1 5 1719 2393 1718 831 829 1720 828 108
1 5 455 410 815 1708 1711 821 1719 2394
1 5 1708 815 289 729 2394 1719 831 1721
1 5 818 1708 729 113 1722 2394 1721 834
1 5 822 1711 2394 1722 109 739 1723 833
1 5 1711 821 1719 2394 739 291 829 1723
1 5 2394 1719 831 1721 1723 829 108 832
1 5 1722 2394 1721 834 833 1723 832 79
1 5 835 48 836 1724 1725 841 1726 2395
1 5 1724 836 115 837 2395 1726 842 1727
1 5 462 1724 837 292 1515 2395 1727 471
1 5 470 1725 2395 1515 293 838 1728 466
1 5 1725 841 1726 2395 838 123 839 1728
1 5 2395 1726 842 1727 1728 839 294 840
1 5 1515 2395 1727 471 466 1728 840 411
1 5 837 115 843 1729 1727 842 1730 2396
1 5 1729 843 15 844 2396 1730 849 1731
1 5 845 1729 844 116 1732 2396 1731 850
1 5 471 1727 2396 1732 411 840 1733 848
1 5 1727 842 1730 2396 840 294 846 1733
1 5 2396 1730 849 1731 1733 846 124 847
1 5 1732 2396 1731 850 848 1733 847 295
1 5 463 292 845 1734 1516 471 1732 2397
1 5 1734 845 116 851 2397 1732 850 1735
1 5 852 1734 851 49 1736 2397 1735 855
1 5 472 1516 2397 1736 296 467 1737 854
1 5 1516 471 1732 2397 467 411 848 1737
1 5 2397 1732 850 1735 1737 848 295 853
1 5 1736 2397 1735 855 854 1737 853 125
1 5 465 293 466 1518 1738 857 1739 2398
1 5 1518 466 411 467 2398 1739 858 1740
1 5 468 1518 467 296 1741 2398 1740 859
1 5 856 1738 2398 1741 51 533 1549 536
1 5 1738 857 1739 2398 533 118 534 1549
1 5 2398 1739 858 1740 1549 534 297 535
1 5 1741 2398 1740 859 536 1549 535 121
1 5 838 123 839 1728 1742 863 1743 2399
1 5 1728 839 294 840 2399 1743 864 1744
1 5 466 1728 840 411 1739 2399 1744 858
1 5 857 1742 2399 1739 118 860 1745 534
1 5 1742 863 1743 2399 860 12 861 1745
1 5 2399 1743 864 1744 1745 861 119 862
1 5 1739 2399 1744 858 534 1745 862 297
1 5 840 294 846 1733 1744 864 1746 2400
1 5 1733 846 124 847 2400 1746 868 1747
1 5 848 1733 847 295 1748 2400 1747 869
1 5 858 1744 2400 1748 297 862 1749 867
1 5 1744 864 1746 2400 862 119 865 1749
1 5 2400 1746 868 1747 1749 865 10 866
1 5 1748 2400 1747 869 867 1749 866 120
1 5 467 411 848 1737 1740 858 1748 2401
1 5 1737 848 295 853 2401 1748 869 1750
1 5 854 1737 853 125 1751 2401 1750 872
1 5 859 1740 2401 1751 121 535 1752 871
1 5 1740 858 1748 2401 535 297 867 1752
1 5 2401 1748 869 1750 1752 867 120 870
1 5 1751 2401 1750 872 871 1752 870 13
1 5 873 81 464 1753 1754 469 1517 2402
1 5 1753 464 117 874 2402 1517 472 1755
1 5 474 1753 874 298 1521 2402 1755 483
1 5 482 1754 2402 1521 299 875 1756 478
1 5 1754 469 1517 2402 875 122 468 1756
1 5 2402 1517 472 1755 1756 468 296 876
1 5 1521 2402 1755 483 478 1756 876 412
1 5 874 117 852 1757 1755 472 1736 2403
1 5 1757 852 49 877 2403 1736 855 1758
1 5 878 1757 877 127 1759 2403 1758 506
1 5 483 1755 2403 1759 412 876 1760 880
1 5 1755 472 1736 2403 876 296 854 1760
1 5 2403 1736 855 1758 1760 854 125 879
1 5 1759 2403 1758 506 880 1760 879 300
1 5 475 298 878 1761 1522 483 1759 2404
1 5 1761 878 127 497 2404 1759 506 1532
1 5 881 1761 497 16 1762 2404 1532 505
1 5 484 1522 2404 1762 301 479 1763 882
1 5 1522 483 1759 2404 479 412 880 1763
1 5 2404 1759 506 1532 1763 880 300 501
1 5 1762 2404 1532 505 882 1763 501 132
1 5 477 299 478 1524 1764 884 1765 2405
1 5 1524 478 412 479 2405 1765 885 1766
1 5 480 1524 479 301 1767 2405 1766 886
1 5 883 1764 2405 1767 14 545 1555 548
1 5 1764 884 1765 2405 545 129 546 1555
1 5 2405 1765 885 1766 1555 546 302 547
1 5 1767 2405 1766 886 548 1555 547 130
1 5 875 122 468 1756 1768 856 1741 2406
1 5 1756 468 296 876 2406 1741 859 1769
1 5 478 1756 876 412 1765 2406 1769 885
1 5 884 1768 2406 1765 129 887 1770 546
1 5 1768 856 1741 2406 887 51 536 1770
1 5 2406 1741 859 1769 1770 536 121 888
1 5 1765 2406 1769 885 546 1770 888 302
1 5 876 296 854 1760 1769 859 1751 2407
1 5 1760 854 125 879 2407 1751 872 1771
1 5 880 1760 879 300 1772 2407 1771 890
1 5 885 1769 2407 1772 302 888 1773 889
1 5 1769 859 1751 2407 888 121 871 1773
1 5 2407 1751 872 1771 1773 871 13 773
1 5 1772 2407 1771 890 889 1773 773 90
1 5 479 412 880 1763 1766 885 1772 2408
1 5 1763 880 300 501 2408 1772 890 1774
1 5 882 1763 501 132 1775 2408 1774 892
1 5 886 1766 2408 1775 130 547 1776 891
1 5 1766 885 1772 2408 547 302 889 1776
1 5 2408 1772 890 1774 1776 889 90 437
1 5 1775 2408 1774 892 891 1776 437 6
1 5 893 52 894 1777 1778 899 1779 2409
1 5 1777 894 134 895 2409 1779 900 1780
1 5 486 1777 895 303 1527 2409 1780 495
1 5 494 1778 2409 1527 304 896 1781 490
1 5 1778 899 1779 2409 896 142 897 1781
1 5 2409 1779 900 1780 1781 897 305 898
1 5 1527 2409 1780 495 490 1781 898 413
1 5 895 134 901 1782 1780 900 1783 2410
1 5 1782 901 20 902 2410 1783 907 1784
1 5 903 1782 902 135 1785 2410 1784 908
1 5 495 1780 2410 1785 413 898 1786 906
1 5 1780 900 1783 2410 898 305 904 1786
1 5 2410 1783 907 1784 1786 904 143 905
1 5 1785 2410 1784 908 906 1786 905 306
1 5 487 303 903 1787 1528 495 1785 2411
1 5 1787 903 135 909 2411 1785 908 1788
1 5 910 1787 909 53 1789 2411 1788 913
1 5 496 1528 2411 1789 307 491 1790 912
1 5 1528 495 1785 2411 491 413 906 1790
1 5 2411 1785 908 1788 1790 906 306 911
1 5 1789 2411 1788 913 912 1790 911 144
1 5 489 304 490 1530 1791 915 1792 2412
1 5 1530 490 413 491 2412 1792 916 1793
1 5 492 1530 491 307 1794 2412 1793 917
1 5 914 1791 2412 1794 54 641 1603 644
1 5 1791 915 1792 2412 641 137 642 1603
1 5 2412 1792 916 1793 1603 642 308 643
1 5 1794 2412 1793 917 644 1603 643 140
1 5 896 142 897 1781 1795 920 1796 2413
1 5 1781 897 305 898 2413 1796 921 1797
1 5 490 1781 898 413 1792 2413 1797 916
1 5 915 1795 2413 1792 137 918 1798 642
1 5 1795 920 1796 2413 918 17 668 1798
1 5 2413 1796 921 1797 1798 668 138 919
1 5 1792 2413 1797 916 642 1798 919 308
1 5 898 305 904 1786 1797 921 1799 2414
1 5 1786 904 143 905 2414 1799 925 1800
1 5 906 1786 905 306 1801 2414 1800 926
1 5 916 1797 2414 1801 308 919 1802 924
1 5 1797 921 1799 2414 919 138 922 1802
1 5 2414 1799 925 1800 1802 922 11 923
1 5 1801 2414 1800 926 924 1802 923 139
1 5 491 413 906 1790 1793 916 1801 2415
1 5 1790 906 306 911 2415 1801 926 1803
1 5 912 1790 911 144 1804 2415 1803 929
1 5 917 1793 2415 1804 140 643 1805 928
1 5 1793 916 1801 2415 643 308 924 1805
1 5 2415 1801 926 1803 1805 924 139 927
1 5 1804 2415 1803 929 928 1805 927 18
1 5 877 49 930 1806 1758 855 1807 2416
1 5 1806 930 145 931 2416 1807 934 1808
1 5 498 1806 931 309 1533 2416 1808 507
1 5 506 1758 2416 1533 300 879 1809 502
1 5 1758 855 1807 2416 879 125 932 1809
1 5 2416 1807 934 1808 1809 932 310 933
1 5 1533 2416 1808 507 502 1809 933 414
1 5 931 145 935 1810 1808 934 1811 2417
1 5 1810 935 83 936 2417 1811 517 1812
1 5 937 1810 936 146 1813 2417 1812 530
1 5 507 1808 2417 1813 414 933 1814 940
1 5 1808 934 1811 2417 933 310 938 1814
1 5 2417 1811 517 1812 1814 938 148 939
1 5 1813 2417 1812 530 940 1814 939 311
1 5 499 309 937 1815 1534 507 1813 2418
1 5 1815 937 146 521 2418 1813 530 1544
1 5 941 1815 521 58 1816 2418 1544 529
1 5 508 1534 2418 1816 312 503 1817 942
1 5 1534 507 1813 2418 503 414 940 1817
1 5 2418 1813 530 1544 1817 940 311 525
1 5 1816 2418 1544 529 942 1817 525 149
1 5 501 300 502 1536 1774 890 1818 2419
1 5 1536 502 414 503 2419 1818 943 1819
1 5 504 1536 503 312 1820 2419 1819 944
1 5 892 1774 2419 1820 6 437 1501 440
1 5 1774 890 1818 2419 437 90 438 1501
1 5 2419 1818 943 1819 1501 438 280 439
1 5 1820 2419 1819 944 440 1501 439 93
1 5 879 125 932 1809 1771 872 1821 2420
1 5 1809 932 310 933 2420 1821 945 1822
1 5 502 1809 933 414 1818 2420 1822 943
1 5 890 1771 2420 1818 90 773 1669 438
1 5 1771 872 1821 2420 773 13 774 1669
1 5 2420 1821 945 1822 1669 774 91 775
1 5 1818 2420 1822 943 438 1669 775 280
1 5 933 310 938 1814 1822 945 1823 2421
1 5 1814 938 148 939 2421 1823 946 1824
1 5 940 1814 939 311 1825 2421 1824 947
1 5 943 1822 2421 1825 280 775 1674 783
1 5 1822 945 1823 2421 775 91 781 1674
1 5 2421 1823 946 1824 1674 781 59 782
1 5 1825 2421 1824 947 783 1674 782 92
1 5 503 414 940 1817 1819 943 1825 2422
1 5 1817 940 311 525 2422 1825 947 1826
1 5 942 1817 525 149 1827 2422 1826 948
1 5 944 1819 2422 1827 93 439 1679 788
1 5 1819 943 1825 2422 439 280 783 1679
1 5 2422 1825 947 1826 1679 783 92 569
1 5 1827 2422 1826 948 788 1679 569 26
1 5 949 56 950 1828 1829 955 1830 2423
1 5 1828 950 151 951 2423 1830 956 1831
1 5 510 1828 951 313 1539 2423 1831 519
1 5 518 1829 2423 1539 314 952 1832 514
1 5 1829 955 1830 2423 952 158 953 1832
1 5 2423 1830 956 1831 1832 953 315 954
1 5 1539 2423 1831 519 514 1832 954 415
1 5 951 151 957 1833 1831 956 1834 2424
1 5 1833 957 24 958 2424 1834 963 1835
1 5 959 1833 958 152 1836 2424 1835 964
1 5 519 1831 2424 1836 415 954 1837 962
1 5 1831 956 1834 2424 954 315 960 1837
1 5 2424 1834 963 1835 1837 960 159 961
1 5 1836 2424 1835 964 962 1837 961 316
1 5 511 313 959 1838 1540 519 1836 2425
1 5 1838 959 152 965 2425 1836 964 1839
1 5 966 1838 965 57 1840 2425 1839 969
1 5 520 1540 2425 1840 317 515 1841 968
1 5 1540 519 1836 2425 515 415 962 1841
1 5 2425 1836 964 1839 1841 962 316 967
1 5 1840 2425 1839 969 968 1841 967 160
1 5 513 314 514 1542 1842 974 1843 2426
1 5 1542 514 415 515 2426 1843 975 1844
1 5 516 1542 515 317 1845 2426 1844 976
1 5 946 1842 2426 1845 59 970 1846 973
1 5 1842 974 1843 2426 970 154 971 1846
1 5 2426 1843 975 1844 1846 971 318 972
1 5 1845 2426 1844 976 973 1846 972 157
1 5 952 158 953 1832 1847 980 1848 2427
1 5 1832 953 315 954 2427 1848 981 1849
1 5 514 1832 954 415 1843 2427 1849 975
1 5 974 1847 2427 1843 154 977 1850 971
1 5 1847 980 1848 2427 977 23 978 1850
1 5 2427 1848 981 1849 1850 978 155 979
1 5 1843 2427 1849 975 971 1850 979 318
1 5 954 315 960 1837 1849 981 1851 2428
1 5 1837 960 159 961 2428 1851 985 1852
1 5 962 1837 961 316 1853 2428 1852 986
1 5 975 1849 2428 1853 318 979 1854 984
1 5 1849 981 1851 2428 979 155 982 1854
1 5 2428 1851 985 1852 1854 982 5 983
1 5 1853 2428 1852 986 984 1854 983 156
1 5 515 415 962 1841 1844 975 1853 2429
1 5 1841 962 316 967 2429 1853 986 1855
1 5 968 1841 967 160 1856 2429 1855 989
1 5 976 1844 2429 1856 157 972 1857 988
1 5 1844 975 1853 2429 972 318 984 1857
1 5 2429 1853 986 1855 1857 984 156 987
1 5 1856 2429 1855 989 988 1857 987 25
1 5 936 83 512 1858 1812 517 1541 2430
1 5 1858 512 153 990 2430 1541 520 1859
1 5 522 1858 990 319 1545 2430 1859 531
1 5 530 1812 2430 1545 311 939 1860 526
1 5 1812 517 1541 2430 939 148 516 1860
1 5 2430 1541 520 1859 1860 516 317 991
1 5 1545 2430 1859 531 526 1860 991 416
1 5 990 153 966 1861 1859 520 1840 2431
1 5 1861 966 57 992 2431 1840 969 1862
1 5 993 1861 992 161 1863 2431 1862 996
1 5 531 1859 2431 1863 416 991 1864 995
1 5 1859 520 1840 2431 991 317 968 1864
1 5 2431 1840 969 1862 1864 968 160 994
1 5 1863 2431 1862 996 995 1864 994 320
1 5 523 319 993 1865 1546 531 1863 2432
1 5 1865 993 161 997 2432 1863 996 1866
1 5 998 1865 997 27 1867 2432 1866 1001
1 5 532 1546 2432 1867 321 527 1868 1000
1 5 1546 531 1863 2432 527 416 995 1868
1 5 2432 1863 996 1866 1868 995 320 999
1 5 1867 2432 1866 1001 1000 1868 999 165
1 5 525 311 526 1548 1826 947 1869 2433
1 5 1548 526 416 527 2433 1869 1002 1870
1 5 528 1548 527 321 1871 2433 1870 1003
1 5 948 1826 2433 1871 26 569 1567 572
1 5 1826 947 1869 2433 569 92 570 1567
1 5 2433 1869 1002 1870 1567 570 322 571
1 5 1871 2433 1870 1003 572 1567 571 164
1 5 939 148 516 1860 1824 946 1845 2434
1 5 1860 516 317 991 2434 1845 976 1872
1 5 526 1860 991 416 1869 2434 1872 1002
1 5 947 1824 2434 1869 92 782 1873 570
1 5 1824 946 1845 2434 782 59 973 1873
1 5 2434 1845 976 1872 1873 973 157 1004
1 5 1869 2434 1872 1002 570 1873 1004 322
1 5 991 317 968 1864 1872 976 1856 2435
1 5 1864 968 160 994 2435 1856 989 1874
1 5 995 1864 994 320 1875 2435 1874 1007
1 5 1002 1872 2435 1875 322 1004 1876 1006
1 5 1872 976 1856 2435 1004 157 988 1876
1 5 2435 1856 989 1874 1876 988 25 1005
1 5 1875 2435 1874 1007 1006 1876 1005 163
1 5 527 416 995 1868 1870 1002 1875 2436
1 5 1868 995 320 999 2436 1875 1007 1877
1 5 1000 1868 999 165 1878 2436 1877 1010
1 5 1003 1870 2436 1878 164 571 1879 1009
1 5 1870 1002 1875 2436 571 322 1006 1879
1 5 2436 1875 1007 1877 1879 1006 163 1008
1 5 1878 2436 1877 1010 1009 1879 1008 4
1 5 860 12 861 1745 1880 1014 1881 2437
1 5 1745 861 119 862 2437 1881 1015 1882
1 5 534 1745 862 297 1551 2437 1882 543
1 5 542 1880 2437 1551 323 1011 1883 538
1 5 1880 1014 1881 2437 1011 171 1012 1883
1 5 2437 1881 1015 1882 1883 1012 324 1013
1 5 1551 2437 1882 543 538 1883 1013 417
1 5 862 119 865 1749 1882 1015 1884 2438
1 5 1749 865 10 866 2438 1884 1019 1885
1 5 867 1749 866 120 1886 2438 1885 1020
1 5 543 1882 2438 1886 417 1013 1887 1018
1 5 1882 1015 1884 2438 1013 324 1016 1887
1 5 2438 1884 1019 1885 1887 1016 172 1017
1 5 1886 2438 1885 1020 1018 1887 1017 325
1 5 535 297 867 1752 1552 543 1886 2439
1 5 1752 867 120 870 2439 1886 1020 1888
1 5 871 1752 870 13 1889 2439 1888 779
1 5 544 1552 2439 1889 326 539 1890 1022
1 5 1552 543 1886 2439 539 417 1018 1890
1 5 2439 1886 1020 1888 1890 1018 325 1021
1 5 1889 2439 1888 779 1022 1890 1021 99
1 5 537 323 538 1554 1891 1028 1892 2440
1 5 1554 538 417 539 2440 1892 1029 1893
1 5 540 1554 539 326 1894 2440 1893 1030
1 5 1027 1891 2440 1894 84 1023 1895 1026
1 5 1891 1028 1892 2440 1023 166 1024 1895
1 5 2440 1892 1029 1893 1895 1024 327 1025
1 5 1894 2440 1893 1030 1026 1895 1025 169
1 5 1011 171 1012 1883 1896 1034 1897 2441
1 5 1883 1012 324 1013 2441 1897 1035 1898
1 5 538 1883 1013 417 1892 2441 1898 1029
1 5 1028 1896 2441 1892 166 1031 1899 1024
1 5 1896 1034 1897 2441 1031 60 1032 1899
1 5 2441 1897 1035 1898 1899 1032 167 1033
1 5 1892 2441 1898 1029 1024 1899 1033 327
1 5 1013 324 1016 1887 1898 1035 1900 2442
1 5 1887 1016 172 1017 2442 1900 1039 1901
1 5 1018 1887 1017 325 1902 2442 1901 1040
1 5 1029 1898 2442 1902 327 1033 1903 1038
1 5 1898 1035 1900 2442 1033 167 1036 1903
1 5 2442 1900 1039 1901 1903 1036 30 1037
1 5 1902 2442 1901 1040 1038 1903 1037 168
1 5 539 417 1018 1890 1893 1029 1902 2443
1 5 1890 1018 325 1021 2443 1902 1040 1904
1 5 1022 1890 1021 99 1905 2443 1904 797
1 5 1030 1893 2443 1905 169 1025 1906 1042
1 5 1893 1029 1902 2443 1025 327 1038 1906
1 5 2443 1902 1040 1904 1906 1038 168 1041
1 5 1905 2443 1904 797 1042 1906 1041 61
1 5 887 51 536 1770 1907 541 1553 2444
1 5 1770 536 121 888 2444 1553 544 1908
1 5 546 1770 888 302 1557 2444 1908 555
1 5 554 1907 2444 1557 328 1043 1909 550
1 5 1907 541 1553 2444 1043 170 540 1909
1 5 2444 1553 544 1908 1909 540 326 1044
1 5 1557 2444 1908 555 550 1909 1044 418
1 5 888 121 871 1773 1908 544 1889 2445
1 5 1773 871 13 773 2445 1889 779 1670
1 5 889 1773 773 90 1910 2445 1670 446
1 5 555 1908 2445 1910 418 1044 1911 1045
1 5 1908 544 1889 2445 1044 326 1022 1911
1 5 2445 1889 779 1670 1911 1022 99 776
1 5 1910 2445 1670 446 1045 1911 776 281
1 5 547 302 889 1776 1558 555 1910 2446
1 5 1776 889 90 437 2446 1910 446 1502
1 5 891 1776 437 6 1912 2446 1502 445
1 5 556 1558 2446 1912 329 551 1913 1046
1 5 1558 555 1910 2446 551 418 1045 1913
1 5 2446 1910 446 1502 1913 1045 281 441
1 5 1912 2446 1502 445 1046 1913 441 98
1 5 549 328 550 1560 1914 1048 1915 2447
1 5 1560 550 418 551 2447 1915 1049 1916
1 5 552 1560 551 329 1917 2447 1916 1050
1 5 1047 1914 2447 1917 62 557 1561 560
1 5 1914 1048 1915 2447 557 173 558 1561
1 5 2447 1915 1049 1916 1561 558 330 559
1 5 1917 2447 1916 1050 560 1561 559 174
1 5 1043 170 540 1909 1918 1027 1894 2448
1 5 1909 540 326 1044 2448 1894 1030 1919
1 5 550 1909 1044 418 1915 2448 1919 1049
1 5 1048 1918 2448 1915 173 1051 1920 558
1 5 1918 1027 1894 2448 1051 84 1026 1920
1 5 2448 1894 1030 1919 1920 1026 169 1052
1 5 1915 2448 1919 1049 558 1920 1052 330
1 5 1044 326 1022 1911 1919 1030 1905 2449
1 5 1911 1022 99 776 2449 1905 797 1686
1 5 1045 1911 776 281 1921 2449 1686 791
1 5 1049 1919 2449 1921 330 1052 1922 1053
1 5 1919 1030 1905 2449 1052 169 1042 1922
1 5 2449 1905 797 1686 1922 1042 61 794
1 5 1921 2449 1686 791 1053 1922 794 94
1 5 551 418 1045 1913 1916 1049 1921 2450
1 5 1913 1045 281 441 2450 1921 791 1682
1 5 1046 1913 441 98 1923 2450 1682 790
1 5 1050 1916 2450 1923 174 559 1924 1054
1 5 1916 1049 1921 2450 559 330 1053 1924
1 5 2450 1921 791 1682 1924 1053 94 581
1 5 1923 2450 1682 790 1054 1924 581 31
1 5 1051 84 1026 1920 1925 1058 1926 2451
1 5 1920 1026 169 1052 2451 1926 1059 1927
1 5 558 1920 1052 330 1563 2451 1927 567
1 5 566 1925 2451 1563 331 1055 1928 562
1 5 1925 1058 1926 2451 1055 181 1056 1928
1 5 2451 1926 1059 1927 1928 1056 332 1057
1 5 1563 2451 1927 567 562 1928 1057 419
1 5 1052 169 1042 1922 1927 1059 1929 2452
1 5 1922 1042 61 794 2452 1929 1063 1930
1 5 1053 1922 794 94 1931 2452 1930 590
1 5 567 1927 2452 1931 419 1057 1932 1062
1 5 1927 1059 1929 2452 1057 332 1060 1932
1 5 2452 1929 1063 1930 1932 1060 182 1061
1 5 1931 2452 1930 590 1062 1932 1061 333
1 5 559 330 1053 1924 1564 567 1931 2453
1 5 1924 1053 94 581 2453 1931 590 1574
1 5 1054 1924 581 31 1933 2453 1574 589
1 5 568 1564 2453 1933 334 563 1934 1064
1 5 1564 567 1931 2453 563 419 1062 1934
1 5 2453 1931 590 1574 1934 1062 333 585
1 5 1933 2453 1574 589 1064 1934 585 183
1 5 561 331 562 1566 1935 1070 1936 2454
1 5 1566 562 419 563 2454 1936 1071 1937
1 5 564 1566 563 334 1938 2454 1937 1072
1 5 1069 1935 2454 1938 29 1065 1939 1068
1 5 1935 1070 1936 2454 1065 176 1066 1939
1 5 2454 1936 1071 1937 1939 1066 335 1067
1 5 1938 2454 1937 1072 1068 1939 1067 179
1 5 1055 181 1056 1928 1940 1076 1941 2455
1 5 1928 1056 332 1057 2455 1941 1077 1942
1 5 562 1928 1057 419 1936 2455 1942 1071
1 5 1070 1940 2455 1936 176 1073 1943 1066
1 5 1940 1076 1941 2455 1073 63 1074 1943
1 5 2455 1941 1077 1942 1943 1074 177 1075
1 5 1936 2455 1942 1071 1066 1943 1075 335
1 5 1057 332 1060 1932 1942 1077 1944 2456
1 5 1932 1060 182 1061 2456 1944 1081 1945
1 5 1062 1932 1061 333 1946 2456 1945 1082
1 5 1071 1942 2456 1946 335 1075 1947 1080
1 5 1942 1077 1944 2456 1075 177 1078 1947
1 5 2456 1944 1081 1945 1947 1078 28 1079
1 5 1946 2456 1945 1082 1080 1947 1079 178
1 5 563 419 1062 1934 1937 1071 1946 2457
1 5 1934 1062 333 585 2457 1946 1082 1948
1 5 1064 1934 585 183 1949 2457 1948 1085
1 5 1072 1937 2457 1949 179 1067 1950 1084
1 5 1937 1071 1946 2457 1067 335 1080 1950
1 5 2457 1946 1082 1948 1950 1080 178 1083
1 5 1949 2457 1948 1085 1084 1950 1083 3
1 5 782 59 973 1873 1676 787 1951 2458
1 5 1873 973 157 1004 2458 1951 1088 1952
1 5 570 1873 1004 322 1569 2458 1952 579
1 5 578 1676 2458 1569 283 785 1953 574
1 5 1676 787 1951 2458 785 100 1086 1953
1 5 2458 1951 1088 1952 1953 1086 336 1087
1 5 1569 2458 1952 579 574 1953 1087 420
1 5 1004 157 988 1876 1952 1088 1954 2459
1 5 1876 988 25 1005 2459 1954 1092 1955
1 5 1006 1876 1005 163 1956 2459 1955 1093
1 5 579 1952 2459 1956 420 1087 1957 1091
1 5 1952 1088 1954 2459 1087 336 1089 1957
1 5 2459 1954 1092 1955 1957 1089 187 1090
1 5 1956 2459 1955 1093 1091 1957 1090 337
1 5 571 322 1006 1879 1570 579 1956 2460
1 5 1879 1006 163 1008 2460 1956 1093 1958
1 5 1009 1879 1008 4 1959 2460 1958 1096
1 5 580 1570 2460 1959 338 575 1960 1095
1 5 1570 579 1956 2460 575 420 1091 1960
1 5 2460 1956 1093 1958 1960 1091 337 1094
1 5 1959 2460 1958 1096 1095 1960 1094 188
1 5 573 283 574 1572 1694 803 1961 2461
1 5 1572 574 420 575 2461 1961 1097 1962
1 5 576 1572 575 338 1963 2461 1962 1098
1 5 805 1694 2461 1963 66 605 1585 608
1 5 1694 803 1961 2461 605 96 606 1585
