MFEM mesh v1.0

#
# MFEM Geometry Types (see mesh/geom.hpp):
#
# POINT       = 0
# SEGMENT     = 1
# TRIANGLE    = 2
# SQUARE      = 3
# TETRAHEDRON = 4
# CUBE        = 5
#

dimension
3

elements
1792
1 5 0 375 1325 378 383 1326 2125 1329
1 5 5 387 1331 390 395 1332 2126 1335
1 5 8 399 1337 402 407 1338 2127 1341
1 5 13 411 1343 414 419 1344 2128 1347
1 5 15 423 1349 426 431 1350 2129 1353
1 5 46 435 1355 438 443 1356 2130 1359
1 5 18 447 1361 450 455 1362 2131 1365
1 5 23 459 1367 462 467 1368 2132 1371
1 5 47 471 1373 474 479 1374 2133 1377
1 5 67 483 1379 486 491 1380 2134 1383
1 5 50 495 1385 498 503 1386 2135 1389
1 5 17 507 1391 510 515 1392 2136 1395
1 5 55 519 1397 522 527 1398 2137 1401
1 5 36 531 1403 534 539 1404 2138 1407
1 5 26 543 1409 546 551 1410 2139 1413
1 5 49 555 1415 558 563 1416 2140 1419
1 5 68 567 1421 570 575 1422 2141 1425
1 5 56 579 1427 582 587 1428 2142 1431
1 5 19 591 1433 594 599 1434 2143 1437
1 5 51 603 1439 606 611 1440 2144 1443
1 5 22 615 1445 618 623 1446 2145 1449
1 5 21 627 1451 630 635 1452 2146 1455
1 5 57 639 1457 642 647 1458 2147 1461
1 5 37 651 1463 654 659 1464 2148 1467
1 5 41 663 1469 666 671 1470 2149 1473
1 5 70 675 1475 678 683 1476 2150 1479
1 5 64 687 1481 690 695 1482 2151 1485
1 5 63 699 1487 702 707 1488 2152 1491
1 5 72 711 1493 376 384 1494 2153 1327
1 5 231 712 1497 717 385 1495 2154 1500
1 5 75 377 1502 721 386 1328 2155 1503
1 5 80 379 1330 382 723 1505 2156 1508
1 5 232 713 1496 380 724 1509 2157 1506
1 5 347 714 1501 720 725 1511 2158 1515
1 5 235 381 1504 722 726 1507 2159 1518
1 5 84 738 1520 388 396 1521 2160 1333
1 5 237 739 1524 744 397 1522 2161 1527
1 5 87 389 1529 748 398 1334 2162 1530
1 5 92 391 1336 394 750 1532 2163 1535
1 5 238 740 1523 392 751 1536 2164 1533
1 5 348 741 1528 747 752 1538 2165 1542
1 5 241 393 1531 749 753 1534 2166 1545
1 5 96 765 1547 400 408 1548 2167 1339
1 5 243 766 1551 771 409 1549 2168 1554
1 5 99 401 1556 775 410 1340 2169 1557
1 5 104 403 1342 406 781 1559 2170 1562
1 5 244 767 1550 404 782 1564 2171 1560
1 5 349 768 1555 774 783 1566 2172 1570
1 5 247 405 1558 776 784 1561 2173 1573
1 5 108 798 1575 412 420 1576 2174 1345
1 5 249 799 1579 804 421 1577 2175 1582
1 5 111 413 1584 808 422 1346 2176 1585
1 5 116 415 1348 418 810 1587 2177 1590
1 5 250 800 1578 416 811 1591 2178 1588
1 5 350 801 1583 807 812 1593 2179 1597
1 5 253 417 1586 809 813 1589 2180 1600
1 5 120 826 1602 424 432 1603 2181 1351
1 5 255 828 1607 836 433 1605 2182 1610
1 5 73 425 1612 715 434 1352 2183 1498
1 5 81 427 1354 430 729 1614 2184 1510
1 5 256 829 1606 428 841 1617 2185 1615
1 5 351 831 1611 839 842 1619 2186 1623
1 5 233 429 1613 718 730 1616 2187 1513
1 5 122 835 1627 436 444 1609 2188 1357
1 5 260 854 1631 860 445 1629 2189 1634
1 5 130 437 1636 865 446 1358 2190 1637
1 5 82 439 1360 442 734 1625 2191 1641
1 5 258 838 1630 440 852 1622 2192 1639
1 5 352 856 1635 863 867 1643 2193 1647
1 5 263 441 1638 866 868 1640 2194 1650
1 5 74 716 1652 448 456 1499 2195 1363
1 5 265 878 1655 880 457 1653 2196 1656
1 5 135 449 1658 882 458 1364 2197 1659
1 5 83 451 1366 454 737 1517 2198 1663
1 5 234 719 1654 452 735 1514 2199 1661
1 5 353 879 1657 881 884 1664 2200 1666
1 5 266 453 1660 883 885 1662 2201 1668
1 5 76 727 1512 460 468 1670 2202 1369
1 5 236 728 1516 733 469 1671 2203 1675
1 5 79 461 1519 736 470 1370 2204 1677
1 5 137 463 1372 466 895 1679 2205 1682
1 5 268 889 1672 464 896 1683 2206 1680
1 5 354 890 1676 893 897 1685 2207 1688
1 5 271 465 1678 894 898 1681 2208 1690
1 5 123 843 1620 472 480 1691 2209 1375
1 5 259 845 1624 850 481 1693 2210 1697
1 5 77 473 1626 731 482 1376 2211 1673
1 5 138 475 1378 478 899 1700 2212 1684
1 5 272 904 1694 476 913 1703 2213 1701
1 5 355 906 1698 911 914 1705 2214 1709
1 5 269 477 1699 891 900 1702 2215 1686
1 5 125 849 1644 484 492 1696 2216 1381
1 5 264 870 1648 874 493 1714 2217 1718
1 5 133 485 1651 877 494 1382 2218 1720
1 5 139 487 1384 490 901 1711 2219 1724
1 5 274 910 1715 488 924 1708 2220 1722
1 5 356 926 1719 930 933 1726 2221 1730
1 5 278 489 1721 932 934 1723 2222 1733
1 5 78 732 1665 496 504 1674 2223 1387
1 5 267 886 1667 887 505 1735 2224 1738
1 5 136 497 1669 888 506 1388 2225 1740
1 5 140 499 1390 502 903 1689 2226 1744
1 5 270 892 1736 500 902 1687 2227 1742
1 5 357 945 1739 947 949 1745 2228 1748
1 5 281 501 1741 948 950 1743 2229 1751
1 5 129 859 1753 508 516 1633 2230 1393
1 5 283 957 1757 963 517 1755 2231 1760
1 5 85 509 1762 742 518 1394 2232 1525
1 5 93 511 1396 514 756 1649 2233 1537
1 5 262 862 1756 512 876 1646 2234 1764
1 5 358 959 1761 966 968 1767 2235 1771
1 5 239 513 1763 745 757 1765 2236 1540
1 5 154 962 1775 520 528 1759 2237 1399
1 5 287 978 1779 984 529 1777 2238 1782
1 5 160 521 1784 991 530 1400 2239 1786
1 5 94 523 1402 526 761 1773 2240 1790
1 5 285 965 1778 524 976 1770 2241 1788
1 5 359 980 1783 987 995 1792 2242 1796
1 5 290 525 1787 993 996 1789 2243 1799
1 5 86 743 1801 532 540 1526 2244 1405
1 5 292 1008 1804 1011 541 1802 2245 1806
1 5 167 533 1808 1016 542 1406 2246 1810
1 5 95 535 1408 538 764 1544 2247 1814
1 5 240 746 1803 536 762 1541 2248 1812
1 5 360 1009 1807 1013 1020 1815 2249 1818
1 5 294 537 1811 1018 1021 1813 2250 1821
1 5 88 754 1539 544 552 1737 2251 1411
1 5 242 755 1543 760 553 1823 2252 1827
1 5 91 545 1546 763 554 1412 2253 1829
1 5 152 547 1414 550 955 1750 2254 1833
1 5 280 946 1824 548 953 1747 2255 1831
1 5 361 1029 1828 1032 1034 1835 2256 1838
1 5 298 549 1830 1033 1035 1832 2257 1840
1 5 132 873 1768 556 564 1717 2258 1417
1 5 286 970 1772 974 565 1842 2259 1846
1 5 89 557 1774 758 566 1418 2260 1825
1 5 150 559 1420 562 944 1732 2261 1834
1 5 277 929 1843 560 942 1729 2262 1849
1 5 362 1041 1847 1045 1047 1852 2263 1856
1 5 296 561 1848 1030 1036 1850 2264 1836
1 5 156 973 1793 568 576 1845 2265 1423
1 5 291 998 1797 1002 577 1861 2266 1865
1 5 163 569 1800 1006 578 1424 2267 1868
1 5 171 571 1426 574 1037 1858 2268 1872
1 5 300 1044 1862 572 1055 1855 2269 1870
1 5 363 1057 1866 1061 1067 1874 2270 1878
1 5 304 573 1869 1065 1068 1871 2271 1881
1 5 90 759 1816 580 588 1826 2272 1429
1 5 295 1022 1819 1024 589 1883 2273 1886
1 5 169 581 1822 1027 590 1430 2274 1889
1 5 172 583 1432 586 1039 1839 2275 1893
1 5 297 1031 1884 584 1038 1837 2276 1891
1 5 364 1080 1887 1082 1087 1894 2277 1897
1 5 307 585 1890 1085 1088 1892 2278 1900
1 5 141 915 1706 592 600 1902 2279 1435
1 5 275 917 1710 922 601 1904 2280 1908
1 5 97 593 1712 769 602 1436 2281 1552
1 5 105 595 1438 598 788 1911 2282 1565
1 5 309 1096 1905 596 1108 1915 2283 1912
1 5 365 1098 1909 1103 1109 1917 2284 1921
1 5 245 597 1910 772 789 1913 2285 1568
1 5 143 921 1727 604 612 1907 2286 1441
1 5 279 936 1731 940 613 1926 2287 1930
1 5 148 605 1734 943 614 1442 2288 1932
1 5 106 607 1444 610 793 1923 2289 1936
1 5 311 1102 1927 608 1119 1920 2290 1934
1 5 366 1122 1931 1126 1132 1939 2291 1943
1 5 315 609 1933 1128 1133 1935 2292 1946
1 5 98 770 1746 616 624 1553 2293 1447
1 5 282 951 1749 952 625 1948 2294 1950
1 5 151 617 1752 954 626 1448 2295 1952
1 5 107 619 1450 622 797 1572 2296 1956
1 5 246 773 1949 620 794 1569 2297 1954
1 5 367 1144 1951 1145 1150 1958 2298 1960
1 5 317 621 1953 1146 1151 1955 2299 1962
1 5 147 939 1853 628 636 1929 2300 1453
1 5 301 1049 1857 1053 637 1965 2301 1969
1 5 109 629 1859 802 638 1454 2302 1580
1 5 117 631 1456 634 817 1945 2303 1592
1 5 314 1125 1966 632 1141 1942 2304 1972
1 5 368 1156 1970 1160 1164 1976 2305 1980
1 5 251 633 1971 805 818 1973 2306 1595
1 5 174 1052 1875 640 648 1968 2307 1459
1 5 305 1070 1879 1074 649 1985 2308 1989
1 5 178 641 1882 1078 650 1460 2309 1992
1 5 118 643 1462 646 822 1982 2310 1996
1 5 320 1159 1986 644 1172 1979 2311 1994
1 5 369 1174 1990 1178 1184 1998 2312 2002
1 5 324 645 1993 1182 1185 1995 2313 2005
1 5 110 803 1895 652 660 1581 2314 1465
1 5 308 1089 1898 1091 661 2007 2315 2010
1 5 182 653 1901 1094 662 1466 2316 2013
1 5 119 655 1468 658 825 1599 2317 2017
1 5 252 806 2008 656 823 1596 2318 2015
1 5 370 1196 2011 1198 1203 2018 2319 2021
1 5 327 657 2014 1201 1204 2016 2320 2024
1 5 112 814 1594 664 672 2026 2321 1471
1 5 254 816 1598 821 673 2028 2322 2032
1 5 115 665 1601 824 674 1472 2323 2034
1 5 209 667 1474 670 1225 2036 2324 2039
1 5 329 1212 2029 668 1226 2041 2325 2037
1 5 371 1214 2033 1219 1227 2043 2326 2047
1 5 332 669 2035 1220 1228 2038 2327 2050
1 5 195 1169 1999 676 684 2052 2328 1477
1 5 325 1187 2003 1191 685 2054 2329 2058
1 5 199 677 2006 1194 686 1478 2330 2060
1 5 211 679 1480 682 1237 2062 2331 2065
1 5 334 1242 2055 680 1256 2067 2332 2063
1 5 372 1244 2059 1249 1257 2069 2333 2073
1 5 337 681 2061 1251 1258 2064 2334 2076
1 5 114 820 2019 688 696 2031 2335 1483
1 5 328 1205 2022 1207 697 2078 2336 2081
1 5 203 689 2025 1210 698 1484 2337 2084
1 5 212 691 1486 694 1241 2049 2338 2088
1 5 331 1218 2079 692 1238 2046 2339 2086
1 5 373 1272 2082 1274 1282 2090 2340 2093
1 5 340 693 2085 1277 1283 2087 2341 2096
1 5 198 1190 2098 700 708 2057 2342 1489
1 5 342 1292 2102 1298 709 2100 2343 2105
1 5 225 701 2107 1305 710 1490 2344 2109
1 5 219 703 1492 706 1271 2075 2345 2113
1 5 336 1248 2101 704 1268 2072 2346 2111
1 5 374 1294 2106 1301 1312 2116 2347 2120
1 5 345 705 2110 1307 1313 2112 2348 2123
1 5 375 72 376 1325 1326 384 1327 2125
1 5 1325 376 231 377 2125 1327 385 1328
1 5 378 1325 377 75 1329 2125 1328 386
1 5 383 1326 2125 1329 80 379 1330 382
1 5 1326 384 1327 2125 379 232 380 1330
1 5 2125 1327 385 1328 1330 380 347 381
1 5 1329 2125 1328 386 382 1330 381 235
1 5 387 84 388 1331 1332 396 1333 2126
1 5 1331 388 237 389 2126 1333 397 1334
1 5 390 1331 389 87 1335 2126 1334 398
1 5 395 1332 2126 1335 92 391 1336 394
1 5 1332 396 1333 2126 391 238 392 1336
1 5 2126 1333 397 1334 1336 392 348 393
1 5 1335 2126 1334 398 394 1336 393 241
1 5 399 96 400 1337 1338 408 1339 2127
1 5 1337 400 243 401 2127 1339 409 1340
1 5 402 1337 401 99 1341 2127 1340 410
1 5 407 1338 2127 1341 104 403 1342 406
1 5 1338 408 1339 2127 403 244 404 1342
1 5 2127 1339 409 1340 1342 404 349 405
1 5 1341 2127 1340 410 406 1342 405 247
1 5 411 108 412 1343 1344 420 1345 2128
1 5 1343 412 249 413 2128 1345 421 1346
1 5 414 1343 413 111 1347 2128 1346 422
1 5 419 1344 2128 1347 116 415 1348 418
1 5 1344 420 1345 2128 415 250 416 1348
1 5 2128 1345 421 1346 1348 416 350 417
1 5 1347 2128 1346 422 418 1348 417 253
1 5 423 120 424 1349 1350 432 1351 2129
1 5 1349 424 255 425 2129 1351 433 1352
1 5 426 1349 425 73 1353 2129 1352 434
1 5 431 1350 2129 1353 81 427 1354 430
1 5 1350 432 1351 2129 427 256 428 1354
1 5 2129 1351 433 1352 1354 428 351 429
1 5 1353 2129 1352 434 430 1354 429 233
1 5 435 122 436 1355 1356 444 1357 2130
1 5 1355 436 260 437 2130 1357 445 1358
1 5 438 1355 437 130 1359 2130 1358 446
1 5 443 1356 2130 1359 82 439 1360 442
1 5 1356 444 1357 2130 439 258 440 1360
1 5 2130 1357 445 1358 1360 440 352 441
1 5 1359 2130 1358 446 442 1360 441 263
1 5 447 74 448 1361 1362 456 1363 2131
1 5 1361 448 265 449 2131 1363 457 1364
1 5 450 1361 449 135 1365 2131 1364 458
1 5 455 1362 2131 1365 83 451 1366 454
1 5 1362 456 1363 2131 451 234 452 1366
1 5 2131 1363 457 1364 1366 452 353 453
1 5 1365 2131 1364 458 454 1366 453 266
1 5 459 76 460 1367 1368 468 1369 2132
1 5 1367 460 236 461 2132 1369 469 1370
1 5 462 1367 461 79 1371 2132 1370 470
1 5 467 1368 2132 1371 137 463 1372 466
1 5 1368 468 1369 2132 463 268 464 1372
1 5 2132 1369 469 1370 1372 464 354 465
1 5 1371 2132 1370 470 466 1372 465 271
1 5 471 123 472 1373 1374 480 1375 2133
1 5 1373 472 259 473 2133 1375 481 1376
1 5 474 1373 473 77 1377 2133 1376 482
1 5 479 1374 2133 1377 138 475 1378 478
1 5 1374 480 1375 2133 475 272 476 1378
1 5 2133 1375 481 1376 1378 476 355 477
1 5 1377 2133 1376 482 478 1378 477 269
1 5 483 125 484 1379 1380 492 1381 2134
1 5 1379 484 264 485 2134 1381 493 1382
1 5 486 1379 485 133 1383 2134 1382 494
1 5 491 1380 2134 1383 139 487 1384 490
1 5 1380 492 1381 2134 487 274 488 1384
1 5 2134 1381 493 1382 1384 488 356 489
1 5 1383 2134 1382 494 490 1384 489 278
1 5 495 78 496 1385 1386 504 1387 2135
1 5 1385 496 267 497 2135 1387 505 1388
1 5 498 1385 497 136 1389 2135 1388 506
1 5 503 1386 2135 1389 140 499 1390 502
1 5 1386 504 1387 2135 499 270 500 1390
1 5 2135 1387 505 1388 1390 500 357 501
1 5 1389 2135 1388 506 502 1390 501 281
1 5 507 129 508 1391 1392 516 1393 2136
1 5 1391 508 283 509 2136 1393 517 1394
1 5 510 1391 509 85 1395 2136 1394 518
1 5 515 1392 2136 1395 93 511 1396 514
1 5 1392 516 1393 2136 511 262 512 1396
1 5 2136 1393 517 1394 1396 512 358 513
1 5 1395 2136 1394 518 514 1396 513 239
1 5 519 154 520 1397 1398 528 1399 2137
1 5 1397 520 287 521 2137 1399 529 1400
1 5 522 1397 521 160 1401 2137 1400 530
1 5 527 1398 2137 1401 94 523 1402 526
1 5 1398 528 1399 2137 523 285 524 1402
1 5 2137 1399 529 1400 1402 524 359 525
1 5 1401 2137 1400 530 526 1402 525 290
1 5 531 86 532 1403 1404 540 1405 2138
1 5 1403 532 292 533 2138 1405 541 1406
1 5 534 1403 533 167 1407 2138 1406 542
1 5 539 1404 2138 1407 95 535 1408 538
1 5 1404 540 1405 2138 535 240 536 1408
1 5 2138 1405 541 1406 1408 536 360 537
1 5 1407 2138 1406 542 538 1408 537 294
1 5 543 88 544 1409 1410 552 1411 2139
1 5 1409 544 242 545 2139 1411 553 1412
1 5 546 1409 545 91 1413 2139 1412 554
1 5 551 1410 2139 1413 152 547 1414 550
1 5 1410 552 1411 2139 547 280 548 1414
1 5 2139 1411 553 1412 1414 548 361 549
1 5 1413 2139 1412 554 550 1414 549 298
1 5 555 132 556 1415 1416 564 1417 2140
1 5 1415 556 286 557 2140 1417 565 1418
1 5 558 1415 557 89 1419 2140 1418 566
1 5 563 1416 2140 1419 150 559 1420 562
1 5 1416 564 1417 2140 559 277 560 1420
1 5 2140 1417 565 1418 1420 560 362 561
1 5 1419 2140 1418 566 562 1420 561 296
1 5 567 156 568 1421 1422 576 1423 2141
1 5 1421 568 291 569 2141 1423 577 1424
1 5 570 1421 569 163 1425 2141 1424 578
1 5 575 1422 2141 1425 171 571 1426 574
1 5 1422 576 1423 2141 571 300 572 1426
1 5 2141 1423 577 1424 1426 572 363 573
1 5 1425 2141 1424 578 574 1426 573 304
1 5 579 90 580 1427 1428 588 1429 2142
1 5 1427 580 295 581 2142 1429 589 1430
1 5 582 1427 581 169 1431 2142 1430 590
1 5 587 1428 2142 1431 172 583 1432 586
1 5 1428 588 1429 2142 583 297 584 1432
1 5 2142 1429 589 1430 1432 584 364 585
1 5 1431 2142 1430 590 586 1432 585 307
1 5 591 141 592 1433 1434 600 1435 2143
1 5 1433 592 275 593 2143 1435 601 1436
1 5 594 1433 593 97 1437 2143 1436 602
1 5 599 1434 2143 1437 105 595 1438 598
1 5 1434 600 1435 2143 595 309 596 1438
1 5 2143 1435 601 1436 1438 596 365 597
1 5 1437 2143 1436 602 598 1438 597 245
1 5 603 143 604 1439 1440 612 1441 2144
1 5 1439 604 279 605 2144 1441 613 1442
1 5 606 1439 605 148 1443 2144 1442 614
1 5 611 1440 2144 1443 106 607 1444 610
1 5 1440 612 1441 2144 607 311 608 1444
1 5 2144 1441 613 1442 1444 608 366 609
1 5 1443 2144 1442 614 610 1444 609 315
1 5 615 98 616 1445 1446 624 1447 2145
1 5 1445 616 282 617 2145 1447 625 1448
1 5 618 1445 617 151 1449 2145 1448 626
1 5 623 1446 2145 1449 107 619 1450 622
1 5 1446 624 1447 2145 619 246 620 1450
1 5 2145 1447 625 1448 1450 620 367 621
1 5 1449 2145 1448 626 622 1450 621 317
1 5 627 147 628 1451 1452 636 1453 2146
1 5 1451 628 301 629 2146 1453 637 1454
1 5 630 1451 629 109 1455 2146 1454 638
1 5 635 1452 2146 1455 117 631 1456 634
1 5 1452 636 1453 2146 631 314 632 1456
1 5 2146 1453 637 1454 1456 632 368 633
1 5 1455 2146 1454 638 634 1456 633 251
1 5 639 174 640 1457 1458 648 1459 2147
1 5 1457 640 305 641 2147 1459 649 1460
1 5 642 1457 641 178 1461 2147 1460 650
1 5 647 1458 2147 1461 118 643 1462 646
1 5 1458 648 1459 2147 643 320 644 1462
1 5 2147 1459 649 1460 1462 644 369 645
1 5 1461 2147 1460 650 646 1462 645 324
1 5 651 110 652 1463 1464 660 1465 2148
1 5 1463 652 308 653 2148 1465 661 1466
1 5 654 1463 653 182 1467 2148 1466 662
1 5 659 1464 2148 1467 119 655 1468 658
1 5 1464 660 1465 2148 655 252 656 1468
1 5 2148 1465 661 1466 1468 656 370 657
1 5 1467 2148 1466 662 658 1468 657 327
1 5 663 112 664 1469 1470 672 1471 2149
1 5 1469 664 254 665 2149 1471 673 1472
1 5 666 1469 665 115 1473 2149 1472 674
1 5 671 1470 2149 1473 209 667 1474 670
1 5 1470 672 1471 2149 667 329 668 1474
1 5 2149 1471 673 1472 1474 668 371 669
1 5 1473 2149 1472 674 670 1474 669 332
1 5 675 195 676 1475 1476 684 1477 2150
1 5 1475 676 325 677 2150 1477 685 1478
1 5 678 1475 677 199 1479 2150 1478 686
1 5 683 1476 2150 1479 211 679 1480 682
1 5 1476 684 1477 2150 679 334 680 1480
1 5 2150 1477 685 1478 1480 680 372 681
1 5 1479 2150 1478 686 682 1480 681 337
1 5 687 114 688 1481 1482 696 1483 2151
1 5 1481 688 328 689 2151 1483 697 1484
1 5 690 1481 689 203 1485 2151 1484 698
1 5 695 1482 2151 1485 212 691 1486 694
1 5 1482 696 1483 2151 691 331 692 1486
1 5 2151 1483 697 1484 1486 692 373 693
1 5 1485 2151 1484 698 694 1486 693 340
1 5 699 198 700 1487 1488 708 1489 2152
1 5 1487 700 342 701 2152 1489 709 1490
1 5 702 1487 701 225 1491 2152 1490 710
1 5 707 1488 2152 1491 219 703 1492 706
1 5 1488 708 1489 2152 703 336 704 1492
1 5 2152 1489 709 1490 1492 704 374 705
1 5 1491 2152 1490 710 706 1492 705 345
1 5 711 15 426 1493 1494 431 1353 2153
1 5 1493 426 73 712 2153 1353 434 1495
1 5 376 1493 712 231 1327 2153 1495 385
1 5 384 1494 2153 1327 232 713 1496 380
1 5 1494 431 1353 2153 713 81 430 1496
1 5 2153 1353 434 1495 1496 430 233 714
1 5 1327 2153 1495 385 380 1496 714 347
1 5 712 73 715 1497 1495 434 1498 2154
1 5 1497 715 46 716 2154 1498 443 1499
1 5 717 1497 716 74 1500 2154 1499 456
1 5 385 1495 2154 1500 347 714 1501 720
1 5 1495 434 1498 2154 714 233 718 1501
1 5 2154 1498 443 1499 1501 718 82 719
1 5 1500 2154 1499 456 720 1501 719 234
1 5 377 231 717 1502 1328 385 1500 2155
1 5 1502 717 74 447 2155 1500 456 1362
1 5 721 1502 447 18 1503 2155 1362 455
1 5 386 1328 2155 1503 235 381 1504 722
1 5 1328 385 1500 2155 381 347 720 1504
1 5 2155 1500 456 1362 1504 720 234 451
1 5 1503 2155 1362 455 722 1504 451 83
1 5 379 232 380 1330 1505 724 1506 2156
1 5 1330 380 347 381 2156 1506 725 1507
1 5 382 1330 381 235 1508 2156 1507 726
1 5 723 1505 2156 1508 23 459 1367 462
1 5 1505 724 1506 2156 459 76 460 1367
1 5 2156 1506 725 1507 1367 460 236 461
1 5 1508 2156 1507 726 462 1367 461 79
1 5 713 81 430 1496 1509 729 1510 2157
1 5 1496 430 233 714 2157 1510 730 1511
1 5 380 1496 714 347 1506 2157 1511 725
1 5 724 1509 2157 1506 76 727 1512 460
1 5 1509 729 1510 2157 727 47 474 1512
1 5 2157 1510 730 1511 1512 474 77 728
1 5 1506 2157 1511 725 460 1512 728 236
1 5 714 233 718 1501 1511 730 1513 2158
1 5 1501 718 82 719 2158 1513 734 1514
1 5 720 1501 719 234 1515 2158 1514 735
1 5 725 1511 2158 1515 236 728 1516 733
1 5 1511 730 1513 2158 728 77 731 1516
1 5 2158 1513 734 1514 1516 731 67 732
1 5 1515 2158 1514 735 733 1516 732 78
1 5 381 347 720 1504 1507 725 1515 2159
1 5 1504 720 234 451 2159 1515 735 1517
1 5 722 1504 451 83 1518 2159 1517 737
1 5 726 1507 2159 1518 79 461 1519 736
1 5 1507 725 1515 2159 461 236 733 1519
1 5 2159 1515 735 1517 1519 733 78 495
1 5 1518 2159 1517 737 736 1519 495 50
1 5 738 17 510 1520 1521 515 1395 2160
1 5 1520 510 85 739 2160 1395 518 1522
1 5 388 1520 739 237 1333 2160 1522 397
1 5 396 1521 2160 1333 238 740 1523 392
1 5 1521 515 1395 2160 740 93 514 1523
1 5 2160 1395 518 1522 1523 514 239 741
1 5 1333 2160 1522 397 392 1523 741 348
1 5 739 85 742 1524 1522 518 1525 2161
1 5 1524 742 55 743 2161 1525 527 1526
1 5 744 1524 743 86 1527 2161 1526 540
1 5 397 1522 2161 1527 348 741 1528 747
1 5 1522 518 1525 2161 741 239 745 1528
1 5 2161 1525 527 1526 1528 745 94 746
1 5 1527 2161 1526 540 747 1528 746 240
1 5 389 237 744 1529 1334 397 1527 2162
1 5 1529 744 86 531 2162 1527 540 1404
1 5 748 1529 531 36 1530 2162 1404 539
1 5 398 1334 2162 1530 241 393 1531 749
1 5 1334 397 1527 2162 393 348 747 1531
1 5 2162 1527 540 1404 1531 747 240 535
1 5 1530 2162 1404 539 749 1531 535 95
1 5 391 238 392 1336 1532 751 1533 2163
1 5 1336 392 348 393 2163 1533 752 1534
1 5 394 1336 393 241 1535 2163 1534 753
1 5 750 1532 2163 1535 26 543 1409 546
1 5 1532 751 1533 2163 543 88 544 1409
1 5 2163 1533 752 1534 1409 544 242 545
1 5 1535 2163 1534 753 546 1409 545 91
1 5 740 93 514 1523 1536 756 1537 2164
1 5 1523 514 239 741 2164 1537 757 1538
1 5 392 1523 741 348 1533 2164 1538 752
1 5 751 1536 2164 1533 88 754 1539 544
1 5 1536 756 1537 2164 754 49 558 1539
1 5 2164 1537 757 1538 1539 558 89 755
1 5 1533 2164 1538 752 544 1539 755 242
1 5 741 239 745 1528 1538 757 1540 2165
1 5 1528 745 94 746 2165 1540 761 1541
1 5 747 1528 746 240 1542 2165 1541 762
1 5 752 1538 2165 1542 242 755 1543 760
1 5 1538 757 1540 2165 755 89 758 1543
1 5 2165 1540 761 1541 1543 758 68 759
1 5 1542 2165 1541 762 760 1543 759 90
1 5 393 348 747 1531 1534 752 1542 2166
1 5 1531 747 240 535 2166 1542 762 1544
1 5 749 1531 535 95 1545 2166 1544 764
1 5 753 1534 2166 1545 91 545 1546 763
1 5 1534 752 1542 2166 545 242 760 1546
1 5 2166 1542 762 1544 1546 760 90 579
1 5 1545 2166 1544 764 763 1546 579 56
1 5 765 19 594 1547 1548 599 1437 2167
1 5 1547 594 97 766 2167 1437 602 1549
1 5 400 1547 766 243 1339 2167 1549 409
1 5 408 1548 2167 1339 244 767 1550 404
1 5 1548 599 1437 2167 767 105 598 1550
1 5 2167 1437 602 1549 1550 598 245 768
1 5 1339 2167 1549 409 404 1550 768 349
1 5 766 97 769 1551 1549 602 1552 2168
1 5 1551 769 51 770 2168 1552 611 1553
1 5 771 1551 770 98 1554 2168 1553 624
1 5 409 1549 2168 1554 349 768 1555 774
1 5 1549 602 1552 2168 768 245 772 1555
1 5 2168 1552 611 1553 1555 772 106 773
1 5 1554 2168 1553 624 774 1555 773 246
1 5 401 243 771 1556 1340 409 1554 2169
1 5 1556 771 98 615 2169 1554 624 1446
1 5 775 1556 615 22 1557 2169 1446 623
1 5 410 1340 2169 1557 247 405 1558 776
1 5 1340 409 1554 2169 405 349 774 1558
1 5 2169 1554 624 1446 1558 774 246 619
1 5 1557 2169 1446 623 776 1558 619 107
1 5 403 244 404 1342 1559 782 1560 2170
1 5 1342 404 349 405 2170 1560 783 1561
1 5 406 1342 405 247 1562 2170 1561 784
1 5 781 1559 2170 1562 38 777 1563 780
1 5 1559 782 1560 2170 777 100 778 1563
1 5 2170 1560 783 1561 1563 778 248 779
1 5 1562 2170 1561 784 780 1563 779 103
1 5 767 105 598 1550 1564 788 1565 2171
1 5 1550 598 245 768 2171 1565 789 1566
1 5 404 1550 768 349 1560 2171 1566 783
1 5 782 1564 2171 1560 100 785 1567 778
1 5 1564 788 1565 2171 785 58 786 1567
1 5 2171 1565 789 1566 1567 786 101 787
1 5 1560 2171 1566 783 778 1567 787 248
1 5 768 245 772 1555 1566 789 1568 2172
1 5 1555 772 106 773 2172 1568 793 1569
1 5 774 1555 773 246 1570 2172 1569 794
1 5 783 1566 2172 1570 248 787 1571 792
1 5 1566 789 1568 2172 787 101 790 1571
1 5 2172 1568 793 1569 1571 790 69 791
1 5 1570 2172 1569 794 792 1571 791 102
1 5 405 349 774 1558 1561 783 1570 2173
1 5 1558 774 246 619 2173 1570 794 1572
1 5 776 1558 619 107 1573 2173 1572 797
1 5 784 1561 2173 1573 103 779 1574 796
1 5 1561 783 1570 2173 779 248 792 1574
1 5 2173 1570 794 1572 1574 792 102 795
1 5 1573 2173 1572 797 796 1574 795 61
1 5 798 21 630 1575 1576 635 1455 2174
1 5 1575 630 109 799 2174 1455 638 1577
1 5 412 1575 799 249 1345 2174 1577 421
1 5 420 1576 2174 1345 250 800 1578 416
1 5 1576 635 1455 2174 800 117 634 1578
1 5 2174 1455 638 1577 1578 634 251 801
1 5 1345 2174 1577 421 416 1578 801 350
1 5 799 109 802 1579 1577 638 1580 2175
1 5 1579 802 57 803 2175 1580 647 1581
1 5 804 1579 803 110 1582 2175 1581 660
1 5 421 1577 2175 1582 350 801 1583 807
1 5 1577 638 1580 2175 801 251 805 1583
1 5 2175 1580 647 1581 1583 805 118 806
1 5 1582 2175 1581 660 807 1583 806 252
1 5 413 249 804 1584 1346 421 1582 2176
1 5 1584 804 110 651 2176 1582 660 1464
1 5 808 1584 651 37 1585 2176 1464 659
1 5 422 1346 2176 1585 253 417 1586 809
1 5 1346 421 1582 2176 417 350 807 1586
1 5 2176 1582 660 1464 1586 807 252 655
1 5 1585 2176 1464 659 809 1586 655 119
1 5 415 250 416 1348 1587 811 1588 2177
1 5 1348 416 350 417 2177 1588 812 1589
1 5 418 1348 417 253 1590 2177 1589 813
1 5 810 1587 2177 1590 41 663 1469 666
1 5 1587 811 1588 2177 663 112 664 1469
1 5 2177 1588 812 1589 1469 664 254 665
1 5 1590 2177 1589 813 666 1469 665 115
1 5 800 117 634 1578 1591 817 1592 2178
1 5 1578 634 251 801 2178 1592 818 1593
1 5 416 1578 801 350 1588 2178 1593 812
1 5 811 1591 2178 1588 112 814 1594 664
1 5 1591 817 1592 2178 814 60 815 1594
1 5 2178 1592 818 1593 1594 815 113 816
1 5 1588 2178 1593 812 664 1594 816 254
1 5 801 251 805 1583 1593 818 1595 2179
1 5 1583 805 118 806 2179 1595 822 1596
1 5 807 1583 806 252 1597 2179 1596 823
1 5 812 1593 2179 1597 254 816 1598 821
1 5 1593 818 1595 2179 816 113 819 1598
1 5 2179 1595 822 1596 1598 819 70 820
1 5 1597 2179 1596 823 821 1598 820 114
1 5 417 350 807 1586 1589 812 1597 2180
1 5 1586 807 252 655 2180 1597 823 1599
1 5 809 1586 655 119 1600 2180 1599 825
1 5 813 1589 2180 1600 115 665 1601 824
1 5 1589 812 1597 2180 665 254 821 1601
1 5 2180 1597 823 1599 1601 821 114 687
1 5 1600 2180 1599 825 824 1601 687 64
1 5 826 3 827 1602 1603 832 1604 2181
1 5 1602 827 121 828 2181 1604 833 1605
1 5 424 1602 828 255 1351 2181 1605 433
1 5 432 1603 2181 1351 256 829 1606 428
1 5 1603 832 1604 2181 829 126 830 1606
1 5 2181 1604 833 1605 1606 830 257 831
1 5 1351 2181 1605 433 428 1606 831 351
1 5 828 121 834 1607 1605 833 1608 2182
1 5 1607 834 16 835 2182 1608 840 1609
1 5 836 1607 835 122 1610 2182 1609 444
1 5 433 1605 2182 1610 351 831 1611 839
1 5 1605 833 1608 2182 831 257 837 1611
1 5 2182 1608 840 1609 1611 837 127 838
1 5 1610 2182 1609 444 839 1611 838 258
1 5 425 255 836 1612 1352 433 1610 2183
1 5 1612 836 122 435 2183 1610 444 1356
1 5 715 1612 435 46 1498 2183 1356 443
1 5 434 1352 2183 1498 233 429 1613 718
1 5 1352 433 1610 2183 429 351 839 1613
1 5 2183 1610 444 1356 1613 839 258 439
1 5 1498 2183 1356 443 718 1613 439 82
1 5 427 256 428 1354 1614 841 1615 2184
1 5 1354 428 351 429 2184 1615 842 1616
1 5 430 1354 429 233 1510 2184 1616 730
1 5 729 1614 2184 1510 47 471 1373 474
1 5 1614 841 1615 2184 471 123 472 1373
1 5 2184 1615 842 1616 1373 472 259 473
1 5 1510 2184 1616 730 474 1373 473 77
1 5 829 126 830 1606 1617 846 1618 2185
1 5 1606 830 257 831 2185 1618 847 1619
1 5 428 1606 831 351 1615 2185 1619 842
1 5 841 1617 2185 1615 123 843 1620 472
1 5 1617 846 1618 2185 843 24 844 1620
1 5 2185 1618 847 1619 1620 844 124 845
1 5 1615 2185 1619 842 472 1620 845 259
1 5 831 257 837 1611 1619 847 1621 2186
1 5 1611 837 127 838 2186 1621 851 1622
1 5 839 1611 838 258 1623 2186 1622 852
1 5 842 1619 2186 1623 259 845 1624 850
1 5 1619 847 1621 2186 845 124 848 1624
1 5 2186 1621 851 1622 1624 848 48 849
1 5 1623 2186 1622 852 850 1624 849 125
1 5 429 351 839 1613 1616 842 1623 2187
1 5 1613 839 258 439 2187 1623 852 1625
1 5 718 1613 439 82 1513 2187 1625 734
1 5 730 1616 2187 1513 77 473 1626 731
1 5 1616 842 1623 2187 473 259 850 1626
1 5 2187 1623 852 1625 1626 850 125 483
1 5 1513 2187 1625 734 731 1626 483 67
1 5 835 16 853 1627 1609 840 1628 2188
1 5 1627 853 128 854 2188 1628 857 1629
1 5 436 1627 854 260 1357 2188 1629 445
1 5 444 1609 2188 1357 258 838 1630 440
1 5 1609 840 1628 2188 838 127 855 1630
1 5 2188 1628 857 1629 1630 855 261 856
1 5 1357 2188 1629 445 440 1630 856 352
1 5 854 128 858 1631 1629 857 1632 2189
1 5 1631 858 10 859 2189 1632 864 1633
1 5 860 1631 859 129 1634 2189 1633 516
1 5 445 1629 2189 1634 352 856 1635 863
1 5 1629 857 1632 2189 856 261 861 1635
1 5 2189 1632 864 1633 1635 861 134 862
1 5 1634 2189 1633 516 863 1635 862 262
1 5 437 260 860 1636 1358 445 1634 2190
1 5 1636 860 129 507 2190 1634 516 1392
1 5 865 1636 507 17 1637 2190 1392 515
1 5 446 1358 2190 1637 263 441 1638 866
1 5 1358 445 1634 2190 441 352 863 1638
1 5 2190 1634 516 1392 1638 863 262 511
1 5 1637 2190 1392 515 866 1638 511 93
1 5 439 258 440 1360 1625 852 1639 2191
1 5 1360 440 352 441 2191 1639 867 1640
1 5 442 1360 441 263 1641 2191 1640 868
1 5 734 1625 2191 1641 67 483 1379 486
1 5 1625 852 1639 2191 483 125 484 1379
1 5 2191 1639 867 1640 1379 484 264 485
1 5 1641 2191 1640 868 486 1379 485 133
1 5 838 127 855 1630 1622 851 1642 2192
1 5 1630 855 261 856 2192 1642 871 1643
1 5 440 1630 856 352 1639 2192 1643 867
1 5 852 1622 2192 1639 125 849 1644 484
1 5 1622 851 1642 2192 849 48 869 1644
1 5 2192 1642 871 1643 1644 869 131 870
1 5 1639 2192 1643 867 484 1644 870 264
1 5 856 261 861 1635 1643 871 1645 2193
1 5 1635 861 134 862 2193 1645 875 1646
1 5 863 1635 862 262 1647 2193 1646 876
1 5 867 1643 2193 1647 264 870 1648 874
1 5 1643 871 1645 2193 870 131 872 1648
1 5 2193 1645 875 1646 1648 872 25 873
1 5 1647 2193 1646 876 874 1648 873 132
1 5 441 352 863 1638 1640 867 1647 2194
1 5 1638 863 262 511 2194 1647 876 1649
1 5 866 1638 511 93 1650 2194 1649 756
1 5 868 1640 2194 1650 133 485 1651 877
1 5 1640 867 1647 2194 485 264 874 1651
1 5 2194 1647 876 1649 1651 874 132 555
1 5 1650 2194 1649 756 877 1651 555 49
1 5 716 46 438 1652 1499 443 1359 2195
1 5 1652 438 130 878 2195 1359 446 1653
1 5 448 1652 878 265 1363 2195 1653 457
1 5 456 1499 2195 1363 234 719 1654 452
1 5 1499 443 1359 2195 719 82 442 1654
1 5 2195 1359 446 1653 1654 442 263 879
1 5 1363 2195 1653 457 452 1654 879 353
1 5 878 130 865 1655 1653 446 1637 2196
1 5 1655 865 17 738 2196 1637 515 1521
1 5 880 1655 738 84 1656 2196 1521 396
1 5 457 1653 2196 1656 353 879 1657 881
1 5 1653 446 1637 2196 879 263 866 1657
1 5 2196 1637 515 1521 1657 866 93 740
1 5 1656 2196 1521 396 881 1657 740 238
1 5 449 265 880 1658 1364 457 1656 2197
1 5 1658 880 84 387 2197 1656 396 1332
1 5 882 1658 387 5 1659 2197 1332 395
1 5 458 1364 2197 1659 266 453 1660 883
1 5 1364 457 1656 2197 453 353 881 1660
1 5 2197 1656 396 1332 1660 881 238 391
1 5 1659 2197 1332 395 883 1660 391 92
1 5 451 234 452 1366 1517 735 1661 2198
1 5 1366 452 353 453 2198 1661 884 1662
1 5 454 1366 453 266 1663 2198 1662 885
1 5 737 1517 2198 1663 50 495 1385 498
1 5 1517 735 1661 2198 495 78 496 1385
1 5 2198 1661 884 1662 1385 496 267 497
1 5 1663 2198 1662 885 498 1385 497 136
1 5 719 82 442 1654 1514 734 1641 2199
1 5 1654 442 263 879 2199 1641 868 1664
1 5 452 1654 879 353 1661 2199 1664 884
1 5 735 1514 2199 1661 78 732 1665 496
1 5 1514 734 1641 2199 732 67 486 1665
1 5 2199 1641 868 1664 1665 486 133 886
1 5 1661 2199 1664 884 496 1665 886 267
1 5 879 263 866 1657 1664 868 1650 2200
1 5 1657 866 93 740 2200 1650 756 1536
1 5 881 1657 740 238 1666 2200 1536 751
1 5 884 1664 2200 1666 267 886 1667 887
1 5 1664 868 1650 2200 886 133 877 1667
1 5 2200 1650 756 1536 1667 877 49 754
1 5 1666 2200 1536 751 887 1667 754 88
1 5 453 353 881 1660 1662 884 1666 2201
1 5 1660 881 238 391 2201 1666 751 1532
1 5 883 1660 391 92 1668 2201 1532 750
1 5 885 1662 2201 1668 136 497 1669 888
1 5 1662 884 1666 2201 497 267 887 1669
1 5 2201 1666 751 1532 1669 887 88 543
1 5 1668 2201 1532 750 888 1669 543 26
1 5 727 47 474 1512 1670 479 1377 2202
1 5 1512 474 77 728 2202 1377 482 1671
1 5 460 1512 728 236 1369 2202 1671 469
1 5 468 1670 2202 1369 268 889 1672 464
1 5 1670 479 1377 2202 889 138 478 1672
1 5 2202 1377 482 1671 1672 478 269 890
1 5 1369 2202 1671 469 464 1672 890 354
1 5 728 77 731 1516 1671 482 1673 2203
1 5 1516 731 67 732 2203 1673 491 1674
1 5 733 1516 732 78 1675 2203 1674 504
1 5 469 1671 2203 1675 354 890 1676 893
1 5 1671 482 1673 2203 890 269 891 1676
1 5 2203 1673 491 1674 1676 891 139 892
1 5 1675 2203 1674 504 893 1676 892 270
1 5 461 236 733 1519 1370 469 1675 2204
1 5 1519 733 78 495 2204 1675 504 1386
1 5 736 1519 495 50 1677 2204 1386 503
1 5 470 1370 2204 1677 271 465 1678 894
1 5 1370 469 1675 2204 465 354 893 1678
1 5 2204 1675 504 1386 1678 893 270 499
1 5 1677 2204 1386 503 894 1678 499 140
1 5 463 268 464 1372 1679 896 1680 2205
1 5 1372 464 354 465 2205 1680 897 1681
1 5 466 1372 465 271 1682 2205 1681 898
1 5 895 1679 2205 1682 8 399 1337 402
1 5 1679 896 1680 2205 399 96 400 1337
1 5 2205 1680 897 1681 1337 400 243 401
1 5 1682 2205 1681 898 402 1337 401 99
1 5 889 138 478 1672 1683 899 1684 2206
1 5 1672 478 269 890 2206 1684 900 1685
1 5 464 1672 890 354 1680 2206 1685 897
1 5 896 1683 2206 1680 96 765 1547 400
1 5 1683 899 1684 2206 765 19 594 1547
1 5 2206 1684 900 1685 1547 594 97 766
1 5 1680 2206 1685 897 400 1547 766 243
1 5 890 269 891 1676 1685 900 1686 2207
1 5 1676 891 139 892 2207 1686 901 1687
1 5 893 1676 892 270 1688 2207 1687 902
1 5 897 1685 2207 1688 243 766 1551 771
1 5 1685 900 1686 2207 766 97 769 1551
1 5 2207 1686 901 1687 1551 769 51 770
1 5 1688 2207 1687 902 771 1551 770 98
1 5 465 354 893 1678 1681 897 1688 2208
1 5 1678 893 270 499 2208 1688 902 1689
1 5 894 1678 499 140 1690 2208 1689 903
1 5 898 1681 2208 1690 99 401 1556 775
1 5 1681 897 1688 2208 401 243 771 1556
1 5 2208 1688 902 1689 1556 771 98 615
1 5 1690 2208 1689 903 775 1556 615 22
1 5 843 24 844 1620 1691 907 1692 2209
1 5 1620 844 124 845 2209 1692 908 1693
1 5 472 1620 845 259 1375 2209 1693 481
1 5 480 1691 2209 1375 272 904 1694 476
1 5 1691 907 1692 2209 904 144 905 1694
1 5 2209 1692 908 1693 1694 905 273 906
1 5 1375 2209 1693 481 476 1694 906 355
1 5 845 124 848 1624 1693 908 1695 2210
1 5 1624 848 48 849 2210 1695 912 1696
1 5 850 1624 849 125 1697 2210 1696 492
1 5 481 1693 2210 1697 355 906 1698 911
1 5 1693 908 1695 2210 906 273 909 1698
1 5 2210 1695 912 1696 1698 909 145 910
1 5 1697 2210 1696 492 911 1698 910 274
1 5 473 259 850 1626 1376 481 1697 2211
1 5 1626 850 125 483 2211 1697 492 1380
1 5 731 1626 483 67 1673 2211 1380 491
1 5 482 1376 2211 1673 269 477 1699 891
1 5 1376 481 1697 2211 477 355 911 1699
1 5 2211 1697 492 1380 1699 911 274 487
1 5 1673 2211 1380 491 891 1699 487 139
1 5 475 272 476 1378 1700 913 1701 2212
1 5 1378 476 355 477 2212 1701 914 1702
1 5 478 1378 477 269 1684 2212 1702 900
1 5 899 1700 2212 1684 19 591 1433 594
1 5 1700 913 1701 2212 591 141 592 1433
1 5 2212 1701 914 1702 1433 592 275 593
1 5 1684 2212 1702 900 594 1433 593 97
1 5 904 144 905 1694 1703 918 1704 2213
1 5 1694 905 273 906 2213 1704 919 1705
1 5 476 1694 906 355 1701 2213 1705 914
1 5 913 1703 2213 1701 141 915 1706 592
1 5 1703 918 1704 2213 915 11 916 1706
1 5 2213 1704 919 1705 1706 916 142 917
1 5 1701 2213 1705 914 592 1706 917 275
1 5 906 273 909 1698 1705 919 1707 2214
1 5 1698 909 145 910 2214 1707 923 1708
1 5 911 1698 910 274 1709 2214 1708 924
1 5 914 1705 2214 1709 275 917 1710 922
1 5 1705 919 1707 2214 917 142 920 1710
1 5 2214 1707 923 1708 1710 920 20 921
1 5 1709 2214 1708 924 922 1710 921 143
1 5 477 355 911 1699 1702 914 1709 2215
1 5 1699 911 274 487 2215 1709 924 1711
1 5 891 1699 487 139 1686 2215 1711 901
1 5 900 1702 2215 1686 97 593 1712 769
1 5 1702 914 1709 2215 593 275 922 1712
1 5 2215 1709 924 1711 1712 922 143 603
1 5 1686 2215 1711 901 769 1712 603 51
1 5 849 48 869 1644 1696 912 1713 2216
1 5 1644 869 131 870 2216 1713 927 1714
1 5 484 1644 870 264 1381 2216 1714 493
1 5 492 1696 2216 1381 274 910 1715 488
1 5 1696 912 1713 2216 910 145 925 1715
1 5 2216 1713 927 1714 1715 925 276 926
1 5 1381 2216 1714 493 488 1715 926 356
1 5 870 131 872 1648 1714 927 1716 2217
1 5 1648 872 25 873 2217 1716 931 1717
1 5 874 1648 873 132 1718 2217 1717 564
1 5 493 1714 2217 1718 356 926 1719 930
1 5 1714 927 1716 2217 926 276 928 1719
1 5 2217 1716 931 1717 1719 928 149 929
1 5 1718 2217 1717 564 930 1719 929 277
1 5 485 264 874 1651 1382 493 1718 2218
1 5 1651 874 132 555 2218 1718 564 1416
1 5 877 1651 555 49 1720 2218 1416 563
1 5 494 1382 2218 1720 278 489 1721 932
1 5 1382 493 1718 2218 489 356 930 1721
1 5 2218 1718 564 1416 1721 930 277 559
1 5 1720 2218 1416 563 932 1721 559 150
1 5 487 274 488 1384 1711 924 1722 2219
1 5 1384 488 356 489 2219 1722 933 1723
1 5 490 1384 489 278 1724 2219 1723 934
1 5 901 1711 2219 1724 51 603 1439 606
1 5 1711 924 1722 2219 603 143 604 1439
1 5 2219 1722 933 1723 1439 604 279 605
1 5 1724 2219 1723 934 606 1439 605 148
1 5 910 145 925 1715 1708 923 1725 2220
1 5 1715 925 276 926 2220 1725 937 1726
1 5 488 1715 926 356 1722 2220 1726 933
1 5 924 1708 2220 1722 143 921 1727 604
1 5 1708 923 1725 2220 921 20 935 1727
1 5 2220 1725 937 1726 1727 935 146 936
1 5 1722 2220 1726 933 604 1727 936 279
1 5 926 276 928 1719 1726 937 1728 2221
1 5 1719 928 149 929 2221 1728 941 1729
1 5 930 1719 929 277 1730 2221 1729 942
1 5 933 1726 2221 1730 279 936 1731 940
1 5 1726 937 1728 2221 936 146 938 1731
1 5 2221 1728 941 1729 1731 938 14 939
1 5 1730 2221 1729 942 940 1731 939 147
1 5 489 356 930 1721 1723 933 1730 2222
1 5 1721 930 277 559 2222 1730 942 1732
1 5 932 1721 559 150 1733 2222 1732 944
1 5 934 1723 2222 1733 148 605 1734 943
1 5 1723 933 1730 2222 605 279 940 1734
1 5 2222 1730 942 1732 1734 940 147 627
1 5 1733 2222 1732 944 943 1734 627 21
1 5 732 67 486 1665 1674 491 1383 2223
1 5 1665 486 133 886 2223 1383 494 1735
1 5 496 1665 886 267 1387 2223 1735 505
1 5 504 1674 2223 1387 270 892 1736 500
1 5 1674 491 1383 2223 892 139 490 1736
1 5 2223 1383 494 1735 1736 490 278 945
1 5 1387 2223 1735 505 500 1736 945 357
1 5 886 133 877 1667 1735 494 1720 2224
1 5 1667 877 49 754 2224 1720 563 1737
1 5 887 1667 754 88 1738 2224 1737 552
1 5 505 1735 2224 1738 357 945 1739 947
1 5 1735 494 1720 2224 945 278 932 1739
1 5 2224 1720 563 1737 1739 932 150 946
1 5 1738 2224 1737 552 947 1739 946 280
1 5 497 267 887 1669 1388 505 1738 2225
1 5 1669 887 88 543 2225 1738 552 1410
1 5 888 1669 543 26 1740 2225 1410 551
1 5 506 1388 2225 1740 281 501 1741 948
1 5 1388 505 1738 2225 501 357 947 1741
1 5 2225 1738 552 1410 1741 947 280 547
1 5 1740 2225 1410 551 948 1741 547 152
1 5 499 270 500 1390 1689 902 1742 2226
1 5 1390 500 357 501 2226 1742 949 1743
1 5 502 1390 501 281 1744 2226 1743 950
1 5 903 1689 2226 1744 22 615 1445 618
1 5 1689 902 1742 2226 615 98 616 1445
1 5 2226 1742 949 1743 1445 616 282 617
1 5 1744 2226 1743 950 618 1445 617 151
1 5 892 139 490 1736 1687 901 1724 2227
1 5 1736 490 278 945 2227 1724 934 1745
1 5 500 1736 945 357 1742 2227 1745 949
1 5 902 1687 2227 1742 98 770 1746 616
1 5 1687 901 1724 2227 770 51 606 1746
1 5 2227 1724 934 1745 1746 606 148 951
1 5 1742 2227 1745 949 616 1746 951 282
1 5 945 278 932 1739 1745 934 1733 2228
1 5 1739 932 150 946 2228 1733 944 1747
1 5 947 1739 946 280 1748 2228 1747 953
1 5 949 1745 2228 1748 282 951 1749 952
1 5 1745 934 1733 2228 951 148 943 1749
1 5 2228 1733 944 1747 1749 943 21 798
1 5 1748 2228 1747 953 952 1749 798 108
1 5 501 357 947 1741 1743 949 1748 2229
1 5 1741 947 280 547 2229 1748 953 1750
1 5 948 1741 547 152 1751 2229 1750 955
1 5 950 1743 2229 1751 151 617 1752 954
1 5 1743 949 1748 2229 617 282 952 1752
1 5 2229 1748 953 1750 1752 952 108 411
1 5 1751 2229 1750 955 954 1752 411 13
1 5 859 10 956 1753 1633 864 1754 2230
1 5 1753 956 153 957 2230 1754 960 1755
1 5 508 1753 957 283 1393 2230 1755 517
1 5 516 1633 2230 1393 262 862 1756 512
1 5 1633 864 1754 2230 862 134 958 1756
1 5 2230 1754 960 1755 1756 958 284 959
1 5 1393 2230 1755 517 512 1756 959 358
1 5 957 153 961 1757 1755 960 1758 2231
1 5 1757 961 34 962 2231 1758 967 1759
1 5 963 1757 962 154 1760 2231 1759 528
1 5 517 1755 2231 1760 358 959 1761 966
1 5 1755 960 1758 2231 959 284 964 1761
1 5 2231 1758 967 1759 1761 964 157 965
1 5 1760 2231 1759 528 966 1761 965 285
1 5 509 283 963 1762 1394 517 1760 2232
1 5 1762 963 154 519 2232 1760 528 1398
1 5 742 1762 519 55 1525 2232 1398 527
1 5 518 1394 2232 1525 239 513 1763 745
1 5 1394 517 1760 2232 513 358 966 1763
1 5 2232 1760 528 1398 1763 966 285 523
1 5 1525 2232 1398 527 745 1763 523 94
1 5 511 262 512 1396 1649 876 1764 2233
1 5 1396 512 358 513 2233 1764 968 1765
1 5 514 1396 513 239 1537 2233 1765 757
1 5 756 1649 2233 1537 49 555 1415 558
1 5 1649 876 1764 2233 555 132 556 1415
1 5 2233 1764 968 1765 1415 556 286 557
1 5 1537 2233 1765 757 558 1415 557 89
1 5 862 134 958 1756 1646 875 1766 2234
1 5 1756 958 284 959 2234 1766 971 1767
1 5 512 1756 959 358 1764 2234 1767 968
1 5 876 1646 2234 1764 132 873 1768 556
1 5 1646 875 1766 2234 873 25 969 1768
1 5 2234 1766 971 1767 1768 969 155 970
1 5 1764 2234 1767 968 556 1768 970 286
1 5 959 284 964 1761 1767 971 1769 2235
1 5 1761 964 157 965 2235 1769 975 1770
1 5 966 1761 965 285 1771 2235 1770 976
1 5 968 1767 2235 1771 286 970 1772 974
