MFEM mesh v1.0

#
# MFEM Geometry Types (see mesh/geom.hpp):
#
# POINT       = 0
# SEGMENT     = 1
# TRIANGLE    = 2
# SQUARE      = 3
# TETRAHEDRON = 4
# CUBE        = 5
#

dimension
3

elements
1792
1 5 8 379 1337 382 387 1338 2141 1341
1 5 3 391 1343 394 399 1344 2142 1347
1 5 10 403 1349 406 411 1350 2143 1353
1 5 2 415 1355 418 423 1356 2144 1359
1 5 7 427 1361 430 435 1362 2145 1365
1 5 18 439 1367 442 447 1368 2146 1371
1 5 23 451 1373 454 459 1374 2147 1377
1 5 45 463 1379 466 471 1380 2148 1383
1 5 28 475 1385 478 483 1386 2149 1389
1 5 14 487 1391 490 495 1392 2150 1395
1 5 53 499 1397 502 507 1398 2151 1401
1 5 12 511 1403 514 519 1404 2152 1407
1 5 55 523 1409 526 531 1410 2153 1413
1 5 31 535 1415 538 543 1416 2154 1419
1 5 15 547 1421 550 555 1422 2155 1425
1 5 42 559 1427 562 567 1428 2156 1431
1 5 69 571 1433 574 579 1434 2157 1437
1 5 56 583 1439 586 591 1440 2158 1443
1 5 57 595 1445 598 603 1446 2159 1449
1 5 32 607 1451 610 615 1452 2160 1455
1 5 34 619 1457 622 627 1458 2161 1461
1 5 70 631 1463 634 639 1464 2162 1467
1 5 61 643 1469 646 651 1470 2163 1473
1 5 24 655 1475 658 663 1476 2164 1479
1 5 52 667 1481 670 675 1482 2165 1485
1 5 20 679 1487 682 687 1488 2166 1491
1 5 39 691 1493 694 699 1494 2167 1497
1 5 60 703 1499 706 711 1500 2168 1503
1 5 73 715 1505 380 388 1506 2169 1339
1 5 234 717 1510 725 389 1508 2170 1513
1 5 76 381 1515 730 390 1340 2171 1516
1 5 81 383 1342 386 732 1518 2172 1521
1 5 235 718 1509 384 733 1522 2173 1519
1 5 351 720 1514 728 734 1524 2174 1528
1 5 238 385 1517 731 735 1520 2175 1531
1 5 85 748 1533 392 400 1534 2176 1345
1 5 240 749 1537 754 401 1535 2177 1540
1 5 88 393 1542 758 402 1346 2178 1543
1 5 93 395 1348 398 760 1545 2179 1548
1 5 241 750 1536 396 761 1549 2180 1546
1 5 352 751 1541 757 762 1551 2181 1555
1 5 244 397 1544 759 763 1547 2182 1558
1 5 97 775 1560 404 412 1561 2183 1351
1 5 246 777 1565 785 413 1563 2184 1568
1 5 100 405 1570 789 414 1352 2185 1571
1 5 105 407 1354 410 791 1573 2186 1576
1 5 247 778 1564 408 792 1577 2187 1574
1 5 353 780 1569 788 793 1579 2188 1583
1 5 250 409 1572 790 794 1575 2189 1586
1 5 109 807 1588 416 424 1589 2190 1357
1 5 252 809 1593 817 425 1591 2191 1596
1 5 112 417 1598 824 426 1358 2192 1600
1 5 117 419 1360 422 828 1602 2193 1605
1 5 253 810 1592 420 829 1606 2194 1603
1 5 354 812 1597 820 830 1608 2195 1612
1 5 256 421 1601 826 831 1604 2196 1615
1 5 121 844 1617 428 436 1618 2197 1363
1 5 258 845 1621 850 437 1619 2198 1624
1 5 124 429 1626 857 438 1364 2199 1628
1 5 129 431 1366 434 861 1630 2200 1633
1 5 259 846 1620 432 862 1634 2201 1631
1 5 355 847 1625 853 863 1636 2202 1640
1 5 262 433 1629 859 864 1632 2203 1643
1 5 133 877 1645 440 448 1646 2204 1369
1 5 264 878 1649 882 449 1647 2205 1651
1 5 135 441 1653 887 450 1370 2206 1655
1 5 139 443 1372 446 891 1657 2207 1660
1 5 265 879 1648 444 892 1661 2208 1658
1 5 356 880 1652 884 893 1662 2209 1665
1 5 267 445 1656 889 894 1659 2210 1668
1 5 141 903 1670 452 460 1671 2211 1375
1 5 269 904 1674 908 461 1672 2212 1677
1 5 143 453 1679 915 462 1376 2213 1681
1 5 144 455 1378 458 919 1683 2214 1686
1 5 270 905 1673 456 920 1687 2215 1684
1 5 357 906 1678 911 921 1689 2216 1692
1 5 273 457 1682 917 922 1685 2217 1694
1 5 136 895 1663 464 472 1695 2218 1381
1 5 268 896 1666 898 473 1696 2219 1700
1 5 138 465 1669 901 474 1382 2220 1675
1 5 145 467 1384 470 923 1704 2221 1688
1 5 274 928 1697 468 936 1707 2222 1705
1 5 358 929 1701 932 937 1709 2223 1713
1 5 271 469 1703 909 924 1706 2224 1690
1 5 75 724 1717 476 484 1512 2225 1387
1 5 278 950 1721 955 485 1719 2226 1723
1 5 154 477 1725 958 486 1388 2227 1726
1 5 84 479 1390 482 747 1530 2228 1730
1 5 237 727 1720 480 745 1527 2229 1728
1 5 359 952 1724 957 960 1732 2230 1735
1 5 280 481 1727 959 961 1729 2231 1737
1 5 77 736 1525 488 496 1739 2232 1393
1 5 239 738 1529 743 497 1741 2233 1745
1 5 80 489 1532 746 498 1394 2234 1747
1 5 161 491 1396 494 982 1749 2235 1752
1 5 282 968 1742 492 983 1754 2236 1750
1 5 360 970 1746 975 984 1756 2237 1760
1 5 285 493 1748 977 985 1751 2238 1763
1 5 79 742 1733 500 508 1744 2239 1399
1 5 281 963 1736 966 509 1766 2240 1770
1 5 156 501 1738 967 510 1400 2241 1772
1 5 164 503 1402 506 998 1762 2242 1776
1 5 284 974 1767 504 995 1759 2243 1774
1 5 361 1000 1771 1004 1009 1779 2244 1783
1 5 289 505 1773 1005 1010 1775 2245 1786
1 5 169 1021 1788 512 520 1789 2246 1405
1 5 291 1022 1792 1026 521 1790 2247 1794
1 5 86 513 1796 752 522 1406 2248 1538
1 5 94 515 1408 518 766 1798 2249 1550
1 5 292 1023 1791 516 1029 1801 2250 1799
1 5 362 1024 1795 1028 1030 1802 2251 1805
1 5 242 517 1797 755 767 1800 2252 1553
1 5 170 1025 1809 524 532 1793 2253 1411
1 5 295 1036 1812 1038 533 1810 2254 1813
1 5 173 525 1815 1040 534 1412 2255 1816
1 5 95 527 1414 530 771 1807 2256 1820
1 5 293 1027 1811 528 1035 1804 2257 1818
1 5 363 1037 1814 1039 1042 1821 2258 1823
1 5 296 529 1817 1041 1043 1819 2259 1825
1 5 87 753 1827 536 544 1539 2260 1417
1 5 298 1047 1830 1050 545 1828 2261 1832
1 5 176 537 1834 1055 546 1418 2262 1836
1 5 96 539 1420 542 774 1557 2263 1840
1 5 243 756 1829 540 772 1554 2264 1838
1 5 364 1048 1833 1052 1059 1841 2265 1844
1 5 300 541 1837 1057 1060 1839 2266 1847
1 5 89 764 1552 548 556 1849 2267 1423
1 5 245 765 1556 770 557 1850 2268 1854
1 5 92 549 1559 773 558 1424 2269 1856
1 5 179 551 1426 554 1072 1858 2270 1861
1 5 302 1066 1851 552 1073 1862 2271 1859
1 5 365 1067 1855 1070 1074 1864 2272 1867
1 5 305 553 1857 1071 1075 1860 2273 1869
1 5 171 1031 1803 560 568 1870 2274 1429
1 5 294 1032 1806 1034 569 1871 2275 1874
1 5 90 561 1808 768 570 1430 2276 1852
1 5 180 563 1432 566 1076 1877 2277 1863
1 5 306 1081 1872 564 1088 1881 2278 1878
1 5 366 1082 1875 1084 1089 1882 2279 1885
1 5 303 565 1876 1068 1077 1879 2280 1865
1 5 172 1033 1822 572 580 1873 2281 1435
1 5 297 1044 1824 1045 581 1889 2282 1891
1 5 174 573 1826 1046 582 1436 2283 1893
1 5 181 575 1438 578 1078 1887 2284 1897
1 5 307 1083 1890 576 1094 1884 2285 1895
1 5 367 1095 1892 1096 1098 1898 2286 1900
1 5 309 577 1894 1097 1099 1896 2287 1902
1 5 91 769 1842 584 592 1853 2288 1441
1 5 301 1061 1845 1062 593 1904 2289 1906
1 5 177 585 1848 1064 594 1442 2290 1908
1 5 182 587 1444 590 1080 1868 2291 1912
1 5 304 1069 1905 588 1079 1866 2292 1910
1 5 368 1103 1907 1104 1106 1913 2293 1915
1 5 311 589 1909 1105 1107 1911 2294 1917
1 5 184 1092 1899 596 604 1919 2295 1447
1 5 310 1100 1901 1101 605 1921 2296 1925
1 5 185 597 1903 1102 606 1448 2297 1927
1 5 107 599 1450 602 803 1929 2298 1932
1 5 313 1111 1922 600 1121 1933 2299 1930
1 5 369 1113 1926 1118 1122 1935 2300 1939
1 5 316 601 1928 1120 1123 1931 2301 1942
1 5 99 784 1914 608 616 1567 2302 1453
1 5 312 1108 1916 1109 617 1944 2303 1946
1 5 186 609 1918 1110 618 1454 2304 1948
1 5 108 611 1456 614 806 1585 2305 1952
1 5 249 787 1945 612 804 1582 2306 1950
1 5 370 1135 1947 1136 1138 1953 2307 1955
1 5 318 613 1949 1137 1139 1951 2308 1957
1 5 101 795 1580 620 628 1959 2309 1459
1 5 251 797 1584 802 629 1961 2310 1965
1 5 104 621 1587 805 630 1460 2311 1967
1 5 198 623 1462 626 1156 1969 2312 1972
1 5 320 1143 1962 624 1157 1974 2313 1970
1 5 371 1145 1966 1150 1158 1976 2314 1980
1 5 323 625 1968 1151 1159 1971 2315 1983
1 5 187 1124 1936 632 640 1985 2316 1465
1 5 317 1126 1940 1131 641 1987 2317 1991
1 5 190 633 1943 1134 642 1466 2318 1993
1 5 200 635 1468 638 1168 1995 2319 1998
1 5 325 1173 1988 636 1187 2000 2320 1996
1 5 372 1175 1992 1180 1188 2002 2321 2006
1 5 328 637 1994 1182 1189 1997 2322 2009
1 5 103 801 1954 644 652 1964 2323 1471
1 5 319 1140 1956 1141 653 2011 2324 2014
1 5 193 645 1958 1142 654 1472 2325 2016
1 5 201 647 1474 650 1172 1982 2326 2020
1 5 322 1149 2012 648 1169 1979 2327 2018
1 5 373 1203 2015 1205 1210 2022 2328 2025
1 5 331 649 2017 1206 1211 2019 2329 2028
1 5 113 832 1609 656 664 1769 2330 1477
1 5 257 833 1613 838 665 2030 2331 2034
1 5 116 657 1616 842 666 1478 2332 1698
1 5 151 659 1480 662 941 1785 2333 1708
1 5 288 1003 2031 660 1018 1782 2334 2038
1 5 374 1219 2035 1222 1228 2042 2335 2046
1 5 275 661 2037 930 942 2039 2336 1711
1 5 215 1238 2050 668 676 2051 2337 1483
1 5 336 1240 2055 1248 677 2053 2338 2058
1 5 114 669 2060 836 678 1484 2339 2032
1 5 168 671 1486 674 1017 2063 2340 2041
1 5 337 1241 2054 672 1259 2067 2341 2064
1 5 375 1243 2059 1251 1260 2069 2342 2073
1 5 333 673 2062 1220 1231 2065 2343 2044
1 5 148 938 1710 680 688 1924 2344 1489
1 5 277 940 1714 945 689 2078 2345 2082
1 5 122 681 1716 848 690 1490 2346 1622
1 5 130 683 1492 686 867 1941 2347 1635
1 5 315 1117 2079 684 1133 1938 2348 2086
1 5 376 1273 2083 1277 1281 2089 2349 2093
1 5 260 685 2085 851 868 2087 2350 1638
1 5 125 865 1637 692 700 2013 2351 1495
1 5 263 866 1641 871 701 2097 2352 2101
1 5 128 693 1644 875 702 1496 2353 2104
1 5 211 695 1498 698 1218 2027 2354 2108
1 5 330 1204 2098 696 1215 2024 2355 2106
1 5 377 1291 2102 1294 1303 2111 2356 2115
1 5 346 697 2105 1298 1304 2107 2357 2118
1 5 189 1130 2090 704 712 1990 2358 1501
1 5 343 1283 2094 1287 713 2121 2359 2125
1 5 126 705 2096 869 714 1502 2360 2099
1 5 208 707 1504 710 1202 2008 2361 2110
1 5 327 1179 2122 708 1199 2005 2362 2129
1 5 378 1317 2126 1321 1327 2133 2363 2137
1 5 344 709 2128 1292 1307 2130 2364 2113
1 5 379 73 380 1337 1338 388 1339 2141
1 5 1337 380 234 381 2141 1339 389 1340
1 5 382 1337 381 76 1341 2141 1340 390
1 5 387 1338 2141 1341 81 383 1342 386
1 5 1338 388 1339 2141 383 235 384 1342
1 5 2141 1339 389 1340 1342 384 351 385
1 5 1341 2141 1340 390 386 1342 385 238
1 5 391 85 392 1343 1344 400 1345 2142
1 5 1343 392 240 393 2142 1345 401 1346
1 5 394 1343 393 88 1347 2142 1346 402
1 5 399 1344 2142 1347 93 395 1348 398
1 5 1344 400 1345 2142 395 241 396 1348
1 5 2142 1345 401 1346 1348 396 352 397
1 5 1347 2142 1346 402 398 1348 397 244
1 5 403 97 404 1349 1350 412 1351 2143
1 5 1349 404 246 405 2143 1351 413 1352
1 5 406 1349 405 100 1353 2143 1352 414
1 5 411 1350 2143 1353 105 407 1354 410
1 5 1350 412 1351 2143 407 247 408 1354
1 5 2143 1351 413 1352 1354 408 353 409
1 5 1353 2143 1352 414 410 1354 409 250
1 5 415 109 416 1355 1356 424 1357 2144
1 5 1355 416 252 417 2144 1357 425 1358
1 5 418 1355 417 112 1359 2144 1358 426
1 5 423 1356 2144 1359 117 419 1360 422
1 5 1356 424 1357 2144 419 253 420 1360
1 5 2144 1357 425 1358 1360 420 354 421
1 5 1359 2144 1358 426 422 1360 421 256
1 5 427 121 428 1361 1362 436 1363 2145
1 5 1361 428 258 429 2145 1363 437 1364
1 5 430 1361 429 124 1365 2145 1364 438
1 5 435 1362 2145 1365 129 431 1366 434
1 5 1362 436 1363 2145 431 259 432 1366
1 5 2145 1363 437 1364 1366 432 355 433
1 5 1365 2145 1364 438 434 1366 433 262
1 5 439 133 440 1367 1368 448 1369 2146
1 5 1367 440 264 441 2146 1369 449 1370
1 5 442 1367 441 135 1371 2146 1370 450
1 5 447 1368 2146 1371 139 443 1372 446
1 5 1368 448 1369 2146 443 265 444 1372
1 5 2146 1369 449 1370 1372 444 356 445
1 5 1371 2146 1370 450 446 1372 445 267
1 5 451 141 452 1373 1374 460 1375 2147
1 5 1373 452 269 453 2147 1375 461 1376
1 5 454 1373 453 143 1377 2147 1376 462
1 5 459 1374 2147 1377 144 455 1378 458
1 5 1374 460 1375 2147 455 270 456 1378
1 5 2147 1375 461 1376 1378 456 357 457
1 5 1377 2147 1376 462 458 1378 457 273
1 5 463 136 464 1379 1380 472 1381 2148
1 5 1379 464 268 465 2148 1381 473 1382
1 5 466 1379 465 138 1383 2148 1382 474
1 5 471 1380 2148 1383 145 467 1384 470
1 5 1380 472 1381 2148 467 274 468 1384
1 5 2148 1381 473 1382 1384 468 358 469
1 5 1383 2148 1382 474 470 1384 469 271
1 5 475 75 476 1385 1386 484 1387 2149
1 5 1385 476 278 477 2149 1387 485 1388
1 5 478 1385 477 154 1389 2149 1388 486
1 5 483 1386 2149 1389 84 479 1390 482
1 5 1386 484 1387 2149 479 237 480 1390
1 5 2149 1387 485 1388 1390 480 359 481
1 5 1389 2149 1388 486 482 1390 481 280
1 5 487 77 488 1391 1392 496 1393 2150
1 5 1391 488 239 489 2150 1393 497 1394
1 5 490 1391 489 80 1395 2150 1394 498
1 5 495 1392 2150 1395 161 491 1396 494
1 5 1392 496 1393 2150 491 282 492 1396
1 5 2150 1393 497 1394 1396 492 360 493
1 5 1395 2150 1394 498 494 1396 493 285
1 5 499 79 500 1397 1398 508 1399 2151
1 5 1397 500 281 501 2151 1399 509 1400
1 5 502 1397 501 156 1401 2151 1400 510
1 5 507 1398 2151 1401 164 503 1402 506
1 5 1398 508 1399 2151 503 284 504 1402
1 5 2151 1399 509 1400 1402 504 361 505
1 5 1401 2151 1400 510 506 1402 505 289
1 5 511 169 512 1403 1404 520 1405 2152
1 5 1403 512 291 513 2152 1405 521 1406
1 5 514 1403 513 86 1407 2152 1406 522
1 5 519 1404 2152 1407 94 515 1408 518
1 5 1404 520 1405 2152 515 292 516 1408
1 5 2152 1405 521 1406 1408 516 362 517
1 5 1407 2152 1406 522 518 1408 517 242
1 5 523 170 524 1409 1410 532 1411 2153
1 5 1409 524 295 525 2153 1411 533 1412
1 5 526 1409 525 173 1413 2153 1412 534
1 5 531 1410 2153 1413 95 527 1414 530
1 5 1410 532 1411 2153 527 293 528 1414
1 5 2153 1411 533 1412 1414 528 363 529
1 5 1413 2153 1412 534 530 1414 529 296
1 5 535 87 536 1415 1416 544 1417 2154
1 5 1415 536 298 537 2154 1417 545 1418
1 5 538 1415 537 176 1419 2154 1418 546
1 5 543 1416 2154 1419 96 539 1420 542
1 5 1416 544 1417 2154 539 243 540 1420
1 5 2154 1417 545 1418 1420 540 364 541
1 5 1419 2154 1418 546 542 1420 541 300
1 5 547 89 548 1421 1422 556 1423 2155
1 5 1421 548 245 549 2155 1423 557 1424
1 5 550 1421 549 92 1425 2155 1424 558
1 5 555 1422 2155 1425 179 551 1426 554
1 5 1422 556 1423 2155 551 302 552 1426
1 5 2155 1423 557 1424 1426 552 365 553
1 5 1425 2155 1424 558 554 1426 553 305
1 5 559 171 560 1427 1428 568 1429 2156
1 5 1427 560 294 561 2156 1429 569 1430
1 5 562 1427 561 90 1431 2156 1430 570
1 5 567 1428 2156 1431 180 563 1432 566
1 5 1428 568 1429 2156 563 306 564 1432
1 5 2156 1429 569 1430 1432 564 366 565
1 5 1431 2156 1430 570 566 1432 565 303
1 5 571 172 572 1433 1434 580 1435 2157
1 5 1433 572 297 573 2157 1435 581 1436
1 5 574 1433 573 174 1437 2157 1436 582
1 5 579 1434 2157 1437 181 575 1438 578
1 5 1434 580 1435 2157 575 307 576 1438
1 5 2157 1435 581 1436 1438 576 367 577
1 5 1437 2157 1436 582 578 1438 577 309
1 5 583 91 584 1439 1440 592 1441 2158
1 5 1439 584 301 585 2158 1441 593 1442
1 5 586 1439 585 177 1443 2158 1442 594
1 5 591 1440 2158 1443 182 587 1444 590
1 5 1440 592 1441 2158 587 304 588 1444
1 5 2158 1441 593 1442 1444 588 368 589
1 5 1443 2158 1442 594 590 1444 589 311
1 5 595 184 596 1445 1446 604 1447 2159
1 5 1445 596 310 597 2159 1447 605 1448
1 5 598 1445 597 185 1449 2159 1448 606
1 5 603 1446 2159 1449 107 599 1450 602
1 5 1446 604 1447 2159 599 313 600 1450
1 5 2159 1447 605 1448 1450 600 369 601
1 5 1449 2159 1448 606 602 1450 601 316
1 5 607 99 608 1451 1452 616 1453 2160
1 5 1451 608 312 609 2160 1453 617 1454
1 5 610 1451 609 186 1455 2160 1454 618
1 5 615 1452 2160 1455 108 611 1456 614
1 5 1452 616 1453 2160 611 249 612 1456
1 5 2160 1453 617 1454 1456 612 370 613
1 5 1455 2160 1454 618 614 1456 613 318
1 5 619 101 620 1457 1458 628 1459 2161
1 5 1457 620 251 621 2161 1459 629 1460
1 5 622 1457 621 104 1461 2161 1460 630
1 5 627 1458 2161 1461 198 623 1462 626
1 5 1458 628 1459 2161 623 320 624 1462
1 5 2161 1459 629 1460 1462 624 371 625
1 5 1461 2161 1460 630 626 1462 625 323
1 5 631 187 632 1463 1464 640 1465 2162
1 5 1463 632 317 633 2162 1465 641 1466
1 5 634 1463 633 190 1467 2162 1466 642
1 5 639 1464 2162 1467 200 635 1468 638
1 5 1464 640 1465 2162 635 325 636 1468
1 5 2162 1465 641 1466 1468 636 372 637
1 5 1467 2162 1466 642 638 1468 637 328
1 5 643 103 644 1469 1470 652 1471 2163
1 5 1469 644 319 645 2163 1471 653 1472
1 5 646 1469 645 193 1473 2163 1472 654
1 5 651 1470 2163 1473 201 647 1474 650
1 5 1470 652 1471 2163 647 322 648 1474
1 5 2163 1471 653 1472 1474 648 373 649
1 5 1473 2163 1472 654 650 1474 649 331
1 5 655 113 656 1475 1476 664 1477 2164
1 5 1475 656 257 657 2164 1477 665 1478
1 5 658 1475 657 116 1479 2164 1478 666
1 5 663 1476 2164 1479 151 659 1480 662
1 5 1476 664 1477 2164 659 288 660 1480
1 5 2164 1477 665 1478 1480 660 374 661
1 5 1479 2164 1478 666 662 1480 661 275
1 5 667 215 668 1481 1482 676 1483 2165
1 5 1481 668 336 669 2165 1483 677 1484
1 5 670 1481 669 114 1485 2165 1484 678
1 5 675 1482 2165 1485 168 671 1486 674
1 5 1482 676 1483 2165 671 337 672 1486
1 5 2165 1483 677 1484 1486 672 375 673
1 5 1485 2165 1484 678 674 1486 673 333
1 5 679 148 680 1487 1488 688 1489 2166
1 5 1487 680 277 681 2166 1489 689 1490
1 5 682 1487 681 122 1491 2166 1490 690
1 5 687 1488 2166 1491 130 683 1492 686
1 5 1488 688 1489 2166 683 315 684 1492
1 5 2166 1489 689 1490 1492 684 376 685
1 5 1491 2166 1490 690 686 1492 685 260
1 5 691 125 692 1493 1494 700 1495 2167
1 5 1493 692 263 693 2167 1495 701 1496
1 5 694 1493 693 128 1497 2167 1496 702
1 5 699 1494 2167 1497 211 695 1498 698
1 5 1494 700 1495 2167 695 330 696 1498
1 5 2167 1495 701 1496 1498 696 377 697
1 5 1497 2167 1496 702 698 1498 697 346
1 5 703 189 704 1499 1500 712 1501 2168
1 5 1499 704 343 705 2168 1501 713 1502
1 5 706 1499 705 126 1503 2168 1502 714
1 5 711 1500 2168 1503 208 707 1504 710
1 5 1500 712 1501 2168 707 327 708 1504
1 5 2168 1501 713 1502 1504 708 378 709
1 5 1503 2168 1502 714 710 1504 709 344
1 5 715 26 716 1505 1506 721 1507 2169
1 5 1505 716 74 717 2169 1507 722 1508
1 5 380 1505 717 234 1339 2169 1508 389
1 5 388 1506 2169 1339 235 718 1509 384
1 5 1506 721 1507 2169 718 82 719 1509
1 5 2169 1507 722 1508 1509 719 236 720
1 5 1339 2169 1508 389 384 1509 720 351
1 5 717 74 723 1510 1508 722 1511 2170
1 5 1510 723 51 724 2170 1511 729 1512
1 5 725 1510 724 75 1513 2170 1512 484
1 5 389 1508 2170 1513 351 720 1514 728
1 5 1508 722 1511 2170 720 236 726 1514
1 5 2170 1511 729 1512 1514 726 83 727
1 5 1513 2170 1512 484 728 1514 727 237
1 5 381 234 725 1515 1340 389 1513 2171
1 5 1515 725 75 475 2171 1513 484 1386
1 5 730 1515 475 28 1516 2171 1386 483
1 5 390 1340 2171 1516 238 385 1517 731
1 5 1340 389 1513 2171 385 351 728 1517
1 5 2171 1513 484 1386 1517 728 237 479
1 5 1516 2171 1386 483 731 1517 479 84
1 5 383 235 384 1342 1518 733 1519 2172
1 5 1342 384 351 385 2172 1519 734 1520
1 5 386 1342 385 238 1521 2172 1520 735
1 5 732 1518 2172 1521 14 487 1391 490
1 5 1518 733 1519 2172 487 77 488 1391
1 5 2172 1519 734 1520 1391 488 239 489
1 5 1521 2172 1520 735 490 1391 489 80
1 5 718 82 719 1509 1522 739 1523 2173
1 5 1509 719 236 720 2173 1523 740 1524
1 5 384 1509 720 351 1519 2173 1524 734
1 5 733 1522 2173 1519 77 736 1525 488
1 5 1522 739 1523 2173 736 50 737 1525
1 5 2173 1523 740 1524 1525 737 78 738
1 5 1519 2173 1524 734 488 1525 738 239
1 5 720 236 726 1514 1524 740 1526 2174
1 5 1514 726 83 727 2174 1526 744 1527
1 5 728 1514 727 237 1528 2174 1527 745
1 5 734 1524 2174 1528 239 738 1529 743
1 5 1524 740 1526 2174 738 78 741 1529
1 5 2174 1526 744 1527 1529 741 68 742
1 5 1528 2174 1527 745 743 1529 742 79
1 5 385 351 728 1517 1520 734 1528 2175
1 5 1517 728 237 479 2175 1528 745 1530
1 5 731 1517 479 84 1531 2175 1530 747
1 5 735 1520 2175 1531 80 489 1532 746
1 5 1520 734 1528 2175 489 239 743 1532
1 5 2175 1528 745 1530 1532 743 79 499
1 5 1531 2175 1530 747 746 1532 499 53
1 5 748 12 514 1533 1534 519 1407 2176
1 5 1533 514 86 749 2176 1407 522 1535
1 5 392 1533 749 240 1345 2176 1535 401
1 5 400 1534 2176 1345 241 750 1536 396
1 5 1534 519 1407 2176 750 94 518 1536
1 5 2176 1407 522 1535 1536 518 242 751
1 5 1345 2176 1535 401 396 1536 751 352
1 5 749 86 752 1537 1535 522 1538 2177
1 5 1537 752 55 753 2177 1538 531 1539
1 5 754 1537 753 87 1540 2177 1539 544
1 5 401 1535 2177 1540 352 751 1541 757
1 5 1535 522 1538 2177 751 242 755 1541
1 5 2177 1538 531 1539 1541 755 95 756
1 5 1540 2177 1539 544 757 1541 756 243
1 5 393 240 754 1542 1346 401 1540 2178
1 5 1542 754 87 535 2178 1540 544 1416
1 5 758 1542 535 31 1543 2178 1416 543
1 5 402 1346 2178 1543 244 397 1544 759
1 5 1346 401 1540 2178 397 352 757 1544
1 5 2178 1540 544 1416 1544 757 243 539
1 5 1543 2178 1416 543 759 1544 539 96
1 5 395 241 396 1348 1545 761 1546 2179
1 5 1348 396 352 397 2179 1546 762 1547
1 5 398 1348 397 244 1548 2179 1547 763
1 5 760 1545 2179 1548 15 547 1421 550
1 5 1545 761 1546 2179 547 89 548 1421
1 5 2179 1546 762 1547 1421 548 245 549
1 5 1548 2179 1547 763 550 1421 549 92
1 5 750 94 518 1536 1549 766 1550 2180
1 5 1536 518 242 751 2180 1550 767 1551
1 5 396 1536 751 352 1546 2180 1551 762
1 5 761 1549 2180 1546 89 764 1552 548
1 5 1549 766 1550 2180 764 42 562 1552
1 5 2180 1550 767 1551 1552 562 90 765
1 5 1546 2180 1551 762 548 1552 765 245
1 5 751 242 755 1541 1551 767 1553 2181
1 5 1541 755 95 756 2181 1553 771 1554
1 5 757 1541 756 243 1555 2181 1554 772
1 5 762 1551 2181 1555 245 765 1556 770
1 5 1551 767 1553 2181 765 90 768 1556
1 5 2181 1553 771 1554 1556 768 69 769
1 5 1555 2181 1554 772 770 1556 769 91
1 5 397 352 757 1544 1547 762 1555 2182
1 5 1544 757 243 539 2182 1555 772 1557
1 5 759 1544 539 96 1558 2182 1557 774
1 5 763 1547 2182 1558 92 549 1559 773
1 5 1547 762 1555 2182 549 245 770 1559
1 5 2182 1555 772 1557 1559 770 91 583
1 5 1558 2182 1557 774 773 1559 583 56
1 5 775 13 776 1560 1561 781 1562 2183
1 5 1560 776 98 777 2183 1562 782 1563
1 5 404 1560 777 246 1351 2183 1563 413
1 5 412 1561 2183 1351 247 778 1564 408
1 5 1561 781 1562 2183 778 106 779 1564
1 5 2183 1562 782 1563 1564 779 248 780
1 5 1351 2183 1563 413 408 1564 780 353
1 5 777 98 783 1565 1563 782 1566 2184
1 5 1565 783 57 784 2184 1566 603 1567
1 5 785 1565 784 99 1568 2184 1567 616
1 5 413 1563 2184 1568 353 780 1569 788
1 5 1563 782 1566 2184 780 248 786 1569
1 5 2184 1566 603 1567 1569 786 107 787
1 5 1568 2184 1567 616 788 1569 787 249
1 5 405 246 785 1570 1352 413 1568 2185
1 5 1570 785 99 607 2185 1568 616 1452
1 5 789 1570 607 32 1571 2185 1452 615
1 5 414 1352 2185 1571 250 409 1572 790
1 5 1352 413 1568 2185 409 353 788 1572
1 5 2185 1568 616 1452 1572 788 249 611
1 5 1571 2185 1452 615 790 1572 611 108
1 5 407 247 408 1354 1573 792 1574 2186
1 5 1354 408 353 409 2186 1574 793 1575
1 5 410 1354 409 250 1576 2186 1575 794
1 5 791 1573 2186 1576 34 619 1457 622
1 5 1573 792 1574 2186 619 101 620 1457
1 5 2186 1574 793 1575 1457 620 251 621
1 5 1576 2186 1575 794 622 1457 621 104
1 5 778 106 779 1564 1577 798 1578 2187
1 5 1564 779 248 780 2187 1578 799 1579
1 5 408 1564 780 353 1574 2187 1579 793
1 5 792 1577 2187 1574 101 795 1580 620
1 5 1577 798 1578 2187 795 58 796 1580
1 5 2187 1578 799 1579 1580 796 102 797
1 5 1574 2187 1579 793 620 1580 797 251
1 5 780 248 786 1569 1579 799 1581 2188
1 5 1569 786 107 787 2188 1581 803 1582
1 5 788 1569 787 249 1583 2188 1582 804
1 5 793 1579 2188 1583 251 797 1584 802
1 5 1579 799 1581 2188 797 102 800 1584
1 5 2188 1581 803 1582 1584 800 70 801
1 5 1583 2188 1582 804 802 1584 801 103
1 5 409 353 788 1572 1575 793 1583 2189
1 5 1572 788 249 611 2189 1583 804 1585
1 5 790 1572 611 108 1586 2189 1585 806
1 5 794 1575 2189 1586 104 621 1587 805
1 5 1575 793 1583 2189 621 251 802 1587
1 5 2189 1583 804 1585 1587 802 103 643
1 5 1586 2189 1585 806 805 1587 643 61
1 5 807 25 808 1588 1589 813 1590 2190
1 5 1588 808 110 809 2190 1590 814 1591
1 5 416 1588 809 252 1357 2190 1591 425
1 5 424 1589 2190 1357 253 810 1592 420
1 5 1589 813 1590 2190 810 118 811 1592
1 5 2190 1590 814 1591 1592 811 254 812
1 5 1357 2190 1591 425 420 1592 812 354
1 5 809 110 815 1593 1591 814 1594 2191
1 5 1593 815 49 816 2191 1594 821 1595
1 5 817 1593 816 111 1596 2191 1595 822
1 5 425 1591 2191 1596 354 812 1597 820
1 5 1591 814 1594 2191 812 254 818 1597
1 5 2191 1594 821 1595 1597 818 119 819
1 5 1596 2191 1595 822 820 1597 819 255
1 5 417 252 817 1598 1358 425 1596 2192
1 5 1598 817 111 823 2192 1596 822 1599
1 5 824 1598 823 19 1600 2192 1599 827
1 5 426 1358 2192 1600 256 421 1601 826
1 5 1358 425 1596 2192 421 354 820 1601
1 5 2192 1596 822 1599 1601 820 255 825
1 5 1600 2192 1599 827 826 1601 825 120
1 5 419 253 420 1360 1602 829 1603 2193
1 5 1360 420 354 421 2193 1603 830 1604
1 5 422 1360 421 256 1605 2193 1604 831
1 5 828 1602 2193 1605 24 655 1475 658
1 5 1602 829 1603 2193 655 113 656 1475
1 5 2193 1603 830 1604 1475 656 257 657
1 5 1605 2193 1604 831 658 1475 657 116
1 5 810 118 811 1592 1606 834 1607 2194
1 5 1592 811 254 812 2194 1607 835 1608
1 5 420 1592 812 354 1603 2194 1608 830
1 5 829 1606 2194 1603 113 832 1609 656
1 5 1606 834 1607 2194 832 52 670 1609
1 5 2194 1607 835 1608 1609 670 114 833
1 5 1603 2194 1608 830 656 1609 833 257
1 5 812 254 818 1597 1608 835 1610 2195
1 5 1597 818 119 819 2195 1610 839 1611
1 5 820 1597 819 255 1612 2195 1611 840
1 5 830 1608 2195 1612 257 833 1613 838
1 5 1608 835 1610 2195 833 114 836 1613
1 5 2195 1610 839 1611 1613 836 71 837
1 5 1612 2195 1611 840 838 1613 837 115
1 5 421 354 820 1601 1604 830 1612 2196
1 5 1601 820 255 825 2196 1612 840 1614
1 5 826 1601 825 120 1615 2196 1614 843
1 5 831 1604 2196 1615 116 657 1616 842
1 5 1604 830 1612 2196 657 257 838 1616
1 5 2196 1612 840 1614 1616 838 115 841
1 5 1615 2196 1614 843 842 1616 841 46
1 5 844 20 682 1617 1618 687 1491 2197
1 5 1617 682 122 845 2197 1491 690 1619
1 5 428 1617 845 258 1363 2197 1619 437
1 5 436 1618 2197 1363 259 846 1620 432
1 5 1618 687 1491 2197 846 130 686 1620
1 5 2197 1491 690 1619 1620 686 260 847
1 5 1363 2197 1619 437 432 1620 847 355
1 5 845 122 848 1621 1619 690 1622 2198
1 5 1621 848 48 849 2198 1622 854 1623
1 5 850 1621 849 123 1624 2198 1623 855
1 5 437 1619 2198 1624 355 847 1625 853
1 5 1619 690 1622 2198 847 260 851 1625
1 5 2198 1622 854 1623 1625 851 131 852
1 5 1624 2198 1623 855 853 1625 852 261
1 5 429 258 850 1626 1364 437 1624 2199
1 5 1626 850 123 856 2199 1624 855 1627
1 5 857 1626 856 22 1628 2199 1627 860
1 5 438 1364 2199 1628 262 433 1629 859
1 5 1364 437 1624 2199 433 355 853 1629
1 5 2199 1624 855 1627 1629 853 261 858
1 5 1628 2199 1627 860 859 1629 858 132
1 5 431 259 432 1366 1630 862 1631 2200
1 5 1366 432 355 433 2200 1631 863 1632
1 5 434 1366 433 262 1633 2200 1632 864
1 5 861 1630 2200 1633 39 691 1493 694
1 5 1630 862 1631 2200 691 125 692 1493
1 5 2200 1631 863 1632 1493 692 263 693
1 5 1633 2200 1632 864 694 1493 693 128
1 5 846 130 686 1620 1634 867 1635 2201
1 5 1620 686 260 847 2201 1635 868 1636
1 5 432 1620 847 355 1631 2201 1636 863
1 5 862 1634 2201 1631 125 865 1637 692
1 5 1634 867 1635 2201 865 60 706 1637
1 5 2201 1635 868 1636 1637 706 126 866
1 5 1631 2201 1636 863 692 1637 866 263
1 5 847 260 851 1625 1636 868 1638 2202
1 5 1625 851 131 852 2202 1638 872 1639
1 5 853 1625 852 261 1640 2202 1639 873
1 5 863 1636 2202 1640 263 866 1641 871
1 5 1636 868 1638 2202 866 126 869 1641
1 5 2202 1638 872 1639 1641 869 72 870
1 5 1640 2202 1639 873 871 1641 870 127
1 5 433 355 853 1629 1632 863 1640 2203
1 5 1629 853 261 858 2203 1640 873 1642
1 5 859 1629 858 132 1643 2203 1642 876
1 5 864 1632 2203 1643 128 693 1644 875
1 5 1632 863 1640 2203 693 263 871 1644
1 5 2203 1640 873 1642 1644 871 127 874
1 5 1643 2203 1642 876 875 1644 874 65
1 5 877 2 418 1645 1646 423 1359 2204
1 5 1645 418 112 878 2204 1359 426 1647
1 5 440 1645 878 264 1369 2204 1647 449
1 5 448 1646 2204 1369 265 879 1648 444
1 5 1646 423 1359 2204 879 117 422 1648
1 5 2204 1359 426 1647 1648 422 256 880
1 5 1369 2204 1647 449 444 1648 880 356
1 5 878 112 824 1649 1647 426 1600 2205
1 5 1649 824 19 881 2205 1600 827 1650
1 5 882 1649 881 134 1651 2205 1650 885
1 5 449 1647 2205 1651 356 880 1652 884
1 5 1647 426 1600 2205 880 256 826 1652
1 5 2205 1600 827 1650 1652 826 120 883
1 5 1651 2205 1650 885 884 1652 883 266
1 5 441 264 882 1653 1370 449 1651 2206
1 5 1653 882 134 886 2206 1651 885 1654
1 5 887 1653 886 44 1655 2206 1654 890
1 5 450 1370 2206 1655 267 445 1656 889
1 5 1370 449 1651 2206 445 356 884 1656
1 5 2206 1651 885 1654 1656 884 266 888
1 5 1655 2206 1654 890 889 1656 888 140
1 5 443 265 444 1372 1657 892 1658 2207
1 5 1372 444 356 445 2207 1658 893 1659
1 5 446 1372 445 267 1660 2207 1659 894
1 5 891 1657 2207 1660 45 463 1379 466
1 5 1657 892 1658 2207 463 136 464 1379
1 5 2207 1658 893 1659 1379 464 268 465
1 5 1660 2207 1659 894 466 1379 465 138
1 5 879 117 422 1648 1661 828 1605 2208
1 5 1648 422 256 880 2208 1605 831 1662
1 5 444 1648 880 356 1658 2208 1662 893
1 5 892 1661 2208 1658 136 895 1663 464
1 5 1661 828 1605 2208 895 24 658 1663
1 5 2208 1605 831 1662 1663 658 116 896
1 5 1658 2208 1662 893 464 1663 896 268
1 5 880 256 826 1652 1662 831 1615 2209
1 5 1652 826 120 883 2209 1615 843 1664
1 5 884 1652 883 266 1665 2209 1664 899
1 5 893 1662 2209 1665 268 896 1666 898
1 5 1662 831 1615 2209 896 116 842 1666
1 5 2209 1615 843 1664 1666 842 46 897
1 5 1665 2209 1664 899 898 1666 897 137
1 5 445 356 884 1656 1659 893 1665 2210
1 5 1656 884 266 888 2210 1665 899 1667
1 5 889 1656 888 140 1668 2210 1667 902
1 5 894 1659 2210 1668 138 465 1669 901
1 5 1659 893 1665 2210 465 268 898 1669
1 5 2210 1665 899 1667 1669 898 137 900
1 5 1668 2210 1667 902 901 1669 900 67
1 5 903 45 466 1670 1671 471 1383 2211
1 5 1670 466 138 904 2211 1383 474 1672
1 5 452 1670 904 269 1375 2211 1672 461
1 5 460 1671 2211 1375 270 905 1673 456
1 5 1671 471 1383 2211 905 145 470 1673
1 5 2211 1383 474 1672 1673 470 271 906
1 5 1375 2211 1672 461 456 1673 906 357
1 5 904 138 901 1674 1672 474 1675 2212
1 5 1674 901 67 907 2212 1675 912 1676
1 5 908 1674 907 142 1677 2212 1676 913
1 5 461 1672 2212 1677 357 906 1678 911
1 5 1672 474 1675 2212 906 271 909 1678
1 5 2212 1675 912 1676 1678 909 146 910
1 5 1677 2212 1676 913 911 1678 910 272
1 5 453 269 908 1679 1376 461 1677 2213
1 5 1679 908 142 914 2213 1677 913 1680
1 5 915 1679 914 47 1681 2213 1680 918
1 5 462 1376 2213 1681 273 457 1682 917
1 5 1376 461 1677 2213 457 357 911 1682
1 5 2213 1677 913 1680 1682 911 272 916
1 5 1681 2213 1680 918 917 1682 916 147
1 5 455 270 456 1378 1683 920 1684 2214
1 5 1378 456 357 457 2214 1684 921 1685
1 5 458 1378 457 273 1686 2214 1685 922
1 5 919 1683 2214 1686 7 427 1361 430
1 5 1683 920 1684 2214 427 121 428 1361
1 5 2214 1684 921 1685 1361 428 258 429
1 5 1686 2214 1685 922 430 1361 429 124
1 5 905 145 470 1673 1687 923 1688 2215
1 5 1673 470 271 906 2215 1688 924 1689
1 5 456 1673 906 357 1684 2215 1689 921
1 5 920 1687 2215 1684 121 844 1617 428
1 5 1687 923 1688 2215 844 20 682 1617
1 5 2215 1688 924 1689 1617 682 122 845
1 5 1684 2215 1689 921 428 1617 845 258
1 5 906 271 909 1678 1689 924 1690 2216
1 5 1678 909 146 910 2216 1690 925 1691
1 5 911 1678 910 272 1692 2216 1691 926
1 5 921 1689 2216 1692 258 845 1621 850
1 5 1689 924 1690 2216 845 122 848 1621
1 5 2216 1690 925 1691 1621 848 48 849
1 5 1692 2216 1691 926 850 1621 849 123
1 5 457 357 911 1682 1685 921 1692 2217
1 5 1682 911 272 916 2217 1692 926 1693
1 5 917 1682 916 147 1694 2217 1693 927
1 5 922 1685 2217 1694 124 429 1626 857
1 5 1685 921 1692 2217 429 258 850 1626
1 5 2217 1692 926 1693 1626 850 123 856
1 5 1694 2217 1693 927 857 1626 856 22
1 5 895 24 658 1663 1695 663 1479 2218
1 5 1663 658 116 896 2218 1479 666 1696
1 5 464 1663 896 268 1381 2218 1696 473
1 5 472 1695 2218 1381 274 928 1697 468
1 5 1695 663 1479 2218 928 151 662 1697
1 5 2218 1479 666 1696 1697 662 275 929
1 5 1381 2218 1696 473 468 1697 929 358
1 5 896 116 842 1666 1696 666 1698 2219
1 5 1666 842 46 897 2219 1698 933 1699
1 5 898 1666 897 137 1700 2219 1699 934
1 5 473 1696 2219 1700 358 929 1701 932
1 5 1696 666 1698 2219 929 275 930 1701
1 5 2219 1698 933 1699 1701 930 152 931
1 5 1700 2219 1699 934 932 1701 931 276
1 5 465 268 898 1669 1382 473 1700 2220
1 5 1669 898 137 900 2220 1700 934 1702
1 5 901 1669 900 67 1675 2220 1702 912
1 5 474 1382 2220 1675 271 469 1703 909
1 5 1382 473 1700 2220 469 358 932 1703
1 5 2220 1700 934 1702 1703 932 276 935
1 5 1675 2220 1702 912 909 1703 935 146
1 5 467 274 468 1384 1704 936 1705 2221
1 5 1384 468 358 469 2221 1705 937 1706
1 5 470 1384 469 271 1688 2221 1706 924
1 5 923 1704 2221 1688 20 679 1487 682
1 5 1704 936 1705 2221 679 148 680 1487
1 5 2221 1705 937 1706 1487 680 277 681
1 5 1688 2221 1706 924 682 1487 681 122
1 5 928 151 662 1697 1707 941 1708 2222
1 5 1697 662 275 929 2222 1708 942 1709
1 5 468 1697 929 358 1705 2222 1709 937
1 5 936 1707 2222 1705 148 938 1710 680
1 5 1707 941 1708 2222 938 9 939 1710
1 5 2222 1708 942 1709 1710 939 149 940
1 5 1705 2222 1709 937 680 1710 940 277
1 5 929 275 930 1701 1709 942 1711 2223
1 5 1701 930 152 931 2223 1711 946 1712
1 5 932 1701 931 276 1713 2223 1712 947
1 5 937 1709 2223 1713 277 940 1714 945
1 5 1709 942 1711 2223 940 149 943 1714
1 5 2223 1711 946 1712 1714 943 21 944
1 5 1713 2223 1712 947 945 1714 944 150
1 5 469 358 932 1703 1706 937 1713 2224
1 5 1703 932 276 935 2224 1713 947 1715
1 5 909 1703 935 146 1690 2224 1715 925
1 5 924 1706 2224 1690 122 681 1716 848
1 5 1706 937 1713 2224 681 277 945 1716
1 5 2224 1713 947 1715 1716 945 150 948
1 5 1690 2224 1715 925 848 1716 948 48
1 5 724 51 949 1717 1512 729 1718 2225
1 5 1717 949 153 950 2225 1718 953 1719
1 5 476 1717 950 278 1387 2225 1719 485
1 5 484 1512 2225 1387 237 727 1720 480
1 5 1512 729 1718 2225 727 83 951 1720
1 5 2225 1718 953 1719 1720 951 279 952
1 5 1387 2225 1719 485 480 1720 952 359
1 5 950 153 954 1721 1719 953 1722 2226
1 5 1721 954 25 807 2226 1722 813 1589
1 5 955 1721 807 109 1723 2226 1589 424
1 5 485 1719 2226 1723 359 952 1724 957
1 5 1719 953 1722 2226 952 279 956 1724
1 5 2226 1722 813 1589 1724 956 118 810
1 5 1723 2226 1589 424 957 1724 810 253
1 5 477 278 955 1725 1388 485 1723 2227
1 5 1725 955 109 415 2227 1723 424 1356
1 5 958 1725 415 2 1726 2227 1356 423
1 5 486 1388 2227 1726 280 481 1727 959
1 5 1388 485 1723 2227 481 359 957 1727
1 5 2227 1723 424 1356 1727 957 253 419
1 5 1726 2227 1356 423 959 1727 419 117
1 5 479 237 480 1390 1530 745 1728 2228
1 5 1390 480 359 481 2228 1728 960 1729
1 5 482 1390 481 280 1730 2228 1729 961
1 5 747 1530 2228 1730 53 499 1397 502
1 5 1530 745 1728 2228 499 79 500 1397
1 5 2228 1728 960 1729 1397 500 281 501
1 5 1730 2228 1729 961 502 1397 501 156
1 5 727 83 951 1720 1527 744 1731 2229
1 5 1720 951 279 952 2229 1731 964 1732
1 5 480 1720 952 359 1728 2229 1732 960
1 5 745 1527 2229 1728 79 742 1733 500
1 5 1527 744 1731 2229 742 68 962 1733
1 5 2229 1731 964 1732 1733 962 155 963
1 5 1728 2229 1732 960 500 1733 963 281
1 5 952 279 956 1724 1732 964 1734 2230
1 5 1724 956 118 810 2230 1734 834 1606
1 5 957 1724 810 253 1735 2230 1606 829
1 5 960 1732 2230 1735 281 963 1736 966
1 5 1732 964 1734 2230 963 155 965 1736
1 5 2230 1734 834 1606 1736 965 52 832
1 5 1735 2230 1606 829 966 1736 832 113
1 5 481 359 957 1727 1729 960 1735 2231
1 5 1727 957 253 419 2231 1735 829 1602
1 5 959 1727 419 117 1737 2231 1602 828
1 5 961 1729 2231 1737 156 501 1738 967
1 5 1729 960 1735 2231 501 281 966 1738
1 5 2231 1735 829 1602 1738 966 113 655
1 5 1737 2231 1602 828 967 1738 655 24
1 5 736 50 737 1525 1739 971 1740 2232
1 5 1525 737 78 738 2232 1740 972 1741
1 5 488 1525 738 239 1393 2232 1741 497
1 5 496 1739 2232 1393 282 968 1742 492
1 5 1739 971 1740 2232 968 162 969 1742
1 5 2232 1740 972 1741 1742 969 283 970
1 5 1393 2232 1741 497 492 1742 970 360
1 5 738 78 741 1529 1741 972 1743 2233
1 5 1529 741 68 742 2233 1743 976 1744
1 5 743 1529 742 79 1745 2233 1744 508
1 5 497 1741 2233 1745 360 970 1746 975
1 5 1741 972 1743 2233 970 283 973 1746
1 5 2233 1743 976 1744 1746 973 163 974
1 5 1745 2233 1744 508 975 1746 974 284
1 5 489 239 743 1532 1394 497 1745 2234
1 5 1532 743 79 499 2234 1745 508 1398
1 5 746 1532 499 53 1747 2234 1398 507
1 5 498 1394 2234 1747 285 493 1748 977
1 5 1394 497 1745 2234 493 360 975 1748
1 5 2234 1745 508 1398 1748 975 284 503
1 5 1747 2234 1398 507 977 1748 503 164
1 5 491 282 492 1396 1749 983 1750 2235
1 5 1396 492 360 493 2235 1750 984 1751
1 5 494 1396 493 285 1752 2235 1751 985
1 5 982 1749 2235 1752 11 978 1753 981
1 5 1749 983 1750 2235 978 157 979 1753
1 5 2235 1750 984 1751 1753 979 286 980
1 5 1752 2235 1751 985 981 1753 980 160
1 5 968 162 969 1742 1754 989 1755 2236
1 5 1742 969 283 970 2236 1755 990 1756
1 5 492 1742 970 360 1750 2236 1756 984
1 5 983 1754 2236 1750 157 986 1757 979
1 5 1754 989 1755 2236 986 27 987 1757
1 5 2236 1755 990 1756 1757 987 158 988
1 5 1750 2236 1756 984 979 1757 988 286
1 5 970 283 973 1746 1756 990 1758 2237
1 5 1746 973 163 974 2237 1758 994 1759
1 5 975 1746 974 284 1760 2237 1759 995
1 5 984 1756 2237 1760 286 988 1761 993
1 5 1756 990 1758 2237 988 158 991 1761
1 5 2237 1758 994 1759 1761 991 54 992
1 5 1760 2237 1759 995 993 1761 992 159
1 5 493 360 975 1748 1751 984 1760 2238
1 5 1748 975 284 503 2238 1760 995 1762
1 5 977 1748 503 164 1763 2238 1762 998
1 5 985 1751 2238 1763 160 980 1764 997
1 5 1751 984 1760 2238 980 286 993 1764
1 5 2238 1760 995 1762 1764 993 159 996
1 5 1763 2238 1762 998 997 1764 996 30
1 5 742 68 962 1733 1744 976 1765 2239
1 5 1733 962 155 963 2239 1765 1001 1766
1 5 500 1733 963 281 1399 2239 1766 509
1 5 508 1744 2239 1399 284 974 1767 504
1 5 1744 976 1765 2239 974 163 999 1767
1 5 2239 1765 1001 1766 1767 999 287 1000
1 5 1399 2239 1766 509 504 1767 1000 361
1 5 963 155 965 1736 1766 1001 1768 2240
1 5 1736 965 52 832 2240 1768 675 1769
1 5 966 1736 832 113 1770 2240 1769 664
1 5 509 1766 2240 1770 361 1000 1771 1004
1 5 1766 1001 1768 2240 1000 287 1002 1771
1 5 2240 1768 675 1769 1771 1002 168 1003
1 5 1770 2240 1769 664 1004 1771 1003 288
1 5 501 281 966 1738 1400 509 1770 2241
1 5 1738 966 113 655 2241 1770 664 1476
1 5 967 1738 655 24 1772 2241 1476 663
1 5 510 1400 2241 1772 289 505 1773 1005
1 5 1400 509 1770 2241 505 361 1004 1773
1 5 2241 1770 664 1476 1773 1004 288 659
1 5 1772 2241 1476 663 1005 1773 659 151
1 5 503 284 504 1402 1762 995 1774 2242
1 5 1402 504 361 505 2242 1774 1009 1775
1 5 506 1402 505 289 1776 2242 1775 1010
1 5 998 1762 2242 1776 30 996 1777 1008
1 5 1762 995 1774 2242 996 159 1006 1777
1 5 2242 1774 1009 1775 1777 1006 290 1007
1 5 1776 2242 1775 1010 1008 1777 1007 167
1 5 974 163 999 1767 1759 994 1778 2243
1 5 1767 999 287 1000 2243 1778 1013 1779
1 5 504 1767 1000 361 1774 2243 1779 1009
1 5 995 1759 2243 1774 159 992 1780 1006
1 5 1759 994 1778 2243 992 54 1011 1780
1 5 2243 1778 1013 1779 1780 1011 165 1012
1 5 1774 2243 1779 1009 1006 1780 1012 290
1 5 1000 287 1002 1771 1779 1013 1781 2244
1 5 1771 1002 168 1003 2244 1781 1017 1782
1 5 1004 1771 1003 288 1783 2244 1782 1018
1 5 1009 1779 2244 1783 290 1012 1784 1016
1 5 1779 1013 1781 2244 1012 165 1014 1784
1 5 2244 1781 1017 1782 1784 1014 29 1015
1 5 1783 2244 1782 1018 1016 1784 1015 166
1 5 505 361 1004 1773 1775 1009 1783 2245
1 5 1773 1004 288 659 2245 1783 1018 1785
1 5 1005 1773 659 151 1786 2245 1785 941
1 5 1010 1775 2245 1786 167 1007 1787 1020
1 5 1775 1009 1783 2245 1007 290 1016 1787
1 5 2245 1783 1018 1785 1787 1016 166 1019
1 5 1786 2245 1785 941 1020 1787 1019 9
1 5 1021 8 382 1788 1789 387 1341 2246
1 5 1788 382 76 1022 2246 1341 390 1790
1 5 512 1788 1022 291 1405 2246 1790 521
1 5 520 1789 2246 1405 292 1023 1791 516
1 5 1789 387 1341 2246 1023 81 386 1791
1 5 2246 1341 390 1790 1791 386 238 1024
1 5 1405 2246 1790 521 516 1791 1024 362
1 5 1022 76 730 1792 1790 390 1516 2247
1 5 1792 730 28 1025 2247 1516 483 1793
1 5 1026 1792 1025 170 1794 2247 1793 532
1 5 521 1790 2247 1794 362 1024 1795 1028
1 5 1790 390 1516 2247 1024 238 731 1795
1 5 2247 1516 483 1793 1795 731 84 1027
1 5 1794 2247 1793 532 1028 1795 1027 293
1 5 513 291 1026 1796 1406 521 1794 2248
1 5 1796 1026 170 523 2248 1794 532 1410
1 5 752 1796 523 55 1538 2248 1410 531
1 5 522 1406 2248 1538 242 517 1797 755
1 5 1406 521 1794 2248 517 362 1028 1797
1 5 2248 1794 532 1410 1797 1028 293 527
1 5 1538 2248 1410 531 755 1797 527 95
1 5 515 292 516 1408 1798 1029 1799 2249
1 5 1408 516 362 517 2249 1799 1030 1800
1 5 518 1408 517 242 1550 2249 1800 767
1 5 766 1798 2249 1550 42 559 1427 562
1 5 1798 1029 1799 2249 559 171 560 1427
1 5 2249 1799 1030 1800 1427 560 294 561
1 5 1550 2249 1800 767 562 1427 561 90
1 5 1023 81 386 1791 1801 732 1521 2250
1 5 1791 386 238 1024 2250 1521 735 1802
1 5 516 1791 1024 362 1799 2250 1802 1030
1 5 1029 1801 2250 1799 171 1031 1803 560
1 5 1801 732 1521 2250 1031 14 490 1803
1 5 2250 1521 735 1802 1803 490 80 1032
