MFEM mesh v1.0

#
# MFEM Geometry Types (see mesh/geom.hpp):
#
# POINT       = 0
# SEGMENT     = 1
# TRIANGLE    = 2
# SQUARE      = 3
# TETRAHEDRON = 4
# CUBE        = 5
#

dimension
3

elements
1792
1 5 0 409 1421 412 417 1422 2249 1425
1 5 6 421 1427 424 429 1428 2250 1431
1 5 8 433 1433 436 441 1434 2251 1437
1 5 12 445 1439 448 453 1440 2252 1443
1 5 10 457 1445 460 465 1446 2253 1449
1 5 44 469 1451 472 477 1452 2254 1455
1 5 17 481 1457 484 489 1458 2255 1461
1 5 55 493 1463 496 501 1464 2256 1467
1 5 76 505 1469 508 513 1470 2257 1473
1 5 13 517 1475 520 525 1476 2258 1479
1 5 46 529 1481 532 537 1482 2259 1485
1 5 16 541 1487 544 549 1488 2260 1491
1 5 33 553 1493 556 561 1494 2261 1497
1 5 59 565 1499 568 573 1500 2262 1503
1 5 77 577 1505 580 585 1506 2263 1509
1 5 62 589 1511 592 597 1512 2264 1515
1 5 34 601 1517 604 609 1518 2265 1521
1 5 60 613 1523 616 621 1524 2266 1527
1 5 35 625 1529 628 633 1530 2267 1533
1 5 64 637 1535 640 645 1536 2268 1539
1 5 15 649 1541 652 657 1542 2269 1545
1 5 58 661 1547 664 669 1548 2270 1551
1 5 32 673 1553 676 681 1554 2271 1557
1 5 36 685 1559 688 693 1560 2272 1563
1 5 61 697 1565 700 705 1566 2273 1569
1 5 80 709 1571 712 717 1572 2274 1575
1 5 69 721 1577 724 729 1578 2275 1581
1 5 19 733 1583 736 741 1584 2276 1587
1 5 82 745 1589 410 418 1590 2277 1423
1 5 258 747 1594 755 419 1592 2278 1597
1 5 85 411 1599 762 420 1424 2279 1601
1 5 90 413 1426 416 770 1603 2280 1606
1 5 259 748 1593 414 771 1608 2281 1604
1 5 381 750 1598 758 772 1610 2282 1614
1 5 262 415 1602 764 773 1605 2283 1617
1 5 94 787 1619 422 430 1620 2284 1429
1 5 264 788 1623 793 431 1621 2285 1626
1 5 97 423 1628 797 432 1430 2286 1629
1 5 102 425 1432 428 799 1631 2287 1634
1 5 265 789 1622 426 800 1635 2288 1632
1 5 382 790 1627 796 801 1637 2289 1641
1 5 268 427 1630 798 802 1633 2290 1644
1 5 106 814 1646 434 442 1647 2291 1435
1 5 270 816 1651 824 443 1649 2292 1654
1 5 109 435 1656 831 444 1436 2293 1658
1 5 114 437 1438 440 835 1660 2294 1663
1 5 271 817 1650 438 836 1664 2295 1661
1 5 383 819 1655 827 837 1666 2296 1670
1 5 274 439 1659 833 838 1662 2297 1673
1 5 118 851 1675 446 454 1676 2298 1441
1 5 276 853 1680 861 455 1678 2299 1683
1 5 121 447 1685 868 456 1442 2300 1687
1 5 126 449 1444 452 872 1689 2301 1692
1 5 277 854 1679 450 873 1693 2302 1690
1 5 384 856 1684 864 874 1695 2303 1699
1 5 280 451 1688 870 875 1691 2304 1702
1 5 130 888 1704 458 466 1705 2305 1447
1 5 282 889 1708 894 467 1706 2306 1711
1 5 133 459 1713 898 468 1448 2307 1714
1 5 138 461 1450 464 900 1716 2308 1719
1 5 283 890 1707 462 901 1720 2309 1717
1 5 385 891 1712 897 902 1722 2310 1726
1 5 286 463 1715 899 903 1718 2311 1729
1 5 142 915 1731 470 478 1732 2312 1453
1 5 288 916 1735 921 479 1733 2313 1738
1 5 145 471 1740 928 480 1454 2314 1742
1 5 148 473 1456 476 932 1744 2315 1747
1 5 289 917 1734 474 933 1748 2316 1745
1 5 386 918 1739 924 934 1750 2317 1754
1 5 292 475 1743 930 935 1746 2318 1757
1 5 152 945 1759 482 490 1760 2319 1459
1 5 294 947 1764 955 491 1762 2320 1767
1 5 143 483 1769 919 492 1460 2321 1736
1 5 149 485 1462 488 938 1772 2322 1749
1 5 295 948 1763 486 963 1775 2323 1773
1 5 387 950 1768 958 964 1777 2324 1780
1 5 290 487 1771 922 939 1774 2325 1752
1 5 157 969 1782 494 502 1783 2326 1465
1 5 298 971 1787 979 503 1785 2327 1790
1 5 160 495 1792 986 504 1466 2328 1794
1 5 164 497 1468 500 993 1796 2329 1799
1 5 299 972 1786 498 994 1801 2330 1797
1 5 388 974 1791 982 995 1803 2331 1807
1 5 302 499 1795 988 996 1798 2332 1810
1 5 168 1009 1812 506 514 1813 2333 1471
1 5 304 1010 1816 1014 515 1814 2334 1818
1 5 170 507 1820 1019 516 1472 2335 1822
1 5 174 509 1474 512 1023 1824 2336 1827
1 5 305 1011 1815 510 1024 1828 2337 1825
1 5 389 1012 1819 1016 1025 1829 2338 1832
1 5 307 511 1823 1021 1026 1826 2339 1835
1 5 146 936 1751 518 526 1837 2340 1477
1 5 293 937 1755 941 527 1838 2341 1841
1 5 95 519 1758 791 528 1478 2342 1624
1 5 103 521 1480 524 805 1844 2343 1636
1 5 309 1035 1839 522 1039 1847 2344 1845
1 5 390 1036 1842 1038 1040 1848 2345 1851
1 5 266 523 1843 794 806 1846 2346 1639
1 5 147 940 1855 530 538 1840 2347 1483
1 5 312 1047 1859 1053 539 1857 2348 1862
1 5 180 531 1864 1057 540 1484 2349 1865
1 5 104 533 1486 536 810 1853 2350 1869
1 5 310 1037 1858 534 1045 1850 2351 1867
1 5 391 1049 1863 1056 1059 1871 2352 1875
1 5 315 535 1866 1058 1060 1868 2353 1878
1 5 96 792 1880 542 550 1625 2354 1489
1 5 317 1068 1883 1070 551 1881 2355 1884
1 5 184 543 1886 1072 552 1490 2356 1887
1 5 105 545 1492 548 813 1643 2357 1891
1 5 267 795 1882 546 811 1640 2358 1889
1 5 392 1069 1885 1071 1074 1892 2359 1894
1 5 318 547 1888 1073 1075 1890 2360 1896
1 5 98 803 1638 554 562 1898 2361 1495
1 5 269 804 1642 809 563 1899 2362 1903
1 5 101 555 1645 812 564 1496 2363 1905
1 5 186 557 1498 560 1085 1907 2364 1910
1 5 320 1079 1900 558 1086 1911 2365 1908
1 5 393 1080 1904 1083 1087 1913 2366 1916
1 5 323 559 1906 1084 1088 1909 2367 1918
1 5 176 1041 1849 566 574 1919 2368 1501
1 5 311 1042 1852 1044 575 1920 2369 1924
1 5 99 567 1854 807 576 1502 2370 1901
1 5 187 569 1504 572 1089 1927 2371 1912
1 5 324 1094 1921 570 1102 1931 2372 1928
1 5 394 1095 1925 1098 1103 1933 2373 1937
1 5 321 571 1926 1081 1090 1929 2374 1914
1 5 177 1043 1872 578 586 1923 2375 1507
1 5 316 1061 1876 1065 587 1941 2376 1945
1 5 183 579 1879 1067 588 1508 2377 1947
1 5 188 581 1510 584 1091 1939 2378 1951
1 5 326 1097 1942 582 1113 1936 2379 1949
1 5 395 1115 1946 1118 1123 1954 2380 1958
1 5 330 583 1948 1119 1124 1950 2381 1961
1 5 100 808 1893 590 598 1902 2382 1513
1 5 319 1076 1895 1077 599 1963 2383 1966
1 5 185 591 1897 1078 600 1514 2384 1968
1 5 189 593 1516 596 1093 1917 2385 1972
1 5 322 1082 1964 594 1092 1915 2386 1970
1 5 396 1135 1967 1137 1142 1974 2387 1977
1 5 333 595 1969 1138 1143 1971 2388 1980
1 5 110 839 1667 602 610 1982 2389 1519
1 5 275 841 1671 846 611 1984 2390 1988
1 5 113 603 1674 849 612 1520 2391 1922
1 5 193 605 1522 608 1107 1991 2392 1932
1 5 335 1151 1985 606 1163 1995 2393 1992
1 5 397 1153 1989 1158 1164 1997 2394 2001
1 5 325 607 1990 1096 1108 1993 2395 1935
1 5 112 845 2005 614 622 1987 2396 1525
1 5 339 1176 2009 1181 623 2007 2397 2012
1 5 181 615 2014 1063 624 1526 2398 1943
1 5 194 617 1528 620 1112 2003 2399 1953
1 5 337 1157 2008 618 1174 2000 2400 2016
1 5 398 1178 2013 1184 1185 2019 2401 2023
1 5 328 619 2015 1116 1126 2017 2402 1956
1 5 122 876 1696 626 634 2011 2403 1531
1 5 281 877 1700 882 635 2027 2404 2031
1 5 125 627 1703 886 636 1532 2405 2034
1 5 198 629 1534 632 1130 2025 2406 2038
1 5 341 1183 2028 630 1193 2022 2407 2036
1 5 399 1195 2032 1198 1207 2041 2408 2045
1 5 345 631 2035 1202 1208 2037 2409 2048
1 5 217 1220 2050 638 646 2051 2410 1537
1 5 347 1222 2055 1230 647 2053 2411 2058
1 5 123 639 2060 880 648 1538 2412 2029
1 5 211 641 1540 644 1192 2063 2413 2040
1 5 348 1223 2054 642 1241 2067 2414 2064
1 5 400 1225 2059 1233 1242 2069 2415 2073
1 5 343 643 2062 1196 1211 2065 2416 2043
1 5 179 1052 2077 650 658 1861 2417 1543
1 5 352 1254 2080 1256 659 2078 2418 2082
1 5 131 651 2084 892 660 1544 2419 1709
1 5 139 653 1546 656 906 1877 2420 1721
1 5 314 1055 2079 654 1066 1874 2421 2086
1 5 401 1255 2083 1258 1259 2088 2422 2091
1 5 284 655 2085 895 907 2087 2423 1724
1 5 171 1027 1830 662 670 2081 2424 1549
1 5 308 1028 1833 1030 671 2096 2425 2100
1 5 173 663 1836 1033 672 1550 2426 2103
1 5 140 665 1552 668 911 2093 2427 2107
1 5 353 1257 2097 666 1263 2090 2428 2105
1 5 402 1265 2101 1269 1275 2109 2429 2113
1 5 357 667 2104 1273 1276 2106 2430 2116
1 5 132 893 2118 674 682 1710 2431 1555
1 5 359 1288 2121 1291 683 2119 2432 2123
1 5 232 675 2125 1296 684 1556 2433 2127
1 5 141 677 1558 680 914 1728 2434 2131
1 5 285 896 2120 678 912 1725 2435 2129
1 5 403 1289 2124 1293 1300 2132 2436 2135
1 5 361 679 2128 1298 1301 2130 2437 2138
1 5 134 904 1723 686 694 1965 2438 1561
1 5 287 905 1727 910 695 2140 2439 2144
1 5 137 687 1730 913 696 1562 2440 2146
1 5 202 689 1564 692 1150 1979 2441 2150
1 5 332 1136 2141 690 1147 1976 2442 2148
1 5 404 1309 2145 1312 1317 2153 2443 2157
1 5 365 691 2147 1313 1318 2149 2444 2160
1 5 182 1064 2089 698 706 1944 2445 1567
1 5 354 1260 2092 1262 707 2162 2446 2165
1 5 135 699 2094 908 708 1568 2447 2142
1 5 199 701 1570 704 1134 1960 2448 2152
1 5 329 1117 2163 702 1131 1957 2449 2168
1 5 405 1330 2166 1332 1335 2171 2450 2174
1 5 363 703 2167 1310 1321 2169 2451 2155
1 5 225 1261 2110 710 718 2164 2452 1573
1 5 358 1278 2114 1282 719 2179 2453 2183
1 5 228 711 2117 1286 720 1574 2454 2186
1 5 239 713 1576 716 1325 2176 2455 2190
1 5 367 1331 2180 714 1339 2173 2456 2188
1 5 406 1342 2184 1346 1355 2193 2457 2197
1 5 371 715 2187 1350 1356 2189 2458 2200
1 5 136 909 2133 722 730 2143 2459 1579
1 5 362 1302 2136 1304 731 2202 2460 2205
1 5 234 723 2139 1307 732 1580 2461 2208
1 5 240 725 1582 728 1329 2159 2462 2212
1 5 364 1311 2203 726 1326 2156 2463 2210
1 5 407 1368 2206 1370 1378 2214 2464 2217
1 5 374 727 2209 1373 1379 2211 2465 2220
1 5 205 1171 2020 734 742 2222 2466 1585
1 5 342 1187 2024 1191 743 2224 2467 2228
1 5 195 735 2026 1127 744 1586 2468 2231
1 5 254 737 1588 740 1404 2233 2469 2236
1 5 376 1387 2225 738 1405 2238 2470 2234
1 5 408 1389 2229 1394 1406 2240 2471 2244
1 5 379 739 2232 1398 1407 2235 2472 2247
1 5 409 82 410 1421 1422 418 1423 2249
1 5 1421 410 258 411 2249 1423 419 1424
1 5 412 1421 411 85 1425 2249 1424 420
1 5 417 1422 2249 1425 90 413 1426 416
1 5 1422 418 1423 2249 413 259 414 1426
1 5 2249 1423 419 1424 1426 414 381 415
1 5 1425 2249 1424 420 416 1426 415 262
1 5 421 94 422 1427 1428 430 1429 2250
1 5 1427 422 264 423 2250 1429 431 1430
1 5 424 1427 423 97 1431 2250 1430 432
1 5 429 1428 2250 1431 102 425 1432 428
1 5 1428 430 1429 2250 425 265 426 1432
1 5 2250 1429 431 1430 1432 426 382 427
1 5 1431 2250 1430 432 428 1432 427 268
1 5 433 106 434 1433 1434 442 1435 2251
1 5 1433 434 270 435 2251 1435 443 1436
1 5 436 1433 435 109 1437 2251 1436 444
1 5 441 1434 2251 1437 114 437 1438 440
1 5 1434 442 1435 2251 437 271 438 1438
1 5 2251 1435 443 1436 1438 438 383 439
1 5 1437 2251 1436 444 440 1438 439 274
1 5 445 118 446 1439 1440 454 1441 2252
1 5 1439 446 276 447 2252 1441 455 1442
1 5 448 1439 447 121 1443 2252 1442 456
1 5 453 1440 2252 1443 126 449 1444 452
1 5 1440 454 1441 2252 449 277 450 1444
1 5 2252 1441 455 1442 1444 450 384 451
1 5 1443 2252 1442 456 452 1444 451 280
1 5 457 130 458 1445 1446 466 1447 2253
1 5 1445 458 282 459 2253 1447 467 1448
1 5 460 1445 459 133 1449 2253 1448 468
1 5 465 1446 2253 1449 138 461 1450 464
1 5 1446 466 1447 2253 461 283 462 1450
1 5 2253 1447 467 1448 1450 462 385 463
1 5 1449 2253 1448 468 464 1450 463 286
1 5 469 142 470 1451 1452 478 1453 2254
1 5 1451 470 288 471 2254 1453 479 1454
1 5 472 1451 471 145 1455 2254 1454 480
1 5 477 1452 2254 1455 148 473 1456 476
1 5 1452 478 1453 2254 473 289 474 1456
1 5 2254 1453 479 1454 1456 474 386 475
1 5 1455 2254 1454 480 476 1456 475 292
1 5 481 152 482 1457 1458 490 1459 2255
1 5 1457 482 294 483 2255 1459 491 1460
1 5 484 1457 483 143 1461 2255 1460 492
1 5 489 1458 2255 1461 149 485 1462 488
1 5 1458 490 1459 2255 485 295 486 1462
1 5 2255 1459 491 1460 1462 486 387 487
1 5 1461 2255 1460 492 488 1462 487 290
1 5 493 157 494 1463 1464 502 1465 2256
1 5 1463 494 298 495 2256 1465 503 1466
1 5 496 1463 495 160 1467 2256 1466 504
1 5 501 1464 2256 1467 164 497 1468 500
1 5 1464 502 1465 2256 497 299 498 1468
1 5 2256 1465 503 1466 1468 498 388 499
1 5 1467 2256 1466 504 500 1468 499 302
1 5 505 168 506 1469 1470 514 1471 2257
1 5 1469 506 304 507 2257 1471 515 1472
1 5 508 1469 507 170 1473 2257 1472 516
1 5 513 1470 2257 1473 174 509 1474 512
1 5 1470 514 1471 2257 509 305 510 1474
1 5 2257 1471 515 1472 1474 510 389 511
1 5 1473 2257 1472 516 512 1474 511 307
1 5 517 146 518 1475 1476 526 1477 2258
1 5 1475 518 293 519 2258 1477 527 1478
1 5 520 1475 519 95 1479 2258 1478 528
1 5 525 1476 2258 1479 103 521 1480 524
1 5 1476 526 1477 2258 521 309 522 1480
1 5 2258 1477 527 1478 1480 522 390 523
1 5 1479 2258 1478 528 524 1480 523 266
1 5 529 147 530 1481 1482 538 1483 2259
1 5 1481 530 312 531 2259 1483 539 1484
1 5 532 1481 531 180 1485 2259 1484 540
1 5 537 1482 2259 1485 104 533 1486 536
1 5 1482 538 1483 2259 533 310 534 1486
1 5 2259 1483 539 1484 1486 534 391 535
1 5 1485 2259 1484 540 536 1486 535 315
1 5 541 96 542 1487 1488 550 1489 2260
1 5 1487 542 317 543 2260 1489 551 1490
1 5 544 1487 543 184 1491 2260 1490 552
1 5 549 1488 2260 1491 105 545 1492 548
1 5 1488 550 1489 2260 545 267 546 1492
1 5 2260 1489 551 1490 1492 546 392 547
1 5 1491 2260 1490 552 548 1492 547 318
1 5 553 98 554 1493 1494 562 1495 2261
1 5 1493 554 269 555 2261 1495 563 1496
1 5 556 1493 555 101 1497 2261 1496 564
1 5 561 1494 2261 1497 186 557 1498 560
1 5 1494 562 1495 2261 557 320 558 1498
1 5 2261 1495 563 1496 1498 558 393 559
1 5 1497 2261 1496 564 560 1498 559 323
1 5 565 176 566 1499 1500 574 1501 2262
1 5 1499 566 311 567 2262 1501 575 1502
1 5 568 1499 567 99 1503 2262 1502 576
1 5 573 1500 2262 1503 187 569 1504 572
1 5 1500 574 1501 2262 569 324 570 1504
1 5 2262 1501 575 1502 1504 570 394 571
1 5 1503 2262 1502 576 572 1504 571 321
1 5 577 177 578 1505 1506 586 1507 2263
1 5 1505 578 316 579 2263 1507 587 1508
1 5 580 1505 579 183 1509 2263 1508 588
1 5 585 1506 2263 1509 188 581 1510 584
1 5 1506 586 1507 2263 581 326 582 1510
1 5 2263 1507 587 1508 1510 582 395 583
1 5 1509 2263 1508 588 584 1510 583 330
1 5 589 100 590 1511 1512 598 1513 2264
1 5 1511 590 319 591 2264 1513 599 1514
1 5 592 1511 591 185 1515 2264 1514 600
1 5 597 1512 2264 1515 189 593 1516 596
1 5 1512 598 1513 2264 593 322 594 1516
1 5 2264 1513 599 1514 1516 594 396 595
1 5 1515 2264 1514 600 596 1516 595 333
1 5 601 110 602 1517 1518 610 1519 2265
1 5 1517 602 275 603 2265 1519 611 1520
1 5 604 1517 603 113 1521 2265 1520 612
1 5 609 1518 2265 1521 193 605 1522 608
1 5 1518 610 1519 2265 605 335 606 1522
1 5 2265 1519 611 1520 1522 606 397 607
1 5 1521 2265 1520 612 608 1522 607 325
1 5 613 112 614 1523 1524 622 1525 2266
1 5 1523 614 339 615 2266 1525 623 1526
1 5 616 1523 615 181 1527 2266 1526 624
1 5 621 1524 2266 1527 194 617 1528 620
1 5 1524 622 1525 2266 617 337 618 1528
1 5 2266 1525 623 1526 1528 618 398 619
1 5 1527 2266 1526 624 620 1528 619 328
1 5 625 122 626 1529 1530 634 1531 2267
1 5 1529 626 281 627 2267 1531 635 1532
1 5 628 1529 627 125 1533 2267 1532 636
1 5 633 1530 2267 1533 198 629 1534 632
1 5 1530 634 1531 2267 629 341 630 1534
1 5 2267 1531 635 1532 1534 630 399 631
1 5 1533 2267 1532 636 632 1534 631 345
1 5 637 217 638 1535 1536 646 1537 2268
1 5 1535 638 347 639 2268 1537 647 1538
1 5 640 1535 639 123 1539 2268 1538 648
1 5 645 1536 2268 1539 211 641 1540 644
1 5 1536 646 1537 2268 641 348 642 1540
1 5 2268 1537 647 1538 1540 642 400 643
1 5 1539 2268 1538 648 644 1540 643 343
1 5 649 179 650 1541 1542 658 1543 2269
1 5 1541 650 352 651 2269 1543 659 1544
1 5 652 1541 651 131 1545 2269 1544 660
1 5 657 1542 2269 1545 139 653 1546 656
1 5 1542 658 1543 2269 653 314 654 1546
1 5 2269 1543 659 1544 1546 654 401 655
1 5 1545 2269 1544 660 656 1546 655 284
1 5 661 171 662 1547 1548 670 1549 2270
1 5 1547 662 308 663 2270 1549 671 1550
1 5 664 1547 663 173 1551 2270 1550 672
1 5 669 1548 2270 1551 140 665 1552 668
1 5 1548 670 1549 2270 665 353 666 1552
1 5 2270 1549 671 1550 1552 666 402 667
1 5 1551 2270 1550 672 668 1552 667 357
1 5 673 132 674 1553 1554 682 1555 2271
1 5 1553 674 359 675 2271 1555 683 1556
1 5 676 1553 675 232 1557 2271 1556 684
1 5 681 1554 2271 1557 141 677 1558 680
1 5 1554 682 1555 2271 677 285 678 1558
1 5 2271 1555 683 1556 1558 678 403 679
1 5 1557 2271 1556 684 680 1558 679 361
1 5 685 134 686 1559 1560 694 1561 2272
1 5 1559 686 287 687 2272 1561 695 1562
1 5 688 1559 687 137 1563 2272 1562 696
1 5 693 1560 2272 1563 202 689 1564 692
1 5 1560 694 1561 2272 689 332 690 1564
1 5 2272 1561 695 1562 1564 690 404 691
1 5 1563 2272 1562 696 692 1564 691 365
1 5 697 182 698 1565 1566 706 1567 2273
1 5 1565 698 354 699 2273 1567 707 1568
1 5 700 1565 699 135 1569 2273 1568 708
1 5 705 1566 2273 1569 199 701 1570 704
1 5 1566 706 1567 2273 701 329 702 1570
1 5 2273 1567 707 1568 1570 702 405 703
1 5 1569 2273 1568 708 704 1570 703 363
1 5 709 225 710 1571 1572 718 1573 2274
1 5 1571 710 358 711 2274 1573 719 1574
1 5 712 1571 711 228 1575 2274 1574 720
1 5 717 1572 2274 1575 239 713 1576 716
1 5 1572 718 1573 2274 713 367 714 1576
1 5 2274 1573 719 1574 1576 714 406 715
1 5 1575 2274 1574 720 716 1576 715 371
1 5 721 136 722 1577 1578 730 1579 2275
1 5 1577 722 362 723 2275 1579 731 1580
1 5 724 1577 723 234 1581 2275 1580 732
1 5 729 1578 2275 1581 240 725 1582 728
1 5 1578 730 1579 2275 725 364 726 1582
1 5 2275 1579 731 1580 1582 726 407 727
1 5 1581 2275 1580 732 728 1582 727 374
1 5 733 205 734 1583 1584 742 1585 2276
1 5 1583 734 342 735 2276 1585 743 1586
1 5 736 1583 735 195 1587 2276 1586 744
1 5 741 1584 2276 1587 254 737 1588 740
1 5 1584 742 1585 2276 737 376 738 1588
1 5 2276 1585 743 1586 1588 738 408 739
1 5 1587 2276 1586 744 740 1588 739 379
1 5 745 18 746 1589 1590 751 1591 2277
1 5 1589 746 83 747 2277 1591 752 1592
1 5 410 1589 747 258 1423 2277 1592 419
1 5 418 1590 2277 1423 259 748 1593 414
1 5 1590 751 1591 2277 748 91 749 1593
1 5 2277 1591 752 1592 1593 749 260 750
1 5 1423 2277 1592 419 414 1593 750 381
1 5 747 83 753 1594 1592 752 1595 2278
1 5 1594 753 47 754 2278 1595 759 1596
1 5 755 1594 754 84 1597 2278 1596 760
1 5 419 1592 2278 1597 381 750 1598 758
1 5 1592 752 1595 2278 750 260 756 1598
1 5 2278 1595 759 1596 1598 756 92 757
1 5 1597 2278 1596 760 758 1598 757 261
1 5 411 258 755 1599 1424 419 1597 2279
1 5 1599 755 84 761 2279 1597 760 1600
1 5 762 1599 761 21 1601 2279 1600 765
1 5 420 1424 2279 1601 262 415 1602 764
1 5 1424 419 1597 2279 415 381 758 1602
1 5 2279 1597 760 1600 1602 758 261 763
1 5 1601 2279 1600 765 764 1602 763 93
1 5 413 259 414 1426 1603 771 1604 2280
1 5 1426 414 381 415 2280 1604 772 1605
1 5 416 1426 415 262 1606 2280 1605 773
1 5 770 1603 2280 1606 22 766 1607 769
1 5 1603 771 1604 2280 766 86 767 1607
1 5 2280 1604 772 1605 1607 767 263 768
1 5 1606 2280 1605 773 769 1607 768 89
1 5 748 91 749 1593 1608 777 1609 2281
1 5 1593 749 260 750 2281 1609 778 1610
1 5 414 1593 750 381 1604 2281 1610 772
1 5 771 1608 2281 1604 86 774 1611 767
1 5 1608 777 1609 2281 774 48 775 1611
1 5 2281 1609 778 1610 1611 775 87 776
1 5 1604 2281 1610 772 767 1611 776 263
1 5 750 260 756 1598 1610 778 1612 2282
1 5 1598 756 92 757 2282 1612 782 1613
1 5 758 1598 757 261 1614 2282 1613 783
1 5 772 1610 2282 1614 263 776 1615 781
1 5 1610 778 1612 2282 776 87 779 1615
1 5 2282 1612 782 1613 1615 779 73 780
1 5 1614 2282 1613 783 781 1615 780 88
1 5 415 381 758 1602 1605 772 1614 2283
1 5 1602 758 261 763 2283 1614 783 1616
1 5 764 1602 763 93 1617 2283 1616 786
1 5 773 1605 2283 1617 89 768 1618 785
1 5 1605 772 1614 2283 768 263 781 1618
1 5 2283 1614 783 1616 1618 781 88 784
1 5 1617 2283 1616 786 785 1618 784 50
1 5 787 13 520 1619 1620 525 1479 2284
1 5 1619 520 95 788 2284 1479 528 1621
1 5 422 1619 788 264 1429 2284 1621 431
1 5 430 1620 2284 1429 265 789 1622 426
1 5 1620 525 1479 2284 789 103 524 1622
1 5 2284 1479 528 1621 1622 524 266 790
1 5 1429 2284 1621 431 426 1622 790 382
1 5 788 95 791 1623 1621 528 1624 2285
1 5 1623 791 46 792 2285 1624 537 1625
1 5 793 1623 792 96 1626 2285 1625 550
1 5 431 1621 2285 1626 382 790 1627 796
1 5 1621 528 1624 2285 790 266 794 1627
1 5 2285 1624 537 1625 1627 794 104 795
1 5 1626 2285 1625 550 796 1627 795 267
1 5 423 264 793 1628 1430 431 1626 2286
1 5 1628 793 96 541 2286 1626 550 1488
1 5 797 1628 541 16 1629 2286 1488 549
1 5 432 1430 2286 1629 268 427 1630 798
1 5 1430 431 1626 2286 427 382 796 1630
1 5 2286 1626 550 1488 1630 796 267 545
1 5 1629 2286 1488 549 798 1630 545 105
1 5 425 265 426 1432 1631 800 1632 2287
1 5 1432 426 382 427 2287 1632 801 1633
1 5 428 1432 427 268 1634 2287 1633 802
1 5 799 1631 2287 1634 33 553 1493 556
1 5 1631 800 1632 2287 553 98 554 1493
1 5 2287 1632 801 1633 1493 554 269 555
1 5 1634 2287 1633 802 556 1493 555 101
1 5 789 103 524 1622 1635 805 1636 2288
1 5 1622 524 266 790 2288 1636 806 1637
1 5 426 1622 790 382 1632 2288 1637 801
1 5 800 1635 2288 1632 98 803 1638 554
1 5 1635 805 1636 2288 803 59 568 1638
1 5 2288 1636 806 1637 1638 568 99 804
1 5 1632 2288 1637 801 554 1638 804 269
1 5 790 266 794 1627 1637 806 1639 2289
1 5 1627 794 104 795 2289 1639 810 1640
1 5 796 1627 795 267 1641 2289 1640 811
1 5 801 1637 2289 1641 269 804 1642 809
1 5 1637 806 1639 2289 804 99 807 1642
1 5 2289 1639 810 1640 1642 807 77 808
1 5 1641 2289 1640 811 809 1642 808 100
1 5 427 382 796 1630 1633 801 1641 2290
1 5 1630 796 267 545 2290 1641 811 1643
1 5 798 1630 545 105 1644 2290 1643 813
1 5 802 1633 2290 1644 101 555 1645 812
1 5 1633 801 1641 2290 555 269 809 1645
1 5 2290 1641 811 1643 1645 809 100 589
1 5 1644 2290 1643 813 812 1645 589 62
1 5 814 26 815 1646 1647 820 1648 2291
1 5 1646 815 107 816 2291 1648 821 1649
1 5 434 1646 816 270 1435 2291 1649 443
1 5 442 1647 2291 1435 271 817 1650 438
1 5 1647 820 1648 2291 817 115 818 1650
1 5 2291 1648 821 1649 1650 818 272 819
1 5 1435 2291 1649 443 438 1650 819 383
1 5 816 107 822 1651 1649 821 1652 2292
1 5 1651 822 53 823 2292 1652 828 1653
1 5 824 1651 823 108 1654 2292 1653 829
1 5 443 1649 2292 1654 383 819 1655 827
1 5 1649 821 1652 2292 819 272 825 1655
1 5 2292 1652 828 1653 1655 825 116 826
1 5 1654 2292 1653 829 827 1655 826 273
1 5 435 270 824 1656 1436 443 1654 2293
1 5 1656 824 108 830 2293 1654 829 1657
1 5 831 1656 830 14 1658 2293 1657 834
1 5 444 1436 2293 1658 274 439 1659 833
1 5 1436 443 1654 2293 439 383 827 1659
1 5 2293 1654 829 1657 1659 827 273 832
1 5 1658 2293 1657 834 833 1659 832 117
1 5 437 271 438 1438 1660 836 1661 2294
1 5 1438 438 383 439 2294 1661 837 1662
1 5 440 1438 439 274 1663 2294 1662 838
1 5 835 1660 2294 1663 34 601 1517 604
1 5 1660 836 1661 2294 601 110 602 1517
1 5 2294 1661 837 1662 1517 602 275 603
1 5 1663 2294 1662 838 604 1517 603 113
1 5 817 115 818 1650 1664 842 1665 2295
1 5 1650 818 272 819 2295 1665 843 1666
1 5 438 1650 819 383 1661 2295 1666 837
1 5 836 1664 2295 1661 110 839 1667 602
1 5 1664 842 1665 2295 839 63 840 1667
1 5 2295 1665 843 1666 1667 840 111 841
1 5 1661 2295 1666 837 602 1667 841 275
1 5 819 272 825 1655 1666 843 1668 2296
1 5 1655 825 116 826 2296 1668 847 1669
1 5 827 1655 826 273 1670 2296 1669 848
1 5 837 1666 2296 1670 275 841 1671 846
1 5 1666 843 1668 2296 841 111 844 1671
1 5 2296 1668 847 1669 1671 844 78 845
1 5 1670 2296 1669 848 846 1671 845 112
1 5 439 383 827 1659 1662 837 1670 2297
1 5 1659 827 273 832 2297 1670 848 1672
1 5 833 1659 832 117 1673 2297 1672 850
1 5 838 1662 2297 1673 113 603 1674 849
1 5 1662 837 1670 2297 603 275 846 1674
1 5 2297 1670 848 1672 1674 846 112 613
1 5 1673 2297 1672 850 849 1674 613 60
1 5 851 27 852 1675 1676 857 1677 2298
1 5 1675 852 119 853 2298 1677 858 1678
1 5 446 1675 853 276 1441 2298 1678 455
1 5 454 1676 2298 1441 277 854 1679 450
1 5 1676 857 1677 2298 854 127 855 1679
1 5 2298 1677 858 1678 1679 855 278 856
1 5 1441 2298 1678 455 450 1679 856 384
1 5 853 119 859 1680 1678 858 1681 2299
1 5 1680 859 56 860 2299 1681 865 1682
1 5 861 1680 860 120 1683 2299 1682 866
1 5 455 1678 2299 1683 384 856 1684 864
1 5 1678 858 1681 2299 856 278 862 1684
1 5 2299 1681 865 1682 1684 862 128 863
1 5 1683 2299 1682 866 864 1684 863 279
1 5 447 276 861 1685 1442 455 1683 2300
1 5 1685 861 120 867 2300 1683 866 1686
1 5 868 1685 867 29 1687 2300 1686 871
1 5 456 1442 2300 1687 280 451 1688 870
1 5 1442 455 1683 2300 451 384 864 1688
1 5 2300 1683 866 1686 1688 864 279 869
1 5 1687 2300 1686 871 870 1688 869 129
1 5 449 277 450 1444 1689 873 1690 2301
1 5 1444 450 384 451 2301 1690 874 1691
1 5 452 1444 451 280 1692 2301 1691 875
1 5 872 1689 2301 1692 35 625 1529 628
1 5 1689 873 1690 2301 625 122 626 1529
1 5 2301 1690 874 1691 1529 626 281 627
1 5 1692 2301 1691 875 628 1529 627 125
1 5 854 127 855 1679 1693 878 1694 2302
1 5 1679 855 278 856 2302 1694 879 1695
1 5 450 1679 856 384 1690 2302 1695 874
1 5 873 1693 2302 1690 122 876 1696 626
1 5 1693 878 1694 2302 876 64 640 1696
1 5 2302 1694 879 1695 1696 640 123 877
1 5 1690 2302 1695 874 626 1696 877 281
1 5 856 278 862 1684 1695 879 1697 2303
1 5 1684 862 128 863 2303 1697 883 1698
1 5 864 1684 863 279 1699 2303 1698 884
1 5 874 1695 2303 1699 281 877 1700 882
1 5 1695 879 1697 2303 877 123 880 1700
1 5 2303 1697 883 1698 1700 880 79 881
1 5 1699 2303 1698 884 882 1700 881 124
1 5 451 384 864 1688 1691 874 1699 2304
1 5 1688 864 279 869 2304 1699 884 1701
1 5 870 1688 869 129 1702 2304 1701 887
1 5 875 1691 2304 1702 125 627 1703 886
1 5 1691 874 1699 2304 627 281 882 1703
1 5 2304 1699 884 1701 1703 882 124 885
1 5 1702 2304 1701 887 886 1703 885 66
1 5 888 15 652 1704 1705 657 1545 2305
1 5 1704 652 131 889 2305 1545 660 1706
1 5 458 1704 889 282 1447 2305 1706 467
1 5 466 1705 2305 1447 283 890 1707 462
1 5 1705 657 1545 2305 890 139 656 1707
1 5 2305 1545 660 1706 1707 656 284 891
1 5 1447 2305 1706 467 462 1707 891 385
1 5 889 131 892 1708 1706 660 1709 2306
1 5 1708 892 58 893 2306 1709 669 1710
1 5 894 1708 893 132 1711 2306 1710 682
1 5 467 1706 2306 1711 385 891 1712 897
1 5 1706 660 1709 2306 891 284 895 1712
1 5 2306 1709 669 1710 1712 895 140 896
1 5 1711 2306 1710 682 897 1712 896 285
1 5 459 282 894 1713 1448 467 1711 2307
1 5 1713 894 132 673 2307 1711 682 1554
1 5 898 1713 673 32 1714 2307 1554 681
1 5 468 1448 2307 1714 286 463 1715 899
1 5 1448 467 1711 2307 463 385 897 1715
1 5 2307 1711 682 1554 1715 897 285 677
1 5 1714 2307 1554 681 899 1715 677 141
1 5 461 283 462 1450 1716 901 1717 2308
1 5 1450 462 385 463 2308 1717 902 1718
1 5 464 1450 463 286 1719 2308 1718 903
1 5 900 1716 2308 1719 36 685 1559 688
1 5 1716 901 1717 2308 685 134 686 1559
1 5 2308 1717 902 1718 1559 686 287 687
1 5 1719 2308 1718 903 688 1559 687 137
1 5 890 139 656 1707 1720 906 1721 2309
1 5 1707 656 284 891 2309 1721 907 1722
1 5 462 1707 891 385 1717 2309 1722 902
1 5 901 1720 2309 1717 134 904 1723 686
1 5 1720 906 1721 2309 904 61 700 1723
1 5 2309 1721 907 1722 1723 700 135 905
1 5 1717 2309 1722 902 686 1723 905 287
1 5 891 284 895 1712 1722 907 1724 2310
1 5 1712 895 140 896 2310 1724 911 1725
1 5 897 1712 896 285 1726 2310 1725 912
1 5 902 1722 2310 1726 287 905 1727 910
1 5 1722 907 1724 2310 905 135 908 1727
1 5 2310 1724 911 1725 1727 908 80 909
1 5 1726 2310 1725 912 910 1727 909 136
1 5 463 385 897 1715 1718 902 1726 2311
1 5 1715 897 285 677 2311 1726 912 1728
1 5 899 1715 677 141 1729 2311 1728 914
1 5 903 1718 2311 1729 137 687 1730 913
1 5 1718 902 1726 2311 687 287 910 1730
1 5 2311 1726 912 1728 1730 910 136 721
1 5 1729 2311 1728 914 913 1730 721 69
1 5 915 17 484 1731 1732 489 1461 2312
1 5 1731 484 143 916 2312 1461 492 1733
1 5 470 1731 916 288 1453 2312 1733 479
1 5 478 1732 2312 1453 289 917 1734 474
1 5 1732 489 1461 2312 917 149 488 1734
1 5 2312 1461 492 1733 1734 488 290 918
1 5 1453 2312 1733 479 474 1734 918 386
1 5 916 143 919 1735 1733 492 1736 2313
1 5 1735 919 45 920 2313 1736 925 1737
1 5 921 1735 920 144 1738 2313 1737 926
1 5 479 1733 2313 1738 386 918 1739 924
1 5 1733 492 1736 2313 918 290 922 1739
1 5 2313 1736 925 1737 1739 922 150 923
1 5 1738 2313 1737 926 924 1739 923 291
1 5 471 288 921 1740 1454 479 1738 2314
1 5 1740 921 144 927 2314 1738 926 1741
1 5 928 1740 927 72 1742 2314 1741 931
1 5 480 1454 2314 1742 292 475 1743 930
1 5 1454 479 1738 2314 475 386 924 1743
1 5 2314 1738 926 1741 1743 924 291 929
1 5 1742 2314 1741 931 930 1743 929 151
1 5 473 289 474 1456 1744 933 1745 2315
1 5 1456 474 386 475 2315 1745 934 1746
1 5 476 1456 475 292 1747 2315 1746 935
1 5 932 1744 2315 1747 13 517 1475 520
1 5 1744 933 1745 2315 517 146 518 1475
1 5 2315 1745 934 1746 1475 518 293 519
1 5 1747 2315 1746 935 520 1475 519 95
1 5 917 149 488 1734 1748 938 1749 2316
1 5 1734 488 290 918 2316 1749 939 1750
1 5 474 1734 918 386 1745 2316 1750 934
1 5 933 1748 2316 1745 146 936 1751 518
1 5 1748 938 1749 2316 936 8 436 1751
1 5 2316 1749 939 1750 1751 436 109 937
1 5 1745 2316 1750 934 518 1751 937 293
1 5 918 290 922 1739 1750 939 1752 2317
1 5 1739 922 150 923 2317 1752 942 1753
1 5 924 1739 923 291 1754 2317 1753 943
1 5 934 1750 2317 1754 293 937 1755 941
1 5 1750 939 1752 2317 937 109 831 1755
1 5 2317 1752 942 1753 1755 831 14 940
1 5 1754 2317 1753 943 941 1755 940 147
1 5 475 386 924 1743 1746 934 1754 2318
1 5 1743 924 291 929 2318 1754 943 1756
1 5 930 1743 929 151 1757 2318 1756 944
1 5 935 1746 2318 1757 95 519 1758 791
1 5 1746 934 1754 2318 519 293 941 1758
1 5 2318 1754 943 1756 1758 941 147 529
1 5 1757 2318 1756 944 791 1758 529 46
1 5 945 52 946 1759 1760 951 1761 2319
1 5 1759 946 153 947 2319 1761 952 1762
1 5 482 1759 947 294 1459 2319 1762 491
1 5 490 1760 2319 1459 295 948 1763 486
1 5 1760 951 1761 2319 948 155 949 1763
1 5 2319 1761 952 1762 1763 949 296 950
1 5 1459 2319 1762 491 486 1763 950 387
1 5 947 153 953 1764 1762 952 1765 2320
1 5 1764 953 74 954 2320 1765 959 1766
1 5 955 1764 954 154 1767 2320 1766 960
1 5 491 1762 2320 1767 387 950 1768 958
1 5 1762 952 1765 2320 950 296 956 1768
1 5 2320 1765 959 1766 1768 956 156 957
1 5 1767 2320 1766 960 958 1768 957 297
1 5 483 294 955 1769 1460 491 1767 2321
1 5 1769 955 154 961 2321 1767 960 1770
1 5 919 1769 961 45 1736 2321 1770 925
1 5 492 1460 2321 1736 290 487 1771 922
1 5 1460 491 1767 2321 487 387 958 1771
1 5 2321 1767 960 1770 1771 958 297 962
1 5 1736 2321 1770 925 922 1771 962 150
1 5 485 295 486 1462 1772 963 1773 2322
1 5 1462 486 387 487 2322 1773 964 1774
1 5 488 1462 487 290 1749 2322 1774 939
1 5 938 1772 2322 1749 8 433 1433 436
1 5 1772 963 1773 2322 433 106 434 1433
1 5 2322 1773 964 1774 1433 434 270 435
1 5 1749 2322 1774 939 436 1433 435 109
1 5 948 155 949 1763 1775 965 1776 2323
1 5 1763 949 296 950 2323 1776 966 1777
1 5 486 1763 950 387 1773 2323 1777 964
1 5 963 1775 2323 1773 106 814 1646 434
1 5 1775 965 1776 2323 814 26 815 1646
1 5 2323 1776 966 1777 1646 815 107 816
1 5 1773 2323 1777 964 434 1646 816 270
1 5 950 296 956 1768 1777 966 1778 2324
1 5 1768 956 156 957 2324 1778 967 1779
1 5 958 1768 957 297 1780 2324 1779 968
1 5 964 1777 2324 1780 270 816 1651 824
1 5 1777 966 1778 2324 816 107 822 1651
1 5 2324 1778 967 1779 1651 822 53 823
1 5 1780 2324 1779 968 824 1651 823 108
1 5 487 387 958 1771 1774 964 1780 2325
1 5 1771 958 297 962 2325 1780 968 1781
1 5 922 1771 962 150 1752 2325 1781 942
1 5 939 1774 2325 1752 109 435 1656 831
1 5 1774 964 1780 2325 435 270 824 1656
1 5 2325 1780 968 1781 1656 824 108 830
1 5 1752 2325 1781 942 831 1656 830 14
1 5 969 75 970 1782 1783 975 1784 2326
1 5 1782 970 158 971 2326 1784 976 1785
1 5 494 1782 971 298 1465 2326 1785 503
1 5 502 1783 2326 1465 299 972 1786 498
1 5 1783 975 1784 2326 972 165 973 1786
1 5 2326 1784 976 1785 1786 973 300 974
1 5 1465 2326 1785 503 498 1786 974 388
1 5 971 158 977 1787 1785 976 1788 2327
1 5 1787 977 54 978 2327 1788 983 1789
1 5 979 1787 978 159 1790 2327 1789 984
1 5 503 1785 2327 1790 388 974 1791 982
1 5 1785 976 1788 2327 974 300 980 1791
1 5 2327 1788 983 1789 1791 980 166 981
1 5 1790 2327 1789 984 982 1791 981 301
1 5 495 298 979 1792 1466 503 1790 2328
1 5 1792 979 159 985 2328 1790 984 1793
1 5 986 1792 985 30 1794 2328 1793 989
1 5 504 1466 2328 1794 302 499 1795 988
1 5 1466 503 1790 2328 499 388 982 1795
1 5 2328 1790 984 1793 1795 982 301 987
1 5 1794 2328 1793 989 988 1795 987 167
1 5 497 299 498 1468 1796 994 1797 2329
1 5 1468 498 388 499 2329 1797 995 1798
1 5 500 1468 499 302 1799 2329 1798 996
1 5 993 1796 2329 1799 29 867 1800 992
1 5 1796 994 1797 2329 867 120 990 1800
1 5 2329 1797 995 1798 1800 990 303 991
1 5 1799 2329 1798 996 992 1800 991 163
1 5 972 165 973 1786 1801 999 1802 2330
1 5 1786 973 300 974 2330 1802 1000 1803
1 5 498 1786 974 388 1797 2330 1803 995
1 5 994 1801 2330 1797 120 860 1804 990
1 5 1801 999 1802 2330 860 56 997 1804
1 5 2330 1802 1000 1803 1804 997 161 998
1 5 1797 2330 1803 995 990 1804 998 303
1 5 974 300 980 1791 1803 1000 1805 2331
1 5 1791 980 166 981 2331 1805 1004 1806
1 5 982 1791 981 301 1807 2331 1806 1005
1 5 995 1803 2331 1807 303 998 1808 1003
1 5 1803 1000 1805 2331 998 161 1001 1808
1 5 2331 1805 1004 1806 1808 1001 28 1002
1 5 1807 2331 1806 1005 1003 1808 1002 162
1 5 499 388 982 1795 1798 995 1807 2332
1 5 1795 982 301 987 2332 1807 1005 1809
1 5 988 1795 987 167 1810 2332 1809 1008
1 5 996 1798 2332 1810 163 991 1811 1007
1 5 1798 995 1807 2332 991 303 1003 1811
1 5 2332 1807 1005 1809 1811 1003 162 1006
1 5 1810 2332 1809 1008 1007 1811 1006 9
1 5 1009 55 496 1812 1813 501 1467 2333
1 5 1812 496 160 1010 2333 1467 504 1814
1 5 506 1812 1010 304 1471 2333 1814 515
1 5 514 1813 2333 1471 305 1011 1815 510
1 5 1813 501 1467 2333 1011 164 500 1815
1 5 2333 1467 504 1814 1815 500 302 1012
1 5 1471 2333 1814 515 510 1815 1012 389
1 5 1010 160 986 1816 1814 504 1794 2334
1 5 1816 986 30 1013 2334 1794 989 1817
1 5 1014 1816 1013 169 1818 2334 1817 1017
1 5 515 1814 2334 1818 389 1012 1819 1016
1 5 1814 504 1794 2334 1012 302 988 1819
1 5 2334 1794 989 1817 1819 988 167 1015
1 5 1818 2334 1817 1017 1016 1819 1015 306
1 5 507 304 1014 1820 1472 515 1818 2335
1 5 1820 1014 169 1018 2335 1818 1017 1821
1 5 1019 1820 1018 57 1822 2335 1821 1022
1 5 516 1472 2335 1822 307 511 1823 1021
1 5 1472 515 1818 2335 511 389 1016 1823
1 5 2335 1818 1017 1821 1823 1016 306 1020
1 5 1822 2335 1821 1022 1021 1823 1020 175
1 5 509 305 510 1474 1824 1024 1825 2336
1 5 1474 510 389 511 2336 1825 1025 1826
1 5 512 1474 511 307 1827 2336 1826 1026
1 5 1023 1824 2336 1827 58 661 1547 664
1 5 1824 1024 1825 2336 661 171 662 1547
1 5 2336 1825 1025 1826 1547 662 308 663
1 5 1827 2336 1826 1026 664 1547 663 173
1 5 1011 164 500 1815 1828 993 1799 2337
1 5 1815 500 302 1012 2337 1799 996 1829
1 5 510 1815 1012 389 1825 2337 1829 1025
1 5 1024 1828 2337 1825 171 1027 1830 662
1 5 1828 993 1799 2337 1027 29 992 1830
1 5 2337 1799 996 1829 1830 992 163 1028
1 5 1825 2337 1829 1025 662 1830 1028 308
1 5 1012 302 988 1819 1829 996 1810 2338
1 5 1819 988 167 1015 2338 1810 1008 1831
1 5 1016 1819 1015 306 1832 2338 1831 1031
1 5 1025 1829 2338 1832 308 1028 1833 1030
1 5 1829 996 1810 2338 1028 163 1007 1833
1 5 2338 1810 1008 1831 1833 1007 9 1029
1 5 1832 2338 1831 1031 1030 1833 1029 172
1 5 511 389 1016 1823 1826 1025 1832 2339
1 5 1823 1016 306 1020 2339 1832 1031 1834
1 5 1021 1823 1020 175 1835 2339 1834 1034
1 5 1026 1826 2339 1835 173 663 1836 1033
1 5 1826 1025 1832 2339 663 308 1030 1836
1 5 2339 1832 1031 1834 1836 1030 172 1032
1 5 1835 2339 1834 1034 1033 1836 1032 31
1 5 936 8 436 1751 1837 441 1437 2340
1 5 1751 436 109 937 2340 1437 444 1838
1 5 518 1751 937 293 1477 2340 1838 527
1 5 526 1837 2340 1477 309 1035 1839 522
1 5 1837 441 1437 2340 1035 114 440 1839
1 5 2340 1437 444 1838 1839 440 274 1036
1 5 1477 2340 1838 527 522 1839 1036 390
1 5 937 109 831 1755 1838 444 1658 2341
1 5 1755 831 14 940 2341 1658 834 1840
1 5 941 1755 940 147 1841 2341 1840 538
1 5 527 1838 2341 1841 390 1036 1842 1038
1 5 1838 444 1658 2341 1036 274 833 1842
1 5 2341 1658 834 1840 1842 833 117 1037
1 5 1841 2341 1840 538 1038 1842 1037 310
1 5 519 293 941 1758 1478 527 1841 2342
1 5 1758 941 147 529 2342 1841 538 1482
1 5 791 1758 529 46 1624 2342 1482 537
1 5 528 1478 2342 1624 266 523 1843 794
1 5 1478 527 1841 2342 523 390 1038 1843
1 5 2342 1841 538 1482 1843 1038 310 533
1 5 1624 2342 1482 537 794 1843 533 104
1 5 521 309 522 1480 1844 1039 1845 2343
1 5 1480 522 390 523 2343 1845 1040 1846
1 5 524 1480 523 266 1636 2343 1846 806
1 5 805 1844 2343 1636 59 565 1499 568
1 5 1844 1039 1845 2343 565 176 566 1499
1 5 2343 1845 1040 1846 1499 566 311 567
1 5 1636 2343 1846 806 568 1499 567 99
1 5 1035 114 440 1839 1847 835 1663 2344
1 5 1839 440 274 1036 2344 1663 838 1848
1 5 522 1839 1036 390 1845 2344 1848 1040
1 5 1039 1847 2344 1845 176 1041 1849 566
1 5 1847 835 1663 2344 1041 34 604 1849
1 5 2344 1663 838 1848 1849 604 113 1042
1 5 1845 2344 1848 1040 566 1849 1042 311
1 5 1036 274 833 1842 1848 838 1673 2345
1 5 1842 833 117 1037 2345 1673 850 1850
1 5 1038 1842 1037 310 1851 2345 1850 1045
1 5 1040 1848 2345 1851 311 1042 1852 1044
1 5 1848 838 1673 2345 1042 113 849 1852
1 5 2345 1673 850 1850 1852 849 60 1043
1 5 1851 2345 1850 1045 1044 1852 1043 177
1 5 523 390 1038 1843 1846 1040 1851 2346
1 5 1843 1038 310 533 2346 1851 1045 1853
1 5 794 1843 533 104 1639 2346 1853 810
1 5 806 1846 2346 1639 99 567 1854 807
1 5 1846 1040 1851 2346 567 311 1044 1854
1 5 2346 1851 1045 1853 1854 1044 177 577
1 5 1639 2346 1853 810 807 1854 577 77
1 5 940 14 1046 1855 1840 834 1856 2347
1 5 1855 1046 178 1047 2347 1856 1050 1857
1 5 530 1855 1047 312 1483 2347 1857 539
1 5 538 1840 2347 1483 310 1037 1858 534
1 5 1840 834 1856 2347 1037 117 1048 1858
1 5 2347 1856 1050 1857 1858 1048 313 1049
1 5 1483 2347 1857 539 534 1858 1049 391
1 5 1047 178 1051 1859 1857 1050 1860 2348
1 5 1859 1051 12 1052 2348 1860 453 1861
1 5 1053 1859 1052 179 1862 2348 1861 658
1 5 539 1857 2348 1862 391 1049 1863 1056
1 5 1857 1050 1860 2348 1049 313 1054 1863
1 5 2348 1860 453 1861 1863 1054 126 1055
1 5 1862 2348 1861 658 1056 1863 1055 314
1 5 531 312 1053 1864 1484 539 1862 2349
1 5 1864 1053 179 649 2349 1862 658 1542
1 5 1057 1864 649 15 1865 2349 1542 657
1 5 540 1484 2349 1865 315 535 1866 1058
1 5 1484 539 1862 2349 535 391 1056 1866
1 5 2349 1862 658 1542 1866 1056 314 653
1 5 1865 2349 1542 657 1058 1866 653 139
1 5 533 310 534 1486 1853 1045 1867 2350
1 5 1486 534 391 535 2350 1867 1059 1868
1 5 536 1486 535 315 1869 2350 1868 1060
1 5 810 1853 2350 1869 77 577 1505 580
1 5 1853 1045 1867 2350 577 177 578 1505
1 5 2350 1867 1059 1868 1505 578 316 579
1 5 1869 2350 1868 1060 580 1505 579 183
1 5 1037 117 1048 1858 1850 850 1870 2351
1 5 1858 1048 313 1049 2351 1870 1062 1871
1 5 534 1858 1049 391 1867 2351 1871 1059
1 5 1045 1850 2351 1867 177 1043 1872 578
1 5 1850 850 1870 2351 1043 60 616 1872
1 5 2351 1870 1062 1871 1872 616 181 1061
1 5 1867 2351 1871 1059 578 1872 1061 316
1 5 1049 313 1054 1863 1871 1062 1873 2352
1 5 1863 1054 126 1055 2352 1873 872 1874
1 5 1056 1863 1055 314 1875 2352 1874 1066
1 5 1059 1871 2352 1875 316 1061 1876 1065
1 5 1871 1062 1873 2352 1061 181 1063 1876
1 5 2352 1873 872 1874 1876 1063 35 1064
1 5 1875 2352 1874 1066 1065 1876 1064 182
1 5 535 391 1056 1866 1868 1059 1875 2353
1 5 1866 1056 314 653 2353 1875 1066 1877
1 5 1058 1866 653 139 1878 2353 1877 906
1 5 1060 1868 2353 1878 183 579 1879 1067
1 5 1868 1059 1875 2353 579 316 1065 1879
1 5 2353 1875 1066 1877 1879 1065 182 697
1 5 1878 2353 1877 906 1067 1879 697 61
1 5 792 46 532 1880 1625 537 1485 2354
1 5 1880 532 180 1068 2354 1485 540 1881
1 5 542 1880 1068 317 1489 2354 1881 551
1 5 550 1625 2354 1489 267 795 1882 546
1 5 1625 537 1485 2354 795 104 536 1882
1 5 2354 1485 540 1881 1882 536 315 1069
1 5 1489 2354 1881 551 546 1882 1069 392
1 5 1068 180 1057 1883 1881 540 1865 2355
1 5 1883 1057 15 888 2355 1865 657 1705
1 5 1070 1883 888 130 1884 2355 1705 466
1 5 551 1881 2355 1884 392 1069 1885 1071
1 5 1881 540 1865 2355 1069 315 1058 1885
1 5 2355 1865 657 1705 1885 1058 139 890
1 5 1884 2355 1705 466 1071 1885 890 283
1 5 543 317 1070 1886 1490 551 1884 2356
1 5 1886 1070 130 457 2356 1884 466 1446
1 5 1072 1886 457 10 1887 2356 1446 465
1 5 552 1490 2356 1887 318 547 1888 1073
1 5 1490 551 1884 2356 547 392 1071 1888
1 5 2356 1884 466 1446 1888 1071 283 461
1 5 1887 2356 1446 465 1073 1888 461 138
1 5 545 267 546 1492 1643 811 1889 2357
1 5 1492 546 392 547 2357 1889 1074 1890
1 5 548 1492 547 318 1891 2357 1890 1075
1 5 813 1643 2357 1891 62 589 1511 592
1 5 1643 811 1889 2357 589 100 590 1511
1 5 2357 1889 1074 1890 1511 590 319 591
1 5 1891 2357 1890 1075 592 1511 591 185
