MFEM mesh v1.0

#
# MFEM Geometry Types (see mesh/geom.hpp):
#
# POINT       = 0
# SEGMENT     = 1
# TRIANGLE    = 2
# SQUARE      = 3
# TETRAHEDRON = 4
# CUBE        = 5
#

dimension
3

elements
1792
1 5 8 405 1409 408 413 1410 2233 1413
1 5 12 417 1415 420 425 1416 2234 1419
1 5 49 429 1421 432 437 1422 2235 1425
1 5 18 441 1427 444 449 1428 2236 1431
1 5 51 453 1433 456 461 1434 2237 1437
1 5 13 465 1439 468 473 1440 2238 1443
1 5 75 477 1445 480 485 1446 2239 1449
1 5 47 489 1451 492 497 1452 2240 1455
1 5 21 501 1457 504 509 1458 2241 1461
1 5 52 513 1463 516 521 1464 2242 1467
1 5 17 525 1469 528 533 1470 2243 1473
1 5 57 537 1475 540 545 1476 2244 1479
1 5 76 549 1481 552 557 1482 2245 1485
1 5 61 561 1487 564 569 1488 2246 1491
1 5 14 573 1493 576 581 1494 2247 1497
1 5 48 585 1499 588 593 1500 2248 1503
1 5 55 597 1505 600 605 1506 2249 1509
1 5 78 609 1511 612 617 1512 2250 1515
1 5 29 621 1517 624 629 1518 2251 1521
1 5 62 633 1523 636 641 1524 2252 1527
1 5 33 645 1529 648 653 1530 2253 1533
1 5 38 657 1535 660 665 1536 2254 1539
1 5 66 669 1541 672 677 1542 2255 1545
1 5 79 681 1547 684 689 1548 2256 1551
1 5 70 693 1553 696 701 1554 2257 1557
1 5 16 705 1559 708 713 1560 2258 1563
1 5 63 717 1565 720 725 1566 2259 1569
1 5 64 729 1571 732 737 1572 2260 1575
1 5 81 741 1577 406 414 1578 2261 1411
1 5 255 742 1581 747 415 1579 2262 1584
1 5 84 407 1586 753 416 1412 2263 1588
1 5 89 409 1414 412 757 1590 2264 1593
1 5 256 743 1580 410 758 1594 2265 1591
1 5 377 744 1585 750 759 1596 2266 1600
1 5 259 411 1589 755 760 1592 2267 1603
1 5 93 772 1605 418 426 1606 2268 1417
1 5 261 773 1609 778 427 1607 2269 1612
1 5 96 419 1614 782 428 1418 2270 1615
1 5 101 421 1420 424 784 1617 2271 1620
1 5 262 774 1608 422 785 1621 2272 1618
1 5 378 775 1613 781 786 1623 2273 1627
1 5 265 423 1616 783 787 1619 2274 1630
1 5 105 799 1632 430 438 1633 2275 1423
1 5 267 801 1637 809 439 1635 2276 1640
1 5 108 431 1642 816 440 1424 2277 1644
1 5 112 433 1426 436 820 1646 2278 1649
1 5 268 802 1636 434 821 1650 2279 1647
1 5 379 804 1641 812 822 1652 2280 1656
1 5 271 435 1645 818 823 1648 2281 1659
1 5 116 834 1661 442 450 1662 2282 1429
1 5 273 836 1666 844 451 1664 2283 1669
1 5 119 443 1671 849 452 1430 2284 1672
1 5 124 445 1432 448 855 1674 2285 1677
1 5 274 837 1665 446 856 1679 2286 1675
1 5 380 839 1670 847 857 1681 2287 1685
1 5 277 447 1673 850 858 1676 2288 1688
1 5 118 843 1690 454 462 1668 2289 1435
1 5 279 872 1694 878 463 1692 2290 1697
1 5 110 455 1699 828 464 1436 2291 1700
1 5 127 457 1438 460 870 1687 2292 1704
1 5 276 846 1693 458 868 1684 2293 1702
1 5 381 874 1698 881 884 1706 2294 1710
1 5 282 459 1701 883 885 1703 2295 1713
1 5 109 824 1653 466 474 1715 2296 1441
1 5 272 825 1657 829 475 1716 2297 1718
1 5 111 467 1660 832 476 1442 2298 1720
1 5 136 469 1444 472 899 1722 2299 1725
1 5 284 895 1717 470 900 1726 2300 1723
1 5 382 896 1719 897 901 1727 2301 1729
1 5 285 471 1721 898 902 1724 2302 1731
1 5 122 865 1707 478 486 1733 2303 1447
1 5 283 887 1711 891 487 1735 2304 1739
1 5 132 479 1714 894 488 1448 2305 1741
1 5 141 481 1450 484 921 1743 2306 1746
1 5 287 907 1736 482 922 1748 2307 1744
1 5 383 909 1740 914 923 1750 2308 1754
1 5 290 483 1742 916 924 1745 2309 1757
1 5 134 903 1728 490 498 1759 2310 1453
1 5 286 904 1730 905 499 1760 2311 1763
1 5 135 491 1732 906 500 1454 2312 1765
1 5 147 493 1456 496 946 1767 2313 1770
1 5 292 937 1761 494 947 1772 2314 1768
1 5 384 938 1764 940 948 1773 2315 1776
1 5 294 495 1766 941 949 1769 2316 1779
1 5 129 877 1781 502 510 1696 2317 1459
1 5 296 957 1785 963 511 1783 2318 1788
1 5 82 503 1790 745 512 1460 2319 1582
1 5 90 505 1462 508 763 1712 2320 1595
1 5 281 880 1784 506 893 1709 2321 1792
1 5 385 959 1789 966 968 1795 2322 1799
1 5 257 507 1791 748 764 1793 2323 1598
1 5 150 962 1803 514 522 1787 2324 1465
1 5 300 978 1807 984 523 1805 2325 1810
1 5 156 515 1812 991 524 1466 2326 1814
1 5 91 517 1468 520 768 1801 2327 1818
1 5 298 965 1806 518 976 1798 2328 1816
1 5 386 980 1811 987 995 1820 2329 1824
1 5 303 519 1815 993 996 1817 2330 1827
1 5 85 761 1597 526 534 1762 2331 1471
1 5 260 762 1601 767 535 1829 2332 1833
1 5 88 527 1604 770 536 1472 2333 1835
1 5 148 529 1474 532 955 1778 2334 1839
1 5 293 939 1830 530 953 1775 2335 1837
1 5 387 1008 1834 1011 1013 1841 2336 1844
1 5 307 531 1836 1012 1014 1838 2337 1846
1 5 131 890 1796 538 546 1738 2338 1477
1 5 299 970 1800 974 547 1848 2339 1852
1 5 86 539 1802 765 548 1478 2340 1831
1 5 144 541 1480 544 936 1756 2341 1840
1 5 289 913 1849 542 934 1753 2342 1855
1 5 388 1020 1853 1024 1026 1858 2343 1862
1 5 305 543 1854 1009 1015 1856 2344 1842
1 5 152 973 1821 550 558 1851 2345 1483
1 5 304 998 1825 1002 559 1867 2346 1871
1 5 159 551 1828 1006 560 1484 2347 1874
1 5 162 553 1486 556 1016 1864 2348 1878
1 5 309 1023 1868 554 1034 1861 2349 1876
1 5 389 1036 1872 1040 1046 1880 2350 1884
1 5 313 555 1875 1044 1047 1877 2351 1887
1 5 87 766 1889 562 570 1832 2352 1489
1 5 315 1059 1892 1062 571 1890 2353 1894
1 5 173 563 1896 1067 572 1490 2354 1898
1 5 163 565 1492 568 1018 1845 2355 1902
1 5 306 1010 1891 566 1017 1843 2356 1900
1 5 390 1060 1895 1064 1071 1903 2357 1906
1 5 317 567 1899 1069 1072 1901 2358 1909
1 5 177 1080 1911 574 582 1912 2359 1495
1 5 319 1081 1915 1085 583 1913 2360 1917
1 5 179 575 1919 1090 584 1496 2361 1921
1 5 183 577 1498 580 1094 1923 2362 1926
1 5 320 1082 1914 578 1095 1927 2363 1924
1 5 391 1083 1918 1087 1096 1928 2364 1931
1 5 322 579 1922 1092 1097 1925 2365 1934
1 5 180 1098 1929 586 594 1936 2366 1501
1 5 323 1099 1932 1101 595 1937 2367 1940
1 5 182 587 1935 1104 596 1502 2368 1943
1 5 188 589 1504 592 1114 1945 2369 1948
1 5 324 1106 1938 590 1115 1949 2370 1946
1 5 392 1107 1941 1109 1116 1950 2371 1953
1 5 326 591 1944 1112 1117 1947 2372 1956
1 5 190 1125 1958 598 606 1959 2373 1507
1 5 328 1127 1963 1135 607 1961 2374 1966
1 5 193 599 1968 1140 608 1508 2375 1969
1 5 198 601 1510 604 1146 1971 2376 1974
1 5 329 1128 1962 602 1147 1976 2377 1972
1 5 393 1130 1967 1138 1148 1978 2378 1982
1 5 332 603 1970 1141 1149 1973 2379 1985
1 5 192 1134 1987 610 618 1965 2380 1513
1 5 334 1164 1991 1170 619 1989 2381 1994
1 5 204 611 1996 1175 620 1514 2382 1997
1 5 201 613 1516 616 1162 1984 2383 2001
1 5 331 1137 1990 614 1159 1981 2384 1999
1 5 394 1166 1995 1173 1180 2004 2385 2008
1 5 337 615 1998 1176 1181 2000 2386 2011
1 5 139 931 1859 622 630 2013 2387 1519
1 5 310 1028 1863 1032 631 2015 2388 2019
1 5 94 623 1865 776 632 1520 2389 1610
1 5 102 625 1522 628 790 2022 2390 1622
1 5 339 1193 2016 626 1202 2025 2391 2023
1 5 395 1195 2020 1200 1203 2027 2392 2031
1 5 263 627 2021 779 791 2024 2393 1625
1 5 165 1031 1881 634 642 2018 2394 1525
1 5 314 1049 1885 1053 643 2036 2395 2040
1 5 169 635 1888 1057 644 1526 2396 2043
1 5 103 637 1528 640 795 2033 2397 2047
1 5 341 1199 2037 638 1212 2030 2398 2045
1 5 396 1214 2041 1218 1224 2049 2399 2053
1 5 345 639 2044 1222 1225 2046 2400 2056
1 5 95 777 1904 646 654 1611 2401 1531
1 5 318 1073 1907 1075 655 2058 2402 2061
1 5 175 647 1910 1078 656 1532 2403 2064
1 5 104 649 1534 652 798 1629 2404 2068
1 5 264 780 2059 650 796 1626 2405 2066
1 5 397 1237 2062 1239 1244 2069 2406 2072
1 5 348 651 2065 1242 1245 2067 2407 2075
1 5 97 788 1624 658 666 2077 2408 1537
1 5 266 789 1628 794 667 2078 2409 2082
1 5 100 659 1631 797 668 1538 2410 2084
1 5 226 661 1540 664 1263 2086 2411 2089
1 5 350 1253 2079 662 1264 2091 2412 2087
1 5 398 1254 2083 1257 1265 2093 2413 2097
1 5 353 663 2085 1258 1266 2088 2414 2100
1 5 203 1169 2028 670 678 1993 2415 1543
1 5 342 1205 2032 1210 679 2103 2416 2107
1 5 98 671 2034 792 680 1544 2417 2080
1 5 209 673 1546 676 1192 2010 2418 2092
1 5 336 1172 2104 674 1189 2007 2419 2110
1 5 399 1280 2108 1284 1288 2114 2420 2118
1 5 351 675 2109 1255 1270 2111 2421 2095
1 5 211 1209 2050 682 690 2106 2422 1549
1 5 346 1227 2054 1231 691 2123 2423 2127
1 5 216 683 2057 1235 692 1550 2424 2130
1 5 227 685 1552 688 1274 2120 2425 2134
1 5 356 1283 2124 686 1296 2117 2426 2132
1 5 400 1299 2128 1303 1312 2137 2427 2141
1 5 360 687 2131 1307 1313 2133 2428 2144
1 5 99 793 2070 694 702 2081 2429 1555
1 5 349 1246 2073 1248 703 2146 2430 2149
1 5 220 695 2076 1251 704 1556 2431 2152
1 5 228 697 1558 700 1278 2099 2432 2156
1 5 352 1256 2147 698 1275 2096 2433 2154
1 5 401 1325 2150 1327 1335 2158 2434 2161
1 5 363 699 2153 1330 1336 2155 2435 2164
1 5 185 1118 1951 706 714 2166 2436 1561
1 5 327 1119 1954 1121 715 2167 2437 2170
1 5 187 707 1957 1123 716 1562 2438 2172
1 5 243 709 1564 712 1349 2174 2439 2177
1 5 365 1344 2168 710 1350 2178 2440 2175
1 5 402 1345 2171 1347 1351 2179 2441 2182
1 5 367 711 2173 1348 1352 2176 2442 2185
1 5 186 1120 2187 718 726 2169 2443 1567
1 5 369 1361 2190 1364 727 2188 2444 2192
1 5 246 719 2194 1369 728 1568 2445 2196
1 5 244 721 1570 724 1360 2184 2446 2200
1 5 366 1346 2189 722 1357 2181 2447 2198
1 5 403 1362 2193 1366 1376 2202 2448 2205
1 5 371 723 2197 1371 1377 2199 2449 2208
1 5 240 1353 2180 730 738 2210 2450 1573
1 5 368 1354 2183 1356 739 2211 2451 2214
1 5 242 731 2186 1359 740 1574 2452 2217
1 5 253 733 1576 736 1397 2219 2453 2222
1 5 373 1385 2212 734 1398 2224 2454 2220
1 5 404 1386 2215 1388 1399 2225 2455 2228
1 5 375 735 2218 1391 1400 2221 2456 2231
1 5 405 81 406 1409 1410 414 1411 2233
1 5 1409 406 255 407 2233 1411 415 1412
1 5 408 1409 407 84 1413 2233 1412 416
1 5 413 1410 2233 1413 89 409 1414 412
1 5 1410 414 1411 2233 409 256 410 1414
1 5 2233 1411 415 1412 1414 410 377 411
1 5 1413 2233 1412 416 412 1414 411 259
1 5 417 93 418 1415 1416 426 1417 2234
1 5 1415 418 261 419 2234 1417 427 1418
1 5 420 1415 419 96 1419 2234 1418 428
1 5 425 1416 2234 1419 101 421 1420 424
1 5 1416 426 1417 2234 421 262 422 1420
1 5 2234 1417 427 1418 1420 422 378 423
1 5 1419 2234 1418 428 424 1420 423 265
1 5 429 105 430 1421 1422 438 1423 2235
1 5 1421 430 267 431 2235 1423 439 1424
1 5 432 1421 431 108 1425 2235 1424 440
1 5 437 1422 2235 1425 112 433 1426 436
1 5 1422 438 1423 2235 433 268 434 1426
1 5 2235 1423 439 1424 1426 434 379 435
1 5 1425 2235 1424 440 436 1426 435 271
1 5 441 116 442 1427 1428 450 1429 2236
1 5 1427 442 273 443 2236 1429 451 1430
1 5 444 1427 443 119 1431 2236 1430 452
1 5 449 1428 2236 1431 124 445 1432 448
1 5 1428 450 1429 2236 445 274 446 1432
1 5 2236 1429 451 1430 1432 446 380 447
1 5 1431 2236 1430 452 448 1432 447 277
1 5 453 118 454 1433 1434 462 1435 2237
1 5 1433 454 279 455 2237 1435 463 1436
1 5 456 1433 455 110 1437 2237 1436 464
1 5 461 1434 2237 1437 127 457 1438 460
1 5 1434 462 1435 2237 457 276 458 1438
1 5 2237 1435 463 1436 1438 458 381 459
1 5 1437 2237 1436 464 460 1438 459 282
1 5 465 109 466 1439 1440 474 1441 2238
1 5 1439 466 272 467 2238 1441 475 1442
1 5 468 1439 467 111 1443 2238 1442 476
1 5 473 1440 2238 1443 136 469 1444 472
1 5 1440 474 1441 2238 469 284 470 1444
1 5 2238 1441 475 1442 1444 470 382 471
1 5 1443 2238 1442 476 472 1444 471 285
1 5 477 122 478 1445 1446 486 1447 2239
1 5 1445 478 283 479 2239 1447 487 1448
1 5 480 1445 479 132 1449 2239 1448 488
1 5 485 1446 2239 1449 141 481 1450 484
1 5 1446 486 1447 2239 481 287 482 1450
1 5 2239 1447 487 1448 1450 482 383 483
1 5 1449 2239 1448 488 484 1450 483 290
1 5 489 134 490 1451 1452 498 1453 2240
1 5 1451 490 286 491 2240 1453 499 1454
1 5 492 1451 491 135 1455 2240 1454 500
1 5 497 1452 2240 1455 147 493 1456 496
1 5 1452 498 1453 2240 493 292 494 1456
1 5 2240 1453 499 1454 1456 494 384 495
1 5 1455 2240 1454 500 496 1456 495 294
1 5 501 129 502 1457 1458 510 1459 2241
1 5 1457 502 296 503 2241 1459 511 1460
1 5 504 1457 503 82 1461 2241 1460 512
1 5 509 1458 2241 1461 90 505 1462 508
1 5 1458 510 1459 2241 505 281 506 1462
1 5 2241 1459 511 1460 1462 506 385 507
1 5 1461 2241 1460 512 508 1462 507 257
1 5 513 150 514 1463 1464 522 1465 2242
1 5 1463 514 300 515 2242 1465 523 1466
1 5 516 1463 515 156 1467 2242 1466 524
1 5 521 1464 2242 1467 91 517 1468 520
1 5 1464 522 1465 2242 517 298 518 1468
1 5 2242 1465 523 1466 1468 518 386 519
1 5 1467 2242 1466 524 520 1468 519 303
1 5 525 85 526 1469 1470 534 1471 2243
1 5 1469 526 260 527 2243 1471 535 1472
1 5 528 1469 527 88 1473 2243 1472 536
1 5 533 1470 2243 1473 148 529 1474 532
1 5 1470 534 1471 2243 529 293 530 1474
1 5 2243 1471 535 1472 1474 530 387 531
1 5 1473 2243 1472 536 532 1474 531 307
1 5 537 131 538 1475 1476 546 1477 2244
1 5 1475 538 299 539 2244 1477 547 1478
1 5 540 1475 539 86 1479 2244 1478 548
1 5 545 1476 2244 1479 144 541 1480 544
1 5 1476 546 1477 2244 541 289 542 1480
1 5 2244 1477 547 1478 1480 542 388 543
1 5 1479 2244 1478 548 544 1480 543 305
1 5 549 152 550 1481 1482 558 1483 2245
1 5 1481 550 304 551 2245 1483 559 1484
1 5 552 1481 551 159 1485 2245 1484 560
1 5 557 1482 2245 1485 162 553 1486 556
1 5 1482 558 1483 2245 553 309 554 1486
1 5 2245 1483 559 1484 1486 554 389 555
1 5 1485 2245 1484 560 556 1486 555 313
1 5 561 87 562 1487 1488 570 1489 2246
1 5 1487 562 315 563 2246 1489 571 1490
1 5 564 1487 563 173 1491 2246 1490 572
1 5 569 1488 2246 1491 163 565 1492 568
1 5 1488 570 1489 2246 565 306 566 1492
1 5 2246 1489 571 1490 1492 566 390 567
1 5 1491 2246 1490 572 568 1492 567 317
1 5 573 177 574 1493 1494 582 1495 2247
1 5 1493 574 319 575 2247 1495 583 1496
1 5 576 1493 575 179 1497 2247 1496 584
1 5 581 1494 2247 1497 183 577 1498 580
1 5 1494 582 1495 2247 577 320 578 1498
1 5 2247 1495 583 1496 1498 578 391 579
1 5 1497 2247 1496 584 580 1498 579 322
1 5 585 180 586 1499 1500 594 1501 2248
1 5 1499 586 323 587 2248 1501 595 1502
1 5 588 1499 587 182 1503 2248 1502 596
1 5 593 1500 2248 1503 188 589 1504 592
1 5 1500 594 1501 2248 589 324 590 1504
1 5 2248 1501 595 1502 1504 590 392 591
1 5 1503 2248 1502 596 592 1504 591 326
1 5 597 190 598 1505 1506 606 1507 2249
1 5 1505 598 328 599 2249 1507 607 1508
1 5 600 1505 599 193 1509 2249 1508 608
1 5 605 1506 2249 1509 198 601 1510 604
1 5 1506 606 1507 2249 601 329 602 1510
1 5 2249 1507 607 1508 1510 602 393 603
1 5 1509 2249 1508 608 604 1510 603 332
1 5 609 192 610 1511 1512 618 1513 2250
1 5 1511 610 334 611 2250 1513 619 1514
1 5 612 1511 611 204 1515 2250 1514 620
1 5 617 1512 2250 1515 201 613 1516 616
1 5 1512 618 1513 2250 613 331 614 1516
1 5 2250 1513 619 1514 1516 614 394 615
1 5 1515 2250 1514 620 616 1516 615 337
1 5 621 139 622 1517 1518 630 1519 2251
1 5 1517 622 310 623 2251 1519 631 1520
1 5 624 1517 623 94 1521 2251 1520 632
1 5 629 1518 2251 1521 102 625 1522 628
1 5 1518 630 1519 2251 625 339 626 1522
1 5 2251 1519 631 1520 1522 626 395 627
1 5 1521 2251 1520 632 628 1522 627 263
1 5 633 165 634 1523 1524 642 1525 2252
1 5 1523 634 314 635 2252 1525 643 1526
1 5 636 1523 635 169 1527 2252 1526 644
1 5 641 1524 2252 1527 103 637 1528 640
1 5 1524 642 1525 2252 637 341 638 1528
1 5 2252 1525 643 1526 1528 638 396 639
1 5 1527 2252 1526 644 640 1528 639 345
1 5 645 95 646 1529 1530 654 1531 2253
1 5 1529 646 318 647 2253 1531 655 1532
1 5 648 1529 647 175 1533 2253 1532 656
1 5 653 1530 2253 1533 104 649 1534 652
1 5 1530 654 1531 2253 649 264 650 1534
1 5 2253 1531 655 1532 1534 650 397 651
1 5 1533 2253 1532 656 652 1534 651 348
1 5 657 97 658 1535 1536 666 1537 2254
1 5 1535 658 266 659 2254 1537 667 1538
1 5 660 1535 659 100 1539 2254 1538 668
1 5 665 1536 2254 1539 226 661 1540 664
1 5 1536 666 1537 2254 661 350 662 1540
1 5 2254 1537 667 1538 1540 662 398 663
1 5 1539 2254 1538 668 664 1540 663 353
1 5 669 203 670 1541 1542 678 1543 2255
1 5 1541 670 342 671 2255 1543 679 1544
1 5 672 1541 671 98 1545 2255 1544 680
1 5 677 1542 2255 1545 209 673 1546 676
1 5 1542 678 1543 2255 673 336 674 1546
1 5 2255 1543 679 1544 1546 674 399 675
1 5 1545 2255 1544 680 676 1546 675 351
1 5 681 211 682 1547 1548 690 1549 2256
1 5 1547 682 346 683 2256 1549 691 1550
1 5 684 1547 683 216 1551 2256 1550 692
1 5 689 1548 2256 1551 227 685 1552 688
1 5 1548 690 1549 2256 685 356 686 1552
1 5 2256 1549 691 1550 1552 686 400 687
1 5 1551 2256 1550 692 688 1552 687 360
1 5 693 99 694 1553 1554 702 1555 2257
1 5 1553 694 349 695 2257 1555 703 1556
1 5 696 1553 695 220 1557 2257 1556 704
1 5 701 1554 2257 1557 228 697 1558 700
1 5 1554 702 1555 2257 697 352 698 1558
1 5 2257 1555 703 1556 1558 698 401 699
1 5 1557 2257 1556 704 700 1558 699 363
1 5 705 185 706 1559 1560 714 1561 2258
1 5 1559 706 327 707 2258 1561 715 1562
1 5 708 1559 707 187 1563 2258 1562 716
1 5 713 1560 2258 1563 243 709 1564 712
1 5 1560 714 1561 2258 709 365 710 1564
1 5 2258 1561 715 1562 1564 710 402 711
1 5 1563 2258 1562 716 712 1564 711 367
1 5 717 186 718 1565 1566 726 1567 2259
1 5 1565 718 369 719 2259 1567 727 1568
1 5 720 1565 719 246 1569 2259 1568 728
1 5 725 1566 2259 1569 244 721 1570 724
1 5 1566 726 1567 2259 721 366 722 1570
1 5 2259 1567 727 1568 1570 722 403 723
1 5 1569 2259 1568 728 724 1570 723 371
1 5 729 240 730 1571 1572 738 1573 2260
1 5 1571 730 368 731 2260 1573 739 1574
1 5 732 1571 731 242 1575 2260 1574 740
1 5 737 1572 2260 1575 253 733 1576 736
1 5 1572 738 1573 2260 733 373 734 1576
1 5 2260 1573 739 1574 1576 734 404 735
1 5 1575 2260 1574 740 736 1576 735 375
1 5 741 21 504 1577 1578 509 1461 2261
1 5 1577 504 82 742 2261 1461 512 1579
1 5 406 1577 742 255 1411 2261 1579 415
1 5 414 1578 2261 1411 256 743 1580 410
1 5 1578 509 1461 2261 743 90 508 1580
1 5 2261 1461 512 1579 1580 508 257 744
1 5 1411 2261 1579 415 410 1580 744 377
1 5 742 82 745 1581 1579 512 1582 2262
1 5 1581 745 52 746 2262 1582 521 1583
1 5 747 1581 746 83 1584 2262 1583 751
1 5 415 1579 2262 1584 377 744 1585 750
1 5 1579 512 1582 2262 744 257 748 1585
1 5 2262 1582 521 1583 1585 748 91 749
1 5 1584 2262 1583 751 750 1585 749 258
1 5 407 255 747 1586 1412 415 1584 2263
1 5 1586 747 83 752 2263 1584 751 1587
1 5 753 1586 752 24 1588 2263 1587 756
1 5 416 1412 2263 1588 259 411 1589 755
1 5 1412 415 1584 2263 411 377 750 1589
1 5 2263 1584 751 1587 1589 750 258 754
1 5 1588 2263 1587 756 755 1589 754 92
1 5 409 256 410 1414 1590 758 1591 2264
1 5 1414 410 377 411 2264 1591 759 1592
1 5 412 1414 411 259 1593 2264 1592 760
1 5 757 1590 2264 1593 17 525 1469 528
1 5 1590 758 1591 2264 525 85 526 1469
1 5 2264 1591 759 1592 1469 526 260 527
1 5 1593 2264 1592 760 528 1469 527 88
1 5 743 90 508 1580 1594 763 1595 2265
1 5 1580 508 257 744 2265 1595 764 1596
1 5 410 1580 744 377 1591 2265 1596 759
1 5 758 1594 2265 1591 85 761 1597 526
1 5 1594 763 1595 2265 761 57 540 1597
1 5 2265 1595 764 1596 1597 540 86 762
1 5 1591 2265 1596 759 526 1597 762 260
1 5 744 257 748 1585 1596 764 1598 2266
1 5 1585 748 91 749 2266 1598 768 1599
1 5 750 1585 749 258 1600 2266 1599 769
1 5 759 1596 2266 1600 260 762 1601 767
1 5 1596 764 1598 2266 762 86 765 1601
1 5 2266 1598 768 1599 1601 765 76 766
1 5 1600 2266 1599 769 767 1601 766 87
1 5 411 377 750 1589 1592 759 1600 2267
1 5 1589 750 258 754 2267 1600 769 1602
1 5 755 1589 754 92 1603 2267 1602 771
1 5 760 1592 2267 1603 88 527 1604 770
1 5 1592 759 1600 2267 527 260 767 1604
1 5 2267 1600 769 1602 1604 767 87 561
1 5 1603 2267 1602 771 770 1604 561 61
1 5 772 29 624 1605 1606 629 1521 2268
1 5 1605 624 94 773 2268 1521 632 1607
1 5 418 1605 773 261 1417 2268 1607 427
1 5 426 1606 2268 1417 262 774 1608 422
1 5 1606 629 1521 2268 774 102 628 1608
1 5 2268 1521 632 1607 1608 628 263 775
1 5 1417 2268 1607 427 422 1608 775 378
1 5 773 94 776 1609 1607 632 1610 2269
1 5 1609 776 62 777 2269 1610 641 1611
1 5 778 1609 777 95 1612 2269 1611 654
1 5 427 1607 2269 1612 378 775 1613 781
1 5 1607 632 1610 2269 775 263 779 1613
1 5 2269 1610 641 1611 1613 779 103 780
1 5 1612 2269 1611 654 781 1613 780 264
1 5 419 261 778 1614 1418 427 1612 2270
1 5 1614 778 95 645 2270 1612 654 1530
1 5 782 1614 645 33 1615 2270 1530 653
1 5 428 1418 2270 1615 265 423 1616 783
1 5 1418 427 1612 2270 423 378 781 1616
1 5 2270 1612 654 1530 1616 781 264 649
1 5 1615 2270 1530 653 783 1616 649 104
1 5 421 262 422 1420 1617 785 1618 2271
1 5 1420 422 378 423 2271 1618 786 1619
1 5 424 1420 423 265 1620 2271 1619 787
1 5 784 1617 2271 1620 38 657 1535 660
1 5 1617 785 1618 2271 657 97 658 1535
1 5 2271 1618 786 1619 1535 658 266 659
1 5 1620 2271 1619 787 660 1535 659 100
1 5 774 102 628 1608 1621 790 1622 2272
1 5 1608 628 263 775 2272 1622 791 1623
1 5 422 1608 775 378 1618 2272 1623 786
1 5 785 1621 2272 1618 97 788 1624 658
1 5 1621 790 1622 2272 788 66 672 1624
1 5 2272 1622 791 1623 1624 672 98 789
1 5 1618 2272 1623 786 658 1624 789 266
1 5 775 263 779 1613 1623 791 1625 2273
1 5 1613 779 103 780 2273 1625 795 1626
1 5 781 1613 780 264 1627 2273 1626 796
1 5 786 1623 2273 1627 266 789 1628 794
1 5 1623 791 1625 2273 789 98 792 1628
1 5 2273 1625 795 1626 1628 792 79 793
1 5 1627 2273 1626 796 794 1628 793 99
1 5 423 378 781 1616 1619 786 1627 2274
1 5 1616 781 264 649 2274 1627 796 1629
1 5 783 1616 649 104 1630 2274 1629 798
1 5 787 1619 2274 1630 100 659 1631 797
1 5 1619 786 1627 2274 659 266 794 1631
1 5 2274 1627 796 1629 1631 794 99 693
1 5 1630 2274 1629 798 797 1631 693 70
1 5 799 74 800 1632 1633 805 1634 2275
1 5 1632 800 106 801 2275 1634 806 1635
1 5 430 1632 801 267 1423 2275 1635 439
1 5 438 1633 2275 1423 268 802 1636 434
1 5 1633 805 1634 2275 802 113 803 1636
1 5 2275 1634 806 1635 1636 803 269 804
1 5 1423 2275 1635 439 434 1636 804 379
1 5 801 106 807 1637 1635 806 1638 2276
1 5 1637 807 50 808 2276 1638 813 1639
1 5 809 1637 808 107 1640 2276 1639 814
1 5 439 1635 2276 1640 379 804 1641 812
1 5 1635 806 1638 2276 804 269 810 1641
1 5 2276 1638 813 1639 1641 810 114 811
1 5 1640 2276 1639 814 812 1641 811 270
1 5 431 267 809 1642 1424 439 1640 2277
1 5 1642 809 107 815 2277 1640 814 1643
1 5 816 1642 815 19 1644 2277 1643 819
1 5 440 1424 2277 1644 271 435 1645 818
1 5 1424 439 1640 2277 435 379 812 1645
1 5 2277 1640 814 1643 1645 812 270 817
1 5 1644 2277 1643 819 818 1645 817 115
1 5 433 268 434 1426 1646 821 1647 2278
1 5 1426 434 379 435 2278 1647 822 1648
1 5 436 1426 435 271 1649 2278 1648 823
1 5 820 1646 2278 1649 13 465 1439 468
1 5 1646 821 1647 2278 465 109 466 1439
1 5 2278 1647 822 1648 1439 466 272 467
1 5 1649 2278 1648 823 468 1439 467 111
1 5 802 113 803 1636 1650 826 1651 2279
1 5 1636 803 269 804 2279 1651 827 1652
1 5 434 1636 804 379 1647 2279 1652 822
1 5 821 1650 2279 1647 109 824 1653 466
1 5 1650 826 1651 2279 824 51 456 1653
1 5 2279 1651 827 1652 1653 456 110 825
1 5 1647 2279 1652 822 466 1653 825 272
1 5 804 269 810 1641 1652 827 1654 2280
1 5 1641 810 114 811 2280 1654 830 1655
1 5 812 1641 811 270 1656 2280 1655 831
1 5 822 1652 2280 1656 272 825 1657 829
1 5 1652 827 1654 2280 825 110 828 1657
1 5 2280 1654 830 1655 1657 828 21 741
1 5 1656 2280 1655 831 829 1657 741 81
1 5 435 379 812 1645 1648 822 1656 2281
1 5 1645 812 270 817 2281 1656 831 1658
1 5 818 1645 817 115 1659 2281 1658 833
1 5 823 1648 2281 1659 111 467 1660 832
1 5 1648 822 1656 2281 467 272 829 1660
1 5 2281 1656 831 1658 1660 829 81 405
1 5 1659 2281 1658 833 832 1660 405 8
1 5 834 0 835 1661 1662 840 1663 2282
1 5 1661 835 117 836 2282 1663 841 1664
1 5 442 1661 836 273 1429 2282 1664 451
1 5 450 1662 2282 1429 274 837 1665 446
1 5 1662 840 1663 2282 837 125 838 1665
1 5 2282 1663 841 1664 1665 838 275 839
1 5 1429 2282 1664 451 446 1665 839 380
1 5 836 117 842 1666 1664 841 1667 2283
1 5 1666 842 20 843 2283 1667 848 1668
1 5 844 1666 843 118 1669 2283 1668 462
1 5 451 1664 2283 1669 380 839 1670 847
1 5 1664 841 1667 2283 839 275 845 1670
1 5 2283 1667 848 1668 1670 845 126 846
1 5 1669 2283 1668 462 847 1670 846 276
1 5 443 273 844 1671 1430 451 1669 2284
1 5 1671 844 118 453 2284 1669 462 1434
1 5 849 1671 453 51 1672 2284 1434 461
1 5 452 1430 2284 1672 277 447 1673 850
1 5 1430 451 1669 2284 447 380 847 1673
1 5 2284 1669 462 1434 1673 847 276 457
1 5 1672 2284 1434 461 850 1673 457 127
1 5 445 274 446 1432 1674 856 1675 2285
1 5 1432 446 380 447 2285 1675 857 1676
1 5 448 1432 447 277 1677 2285 1676 858
1 5 855 1674 2285 1677 54 851 1678 854
1 5 1674 856 1675 2285 851 120 852 1678
1 5 2285 1675 857 1676 1678 852 278 853
1 5 1677 2285 1676 858 854 1678 853 123
1 5 837 125 838 1665 1679 862 1680 2286
1 5 1665 838 275 839 2286 1680 863 1681
1 5 446 1665 839 380 1675 2286 1681 857
1 5 856 1679 2286 1675 120 859 1682 852
1 5 1679 862 1680 2286 859 25 860 1682
1 5 2286 1680 863 1681 1682 860 121 861
1 5 1675 2286 1681 857 852 1682 861 278
1 5 839 275 845 1670 1681 863 1683 2287
1 5 1670 845 126 846 2287 1683 867 1684
1 5 847 1670 846 276 1685 2287 1684 868
1 5 857 1681 2287 1685 278 861 1686 866
1 5 1681 863 1683 2287 861 121 864 1686
1 5 2287 1683 867 1684 1686 864 56 865
1 5 1685 2287 1684 868 866 1686 865 122
1 5 447 380 847 1673 1676 857 1685 2288
1 5 1673 847 276 457 2288 1685 868 1687
1 5 850 1673 457 127 1688 2288 1687 870
1 5 858 1676 2288 1688 123 853 1689 869
1 5 1676 857 1685 2288 853 278 866 1689
1 5 2288 1685 868 1687 1689 866 122 477
1 5 1688 2288 1687 870 869 1689 477 75
1 5 843 20 871 1690 1668 848 1691 2289
1 5 1690 871 128 872 2289 1691 875 1692
1 5 454 1690 872 279 1435 2289 1692 463
1 5 462 1668 2289 1435 276 846 1693 458
1 5 1668 848 1691 2289 846 126 873 1693
1 5 2289 1691 875 1692 1693 873 280 874
1 5 1435 2289 1692 463 458 1693 874 381
1 5 872 128 876 1694 1692 875 1695 2290
1 5 1694 876 4 877 2290 1695 882 1696
1 5 878 1694 877 129 1697 2290 1696 510
1 5 463 1692 2290 1697 381 874 1698 881
1 5 1692 875 1695 2290 874 280 879 1698
1 5 2290 1695 882 1696 1698 879 133 880
1 5 1697 2290 1696 510 881 1698 880 281
1 5 455 279 878 1699 1436 463 1697 2291
1 5 1699 878 129 501 2291 1697 510 1458
1 5 828 1699 501 21 1700 2291 1458 509
1 5 464 1436 2291 1700 282 459 1701 883
1 5 1436 463 1697 2291 459 381 881 1701
1 5 2291 1697 510 1458 1701 881 281 505
1 5 1700 2291 1458 509 883 1701 505 90
1 5 457 276 458 1438 1687 868 1702 2292
1 5 1438 458 381 459 2292 1702 884 1703
1 5 460 1438 459 282 1704 2292 1703 885
1 5 870 1687 2292 1704 75 477 1445 480
1 5 1687 868 1702 2292 477 122 478 1445
1 5 2292 1702 884 1703 1445 478 283 479
1 5 1704 2292 1703 885 480 1445 479 132
1 5 846 126 873 1693 1684 867 1705 2293
1 5 1693 873 280 874 2293 1705 888 1706
1 5 458 1693 874 381 1702 2293 1706 884
1 5 868 1684 2293 1702 122 865 1707 478
1 5 1684 867 1705 2293 865 56 886 1707
1 5 2293 1705 888 1706 1707 886 130 887
1 5 1702 2293 1706 884 478 1707 887 283
1 5 874 280 879 1698 1706 888 1708 2294
1 5 1698 879 133 880 2294 1708 892 1709
1 5 881 1698 880 281 1710 2294 1709 893
1 5 884 1706 2294 1710 283 887 1711 891
1 5 1706 888 1708 2294 887 130 889 1711
1 5 2294 1708 892 1709 1711 889 30 890
1 5 1710 2294 1709 893 891 1711 890 131
1 5 459 381 881 1701 1703 884 1710 2295
1 5 1701 881 281 505 2295 1710 893 1712
1 5 883 1701 505 90 1713 2295 1712 763
1 5 885 1703 2295 1713 132 479 1714 894
1 5 1703 884 1710 2295 479 283 891 1714
1 5 2295 1710 893 1712 1714 891 131 537
1 5 1713 2295 1712 763 894 1714 537 57
1 5 824 51 456 1653 1715 461 1437 2296
1 5 1653 456 110 825 2296 1437 464 1716
1 5 466 1653 825 272 1441 2296 1716 475
1 5 474 1715 2296 1441 284 895 1717 470
1 5 1715 461 1437 2296 895 127 460 1717
1 5 2296 1437 464 1716 1717 460 282 896
1 5 1441 2296 1716 475 470 1717 896 382
1 5 825 110 828 1657 1716 464 1700 2297
1 5 1657 828 21 741 2297 1700 509 1578
1 5 829 1657 741 81 1718 2297 1578 414
1 5 475 1716 2297 1718 382 896 1719 897
1 5 1716 464 1700 2297 896 282 883 1719
1 5 2297 1700 509 1578 1719 883 90 743
1 5 1718 2297 1578 414 897 1719 743 256
1 5 467 272 829 1660 1442 475 1718 2298
1 5 1660 829 81 405 2298 1718 414 1410
1 5 832 1660 405 8 1720 2298 1410 413
1 5 476 1442 2298 1720 285 471 1721 898
1 5 1442 475 1718 2298 471 382 897 1721
1 5 2298 1718 414 1410 1721 897 256 409
1 5 1720 2298 1410 413 898 1721 409 89
1 5 469 284 470 1444 1722 900 1723 2299
1 5 1444 470 382 471 2299 1723 901 1724
1 5 472 1444 471 285 1725 2299 1724 902
1 5 899 1722 2299 1725 47 489 1451 492
1 5 1722 900 1723 2299 489 134 490 1451
1 5 2299 1723 901 1724 1451 490 286 491
1 5 1725 2299 1724 902 492 1451 491 135
1 5 895 127 460 1717 1726 870 1704 2300
1 5 1717 460 282 896 2300 1704 885 1727
1 5 470 1717 896 382 1723 2300 1727 901
1 5 900 1726 2300 1723 134 903 1728 490
1 5 1726 870 1704 2300 903 75 480 1728
1 5 2300 1704 885 1727 1728 480 132 904
1 5 1723 2300 1727 901 490 1728 904 286
1 5 896 282 883 1719 1727 885 1713 2301
1 5 1719 883 90 743 2301 1713 763 1594
1 5 897 1719 743 256 1729 2301 1594 758
1 5 901 1727 2301 1729 286 904 1730 905
1 5 1727 885 1713 2301 904 132 894 1730
1 5 2301 1713 763 1594 1730 894 57 761
1 5 1729 2301 1594 758 905 1730 761 85
1 5 471 382 897 1721 1724 901 1729 2302
1 5 1721 897 256 409 2302 1729 758 1590
1 5 898 1721 409 89 1731 2302 1590 757
1 5 902 1724 2302 1731 135 491 1732 906
1 5 1724 901 1729 2302 491 286 905 1732
1 5 2302 1729 758 1590 1732 905 85 525
1 5 1731 2302 1590 757 906 1732 525 17
1 5 865 56 886 1707 1733 910 1734 2303
1 5 1707 886 130 887 2303 1734 911 1735
1 5 478 1707 887 283 1447 2303 1735 487
1 5 486 1733 2303 1447 287 907 1736 482
1 5 1733 910 1734 2303 907 142 908 1736
1 5 2303 1734 911 1735 1736 908 288 909
1 5 1447 2303 1735 487 482 1736 909 383
1 5 887 130 889 1711 1735 911 1737 2304
1 5 1711 889 30 890 2304 1737 915 1738
1 5 891 1711 890 131 1739 2304 1738 546
1 5 487 1735 2304 1739 383 909 1740 914
1 5 1735 911 1737 2304 909 288 912 1740
1 5 2304 1737 915 1738 1740 912 143 913
1 5 1739 2304 1738 546 914 1740 913 289
1 5 479 283 891 1714 1448 487 1739 2305
1 5 1714 891 131 537 2305 1739 546 1476
1 5 894 1714 537 57 1741 2305 1476 545
1 5 488 1448 2305 1741 290 483 1742 916
1 5 1448 487 1739 2305 483 383 914 1742
1 5 2305 1739 546 1476 1742 914 289 541
1 5 1741 2305 1476 545 916 1742 541 144
1 5 481 287 482 1450 1743 922 1744 2306
1 5 1450 482 383 483 2306 1744 923 1745
1 5 484 1450 483 290 1746 2306 1745 924
1 5 921 1743 2306 1746 58 917 1747 920
1 5 1743 922 1744 2306 917 137 918 1747
1 5 2306 1744 923 1745 1747 918 291 919
1 5 1746 2306 1745 924 920 1747 919 140
1 5 907 142 908 1736 1748 928 1749 2307
1 5 1736 908 288 909 2307 1749 929 1750
1 5 482 1736 909 383 1744 2307 1750 923
1 5 922 1748 2307 1744 137 925 1751 918
1 5 1748 928 1749 2307 925 28 926 1751
1 5 2307 1749 929 1750 1751 926 138 927
1 5 1744 2307 1750 923 918 1751 927 291
1 5 909 288 912 1740 1750 929 1752 2308
1 5 1740 912 143 913 2308 1752 933 1753
1 5 914 1740 913 289 1754 2308 1753 934
1 5 923 1750 2308 1754 291 927 1755 932
1 5 1750 929 1752 2308 927 138 930 1755
1 5 2308 1752 933 1753 1755 930 9 931
1 5 1754 2308 1753 934 932 1755 931 139
1 5 483 383 914 1742 1745 923 1754 2309
1 5 1742 914 289 541 2309 1754 934 1756
1 5 916 1742 541 144 1757 2309 1756 936
1 5 924 1745 2309 1757 140 919 1758 935
1 5 1745 923 1754 2309 919 291 932 1758
1 5 2309 1754 934 1756 1758 932 139 621
1 5 1757 2309 1756 936 935 1758 621 29
1 5 903 75 480 1728 1759 485 1449 2310
1 5 1728 480 132 904 2310 1449 488 1760
1 5 490 1728 904 286 1453 2310 1760 499
1 5 498 1759 2310 1453 292 937 1761 494
1 5 1759 485 1449 2310 937 141 484 1761
1 5 2310 1449 488 1760 1761 484 290 938
1 5 1453 2310 1760 499 494 1761 938 384
1 5 904 132 894 1730 1760 488 1741 2311
1 5 1730 894 57 761 2311 1741 545 1762
1 5 905 1730 761 85 1763 2311 1762 534
1 5 499 1760 2311 1763 384 938 1764 940
1 5 1760 488 1741 2311 938 290 916 1764
1 5 2311 1741 545 1762 1764 916 144 939
1 5 1763 2311 1762 534 940 1764 939 293
1 5 491 286 905 1732 1454 499 1763 2312
1 5 1732 905 85 525 2312 1763 534 1470
1 5 906 1732 525 17 1765 2312 1470 533
1 5 500 1454 2312 1765 294 495 1766 941
1 5 1454 499 1763 2312 495 384 940 1766
1 5 2312 1763 534 1470 1766 940 293 529
1 5 1765 2312 1470 533 941 1766 529 148
1 5 493 292 494 1456 1767 947 1768 2313
1 5 1456 494 384 495 2313 1768 948 1769
1 5 496 1456 495 294 1770 2313 1769 949
1 5 946 1767 2313 1770 15 942 1771 945
1 5 1767 947 1768 2313 942 145 943 1771
1 5 2313 1768 948 1769 1771 943 295 944
1 5 1770 2313 1769 949 945 1771 944 146
1 5 937 141 484 1761 1772 921 1746 2314
1 5 1761 484 290 938 2314 1746 924 1773
1 5 494 1761 938 384 1768 2314 1773 948
1 5 947 1772 2314 1768 145 950 1774 943
1 5 1772 921 1746 2314 950 58 920 1774
1 5 2314 1746 924 1773 1774 920 140 951
1 5 1768 2314 1773 948 943 1774 951 295
1 5 938 290 916 1764 1773 924 1757 2315
1 5 1764 916 144 939 2315 1757 936 1775
1 5 940 1764 939 293 1776 2315 1775 953
1 5 948 1773 2315 1776 295 951 1777 952
1 5 1773 924 1757 2315 951 140 935 1777
1 5 2315 1757 936 1775 1777 935 29 772
1 5 1776 2315 1775 953 952 1777 772 93
1 5 495 384 940 1766 1769 948 1776 2316
1 5 1766 940 293 529 2316 1776 953 1778
1 5 941 1766 529 148 1779 2316 1778 955
1 5 949 1769 2316 1779 146 944 1780 954
1 5 1769 948 1776 2316 944 295 952 1780
1 5 2316 1776 953 1778 1780 952 93 417
1 5 1779 2316 1778 955 954 1780 417 12
1 5 877 4 956 1781 1696 882 1782 2317
1 5 1781 956 149 957 2317 1782 960 1783
1 5 502 1781 957 296 1459 2317 1783 511
1 5 510 1696 2317 1459 281 880 1784 506
1 5 1696 882 1782 2317 880 133 958 1784
1 5 2317 1782 960 1783 1784 958 297 959
1 5 1459 2317 1783 511 506 1784 959 385
1 5 957 149 961 1785 1783 960 1786 2318
1 5 1785 961 22 962 2318 1786 967 1787
1 5 963 1785 962 150 1788 2318 1787 522
1 5 511 1783 2318 1788 385 959 1789 966
1 5 1783 960 1786 2318 959 297 964 1789
1 5 2318 1786 967 1787 1789 964 153 965
1 5 1788 2318 1787 522 966 1789 965 298
1 5 503 296 963 1790 1460 511 1788 2319
1 5 1790 963 150 513 2319 1788 522 1464
1 5 745 1790 513 52 1582 2319 1464 521
1 5 512 1460 2319 1582 257 507 1791 748
1 5 1460 511 1788 2319 507 385 966 1791
1 5 2319 1788 522 1464 1791 966 298 517
1 5 1582 2319 1464 521 748 1791 517 91
1 5 505 281 506 1462 1712 893 1792 2320
1 5 1462 506 385 507 2320 1792 968 1793
1 5 508 1462 507 257 1595 2320 1793 764
1 5 763 1712 2320 1595 57 537 1475 540
1 5 1712 893 1792 2320 537 131 538 1475
1 5 2320 1792 968 1793 1475 538 299 539
1 5 1595 2320 1793 764 540 1475 539 86
1 5 880 133 958 1784 1709 892 1794 2321
1 5 1784 958 297 959 2321 1794 971 1795
1 5 506 1784 959 385 1792 2321 1795 968
1 5 893 1709 2321 1792 131 890 1796 538
1 5 1709 892 1794 2321 890 30 969 1796
1 5 2321 1794 971 1795 1796 969 151 970
1 5 1792 2321 1795 968 538 1796 970 299
1 5 959 297 964 1789 1795 971 1797 2322
1 5 1789 964 153 965 2322 1797 975 1798
1 5 966 1789 965 298 1799 2322 1798 976
1 5 968 1795 2322 1799 299 970 1800 974
1 5 1795 971 1797 2322 970 151 972 1800
1 5 2322 1797 975 1798 1800 972 59 973
1 5 1799 2322 1798 976 974 1800 973 152
1 5 507 385 966 1791 1793 968 1799 2323
1 5 1791 966 298 517 2323 1799 976 1801
1 5 748 1791 517 91 1598 2323 1801 768
1 5 764 1793 2323 1598 86 539 1802 765
1 5 1793 968 1799 2323 539 299 974 1802
1 5 2323 1799 976 1801 1802 974 152 549
1 5 1598 2323 1801 768 765 1802 549 76
1 5 962 22 977 1803 1787 967 1804 2324
1 5 1803 977 154 978 2324 1804 981 1805
1 5 514 1803 978 300 1465 2324 1805 523
1 5 522 1787 2324 1465 298 965 1806 518
1 5 1787 967 1804 2324 965 153 979 1806
1 5 2324 1804 981 1805 1806 979 301 980
1 5 1465 2324 1805 523 518 1806 980 386
1 5 978 154 982 1807 1805 981 1808 2325
1 5 1807 982 1 983 2325 1808 988 1809
1 5 984 1807 983 155 1810 2325 1809 989
1 5 523 1805 2325 1810 386 980 1811 987
1 5 1805 981 1808 2325 980 301 985 1811
1 5 2325 1808 988 1809 1811 985 160 986
1 5 1810 2325 1809 989 987 1811 986 302
1 5 515 300 984 1812 1466 523 1810 2326
1 5 1812 984 155 990 2326 1810 989 1813
1 5 991 1812 990 23 1814 2326 1813 994
1 5 524 1466 2326 1814 303 519 1815 993
1 5 1466 523 1810 2326 519 386 987 1815
1 5 2326 1810 989 1813 1815 987 302 992
1 5 1814 2326 1813 994 993 1815 992 161
1 5 517 298 518 1468 1801 976 1816 2327
1 5 1468 518 386 519 2327 1816 995 1817
1 5 520 1468 519 303 1818 2327 1817 996
1 5 768 1801 2327 1818 76 549 1481 552
1 5 1801 976 1816 2327 549 152 550 1481
1 5 2327 1816 995 1817 1481 550 304 551
1 5 1818 2327 1817 996 552 1481 551 159
1 5 965 153 979 1806 1798 975 1819 2328
1 5 1806 979 301 980 2328 1819 999 1820
1 5 518 1806 980 386 1816 2328 1820 995
1 5 976 1798 2328 1816 152 973 1821 550
1 5 1798 975 1819 2328 973 59 997 1821
1 5 2328 1819 999 1820 1821 997 157 998
1 5 1816 2328 1820 995 550 1821 998 304
1 5 980 301 985 1811 1820 999 1822 2329
1 5 1811 985 160 986 2329 1822 1003 1823
1 5 987 1811 986 302 1824 2329 1823 1004
1 5 995 1820 2329 1824 304 998 1825 1002
1 5 1820 999 1822 2329 998 157 1000 1825
1 5 2329 1822 1003 1823 1825 1000 34 1001
1 5 1824 2329 1823 1004 1002 1825 1001 158
1 5 519 386 987 1815 1817 995 1824 2330
1 5 1815 987 302 992 2330 1824 1004 1826
1 5 993 1815 992 161 1827 2330 1826 1007
1 5 996 1817 2330 1827 159 551 1828 1006
1 5 1817 995 1824 2330 551 304 1002 1828
1 5 2330 1824 1004 1826 1828 1002 158 1005
1 5 1827 2330 1826 1007 1006 1828 1005 60
1 5 761 57 540 1597 1762 545 1479 2331
1 5 1597 540 86 762 2331 1479 548 1829
1 5 526 1597 762 260 1471 2331 1829 535
1 5 534 1762 2331 1471 293 939 1830 530
1 5 1762 545 1479 2331 939 144 544 1830
1 5 2331 1479 548 1829 1830 544 305 1008
1 5 1471 2331 1829 535 530 1830 1008 387
1 5 762 86 765 1601 1829 548 1831 2332
1 5 1601 765 76 766 2332 1831 557 1832
1 5 767 1601 766 87 1833 2332 1832 570
1 5 535 1829 2332 1833 387 1008 1834 1011
1 5 1829 548 1831 2332 1008 305 1009 1834
1 5 2332 1831 557 1832 1834 1009 162 1010
1 5 1833 2332 1832 570 1011 1834 1010 306
1 5 527 260 767 1604 1472 535 1833 2333
1 5 1604 767 87 561 2333 1833 570 1488
1 5 770 1604 561 61 1835 2333 1488 569
1 5 536 1472 2333 1835 307 531 1836 1012
1 5 1472 535 1833 2333 531 387 1011 1836
1 5 2333 1833 570 1488 1836 1011 306 565
1 5 1835 2333 1488 569 1012 1836 565 163
1 5 529 293 530 1474 1778 953 1837 2334
1 5 1474 530 387 531 2334 1837 1013 1838
1 5 532 1474 531 307 1839 2334 1838 1014
1 5 955 1778 2334 1839 12 417 1415 420
1 5 1778 953 1837 2334 417 93 418 1415
1 5 2334 1837 1013 1838 1415 418 261 419
1 5 1839 2334 1838 1014 420 1415 419 96
1 5 939 144 544 1830 1775 936 1840 2335
1 5 1830 544 305 1008 2335 1840 1015 1841
1 5 530 1830 1008 387 1837 2335 1841 1013
1 5 953 1775 2335 1837 93 772 1605 418
1 5 1775 936 1840 2335 772 29 624 1605
1 5 2335 1840 1015 1841 1605 624 94 773
1 5 1837 2335 1841 1013 418 1605 773 261
1 5 1008 305 1009 1834 1841 1015 1842 2336
1 5 1834 1009 162 1010 2336 1842 1016 1843
1 5 1011 1834 1010 306 1844 2336 1843 1017
1 5 1013 1841 2336 1844 261 773 1609 778
1 5 1841 1015 1842 2336 773 94 776 1609
1 5 2336 1842 1016 1843 1609 776 62 777
1 5 1844 2336 1843 1017 778 1609 777 95
1 5 531 387 1011 1836 1838 1013 1844 2337
1 5 1836 1011 306 565 2337 1844 1017 1845
1 5 1012 1836 565 163 1846 2337 1845 1018
1 5 1014 1838 2337 1846 96 419 1614 782
1 5 1838 1013 1844 2337 419 261 778 1614
1 5 2337 1844 1017 1845 1614 778 95 645
1 5 1846 2337 1845 1018 782 1614 645 33
1 5 890 30 969 1796 1738 915 1847 2338
1 5 1796 969 151 970 2338 1847 1021 1848
1 5 538 1796 970 299 1477 2338 1848 547
1 5 546 1738 2338 1477 289 913 1849 542
1 5 1738 915 1847 2338 913 143 1019 1849
1 5 2338 1847 1021 1848 1849 1019 308 1020
1 5 1477 2338 1848 547 542 1849 1020 388
1 5 970 151 972 1800 1848 1021 1850 2339
1 5 1800 972 59 973 2339 1850 1025 1851
1 5 974 1800 973 152 1852 2339 1851 558
1 5 547 1848 2339 1852 388 1020 1853 1024
1 5 1848 1021 1850 2339 1020 308 1022 1853
1 5 2339 1850 1025 1851 1853 1022 166 1023
1 5 1852 2339 1851 558 1024 1853 1023 309
1 5 539 299 974 1802 1478 547 1852 2340
1 5 1802 974 152 549 2340 1852 558 1482
1 5 765 1802 549 76 1831 2340 1482 557
1 5 548 1478 2340 1831 305 543 1854 1009
1 5 1478 547 1852 2340 543 388 1024 1854
1 5 2340 1852 558 1482 1854 1024 309 553
1 5 1831 2340 1482 557 1009 1854 553 162
1 5 541 289 542 1480 1756 934 1855 2341
1 5 1480 542 388 543 2341 1855 1026 1856
1 5 544 1480 543 305 1840 2341 1856 1015
1 5 936 1756 2341 1840 29 621 1517 624
1 5 1756 934 1855 2341 621 139 622 1517
1 5 2341 1855 1026 1856 1517 622 310 623
1 5 1840 2341 1856 1015 624 1517 623 94
1 5 913 143 1019 1849 1753 933 1857 2342
1 5 1849 1019 308 1020 2342 1857 1029 1858
1 5 542 1849 1020 388 1855 2342 1858 1026
1 5 934 1753 2342 1855 139 931 1859 622
1 5 1753 933 1857 2342 931 9 1027 1859
1 5 2342 1857 1029 1858 1859 1027 164 1028
