MFEM mesh v1.0

#
# MFEM Geometry Types (see mesh/geom.hpp):
#
# POINT       = 0
# SEGMENT     = 1
# TRIANGLE    = 2
# SQUARE      = 3
# TETRAHEDRON = 4
# CUBE        = 5
#

dimension
3

elements
1792
1 5 2 403 1405 406 411 1406 2229 1409
1 5 7 415 1411 418 423 1412 2230 1415
1 5 14 427 1417 430 435 1418 2231 1421
1 5 44 439 1423 442 447 1424 2232 1427
1 5 45 451 1429 454 459 1430 2233 1433
1 5 49 463 1435 466 471 1436 2234 1439
1 5 24 475 1441 478 483 1442 2235 1445
1 5 73 487 1447 490 495 1448 2236 1451
1 5 55 499 1453 502 507 1454 2237 1457
1 5 50 511 1459 514 519 1460 2238 1463
1 5 43 523 1465 526 531 1466 2239 1469
1 5 74 535 1471 538 543 1472 2240 1475
1 5 52 547 1477 550 555 1478 2241 1481
1 5 56 559 1483 562 567 1484 2242 1487
1 5 28 571 1489 574 579 1490 2243 1493
1 5 75 583 1495 586 591 1496 2244 1499
1 5 60 595 1501 598 603 1502 2245 1505
1 5 57 607 1507 610 615 1508 2246 1511
1 5 76 619 1513 622 627 1514 2247 1517
1 5 20 631 1519 634 639 1520 2248 1523
1 5 54 643 1525 646 651 1526 2249 1529
1 5 62 655 1531 658 663 1532 2250 1535
1 5 78 667 1537 670 675 1538 2251 1541
1 5 27 679 1543 682 687 1544 2252 1547
1 5 65 691 1549 694 699 1550 2253 1553
1 5 18 703 1555 706 711 1556 2254 1559
1 5 34 715 1561 718 723 1562 2255 1565
1 5 66 727 1567 730 735 1568 2256 1571
1 5 80 739 1573 404 412 1574 2257 1407
1 5 253 741 1578 749 413 1576 2258 1581
1 5 83 405 1583 756 414 1408 2259 1585
1 5 88 407 1410 410 760 1587 2260 1590
1 5 254 742 1577 408 761 1591 2261 1588
1 5 375 744 1582 752 762 1593 2262 1597
1 5 257 409 1586 758 763 1589 2263 1600
1 5 92 776 1602 416 424 1603 2264 1413
1 5 259 777 1606 782 425 1604 2265 1609
1 5 95 417 1611 786 426 1414 2266 1612
1 5 100 419 1416 422 788 1614 2267 1617
1 5 260 778 1605 420 789 1618 2268 1615
1 5 376 779 1610 785 790 1620 2269 1624
1 5 263 421 1613 787 791 1616 2270 1627
1 5 104 804 1629 428 436 1630 2271 1419
1 5 265 805 1633 809 437 1631 2272 1635
1 5 106 429 1637 812 438 1420 2273 1638
1 5 110 431 1422 434 814 1640 2274 1643
1 5 266 806 1632 432 815 1644 2275 1641
1 5 377 807 1636 811 816 1645 2276 1648
1 5 268 433 1639 813 817 1642 2277 1651
1 5 105 808 1653 440 448 1634 2278 1425
1 5 270 827 1657 833 449 1655 2279 1660
1 5 114 441 1662 840 450 1426 2280 1664
1 5 111 443 1428 446 825 1650 2281 1668
1 5 267 810 1656 444 822 1647 2282 1666
1 5 378 829 1661 836 847 1671 2283 1675
1 5 273 445 1665 842 848 1667 2284 1678
1 5 107 818 1646 452 460 1680 2285 1431
1 5 269 819 1649 821 461 1681 2286 1685
1 5 109 453 1652 824 462 1432 2287 1688
1 5 123 455 1434 458 874 1690 2288 1693
1 5 275 860 1682 456 875 1695 2289 1691
1 5 379 861 1686 864 876 1697 2290 1701
1 5 278 457 1689 868 877 1692 2291 1704
1 5 127 889 1706 464 472 1707 2292 1437
1 5 280 891 1711 899 473 1709 2293 1714
1 5 130 465 1716 906 474 1438 2294 1718
1 5 135 467 1440 470 909 1720 2295 1723
1 5 281 892 1710 468 910 1724 2296 1721
1 5 380 894 1715 902 911 1726 2297 1730
1 5 284 469 1719 908 912 1722 2298 1733
1 5 138 924 1735 476 484 1736 2299 1443
1 5 286 925 1739 928 485 1737 2300 1740
1 5 139 477 1742 930 486 1444 2301 1743
1 5 142 479 1446 482 932 1745 2302 1748
1 5 287 926 1738 480 933 1749 2303 1746
1 5 381 927 1741 929 934 1750 2304 1752
1 5 288 481 1744 931 935 1747 2305 1754
1 5 131 913 1727 488 496 1756 2306 1449
1 5 285 915 1731 920 497 1758 2307 1762
1 5 134 489 1734 923 498 1450 2308 1764
1 5 147 491 1452 494 950 1766 2309 1769
1 5 290 940 1759 492 951 1770 2310 1767
1 5 382 942 1763 947 952 1772 2311 1776
1 5 293 493 1765 949 953 1768 2312 1779
1 5 140 936 1751 500 508 1781 2313 1455
1 5 289 937 1753 938 509 1782 2314 1785
1 5 141 501 1755 939 510 1456 2315 1787
1 5 153 503 1458 506 971 1789 2316 1792
1 5 295 966 1783 504 972 1793 2317 1790
1 5 383 967 1786 969 973 1794 2318 1797
1 5 297 505 1788 970 974 1791 2319 1800
1 5 154 980 1802 512 520 1803 2320 1461
1 5 299 981 1806 984 521 1804 2321 1807
1 5 155 513 1809 986 522 1462 2322 1810
1 5 158 515 1464 518 988 1812 2323 1815
1 5 300 982 1805 516 989 1816 2324 1813
1 5 384 983 1808 985 990 1817 2325 1819
1 5 301 517 1811 987 991 1814 2326 1821
1 5 159 996 1823 524 532 1824 2327 1467
1 5 303 998 1828 1005 533 1826 2328 1831
1 5 161 525 1833 1009 534 1468 2329 1834
1 5 166 527 1470 530 1015 1836 2330 1839
1 5 304 999 1827 528 1016 1841 2331 1837
1 5 385 1001 1832 1008 1017 1843 2332 1847
1 5 307 529 1835 1010 1018 1838 2333 1850
1 5 156 992 1818 536 544 1830 2334 1473
1 5 302 993 1820 994 545 1852 2335 1854
1 5 157 537 1822 995 546 1474 2336 1856
1 5 168 539 1476 542 1029 1849 2337 1860
1 5 306 1007 1853 540 1027 1846 2338 1858
1 5 386 1030 1855 1031 1033 1861 2339 1863
1 5 309 541 1857 1032 1034 1859 2340 1865
1 5 170 1038 1867 548 556 1868 2341 1479
1 5 311 1039 1871 1043 557 1869 2342 1873
1 5 172 549 1875 1048 558 1480 2343 1877
1 5 176 551 1482 554 1056 1879 2344 1882
1 5 312 1040 1870 552 1057 1884 2345 1880
1 5 387 1041 1874 1045 1058 1885 2346 1888
1 5 314 553 1878 1050 1059 1881 2347 1891
1 5 143 954 1773 560 568 1893 2348 1485
1 5 294 956 1777 961 569 1895 2349 1899
1 5 146 561 1780 964 570 1486 2350 1901
1 5 182 563 1488 566 1078 1903 2351 1906
1 5 316 1068 1896 564 1079 1907 2352 1904
1 5 388 1070 1900 1075 1080 1909 2353 1913
1 5 319 565 1902 1077 1081 1905 2354 1916
1 5 151 975 1795 572 580 1918 2355 1491
1 5 298 976 1798 977 581 1919 2356 1921
1 5 152 573 1801 979 582 1492 2357 1923
1 5 187 575 1494 578 1098 1925 2358 1928
1 5 321 1094 1920 576 1099 1929 2359 1926
1 5 389 1095 1922 1096 1100 1930 2360 1932
1 5 322 577 1924 1097 1101 1927 2361 1934
1 5 178 1082 1910 584 592 1936 2362 1497
1 5 320 1084 1914 1089 593 1938 2363 1942
1 5 181 585 1917 1093 594 1498 2364 1945
1 5 192 587 1500 590 1123 1947 2365 1950
1 5 324 1106 1939 588 1124 1952 2366 1948
1 5 390 1108 1943 1113 1125 1954 2367 1958
1 5 327 589 1946 1117 1126 1949 2368 1961
1 5 185 1102 1931 596 604 1963 2369 1503
1 5 323 1103 1933 1104 605 1964 2370 1967
1 5 186 597 1935 1105 606 1504 2371 1969
1 5 199 599 1506 602 1149 1971 2372 1974
1 5 329 1140 1965 600 1150 1976 2373 1972
1 5 391 1141 1968 1143 1151 1977 2374 1980
1 5 331 601 1970 1144 1152 1973 2375 1983
1 5 164 1025 1862 608 616 1985 2376 1509
1 5 310 1035 1864 1036 617 1986 2377 1989
1 5 169 609 1866 1037 618 1510 2378 1992
1 5 204 611 1512 614 1169 1994 2379 1997
1 5 333 1161 1987 612 1170 1998 2380 1995
1 5 392 1162 1990 1164 1171 1999 2381 2002
1 5 335 613 1993 1167 1172 1996 2382 2005
1 5 201 1173 2000 620 628 2007 2383 1515
1 5 336 1174 2003 1176 629 2008 2384 2011
1 5 203 621 2006 1178 630 1516 2385 2013
1 5 209 623 1518 626 1189 2015 2386 2018
1 5 337 1180 2009 624 1190 2020 2387 2016
1 5 393 1181 2012 1183 1191 2021 2388 2024
1 5 339 625 2014 1184 1192 2017 2389 2027
1 5 84 764 1594 632 640 1784 2390 1521
1 5 258 765 1598 770 641 2029 2391 2033
1 5 87 633 1601 774 642 1522 2392 1683
1 5 124 635 1524 638 880 1799 2393 1696
1 5 296 968 2030 636 978 1796 2394 2037
1 5 394 1201 2034 1204 1208 2040 2395 2043
1 5 276 637 2036 862 881 2038 2396 1699
1 5 133 919 2045 644 652 1761 2397 1527
1 5 343 1213 2049 1219 653 2047 2398 2052
1 5 85 645 2054 768 654 1528 2399 2031
1 5 150 647 1530 650 965 1778 2400 2039
1 5 292 946 2048 648 963 1775 2401 2057
1 5 395 1215 2053 1222 1227 2060 2402 2064
1 5 341 649 2056 1202 1209 2058 2403 2041
1 5 202 1175 2068 656 664 2010 2404 1533
1 5 347 1236 2071 1239 665 2069 2405 2074
1 5 218 657 2076 1243 666 1534 2406 2077
1 5 210 659 1536 662 1200 2026 2407 2081
1 5 338 1182 2070 660 1197 2023 2408 2079
1 5 396 1237 2075 1242 1248 2084 2409 2088
1 5 350 661 2078 1244 1249 2080 2410 2091
1 5 217 1238 2093 668 676 2073 2411 1539
1 5 352 1261 2096 1265 677 2094 2412 2099
1 5 226 669 2101 1272 678 1540 2413 2103
1 5 223 671 1542 674 1260 2090 2414 2107
1 5 349 1241 2095 672 1257 2087 2415 2105
1 5 397 1262 2100 1268 1279 2110 2416 2114
1 5 355 673 2104 1274 1280 2106 2417 2117
1 5 145 960 2061 680 688 1898 2418 1545
1 5 346 1229 2065 1233 689 2120 2419 2124
1 5 93 681 2067 780 690 1546 2420 1607
1 5 101 683 1548 686 795 1915 2421 1619
1 5 318 1074 2121 684 1091 1912 2422 2127
1 5 398 1293 2125 1297 1301 2131 2423 2135
1 5 261 685 2126 783 796 2128 2424 1622
1 5 215 1232 2139 692 700 2123 2425 1551
1 5 360 1312 2143 1318 701 2141 2426 2146
1 5 237 693 2148 1325 702 1552 2427 2150
1 5 102 695 1554 698 800 2137 2428 2154
1 5 358 1296 2142 696 1309 2134 2429 2152
1 5 399 1314 2147 1321 1332 2157 2430 2161
1 5 363 697 2151 1327 1333 2153 2431 2164
1 5 94 781 2166 704 712 1608 2432 1557
1 5 365 1345 2169 1348 713 2167 2433 2171
1 5 244 705 2173 1353 714 1558 2434 2175
1 5 103 707 1560 710 803 1626 2435 2179
1 5 262 784 2168 708 801 1623 2436 2177
1 5 400 1346 2172 1350 1357 2180 2437 2183
1 5 367 709 2176 1355 1358 2178 2438 2186
1 5 96 792 1621 716 724 1966 2439 1563
1 5 264 794 1625 799 725 2189 2440 2193
1 5 99 717 1628 802 726 1564 2441 2072
1 5 200 719 1566 722 1160 1982 2442 2083
1 5 330 1142 2190 720 1157 1979 2443 2196
1 5 401 1366 2194 1370 1374 2200 2444 2204
1 5 348 721 2195 1240 1252 2197 2445 2086
1 5 98 798 2181 728 736 2192 2446 1569
1 5 368 1359 2184 1361 737 2209 2447 2213
1 5 224 729 2187 1263 738 1570 2448 2097
1 5 222 731 1572 734 1256 2206 2449 2109
1 5 370 1369 2210 732 1382 2203 2450 2217
1 5 402 1385 2214 1389 1395 2221 2451 2225
1 5 353 733 2216 1266 1283 2218 2452 2112
1 5 403 80 404 1405 1406 412 1407 2229
1 5 1405 404 253 405 2229 1407 413 1408
1 5 406 1405 405 83 1409 2229 1408 414
1 5 411 1406 2229 1409 88 407 1410 410
1 5 1406 412 1407 2229 407 254 408 1410
1 5 2229 1407 413 1408 1410 408 375 409
1 5 1409 2229 1408 414 410 1410 409 257
1 5 415 92 416 1411 1412 424 1413 2230
1 5 1411 416 259 417 2230 1413 425 1414
1 5 418 1411 417 95 1415 2230 1414 426
1 5 423 1412 2230 1415 100 419 1416 422
1 5 1412 424 1413 2230 419 260 420 1416
1 5 2230 1413 425 1414 1416 420 376 421
1 5 1415 2230 1414 426 422 1416 421 263
1 5 427 104 428 1417 1418 436 1419 2231
1 5 1417 428 265 429 2231 1419 437 1420
1 5 430 1417 429 106 1421 2231 1420 438
1 5 435 1418 2231 1421 110 431 1422 434
1 5 1418 436 1419 2231 431 266 432 1422
1 5 2231 1419 437 1420 1422 432 377 433
1 5 1421 2231 1420 438 434 1422 433 268
1 5 439 105 440 1423 1424 448 1425 2232
1 5 1423 440 270 441 2232 1425 449 1426
1 5 442 1423 441 114 1427 2232 1426 450
1 5 447 1424 2232 1427 111 443 1428 446
1 5 1424 448 1425 2232 443 267 444 1428
1 5 2232 1425 449 1426 1428 444 378 445
1 5 1427 2232 1426 450 446 1428 445 273
1 5 451 107 452 1429 1430 460 1431 2233
1 5 1429 452 269 453 2233 1431 461 1432
1 5 454 1429 453 109 1433 2233 1432 462
1 5 459 1430 2233 1433 123 455 1434 458
1 5 1430 460 1431 2233 455 275 456 1434
1 5 2233 1431 461 1432 1434 456 379 457
1 5 1433 2233 1432 462 458 1434 457 278
1 5 463 127 464 1435 1436 472 1437 2234
1 5 1435 464 280 465 2234 1437 473 1438
1 5 466 1435 465 130 1439 2234 1438 474
1 5 471 1436 2234 1439 135 467 1440 470
1 5 1436 472 1437 2234 467 281 468 1440
1 5 2234 1437 473 1438 1440 468 380 469
1 5 1439 2234 1438 474 470 1440 469 284
1 5 475 138 476 1441 1442 484 1443 2235
1 5 1441 476 286 477 2235 1443 485 1444
1 5 478 1441 477 139 1445 2235 1444 486
1 5 483 1442 2235 1445 142 479 1446 482
1 5 1442 484 1443 2235 479 287 480 1446
1 5 2235 1443 485 1444 1446 480 381 481
1 5 1445 2235 1444 486 482 1446 481 288
1 5 487 131 488 1447 1448 496 1449 2236
1 5 1447 488 285 489 2236 1449 497 1450
1 5 490 1447 489 134 1451 2236 1450 498
1 5 495 1448 2236 1451 147 491 1452 494
1 5 1448 496 1449 2236 491 290 492 1452
1 5 2236 1449 497 1450 1452 492 382 493
1 5 1451 2236 1450 498 494 1452 493 293
1 5 499 140 500 1453 1454 508 1455 2237
1 5 1453 500 289 501 2237 1455 509 1456
1 5 502 1453 501 141 1457 2237 1456 510
1 5 507 1454 2237 1457 153 503 1458 506
1 5 1454 508 1455 2237 503 295 504 1458
1 5 2237 1455 509 1456 1458 504 383 505
1 5 1457 2237 1456 510 506 1458 505 297
1 5 511 154 512 1459 1460 520 1461 2238
1 5 1459 512 299 513 2238 1461 521 1462
1 5 514 1459 513 155 1463 2238 1462 522
1 5 519 1460 2238 1463 158 515 1464 518
1 5 1460 520 1461 2238 515 300 516 1464
1 5 2238 1461 521 1462 1464 516 384 517
1 5 1463 2238 1462 522 518 1464 517 301
1 5 523 159 524 1465 1466 532 1467 2239
1 5 1465 524 303 525 2239 1467 533 1468
1 5 526 1465 525 161 1469 2239 1468 534
1 5 531 1466 2239 1469 166 527 1470 530
1 5 1466 532 1467 2239 527 304 528 1470
1 5 2239 1467 533 1468 1470 528 385 529
1 5 1469 2239 1468 534 530 1470 529 307
1 5 535 156 536 1471 1472 544 1473 2240
1 5 1471 536 302 537 2240 1473 545 1474
1 5 538 1471 537 157 1475 2240 1474 546
1 5 543 1472 2240 1475 168 539 1476 542
1 5 1472 544 1473 2240 539 306 540 1476
1 5 2240 1473 545 1474 1476 540 386 541
1 5 1475 2240 1474 546 542 1476 541 309
1 5 547 170 548 1477 1478 556 1479 2241
1 5 1477 548 311 549 2241 1479 557 1480
1 5 550 1477 549 172 1481 2241 1480 558
1 5 555 1478 2241 1481 176 551 1482 554
1 5 1478 556 1479 2241 551 312 552 1482
1 5 2241 1479 557 1480 1482 552 387 553
1 5 1481 2241 1480 558 554 1482 553 314
1 5 559 143 560 1483 1484 568 1485 2242
1 5 1483 560 294 561 2242 1485 569 1486
1 5 562 1483 561 146 1487 2242 1486 570
1 5 567 1484 2242 1487 182 563 1488 566
1 5 1484 568 1485 2242 563 316 564 1488
1 5 2242 1485 569 1486 1488 564 388 565
1 5 1487 2242 1486 570 566 1488 565 319
1 5 571 151 572 1489 1490 580 1491 2243
1 5 1489 572 298 573 2243 1491 581 1492
1 5 574 1489 573 152 1493 2243 1492 582
1 5 579 1490 2243 1493 187 575 1494 578
1 5 1490 580 1491 2243 575 321 576 1494
1 5 2243 1491 581 1492 1494 576 389 577
1 5 1493 2243 1492 582 578 1494 577 322
1 5 583 178 584 1495 1496 592 1497 2244
1 5 1495 584 320 585 2244 1497 593 1498
1 5 586 1495 585 181 1499 2244 1498 594
1 5 591 1496 2244 1499 192 587 1500 590
1 5 1496 592 1497 2244 587 324 588 1500
1 5 2244 1497 593 1498 1500 588 390 589
1 5 1499 2244 1498 594 590 1500 589 327
1 5 595 185 596 1501 1502 604 1503 2245
1 5 1501 596 323 597 2245 1503 605 1504
1 5 598 1501 597 186 1505 2245 1504 606
1 5 603 1502 2245 1505 199 599 1506 602
1 5 1502 604 1503 2245 599 329 600 1506
1 5 2245 1503 605 1504 1506 600 391 601
1 5 1505 2245 1504 606 602 1506 601 331
1 5 607 164 608 1507 1508 616 1509 2246
1 5 1507 608 310 609 2246 1509 617 1510
1 5 610 1507 609 169 1511 2246 1510 618
1 5 615 1508 2246 1511 204 611 1512 614
1 5 1508 616 1509 2246 611 333 612 1512
1 5 2246 1509 617 1510 1512 612 392 613
1 5 1511 2246 1510 618 614 1512 613 335
1 5 619 201 620 1513 1514 628 1515 2247
1 5 1513 620 336 621 2247 1515 629 1516
1 5 622 1513 621 203 1517 2247 1516 630
1 5 627 1514 2247 1517 209 623 1518 626
1 5 1514 628 1515 2247 623 337 624 1518
1 5 2247 1515 629 1516 1518 624 393 625
1 5 1517 2247 1516 630 626 1518 625 339
1 5 631 84 632 1519 1520 640 1521 2248
1 5 1519 632 258 633 2248 1521 641 1522
1 5 634 1519 633 87 1523 2248 1522 642
1 5 639 1520 2248 1523 124 635 1524 638
1 5 1520 640 1521 2248 635 296 636 1524
1 5 2248 1521 641 1522 1524 636 394 637
1 5 1523 2248 1522 642 638 1524 637 276
1 5 643 133 644 1525 1526 652 1527 2249
1 5 1525 644 343 645 2249 1527 653 1528
1 5 646 1525 645 85 1529 2249 1528 654
1 5 651 1526 2249 1529 150 647 1530 650
1 5 1526 652 1527 2249 647 292 648 1530
1 5 2249 1527 653 1528 1530 648 395 649
1 5 1529 2249 1528 654 650 1530 649 341
1 5 655 202 656 1531 1532 664 1533 2250
1 5 1531 656 347 657 2250 1533 665 1534
1 5 658 1531 657 218 1535 2250 1534 666
1 5 663 1532 2250 1535 210 659 1536 662
1 5 1532 664 1533 2250 659 338 660 1536
1 5 2250 1533 665 1534 1536 660 396 661
1 5 1535 2250 1534 666 662 1536 661 350
1 5 667 217 668 1537 1538 676 1539 2251
1 5 1537 668 352 669 2251 1539 677 1540
1 5 670 1537 669 226 1541 2251 1540 678
1 5 675 1538 2251 1541 223 671 1542 674
1 5 1538 676 1539 2251 671 349 672 1542
1 5 2251 1539 677 1540 1542 672 397 673
1 5 1541 2251 1540 678 674 1542 673 355
1 5 679 145 680 1543 1544 688 1545 2252
1 5 1543 680 346 681 2252 1545 689 1546
1 5 682 1543 681 93 1547 2252 1546 690
1 5 687 1544 2252 1547 101 683 1548 686
1 5 1544 688 1545 2252 683 318 684 1548
1 5 2252 1545 689 1546 1548 684 398 685
1 5 1547 2252 1546 690 686 1548 685 261
1 5 691 215 692 1549 1550 700 1551 2253
1 5 1549 692 360 693 2253 1551 701 1552
1 5 694 1549 693 237 1553 2253 1552 702
1 5 699 1550 2253 1553 102 695 1554 698
1 5 1550 700 1551 2253 695 358 696 1554
1 5 2253 1551 701 1552 1554 696 399 697
1 5 1553 2253 1552 702 698 1554 697 363
1 5 703 94 704 1555 1556 712 1557 2254
1 5 1555 704 365 705 2254 1557 713 1558
1 5 706 1555 705 244 1559 2254 1558 714
1 5 711 1556 2254 1559 103 707 1560 710
1 5 1556 712 1557 2254 707 262 708 1560
1 5 2254 1557 713 1558 1560 708 400 709
1 5 1559 2254 1558 714 710 1560 709 367
1 5 715 96 716 1561 1562 724 1563 2255
1 5 1561 716 264 717 2255 1563 725 1564
1 5 718 1561 717 99 1565 2255 1564 726
1 5 723 1562 2255 1565 200 719 1566 722
1 5 1562 724 1563 2255 719 330 720 1566
1 5 2255 1563 725 1564 1566 720 401 721
1 5 1565 2255 1564 726 722 1566 721 348
1 5 727 98 728 1567 1568 736 1569 2256
1 5 1567 728 368 729 2256 1569 737 1570
1 5 730 1567 729 224 1571 2256 1570 738
1 5 735 1568 2256 1571 222 731 1572 734
1 5 1568 736 1569 2256 731 370 732 1572
1 5 2256 1569 737 1570 1572 732 402 733
1 5 1571 2256 1570 738 734 1572 733 353
1 5 739 23 740 1573 1574 745 1575 2257
1 5 1573 740 81 741 2257 1575 746 1576
1 5 404 1573 741 253 1407 2257 1576 413
1 5 412 1574 2257 1407 254 742 1577 408
1 5 1574 745 1575 2257 742 89 743 1577
1 5 2257 1575 746 1576 1577 743 255 744
1 5 1407 2257 1576 413 408 1577 744 375
1 5 741 81 747 1578 1576 746 1579 2258
1 5 1578 747 51 748 2258 1579 753 1580
1 5 749 1578 748 82 1581 2258 1580 754
1 5 413 1576 2258 1581 375 744 1582 752
1 5 1576 746 1579 2258 744 255 750 1582
1 5 2258 1579 753 1580 1582 750 90 751
1 5 1581 2258 1580 754 752 1582 751 256
1 5 405 253 749 1583 1408 413 1581 2259
1 5 1583 749 82 755 2259 1581 754 1584
1 5 756 1583 755 15 1585 2259 1584 759
1 5 414 1408 2259 1585 257 409 1586 758
1 5 1408 413 1581 2259 409 375 752 1586
1 5 2259 1581 754 1584 1586 752 256 757
1 5 1585 2259 1584 759 758 1586 757 91
1 5 407 254 408 1410 1587 761 1588 2260
1 5 1410 408 375 409 2260 1588 762 1589
1 5 410 1410 409 257 1590 2260 1589 763
1 5 760 1587 2260 1590 20 631 1519 634
1 5 1587 761 1588 2260 631 84 632 1519
1 5 2260 1588 762 1589 1519 632 258 633
1 5 1590 2260 1589 763 634 1519 633 87
1 5 742 89 743 1577 1591 766 1592 2261
1 5 1577 743 255 744 2261 1592 767 1593
1 5 408 1577 744 375 1588 2261 1593 762
1 5 761 1591 2261 1588 84 764 1594 632
1 5 1591 766 1592 2261 764 54 646 1594
1 5 2261 1592 767 1593 1594 646 85 765
1 5 1588 2261 1593 762 632 1594 765 258
1 5 744 255 750 1582 1593 767 1595 2262
1 5 1582 750 90 751 2262 1595 771 1596
1 5 752 1582 751 256 1597 2262 1596 772
1 5 762 1593 2262 1597 258 765 1598 770
1 5 1593 767 1595 2262 765 85 768 1598
1 5 2262 1595 771 1596 1598 768 77 769
1 5 1597 2262 1596 772 770 1598 769 86
1 5 409 375 752 1586 1589 762 1597 2263
1 5 1586 752 256 757 2263 1597 772 1599
1 5 758 1586 757 91 1600 2263 1599 775
1 5 763 1589 2263 1600 87 633 1601 774
1 5 1589 762 1597 2263 633 258 770 1601
1 5 2263 1597 772 1599 1601 770 86 773
1 5 1600 2263 1599 775 774 1601 773 46
1 5 776 27 682 1602 1603 687 1547 2264
1 5 1602 682 93 777 2264 1547 690 1604
1 5 416 1602 777 259 1413 2264 1604 425
1 5 424 1603 2264 1413 260 778 1605 420
1 5 1603 687 1547 2264 778 101 686 1605
1 5 2264 1547 690 1604 1605 686 261 779
1 5 1413 2264 1604 425 420 1605 779 376
1 5 777 93 780 1606 1604 690 1607 2265
1 5 1606 780 65 781 2265 1607 699 1608
1 5 782 1606 781 94 1609 2265 1608 712
1 5 425 1604 2265 1609 376 779 1610 785
1 5 1604 690 1607 2265 779 261 783 1610
1 5 2265 1607 699 1608 1610 783 102 784
1 5 1609 2265 1608 712 785 1610 784 262
1 5 417 259 782 1611 1414 425 1609 2266
1 5 1611 782 94 703 2266 1609 712 1556
1 5 786 1611 703 18 1612 2266 1556 711
1 5 426 1414 2266 1612 263 421 1613 787
1 5 1414 425 1609 2266 421 376 785 1613
1 5 2266 1609 712 1556 1613 785 262 707
1 5 1612 2266 1556 711 787 1613 707 103
1 5 419 260 420 1416 1614 789 1615 2267
1 5 1416 420 376 421 2267 1615 790 1616
1 5 422 1416 421 263 1617 2267 1616 791
1 5 788 1614 2267 1617 34 715 1561 718
1 5 1614 789 1615 2267 715 96 716 1561
1 5 2267 1615 790 1616 1561 716 264 717
1 5 1617 2267 1616 791 718 1561 717 99
1 5 778 101 686 1605 1618 795 1619 2268
1 5 1605 686 261 779 2268 1619 796 1620
1 5 420 1605 779 376 1615 2268 1620 790
1 5 789 1618 2268 1615 96 792 1621 716
1 5 1618 795 1619 2268 792 59 793 1621
1 5 2268 1619 796 1620 1621 793 97 794
1 5 1615 2268 1620 790 716 1621 794 264
1 5 779 261 783 1610 1620 796 1622 2269
1 5 1610 783 102 784 2269 1622 800 1623
1 5 785 1610 784 262 1624 2269 1623 801
1 5 790 1620 2269 1624 264 794 1625 799
1 5 1620 796 1622 2269 794 97 797 1625
1 5 2269 1622 800 1623 1625 797 79 798
1 5 1624 2269 1623 801 799 1625 798 98
1 5 421 376 785 1613 1616 790 1624 2270
1 5 1613 785 262 707 2270 1624 801 1626
1 5 787 1613 707 103 1627 2270 1626 803
1 5 791 1616 2270 1627 99 717 1628 802
1 5 1616 790 1624 2270 717 264 799 1628
1 5 2270 1624 801 1626 1628 799 98 727
1 5 1627 2270 1626 803 802 1628 727 66
1 5 804 2 406 1629 1630 411 1409 2271
1 5 1629 406 83 805 2271 1409 414 1631
1 5 428 1629 805 265 1419 2271 1631 437
1 5 436 1630 2271 1419 266 806 1632 432
1 5 1630 411 1409 2271 806 88 410 1632
1 5 2271 1409 414 1631 1632 410 257 807
1 5 1419 2271 1631 437 432 1632 807 377
1 5 805 83 756 1633 1631 414 1585 2272
1 5 1633 756 15 808 2272 1585 759 1634
1 5 809 1633 808 105 1635 2272 1634 448
1 5 437 1631 2272 1635 377 807 1636 811
1 5 1631 414 1585 2272 807 257 758 1636
1 5 2272 1585 759 1634 1636 758 91 810
1 5 1635 2272 1634 448 811 1636 810 267
1 5 429 265 809 1637 1420 437 1635 2273
1 5 1637 809 105 439 2273 1635 448 1424
1 5 812 1637 439 44 1638 2273 1424 447
1 5 438 1420 2273 1638 268 433 1639 813
1 5 1420 437 1635 2273 433 377 811 1639
1 5 2273 1635 448 1424 1639 811 267 443
1 5 1638 2273 1424 447 813 1639 443 111
1 5 431 266 432 1422 1640 815 1641 2274
1 5 1422 432 377 433 2274 1641 816 1642
1 5 434 1422 433 268 1643 2274 1642 817
1 5 814 1640 2274 1643 45 451 1429 454
1 5 1640 815 1641 2274 451 107 452 1429
1 5 2274 1641 816 1642 1429 452 269 453
1 5 1643 2274 1642 817 454 1429 453 109
1 5 806 88 410 1632 1644 760 1590 2275
1 5 1632 410 257 807 2275 1590 763 1645
1 5 432 1632 807 377 1641 2275 1645 816
1 5 815 1644 2275 1641 107 818 1646 452
1 5 1644 760 1590 2275 818 20 634 1646
1 5 2275 1590 763 1645 1646 634 87 819
1 5 1641 2275 1645 816 452 1646 819 269
1 5 807 257 758 1636 1645 763 1600 2276
1 5 1636 758 91 810 2276 1600 775 1647
1 5 811 1636 810 267 1648 2276 1647 822
1 5 816 1645 2276 1648 269 819 1649 821
1 5 1645 763 1600 2276 819 87 774 1649
1 5 2276 1600 775 1647 1649 774 46 820
1 5 1648 2276 1647 822 821 1649 820 108
1 5 433 377 811 1639 1642 816 1648 2277
1 5 1639 811 267 443 2277 1648 822 1650
1 5 813 1639 443 111 1651 2277 1650 825
1 5 817 1642 2277 1651 109 453 1652 824
1 5 1642 816 1648 2277 453 269 821 1652
1 5 2277 1648 822 1650 1652 821 108 823
1 5 1651 2277 1650 825 824 1652 823 72
1 5 808 15 826 1653 1634 759 1654 2278
1 5 1653 826 112 827 2278 1654 830 1655
1 5 440 1653 827 270 1425 2278 1655 449
1 5 448 1634 2278 1425 267 810 1656 444
1 5 1634 759 1654 2278 810 91 828 1656
1 5 2278 1654 830 1655 1656 828 271 829
1 5 1425 2278 1655 449 444 1656 829 378
1 5 827 112 831 1657 1655 830 1658 2279
1 5 1657 831 6 832 2279 1658 837 1659
1 5 833 1657 832 113 1660 2279 1659 838
1 5 449 1655 2279 1660 378 829 1661 836
1 5 1655 830 1658 2279 829 271 834 1661
1 5 2279 1658 837 1659 1661 834 118 835
1 5 1660 2279 1659 838 836 1661 835 272
1 5 441 270 833 1662 1426 449 1660 2280
1 5 1662 833 113 839 2280 1660 838 1663
1 5 840 1662 839 16 1664 2280 1663 843
1 5 450 1426 2280 1664 273 445 1665 842
1 5 1426 449 1660 2280 445 378 836 1665
1 5 2280 1660 838 1663 1665 836 272 841
1 5 1664 2280 1663 843 842 1665 841 119
1 5 443 267 444 1428 1650 822 1666 2281
1 5 1428 444 378 445 2281 1666 847 1667
1 5 446 1428 445 273 1668 2281 1667 848
1 5 825 1650 2281 1668 72 823 1669 846
1 5 1650 822 1666 2281 823 108 844 1669
1 5 2281 1666 847 1667 1669 844 274 845
1 5 1668 2281 1667 848 846 1669 845 117
1 5 810 91 828 1656 1647 775 1670 2282
1 5 1656 828 271 829 2282 1670 851 1671
1 5 444 1656 829 378 1666 2282 1671 847
1 5 822 1647 2282 1666 108 820 1672 844
1 5 1647 775 1670 2282 820 46 849 1672
1 5 2282 1670 851 1671 1672 849 115 850
1 5 1666 2282 1671 847 844 1672 850 274
1 5 829 271 834 1661 1671 851 1673 2283
1 5 1661 834 118 835 2283 1673 855 1674
1 5 836 1661 835 272 1675 2283 1674 856
1 5 847 1671 2283 1675 274 850 1676 854
1 5 1671 851 1673 2283 850 115 852 1676
1 5 2283 1673 855 1674 1676 852 21 853
1 5 1675 2283 1674 856 854 1676 853 116
1 5 445 378 836 1665 1667 847 1675 2284
1 5 1665 836 272 841 2284 1675 856 1677
1 5 842 1665 841 119 1678 2284 1677 859
1 5 848 1667 2284 1678 117 845 1679 858
1 5 1667 847 1675 2284 845 274 854 1679
1 5 2284 1675 856 1677 1679 854 116 857
1 5 1678 2284 1677 859 858 1679 857 47
1 5 818 20 634 1646 1680 639 1523 2285
1 5 1646 634 87 819 2285 1523 642 1681
1 5 452 1646 819 269 1431 2285 1681 461
1 5 460 1680 2285 1431 275 860 1682 456
1 5 1680 639 1523 2285 860 124 638 1682
1 5 2285 1523 642 1681 1682 638 276 861
1 5 1431 2285 1681 461 456 1682 861 379
1 5 819 87 774 1649 1681 642 1683 2286
1 5 1649 774 46 820 2286 1683 865 1684
1 5 821 1649 820 108 1685 2286 1684 866
1 5 461 1681 2286 1685 379 861 1686 864
1 5 1681 642 1683 2286 861 276 862 1686
1 5 2286 1683 865 1684 1686 862 125 863
1 5 1685 2286 1684 866 864 1686 863 277
1 5 453 269 821 1652 1432 461 1685 2287
1 5 1652 821 108 823 2287 1685 866 1687
1 5 824 1652 823 72 1688 2287 1687 869
1 5 462 1432 2287 1688 278 457 1689 868
1 5 1432 461 1685 2287 457 379 864 1689
1 5 2287 1685 866 1687 1689 864 277 867
1 5 1688 2287 1687 869 868 1689 867 126
1 5 455 275 456 1434 1690 875 1691 2288
1 5 1434 456 379 457 2288 1691 876 1692
1 5 458 1434 457 278 1693 2288 1692 877
1 5 874 1690 2288 1693 17 870 1694 873
1 5 1690 875 1691 2288 870 120 871 1694
1 5 2288 1691 876 1692 1694 871 279 872
1 5 1693 2288 1692 877 873 1694 872 122
1 5 860 124 638 1682 1695 880 1696 2289
1 5 1682 638 276 861 2289 1696 881 1697
1 5 456 1682 861 379 1691 2289 1697 876
1 5 875 1695 2289 1691 120 878 1698 871
1 5 1695 880 1696 2289 878 7 418 1698
1 5 2289 1696 881 1697 1698 418 95 879
1 5 1691 2289 1697 876 871 1698 879 279
1 5 861 276 862 1686 1697 881 1699 2290
1 5 1686 862 125 863 2290 1699 884 1700
1 5 864 1686 863 277 1701 2290 1700 885
1 5 876 1697 2290 1701 279 879 1702 883
1 5 1697 881 1699 2290 879 95 786 1702
1 5 2290 1699 884 1700 1702 786 18 882
1 5 1701 2290 1700 885 883 1702 882 121
1 5 457 379 864 1689 1692 876 1701 2291
1 5 1689 864 277 867 2291 1701 885 1703
1 5 868 1689 867 126 1704 2291 1703 888
1 5 877 1692 2291 1704 122 872 1705 887
1 5 1692 876 1701 2291 872 279 883 1705
1 5 2291 1701 885 1703 1705 883 121 886
1 5 1704 2291 1703 888 887 1705 886 48
1 5 889 22 890 1706 1707 895 1708 2292
1 5 1706 890 128 891 2292 1708 896 1709
1 5 464 1706 891 280 1437 2292 1709 473
1 5 472 1707 2292 1437 281 892 1710 468
1 5 1707 895 1708 2292 892 136 893 1710
1 5 2292 1708 896 1709 1710 893 282 894
1 5 1437 2292 1709 473 468 1710 894 380
1 5 891 128 897 1711 1709 896 1712 2293
1 5 1711 897 0 898 2293 1712 903 1713
1 5 899 1711 898 129 1714 2293 1713 904
1 5 473 1709 2293 1714 380 894 1715 902
1 5 1709 896 1712 2293 894 282 900 1715
1 5 2293 1712 903 1713 1715 900 137 901
1 5 1714 2293 1713 904 902 1715 901 283
1 5 465 280 899 1716 1438 473 1714 2294
1 5 1716 899 129 905 2294 1714 904 1717
1 5 906 1716 905 23 1718 2294 1717 745
1 5 474 1438 2294 1718 284 469 1719 908
1 5 1438 473 1714 2294 469 380 902 1719
1 5 2294 1714 904 1717 1719 902 283 907
1 5 1718 2294 1717 745 908 1719 907 89
1 5 467 281 468 1440 1720 910 1721 2295
1 5 1440 468 380 469 2295 1721 911 1722
1 5 470 1440 469 284 1723 2295 1722 912
1 5 909 1720 2295 1723 73 487 1447 490
1 5 1720 910 1721 2295 487 131 488 1447
1 5 2295 1721 911 1722 1447 488 285 489
1 5 1723 2295 1722 912 490 1447 489 134
1 5 892 136 893 1710 1724 916 1725 2296
1 5 1710 893 282 894 2296 1725 917 1726
1 5 468 1710 894 380 1721 2296 1726 911
1 5 910 1724 2296 1721 131 913 1727 488
1 5 1724 916 1725 2296 913 53 914 1727
1 5 2296 1725 917 1726 1727 914 132 915
1 5 1721 2296 1726 911 488 1727 915 285
1 5 894 282 900 1715 1726 917 1728 2297
1 5 1715 900 137 901 2297 1728 921 1729
1 5 902 1715 901 283 1730 2297 1729 922
1 5 911 1726 2297 1730 285 915 1731 920
1 5 1726 917 1728 2297 915 132 918 1731
1 5 2297 1728 921 1729 1731 918 29 919
1 5 1730 2297 1729 922 920 1731 919 133
1 5 469 380 902 1719 1722 911 1730 2298
1 5 1719 902 283 907 2298 1730 922 1732
1 5 908 1719 907 89 1733 2298 1732 766
1 5 912 1722 2298 1733 134 489 1734 923
1 5 1722 911 1730 2298 489 285 920 1734
1 5 2298 1730 922 1732 1734 920 133 643
1 5 1733 2298 1732 766 923 1734 643 54
1 5 924 49 466 1735 1736 471 1439 2299
1 5 1735 466 130 925 2299 1439 474 1737
1 5 476 1735 925 286 1443 2299 1737 485
1 5 484 1736 2299 1443 287 926 1738 480
1 5 1736 471 1439 2299 926 135 470 1738
1 5 2299 1439 474 1737 1738 470 284 927
1 5 1443 2299 1737 485 480 1738 927 381
1 5 925 130 906 1739 1737 474 1718 2300
1 5 1739 906 23 739 2300 1718 745 1574
1 5 928 1739 739 80 1740 2300 1574 412
1 5 485 1737 2300 1740 381 927 1741 929
1 5 1737 474 1718 2300 927 284 908 1741
1 5 2300 1718 745 1574 1741 908 89 742
1 5 1740 2300 1574 412 929 1741 742 254
1 5 477 286 928 1742 1444 485 1740 2301
1 5 1742 928 80 403 2301 1740 412 1406
1 5 930 1742 403 2 1743 2301 1406 411
1 5 486 1444 2301 1743 288 481 1744 931
1 5 1444 485 1740 2301 481 381 929 1744
1 5 2301 1740 412 1406 1744 929 254 407
1 5 1743 2301 1406 411 931 1744 407 88
1 5 479 287 480 1446 1745 933 1746 2302
1 5 1446 480 381 481 2302 1746 934 1747
1 5 482 1446 481 288 1748 2302 1747 935
1 5 932 1745 2302 1748 55 499 1453 502
1 5 1745 933 1746 2302 499 140 500 1453
1 5 2302 1746 934 1747 1453 500 289 501
1 5 1748 2302 1747 935 502 1453 501 141
1 5 926 135 470 1738 1749 909 1723 2303
1 5 1738 470 284 927 2303 1723 912 1750
1 5 480 1738 927 381 1746 2303 1750 934
1 5 933 1749 2303 1746 140 936 1751 500
1 5 1749 909 1723 2303 936 73 490 1751
1 5 2303 1723 912 1750 1751 490 134 937
1 5 1746 2303 1750 934 500 1751 937 289
1 5 927 284 908 1741 1750 912 1733 2304
1 5 1741 908 89 742 2304 1733 766 1591
1 5 929 1741 742 254 1752 2304 1591 761
1 5 934 1750 2304 1752 289 937 1753 938
1 5 1750 912 1733 2304 937 134 923 1753
1 5 2304 1733 766 1591 1753 923 54 764
1 5 1752 2304 1591 761 938 1753 764 84
1 5 481 381 929 1744 1747 934 1752 2305
1 5 1744 929 254 407 2305 1752 761 1587
1 5 931 1744 407 88 1754 2305 1587 760
1 5 935 1747 2305 1754 141 501 1755 939
1 5 1747 934 1752 2305 501 289 938 1755
1 5 2305 1752 761 1587 1755 938 84 631
1 5 1754 2305 1587 760 939 1755 631 20
1 5 913 53 914 1727 1756 943 1757 2306
1 5 1727 914 132 915 2306 1757 944 1758
1 5 488 1727 915 285 1449 2306 1758 497
1 5 496 1756 2306 1449 290 940 1759 492
1 5 1756 943 1757 2306 940 148 941 1759
1 5 2306 1757 944 1758 1759 941 291 942
1 5 1449 2306 1758 497 492 1759 942 382
1 5 915 132 918 1731 1758 944 1760 2307
1 5 1731 918 29 919 2307 1760 948 1761
1 5 920 1731 919 133 1762 2307 1761 652
1 5 497 1758 2307 1762 382 942 1763 947
1 5 1758 944 1760 2307 942 291 945 1763
1 5 2307 1760 948 1761 1763 945 149 946
1 5 1762 2307 1761 652 947 1763 946 292
1 5 489 285 920 1734 1450 497 1762 2308
1 5 1734 920 133 643 2308 1762 652 1526
1 5 923 1734 643 54 1764 2308 1526 651
1 5 498 1450 2308 1764 293 493 1765 949
1 5 1450 497 1762 2308 493 382 947 1765
1 5 2308 1762 652 1526 1765 947 292 647
1 5 1764 2308 1526 651 949 1765 647 150
1 5 491 290 492 1452 1766 951 1767 2309
1 5 1452 492 382 493 2309 1767 952 1768
1 5 494 1452 493 293 1769 2309 1768 953
1 5 950 1766 2309 1769 56 559 1483 562
1 5 1766 951 1767 2309 559 143 560 1483
1 5 2309 1767 952 1768 1483 560 294 561
1 5 1769 2309 1768 953 562 1483 561 146
1 5 940 148 941 1759 1770 957 1771 2310
1 5 1759 941 291 942 2310 1771 958 1772
1 5 492 1759 942 382 1767 2310 1772 952
1 5 951 1770 2310 1767 143 954 1773 560
1 5 1770 957 1771 2310 954 26 955 1773
1 5 2310 1771 958 1772 1773 955 144 956
1 5 1767 2310 1772 952 560 1773 956 294
1 5 942 291 945 1763 1772 958 1774 2311
1 5 1763 945 149 946 2311 1774 962 1775
1 5 947 1763 946 292 1776 2311 1775 963
1 5 952 1772 2311 1776 294 956 1777 961
1 5 1772 958 1774 2311 956 144 959 1777
1 5 2311 1774 962 1775 1777 959 5 960
1 5 1776 2311 1775 963 961 1777 960 145
1 5 493 382 947 1765 1768 952 1776 2312
1 5 1765 947 292 647 2312 1776 963 1778
1 5 949 1765 647 150 1779 2312 1778 965
1 5 953 1768 2312 1779 146 561 1780 964
1 5 1768 952 1776 2312 561 294 961 1780
1 5 2312 1776 963 1778 1780 961 145 679
1 5 1779 2312 1778 965 964 1780 679 27
1 5 936 73 490 1751 1781 495 1451 2313
1 5 1751 490 134 937 2313 1451 498 1782
1 5 500 1751 937 289 1455 2313 1782 509
1 5 508 1781 2313 1455 295 966 1783 504
1 5 1781 495 1451 2313 966 147 494 1783
1 5 2313 1451 498 1782 1783 494 293 967
1 5 1455 2313 1782 509 504 1783 967 383
1 5 937 134 923 1753 1782 498 1764 2314
1 5 1753 923 54 764 2314 1764 651 1784
1 5 938 1753 764 84 1785 2314 1784 640
1 5 509 1782 2314 1785 383 967 1786 969
1 5 1782 498 1764 2314 967 293 949 1786
1 5 2314 1764 651 1784 1786 949 150 968
1 5 1785 2314 1784 640 969 1786 968 296
1 5 501 289 938 1755 1456 509 1785 2315
1 5 1755 938 84 631 2315 1785 640 1520
1 5 939 1755 631 20 1787 2315 1520 639
1 5 510 1456 2315 1787 297 505 1788 970
1 5 1456 509 1785 2315 505 383 969 1788
1 5 2315 1785 640 1520 1788 969 296 635
1 5 1787 2315 1520 639 970 1788 635 124
1 5 503 295 504 1458 1789 972 1790 2316
1 5 1458 504 383 505 2316 1790 973 1791
1 5 506 1458 505 297 1792 2316 1791 974
1 5 971 1789 2316 1792 28 571 1489 574
1 5 1789 972 1790 2316 571 151 572 1489
1 5 2316 1790 973 1791 1489 572 298 573
1 5 1792 2316 1791 974 574 1489 573 152
1 5 966 147 494 1783 1793 950 1769 2317
1 5 1783 494 293 967 2317 1769 953 1794
1 5 504 1783 967 383 1790 2317 1794 973
1 5 972 1793 2317 1790 151 975 1795 572
1 5 1793 950 1769 2317 975 56 562 1795
1 5 2317 1769 953 1794 1795 562 146 976
1 5 1790 2317 1794 973 572 1795 976 298
1 5 967 293 949 1786 1794 953 1779 2318
1 5 1786 949 150 968 2318 1779 965 1796
1 5 969 1786 968 296 1797 2318 1796 978
1 5 973 1794 2318 1797 298 976 1798 977
1 5 1794 953 1779 2318 976 146 964 1798
1 5 2318 1779 965 1796 1798 964 27 776
1 5 1797 2318 1796 978 977 1798 776 92
1 5 505 383 969 1788 1791 973 1797 2319
1 5 1788 969 296 635 2319 1797 978 1799
1 5 970 1788 635 124 1800 2319 1799 880
1 5 974 1791 2319 1800 152 573 1801 979
1 5 1791 973 1797 2319 573 298 977 1801
1 5 2319 1797 978 1799 1801 977 92 415
1 5 1800 2319 1799 880 979 1801 415 7
1 5 980 24 478 1802 1803 483 1445 2320
1 5 1802 478 139 981 2320 1445 486 1804
1 5 512 1802 981 299 1461 2320 1804 521
1 5 520 1803 2320 1461 300 982 1805 516
1 5 1803 483 1445 2320 982 142 482 1805
1 5 2320 1445 486 1804 1805 482 288 983
1 5 1461 2320 1804 521 516 1805 983 384
1 5 981 139 930 1806 1804 486 1743 2321
1 5 1806 930 2 804 2321 1743 411 1630
1 5 984 1806 804 104 1807 2321 1630 436
1 5 521 1804 2321 1807 384 983 1808 985
1 5 1804 486 1743 2321 983 288 931 1808
1 5 2321 1743 411 1630 1808 931 88 806
1 5 1807 2321 1630 436 985 1808 806 266
1 5 513 299 984 1809 1462 521 1807 2322
1 5 1809 984 104 427 2322 1807 436 1418
1 5 986 1809 427 14 1810 2322 1418 435
1 5 522 1462 2322 1810 301 517 1811 987
1 5 1462 521 1807 2322 517 384 985 1811
1 5 2322 1807 436 1418 1811 985 266 431
1 5 1810 2322 1418 435 987 1811 431 110
1 5 515 300 516 1464 1812 989 1813 2323
1 5 1464 516 384 517 2323 1813 990 1814
1 5 518 1464 517 301 1815 2323 1814 991
1 5 988 1812 2323 1815 74 535 1471 538
1 5 1812 989 1813 2323 535 156 536 1471
1 5 2323 1813 990 1814 1471 536 302 537
1 5 1815 2323 1814 991 538 1471 537 157
1 5 982 142 482 1805 1816 932 1748 2324
1 5 1805 482 288 983 2324 1748 935 1817
1 5 516 1805 983 384 1813 2324 1817 990
1 5 989 1816 2324 1813 156 992 1818 536
1 5 1816 932 1748 2324 992 55 502 1818
1 5 2324 1748 935 1817 1818 502 141 993
1 5 1813 2324 1817 990 536 1818 993 302
1 5 983 288 931 1808 1817 935 1754 2325
1 5 1808 931 88 806 2325 1754 760 1644
1 5 985 1808 806 266 1819 2325 1644 815
1 5 990 1817 2325 1819 302 993 1820 994
1 5 1817 935 1754 2325 993 141 939 1820
1 5 2325 1754 760 1644 1820 939 20 818
1 5 1819 2325 1644 815 994 1820 818 107
1 5 517 384 985 1811 1814 990 1819 2326
1 5 1811 985 266 431 2326 1819 815 1640
1 5 987 1811 431 110 1821 2326 1640 814
1 5 991 1814 2326 1821 157 537 1822 995
1 5 1814 990 1819 2326 537 302 994 1822
1 5 2326 1819 815 1640 1822 994 107 451
1 5 1821 2326 1640 814 995 1822 451 45
1 5 996 13 997 1823 1824 1002 1825 2327
1 5 1823 997 160 998 2327 1825 1003 1826
1 5 524 1823 998 303 1467 2327 1826 533
1 5 532 1824 2327 1467 304 999 1827 528
1 5 1824 1002 1825 2327 999 167 1000 1827
1 5 2327 1825 1003 1826 1827 1000 305 1001
1 5 1467 2327 1826 533 528 1827 1001 385
1 5 998 160 1004 1828 1826 1003 1829 2328
1 5 1828 1004 55 992 2328 1829 507 1830
1 5 1005 1828 992 156 1831 2328 1830 544
1 5 533 1826 2328 1831 385 1001 1832 1008
1 5 1826 1003 1829 2328 1001 305 1006 1832
1 5 2328 1829 507 1830 1832 1006 153 1007
1 5 1831 2328 1830 544 1008 1832 1007 306
1 5 525 303 1005 1833 1468 533 1831 2329
1 5 1833 1005 156 535 2329 1831 544 1472
1 5 1009 1833 535 74 1834 2329 1472 543
1 5 534 1468 2329 1834 307 529 1835 1010
1 5 1468 533 1831 2329 529 385 1008 1835
1 5 2329 1831 544 1472 1835 1008 306 539
1 5 1834 2329 1472 543 1010 1835 539 168
1 5 527 304 528 1470 1836 1016 1837 2330
1 5 1470 528 385 529 2330 1837 1017 1838
1 5 530 1470 529 307 1839 2330 1838 1018
1 5 1015 1836 2330 1839 12 1011 1840 1014
1 5 1836 1016 1837 2330 1011 162 1012 1840
1 5 2330 1837 1017 1838 1840 1012 308 1013
1 5 1839 2330 1838 1018 1014 1840 1013 165
1 5 999 167 1000 1827 1841 1022 1842 2331
1 5 1827 1000 305 1001 2331 1842 1023 1843
1 5 528 1827 1001 385 1837 2331 1843 1017
1 5 1016 1841 2331 1837 162 1019 1844 1012
1 5 1841 1022 1842 2331 1019 10 1020 1844
1 5 2331 1842 1023 1843 1844 1020 163 1021
1 5 1837 2331 1843 1017 1012 1844 1021 308
1 5 1001 305 1006 1832 1843 1023 1845 2332
1 5 1832 1006 153 1007 2332 1845 971 1846
1 5 1008 1832 1007 306 1847 2332 1846 1027
1 5 1017 1843 2332 1847 308 1021 1848 1026
1 5 1843 1023 1845 2332 1021 163 1024 1848
1 5 2332 1845 971 1846 1848 1024 28 1025
1 5 1847 2332 1846 1027 1026 1848 1025 164
1 5 529 385 1008 1835 1838 1017 1847 2333
1 5 1835 1008 306 539 2333 1847 1027 1849
1 5 1010 1835 539 168 1850 2333 1849 1029
1 5 1018 1838 2333 1850 165 1013 1851 1028
1 5 1838 1017 1847 2333 1013 308 1026 1851
1 5 2333 1847 1027 1849 1851 1026 164 607
1 5 1850 2333 1849 1029 1028 1851 607 57
1 5 992 55 502 1818 1830 507 1457 2334
1 5 1818 502 141 993 2334 1457 510 1852
1 5 536 1818 993 302 1473 2334 1852 545
1 5 544 1830 2334 1473 306 1007 1853 540
1 5 1830 507 1457 2334 1007 153 506 1853
1 5 2334 1457 510 1852 1853 506 297 1030
1 5 1473 2334 1852 545 540 1853 1030 386
1 5 993 141 939 1820 1852 510 1787 2335
1 5 1820 939 20 818 2335 1787 639 1680
1 5 994 1820 818 107 1854 2335 1680 460
1 5 545 1852 2335 1854 386 1030 1855 1031
1 5 1852 510 1787 2335 1030 297 970 1855
1 5 2335 1787 639 1680 1855 970 124 860
1 5 1854 2335 1680 460 1031 1855 860 275
1 5 537 302 994 1822 1474 545 1854 2336
1 5 1822 994 107 451 2336 1854 460 1430
1 5 995 1822 451 45 1856 2336 1430 459
1 5 546 1474 2336 1856 309 541 1857 1032
1 5 1474 545 1854 2336 541 386 1031 1857
1 5 2336 1854 460 1430 1857 1031 275 455
1 5 1856 2336 1430 459 1032 1857 455 123
1 5 539 306 540 1476 1849 1027 1858 2337
1 5 1476 540 386 541 2337 1858 1033 1859
1 5 542 1476 541 309 1860 2337 1859 1034
1 5 1029 1849 2337 1860 57 607 1507 610
1 5 1849 1027 1858 2337 607 164 608 1507
1 5 2337 1858 1033 1859 1507 608 310 609
1 5 1860 2337 1859 1034 610 1507 609 169
1 5 1007 153 506 1853 1846 971 1792 2338
1 5 1853 506 297 1030 2338 1792 974 1861
1 5 540 1853 1030 386 1858 2338 1861 1033
1 5 1027 1846 2338 1858 164 1025 1862 608
1 5 1846 971 1792 2338 1025 28 574 1862
