MFEM mesh v1.0

#
# MFEM Geometry Types (see mesh/geom.hpp):
#
# POINT       = 0
# SEGMENT     = 1
# TRIANGLE    = 2
# SQUARE      = 3
# TETRAHEDRON = 4
# CUBE        = 5
#

dimension
3

elements
1792
1 5 7 381 1341 384 389 1342 2145 1345
1 5 12 393 1347 396 401 1348 2146 1351
1 5 19 405 1353 408 413 1354 2147 1357
1 5 46 417 1359 420 425 1360 2148 1363
1 5 24 429 1365 432 437 1366 2149 1369
1 5 15 441 1371 444 449 1372 2150 1375
1 5 45 453 1377 456 461 1378 2151 1381
1 5 67 465 1383 468 473 1384 2152 1387
1 5 49 477 1389 480 485 1390 2153 1393
1 5 13 489 1395 492 497 1396 2154 1399
1 5 51 501 1401 504 509 1402 2155 1405
1 5 16 513 1407 516 521 1408 2156 1411
1 5 43 525 1413 528 533 1414 2157 1417
1 5 68 537 1419 540 545 1420 2158 1423
1 5 69 549 1425 552 557 1426 2159 1429
1 5 20 561 1431 564 569 1432 2160 1435
1 5 50 573 1437 576 581 1438 2161 1441
1 5 27 585 1443 588 593 1444 2162 1447
1 5 33 597 1449 600 605 1450 2163 1453
1 5 57 609 1455 612 617 1456 2164 1459
1 5 70 621 1461 624 629 1462 2165 1465
1 5 60 633 1467 636 641 1468 2166 1471
1 5 14 645 1473 648 653 1474 2167 1477
1 5 54 657 1479 660 665 1480 2168 1483
1 5 56 669 1485 672 677 1486 2169 1489
1 5 71 681 1491 684 689 1492 2170 1495
1 5 38 693 1497 696 701 1498 2171 1501
1 5 63 705 1503 708 713 1504 2172 1507
1 5 74 717 1509 382 390 1510 2173 1343
1 5 236 718 1513 723 391 1511 2174 1516
1 5 77 383 1518 727 392 1344 2175 1519
1 5 82 385 1346 388 729 1521 2176 1524
1 5 237 719 1512 386 730 1525 2177 1522
1 5 353 720 1517 726 731 1527 2178 1531
1 5 240 387 1520 728 732 1523 2179 1534
1 5 86 744 1536 394 402 1537 2180 1349
1 5 242 745 1540 750 403 1538 2181 1543
1 5 89 395 1545 754 404 1350 2182 1546
1 5 94 397 1352 400 756 1548 2183 1551
1 5 243 746 1539 398 757 1552 2184 1549
1 5 354 747 1544 753 758 1554 2185 1558
1 5 246 399 1547 755 759 1550 2186 1561
1 5 98 771 1563 406 414 1564 2187 1355
1 5 248 773 1568 781 415 1566 2188 1571
1 5 75 407 1573 721 416 1356 2189 1514
1 5 83 409 1358 412 735 1575 2190 1526
1 5 249 774 1567 410 786 1578 2191 1576
1 5 355 776 1572 784 787 1580 2192 1584
1 5 238 411 1574 724 736 1577 2193 1529
1 5 100 780 1588 418 426 1570 2194 1361
1 5 253 799 1592 805 427 1590 2195 1595
1 5 108 419 1597 812 428 1362 2196 1599
1 5 84 421 1364 424 740 1586 2197 1603
1 5 251 783 1591 422 797 1583 2198 1601
1 5 356 801 1596 808 816 1605 2199 1609
1 5 256 423 1600 814 817 1602 2200 1612
1 5 76 722 1614 430 438 1515 2201 1367
1 5 258 829 1617 832 439 1615 2202 1619
1 5 115 431 1621 837 440 1368 2203 1623
1 5 85 433 1370 436 743 1533 2204 1627
1 5 239 725 1616 434 741 1530 2205 1625
1 5 357 830 1620 834 841 1628 2206 1631
1 5 260 435 1624 839 842 1626 2207 1634
1 5 78 733 1528 442 450 1636 2208 1373
1 5 241 734 1532 739 451 1637 2209 1641
1 5 81 443 1535 742 452 1374 2210 1643
1 5 119 445 1376 448 856 1645 2211 1648
1 5 262 850 1638 446 857 1649 2212 1646
1 5 358 851 1642 854 858 1651 2213 1654
1 5 265 447 1644 855 859 1647 2214 1656
1 5 101 788 1581 454 462 1657 2215 1379
1 5 252 790 1585 795 463 1659 2216 1663
1 5 79 455 1587 737 464 1380 2217 1639
1 5 120 457 1382 460 860 1666 2218 1650
1 5 266 865 1660 458 874 1669 2219 1667
1 5 359 867 1664 872 875 1671 2220 1675
1 5 263 459 1665 852 861 1668 2221 1652
1 5 103 794 1606 466 474 1662 2222 1385
1 5 257 819 1610 823 475 1680 2223 1684
1 5 111 467 1613 827 476 1386 2224 1687
1 5 121 469 1388 472 862 1677 2225 1691
1 5 268 871 1681 470 885 1674 2226 1689
1 5 360 887 1685 891 897 1693 2227 1697
1 5 272 471 1688 895 898 1690 2228 1700
1 5 80 738 1629 478 486 1640 2229 1391
1 5 261 843 1632 845 487 1702 2230 1705
1 5 117 479 1635 848 488 1392 2231 1708
1 5 122 481 1394 484 864 1655 2232 1712
1 5 264 853 1703 482 863 1653 2233 1710
1 5 361 910 1706 912 917 1713 2234 1716
1 5 275 483 1709 915 918 1711 2235 1719
1 5 136 926 1721 490 498 1722 2236 1397
1 5 277 927 1725 931 499 1723 2237 1727
1 5 138 491 1729 934 500 1398 2238 1730
1 5 142 493 1400 496 936 1732 2239 1735
1 5 278 928 1724 494 937 1736 2240 1733
1 5 362 929 1728 933 938 1737 2241 1740
1 5 280 495 1731 935 939 1734 2242 1743
1 5 137 930 1745 502 510 1726 2243 1403
1 5 282 947 1748 950 511 1746 2244 1750
1 5 145 503 1752 955 512 1404 2245 1754
1 5 143 505 1406 508 946 1742 2246 1758
1 5 279 932 1747 506 944 1739 2247 1756
1 5 363 948 1751 952 959 1759 2248 1762
1 5 284 507 1755 957 960 1757 2249 1765
1 5 149 968 1767 514 522 1768 2250 1409
1 5 286 969 1771 973 523 1769 2251 1774
1 5 151 515 1776 979 524 1410 2252 1778
1 5 156 517 1412 520 987 1780 2253 1783
1 5 287 970 1770 518 988 1785 2254 1781
1 5 364 971 1775 976 989 1787 2255 1791
1 5 290 519 1779 981 990 1782 2256 1794
1 5 139 940 1738 526 534 1796 2257 1415
1 5 281 941 1741 943 535 1797 2258 1800
1 5 141 527 1744 945 536 1416 2259 1772
1 5 157 529 1418 532 993 1803 2260 1786
1 5 292 1003 1798 530 1007 1806 2261 1804
1 5 365 1004 1801 1006 1008 1807 2262 1810
1 5 288 531 1802 974 994 1805 2263 1789
1 5 140 942 1760 538 546 1799 2264 1421
1 5 285 961 1763 963 547 1814 2265 1817
1 5 147 539 1766 966 548 1422 2266 1820
1 5 158 541 1424 544 998 1812 2267 1824
1 5 293 1005 1815 542 1013 1809 2268 1822
1 5 366 1014 1818 1016 1021 1825 2269 1828
1 5 296 543 1821 1019 1022 1823 2270 1831
1 5 165 1030 1833 550 558 1834 2271 1427
1 5 298 1032 1838 1040 559 1836 2272 1841
1 5 168 551 1843 1044 560 1428 2273 1844
1 5 173 553 1430 556 1050 1846 2274 1849
1 5 299 1033 1837 554 1051 1851 2275 1847
1 5 367 1035 1842 1043 1052 1853 2276 1857
1 5 302 555 1845 1045 1053 1848 2277 1860
1 5 123 876 1672 562 570 1862 2278 1433
1 5 269 878 1676 883 571 1864 2279 1868
1 5 87 563 1678 748 572 1434 2280 1541
1 5 95 565 1436 568 762 1871 2281 1553
1 5 304 1067 1865 566 1076 1874 2282 1872
1 5 368 1069 1869 1074 1077 1876 2283 1880
1 5 244 567 1870 751 763 1873 2284 1556
1 5 125 882 1694 574 582 1867 2285 1439
1 5 273 900 1698 904 583 1885 2286 1889
1 5 130 575 1701 908 584 1440 2287 1892
1 5 96 577 1442 580 767 1882 2288 1896
1 5 306 1073 1886 578 1087 1879 2289 1894
1 5 369 1089 1890 1093 1099 1898 2290 1902
1 5 310 579 1893 1097 1100 1895 2291 1905
1 5 88 749 1714 586 594 1542 2292 1445
1 5 276 919 1717 921 595 1907 2293 1910
1 5 134 587 1720 924 596 1446 2294 1913
1 5 97 589 1448 592 770 1560 2295 1917
1 5 245 752 1908 590 768 1557 2296 1915
1 5 370 1112 1911 1114 1119 1918 2297 1921
1 5 313 591 1914 1117 1120 1916 2298 1924
1 5 90 760 1555 598 606 1926 2299 1451
1 5 247 761 1559 766 607 1927 2300 1931
1 5 93 599 1562 769 608 1452 2301 1933
1 5 175 601 1454 604 1062 1935 2302 1938
1 5 315 1128 1928 602 1138 1940 2303 1936
1 5 371 1129 1932 1132 1139 1942 2304 1946
1 5 318 603 1934 1133 1140 1937 2305 1949
1 5 177 1078 1877 610 618 1951 2306 1457
1 5 307 1080 1881 1085 619 1953 2307 1957
1 5 91 611 1883 764 620 1458 2308 1929
1 5 194 613 1460 616 1144 1960 2309 1941
1 5 320 1153 1954 614 1165 1964 2310 1961
1 5 372 1155 1958 1160 1166 1966 2311 1970
1 5 316 615 1959 1130 1145 1962 2312 1944
1 5 179 1084 1899 622 630 1956 2313 1463
1 5 311 1102 1903 1106 631 1975 2314 1979
1 5 184 623 1906 1110 632 1464 2315 1982
1 5 195 625 1466 628 1149 1972 2316 1986
1 5 322 1159 1976 626 1176 1969 2317 1984
1 5 373 1179 1980 1183 1192 1989 2318 1993
1 5 326 627 1983 1187 1193 1985 2319 1996
1 5 92 765 1919 634 642 1930 2320 1469
1 5 314 1121 1922 1123 643 1998 2321 2001
1 5 188 635 1925 1126 644 1470 2322 2004
1 5 196 637 1472 640 1152 1948 2323 2008
1 5 317 1131 1999 638 1150 1945 2324 2006
1 5 374 1205 2002 1207 1212 2009 2325 2012
1 5 329 639 2005 1210 1213 2007 2326 2015
1 5 160 1009 1808 646 654 2017 2327 1475
1 5 294 1010 1811 1012 655 2018 2328 2021
1 5 153 647 1813 995 656 1476 2329 2023
1 5 212 649 1478 652 1226 2025 2330 2028
1 5 331 1221 2019 650 1227 2029 2331 2026
1 5 375 1222 2022 1224 1228 2030 2332 2033
1 5 333 651 2024 1225 1229 2027 2333 2036
1 5 161 1011 1826 658 666 2020 2334 1481
1 5 297 1023 1829 1025 667 2038 2335 2041
1 5 163 659 1832 1028 668 1482 2336 2044
1 5 213 661 1484 664 1235 2035 2337 2048
1 5 332 1223 2039 662 1233 2032 2338 2046
1 5 376 1236 2042 1238 1243 2049 2339 2052
1 5 336 663 2045 1241 1244 2047 2340 2055
1 5 167 1039 2031 670 678 1840 2341 1487
1 5 334 1230 2034 1232 679 2057 2342 2060
1 5 211 671 2037 1234 680 1488 2343 2062
1 5 176 673 1490 676 1066 1859 2344 2066
1 5 301 1042 2058 674 1063 1856 2345 2064
1 5 377 1252 2061 1254 1259 2068 2346 2071
1 5 339 675 2063 1255 1260 2065 2347 2074
1 5 210 1231 2050 682 690 2059 2348 1493
1 5 337 1245 2053 1247 691 2076 2349 2079
1 5 215 683 2056 1250 692 1494 2350 2082
1 5 219 685 1496 688 1266 2073 2351 2086
1 5 338 1253 2077 686 1264 2070 2352 2084
1 5 378 1267 2080 1269 1274 2087 2353 2090
1 5 342 687 2083 1272 1275 2085 2354 2093
1 5 192 1147 2010 694 702 2095 2355 1499
1 5 330 1214 2013 1216 703 2097 2356 2101
1 5 208 695 2016 1219 704 1500 2357 2104
1 5 227 697 1502 700 1300 2106 2358 2109
1 5 344 1283 2098 698 1301 2111 2359 2107
1 5 379 1285 2102 1290 1302 2113 2360 2117
1 5 347 699 2105 1294 1303 2108 2361 2120
1 5 217 1262 2088 706 714 2122 2362 1505
1 5 343 1276 2091 1278 715 2123 2363 2126
1 5 221 707 2094 1281 716 1506 2364 2129
1 5 234 709 1508 712 1329 2131 2365 2134
1 5 349 1317 2124 710 1330 2136 2366 2132
1 5 380 1318 2127 1320 1331 2137 2367 2140
1 5 351 711 2130 1323 1332 2133 2368 2143
1 5 381 74 382 1341 1342 390 1343 2145
1 5 1341 382 236 383 2145 1343 391 1344
1 5 384 1341 383 77 1345 2145 1344 392
1 5 389 1342 2145 1345 82 385 1346 388
1 5 1342 390 1343 2145 385 237 386 1346
1 5 2145 1343 391 1344 1346 386 353 387
1 5 1345 2145 1344 392 388 1346 387 240
1 5 393 86 394 1347 1348 402 1349 2146
1 5 1347 394 242 395 2146 1349 403 1350
1 5 396 1347 395 89 1351 2146 1350 404
1 5 401 1348 2146 1351 94 397 1352 400
1 5 1348 402 1349 2146 397 243 398 1352
1 5 2146 1349 403 1350 1352 398 354 399
1 5 1351 2146 1350 404 400 1352 399 246
1 5 405 98 406 1353 1354 414 1355 2147
1 5 1353 406 248 407 2147 1355 415 1356
1 5 408 1353 407 75 1357 2147 1356 416
1 5 413 1354 2147 1357 83 409 1358 412
1 5 1354 414 1355 2147 409 249 410 1358
1 5 2147 1355 415 1356 1358 410 355 411
1 5 1357 2147 1356 416 412 1358 411 238
1 5 417 100 418 1359 1360 426 1361 2148
1 5 1359 418 253 419 2148 1361 427 1362
1 5 420 1359 419 108 1363 2148 1362 428
1 5 425 1360 2148 1363 84 421 1364 424
1 5 1360 426 1361 2148 421 251 422 1364
1 5 2148 1361 427 1362 1364 422 356 423
1 5 1363 2148 1362 428 424 1364 423 256
1 5 429 76 430 1365 1366 438 1367 2149
1 5 1365 430 258 431 2149 1367 439 1368
1 5 432 1365 431 115 1369 2149 1368 440
1 5 437 1366 2149 1369 85 433 1370 436
1 5 1366 438 1367 2149 433 239 434 1370
1 5 2149 1367 439 1368 1370 434 357 435
1 5 1369 2149 1368 440 436 1370 435 260
1 5 441 78 442 1371 1372 450 1373 2150
1 5 1371 442 241 443 2150 1373 451 1374
1 5 444 1371 443 81 1375 2150 1374 452
1 5 449 1372 2150 1375 119 445 1376 448
1 5 1372 450 1373 2150 445 262 446 1376
1 5 2150 1373 451 1374 1376 446 358 447
1 5 1375 2150 1374 452 448 1376 447 265
1 5 453 101 454 1377 1378 462 1379 2151
1 5 1377 454 252 455 2151 1379 463 1380
1 5 456 1377 455 79 1381 2151 1380 464
1 5 461 1378 2151 1381 120 457 1382 460
1 5 1378 462 1379 2151 457 266 458 1382
1 5 2151 1379 463 1380 1382 458 359 459
1 5 1381 2151 1380 464 460 1382 459 263
1 5 465 103 466 1383 1384 474 1385 2152
1 5 1383 466 257 467 2152 1385 475 1386
1 5 468 1383 467 111 1387 2152 1386 476
1 5 473 1384 2152 1387 121 469 1388 472
1 5 1384 474 1385 2152 469 268 470 1388
1 5 2152 1385 475 1386 1388 470 360 471
1 5 1387 2152 1386 476 472 1388 471 272
1 5 477 80 478 1389 1390 486 1391 2153
1 5 1389 478 261 479 2153 1391 487 1392
1 5 480 1389 479 117 1393 2153 1392 488
1 5 485 1390 2153 1393 122 481 1394 484
1 5 1390 486 1391 2153 481 264 482 1394
1 5 2153 1391 487 1392 1394 482 361 483
1 5 1393 2153 1392 488 484 1394 483 275
1 5 489 136 490 1395 1396 498 1397 2154
1 5 1395 490 277 491 2154 1397 499 1398
1 5 492 1395 491 138 1399 2154 1398 500
1 5 497 1396 2154 1399 142 493 1400 496
1 5 1396 498 1397 2154 493 278 494 1400
1 5 2154 1397 499 1398 1400 494 362 495
1 5 1399 2154 1398 500 496 1400 495 280
1 5 501 137 502 1401 1402 510 1403 2155
1 5 1401 502 282 503 2155 1403 511 1404
1 5 504 1401 503 145 1405 2155 1404 512
1 5 509 1402 2155 1405 143 505 1406 508
1 5 1402 510 1403 2155 505 279 506 1406
1 5 2155 1403 511 1404 1406 506 363 507
1 5 1405 2155 1404 512 508 1406 507 284
1 5 513 149 514 1407 1408 522 1409 2156
1 5 1407 514 286 515 2156 1409 523 1410
1 5 516 1407 515 151 1411 2156 1410 524
1 5 521 1408 2156 1411 156 517 1412 520
1 5 1408 522 1409 2156 517 287 518 1412
1 5 2156 1409 523 1410 1412 518 364 519
1 5 1411 2156 1410 524 520 1412 519 290
1 5 525 139 526 1413 1414 534 1415 2157
1 5 1413 526 281 527 2157 1415 535 1416
1 5 528 1413 527 141 1417 2157 1416 536
1 5 533 1414 2157 1417 157 529 1418 532
1 5 1414 534 1415 2157 529 292 530 1418
1 5 2157 1415 535 1416 1418 530 365 531
1 5 1417 2157 1416 536 532 1418 531 288
1 5 537 140 538 1419 1420 546 1421 2158
1 5 1419 538 285 539 2158 1421 547 1422
1 5 540 1419 539 147 1423 2158 1422 548
1 5 545 1420 2158 1423 158 541 1424 544
1 5 1420 546 1421 2158 541 293 542 1424
1 5 2158 1421 547 1422 1424 542 366 543
1 5 1423 2158 1422 548 544 1424 543 296
1 5 549 165 550 1425 1426 558 1427 2159
1 5 1425 550 298 551 2159 1427 559 1428
1 5 552 1425 551 168 1429 2159 1428 560
1 5 557 1426 2159 1429 173 553 1430 556
1 5 1426 558 1427 2159 553 299 554 1430
1 5 2159 1427 559 1428 1430 554 367 555
1 5 1429 2159 1428 560 556 1430 555 302
1 5 561 123 562 1431 1432 570 1433 2160
1 5 1431 562 269 563 2160 1433 571 1434
1 5 564 1431 563 87 1435 2160 1434 572
1 5 569 1432 2160 1435 95 565 1436 568
1 5 1432 570 1433 2160 565 304 566 1436
1 5 2160 1433 571 1434 1436 566 368 567
1 5 1435 2160 1434 572 568 1436 567 244
1 5 573 125 574 1437 1438 582 1439 2161
1 5 1437 574 273 575 2161 1439 583 1440
1 5 576 1437 575 130 1441 2161 1440 584
1 5 581 1438 2161 1441 96 577 1442 580
1 5 1438 582 1439 2161 577 306 578 1442
1 5 2161 1439 583 1440 1442 578 369 579
1 5 1441 2161 1440 584 580 1442 579 310
1 5 585 88 586 1443 1444 594 1445 2162
1 5 1443 586 276 587 2162 1445 595 1446
1 5 588 1443 587 134 1447 2162 1446 596
1 5 593 1444 2162 1447 97 589 1448 592
1 5 1444 594 1445 2162 589 245 590 1448
1 5 2162 1445 595 1446 1448 590 370 591
1 5 1447 2162 1446 596 592 1448 591 313
1 5 597 90 598 1449 1450 606 1451 2163
1 5 1449 598 247 599 2163 1451 607 1452
1 5 600 1449 599 93 1453 2163 1452 608
1 5 605 1450 2163 1453 175 601 1454 604
1 5 1450 606 1451 2163 601 315 602 1454
1 5 2163 1451 607 1452 1454 602 371 603
1 5 1453 2163 1452 608 604 1454 603 318
1 5 609 177 610 1455 1456 618 1457 2164
1 5 1455 610 307 611 2164 1457 619 1458
1 5 612 1455 611 91 1459 2164 1458 620
1 5 617 1456 2164 1459 194 613 1460 616
1 5 1456 618 1457 2164 613 320 614 1460
1 5 2164 1457 619 1458 1460 614 372 615
1 5 1459 2164 1458 620 616 1460 615 316
1 5 621 179 622 1461 1462 630 1463 2165
1 5 1461 622 311 623 2165 1463 631 1464
1 5 624 1461 623 184 1465 2165 1464 632
1 5 629 1462 2165 1465 195 625 1466 628
1 5 1462 630 1463 2165 625 322 626 1466
1 5 2165 1463 631 1464 1466 626 373 627
1 5 1465 2165 1464 632 628 1466 627 326
1 5 633 92 634 1467 1468 642 1469 2166
1 5 1467 634 314 635 2166 1469 643 1470
1 5 636 1467 635 188 1471 2166 1470 644
1 5 641 1468 2166 1471 196 637 1472 640
1 5 1468 642 1469 2166 637 317 638 1472
1 5 2166 1469 643 1470 1472 638 374 639
1 5 1471 2166 1470 644 640 1472 639 329
1 5 645 160 646 1473 1474 654 1475 2167
1 5 1473 646 294 647 2167 1475 655 1476
1 5 648 1473 647 153 1477 2167 1476 656
1 5 653 1474 2167 1477 212 649 1478 652
1 5 1474 654 1475 2167 649 331 650 1478
1 5 2167 1475 655 1476 1478 650 375 651
1 5 1477 2167 1476 656 652 1478 651 333
1 5 657 161 658 1479 1480 666 1481 2168
1 5 1479 658 297 659 2168 1481 667 1482
1 5 660 1479 659 163 1483 2168 1482 668
1 5 665 1480 2168 1483 213 661 1484 664
1 5 1480 666 1481 2168 661 332 662 1484
1 5 2168 1481 667 1482 1484 662 376 663
1 5 1483 2168 1482 668 664 1484 663 336
1 5 669 167 670 1485 1486 678 1487 2169
1 5 1485 670 334 671 2169 1487 679 1488
1 5 672 1485 671 211 1489 2169 1488 680
1 5 677 1486 2169 1489 176 673 1490 676
1 5 1486 678 1487 2169 673 301 674 1490
1 5 2169 1487 679 1488 1490 674 377 675
1 5 1489 2169 1488 680 676 1490 675 339
1 5 681 210 682 1491 1492 690 1493 2170
1 5 1491 682 337 683 2170 1493 691 1494
1 5 684 1491 683 215 1495 2170 1494 692
1 5 689 1492 2170 1495 219 685 1496 688
1 5 1492 690 1493 2170 685 338 686 1496
1 5 2170 1493 691 1494 1496 686 378 687
1 5 1495 2170 1494 692 688 1496 687 342
1 5 693 192 694 1497 1498 702 1499 2171
1 5 1497 694 330 695 2171 1499 703 1500
1 5 696 1497 695 208 1501 2171 1500 704
1 5 701 1498 2171 1501 227 697 1502 700
1 5 1498 702 1499 2171 697 344 698 1502
1 5 2171 1499 703 1500 1502 698 379 699
1 5 1501 2171 1500 704 700 1502 699 347
1 5 705 217 706 1503 1504 714 1505 2172
1 5 1503 706 343 707 2172 1505 715 1506
1 5 708 1503 707 221 1507 2172 1506 716
1 5 713 1504 2172 1507 234 709 1508 712
1 5 1504 714 1505 2172 709 349 710 1508
1 5 2172 1505 715 1506 1508 710 380 711
1 5 1507 2172 1506 716 712 1508 711 351
1 5 717 19 408 1509 1510 413 1357 2173
1 5 1509 408 75 718 2173 1357 416 1511
1 5 382 1509 718 236 1343 2173 1511 391
1 5 390 1510 2173 1343 237 719 1512 386
1 5 1510 413 1357 2173 719 83 412 1512
1 5 2173 1357 416 1511 1512 412 238 720
1 5 1343 2173 1511 391 386 1512 720 353
1 5 718 75 721 1513 1511 416 1514 2174
1 5 1513 721 46 722 2174 1514 425 1515
1 5 723 1513 722 76 1516 2174 1515 438
1 5 391 1511 2174 1516 353 720 1517 726
1 5 1511 416 1514 2174 720 238 724 1517
1 5 2174 1514 425 1515 1517 724 84 725
1 5 1516 2174 1515 438 726 1517 725 239
1 5 383 236 723 1518 1344 391 1516 2175
1 5 1518 723 76 429 2175 1516 438 1366
1 5 727 1518 429 24 1519 2175 1366 437
1 5 392 1344 2175 1519 240 387 1520 728
1 5 1344 391 1516 2175 387 353 726 1520
1 5 2175 1516 438 1366 1520 726 239 433
1 5 1519 2175 1366 437 728 1520 433 85
1 5 385 237 386 1346 1521 730 1522 2176
1 5 1346 386 353 387 2176 1522 731 1523
1 5 388 1346 387 240 1524 2176 1523 732
1 5 729 1521 2176 1524 15 441 1371 444
1 5 1521 730 1522 2176 441 78 442 1371
1 5 2176 1522 731 1523 1371 442 241 443
1 5 1524 2176 1523 732 444 1371 443 81
1 5 719 83 412 1512 1525 735 1526 2177
1 5 1512 412 238 720 2177 1526 736 1527
1 5 386 1512 720 353 1522 2177 1527 731
1 5 730 1525 2177 1522 78 733 1528 442
1 5 1525 735 1526 2177 733 45 456 1528
1 5 2177 1526 736 1527 1528 456 79 734
1 5 1522 2177 1527 731 442 1528 734 241
1 5 720 238 724 1517 1527 736 1529 2178
1 5 1517 724 84 725 2178 1529 740 1530
1 5 726 1517 725 239 1531 2178 1530 741
1 5 731 1527 2178 1531 241 734 1532 739
1 5 1527 736 1529 2178 734 79 737 1532
1 5 2178 1529 740 1530 1532 737 67 738
1 5 1531 2178 1530 741 739 1532 738 80
1 5 387 353 726 1520 1523 731 1531 2179
1 5 1520 726 239 433 2179 1531 741 1533
1 5 728 1520 433 85 1534 2179 1533 743
1 5 732 1523 2179 1534 81 443 1535 742
1 5 1523 731 1531 2179 443 241 739 1535
1 5 2179 1531 741 1533 1535 739 80 477
1 5 1534 2179 1533 743 742 1535 477 49
1 5 744 20 564 1536 1537 569 1435 2180
1 5 1536 564 87 745 2180 1435 572 1538
1 5 394 1536 745 242 1349 2180 1538 403
1 5 402 1537 2180 1349 243 746 1539 398
1 5 1537 569 1435 2180 746 95 568 1539
1 5 2180 1435 572 1538 1539 568 244 747
1 5 1349 2180 1538 403 398 1539 747 354
1 5 745 87 748 1540 1538 572 1541 2181
1 5 1540 748 50 749 2181 1541 581 1542
1 5 750 1540 749 88 1543 2181 1542 594
1 5 403 1538 2181 1543 354 747 1544 753
1 5 1538 572 1541 2181 747 244 751 1544
1 5 2181 1541 581 1542 1544 751 96 752
1 5 1543 2181 1542 594 753 1544 752 245
1 5 395 242 750 1545 1350 403 1543 2182
1 5 1545 750 88 585 2182 1543 594 1444
1 5 754 1545 585 27 1546 2182 1444 593
1 5 404 1350 2182 1546 246 399 1547 755
1 5 1350 403 1543 2182 399 354 753 1547
1 5 2182 1543 594 1444 1547 753 245 589
1 5 1546 2182 1444 593 755 1547 589 97
1 5 397 243 398 1352 1548 757 1549 2183
1 5 1352 398 354 399 2183 1549 758 1550
1 5 400 1352 399 246 1551 2183 1550 759
1 5 756 1548 2183 1551 33 597 1449 600
1 5 1548 757 1549 2183 597 90 598 1449
1 5 2183 1549 758 1550 1449 598 247 599
1 5 1551 2183 1550 759 600 1449 599 93
1 5 746 95 568 1539 1552 762 1553 2184
1 5 1539 568 244 747 2184 1553 763 1554
1 5 398 1539 747 354 1549 2184 1554 758
1 5 757 1552 2184 1549 90 760 1555 598
1 5 1552 762 1553 2184 760 57 612 1555
1 5 2184 1553 763 1554 1555 612 91 761
1 5 1549 2184 1554 758 598 1555 761 247
1 5 747 244 751 1544 1554 763 1556 2185
1 5 1544 751 96 752 2185 1556 767 1557
1 5 753 1544 752 245 1558 2185 1557 768
1 5 758 1554 2185 1558 247 761 1559 766
1 5 1554 763 1556 2185 761 91 764 1559
1 5 2185 1556 767 1557 1559 764 70 765
1 5 1558 2185 1557 768 766 1559 765 92
1 5 399 354 753 1547 1550 758 1558 2186
1 5 1547 753 245 589 2186 1558 768 1560
1 5 755 1547 589 97 1561 2186 1560 770
1 5 759 1550 2186 1561 93 599 1562 769
1 5 1550 758 1558 2186 599 247 766 1562
1 5 2186 1558 768 1560 1562 766 92 633
1 5 1561 2186 1560 770 769 1562 633 60
1 5 771 2 772 1563 1564 777 1565 2187
1 5 1563 772 99 773 2187 1565 778 1566
1 5 406 1563 773 248 1355 2187 1566 415
1 5 414 1564 2187 1355 249 774 1567 410
1 5 1564 777 1565 2187 774 104 775 1567
1 5 2187 1565 778 1566 1567 775 250 776
1 5 1355 2187 1566 415 410 1567 776 355
1 5 773 99 779 1568 1566 778 1569 2188
1 5 1568 779 22 780 2188 1569 785 1570
1 5 781 1568 780 100 1571 2188 1570 426
1 5 415 1566 2188 1571 355 776 1572 784
1 5 1566 778 1569 2188 776 250 782 1572
1 5 2188 1569 785 1570 1572 782 105 783
1 5 1571 2188 1570 426 784 1572 783 251
1 5 407 248 781 1573 1356 415 1571 2189
1 5 1573 781 100 417 2189 1571 426 1360
1 5 721 1573 417 46 1514 2189 1360 425
1 5 416 1356 2189 1514 238 411 1574 724
1 5 1356 415 1571 2189 411 355 784 1574
1 5 2189 1571 426 1360 1574 784 251 421
1 5 1514 2189 1360 425 724 1574 421 84
1 5 409 249 410 1358 1575 786 1576 2190
1 5 1358 410 355 411 2190 1576 787 1577
1 5 412 1358 411 238 1526 2190 1577 736
1 5 735 1575 2190 1526 45 453 1377 456
1 5 1575 786 1576 2190 453 101 454 1377
1 5 2190 1576 787 1577 1377 454 252 455
1 5 1526 2190 1577 736 456 1377 455 79
1 5 774 104 775 1567 1578 791 1579 2191
1 5 1567 775 250 776 2191 1579 792 1580
1 5 410 1567 776 355 1576 2191 1580 787
1 5 786 1578 2191 1576 101 788 1581 454
1 5 1578 791 1579 2191 788 21 789 1581
1 5 2191 1579 792 1580 1581 789 102 790
1 5 1576 2191 1580 787 454 1581 790 252
1 5 776 250 782 1572 1580 792 1582 2192
1 5 1572 782 105 783 2192 1582 796 1583
1 5 784 1572 783 251 1584 2192 1583 797
1 5 787 1580 2192 1584 252 790 1585 795
1 5 1580 792 1582 2192 790 102 793 1585
1 5 2192 1582 796 1583 1585 793 47 794
1 5 1584 2192 1583 797 795 1585 794 103
1 5 411 355 784 1574 1577 787 1584 2193
1 5 1574 784 251 421 2193 1584 797 1586
1 5 724 1574 421 84 1529 2193 1586 740
1 5 736 1577 2193 1529 79 455 1587 737
1 5 1577 787 1584 2193 455 252 795 1587
1 5 2193 1584 797 1586 1587 795 103 465
1 5 1529 2193 1586 740 737 1587 465 67
1 5 780 22 798 1588 1570 785 1589 2194
1 5 1588 798 106 799 2194 1589 802 1590
1 5 418 1588 799 253 1361 2194 1590 427
1 5 426 1570 2194 1361 251 783 1591 422
1 5 1570 785 1589 2194 783 105 800 1591
1 5 2194 1589 802 1590 1591 800 254 801
1 5 1361 2194 1590 427 422 1591 801 356
1 5 799 106 803 1592 1590 802 1593 2195
1 5 1592 803 0 804 2195 1593 809 1594
1 5 805 1592 804 107 1595 2195 1594 810
1 5 427 1590 2195 1595 356 801 1596 808
1 5 1590 802 1593 2195 801 254 806 1596
1 5 2195 1593 809 1594 1596 806 112 807
1 5 1595 2195 1594 810 808 1596 807 255
1 5 419 253 805 1597 1362 427 1595 2196
1 5 1597 805 107 811 2196 1595 810 1598
1 5 812 1597 811 23 1599 2196 1598 815
1 5 428 1362 2196 1599 256 423 1600 814
1 5 1362 427 1595 2196 423 356 808 1600
1 5 2196 1595 810 1598 1600 808 255 813
1 5 1599 2196 1598 815 814 1600 813 113
1 5 421 251 422 1364 1586 797 1601 2197
1 5 1364 422 356 423 2197 1601 816 1602
1 5 424 1364 423 256 1603 2197 1602 817
1 5 740 1586 2197 1603 67 465 1383 468
1 5 1586 797 1601 2197 465 103 466 1383
1 5 2197 1601 816 1602 1383 466 257 467
1 5 1603 2197 1602 817 468 1383 467 111
1 5 783 105 800 1591 1583 796 1604 2198
1 5 1591 800 254 801 2198 1604 820 1605
1 5 422 1591 801 356 1601 2198 1605 816
1 5 797 1583 2198 1601 103 794 1606 466
1 5 1583 796 1604 2198 794 47 818 1606
1 5 2198 1604 820 1605 1606 818 109 819
1 5 1601 2198 1605 816 466 1606 819 257
1 5 801 254 806 1596 1605 820 1607 2199
1 5 1596 806 112 807 2199 1607 824 1608
1 5 808 1596 807 255 1609 2199 1608 825
1 5 816 1605 2199 1609 257 819 1610 823
1 5 1605 820 1607 2199 819 109 821 1610
1 5 2199 1607 824 1608 1610 821 28 822
1 5 1609 2199 1608 825 823 1610 822 110
1 5 423 356 808 1600 1602 816 1609 2200
1 5 1600 808 255 813 2200 1609 825 1611
1 5 814 1600 813 113 1612 2200 1611 828
1 5 817 1602 2200 1612 111 467 1613 827
1 5 1602 816 1609 2200 467 257 823 1613
1 5 2200 1609 825 1611 1613 823 110 826
1 5 1612 2200 1611 828 827 1613 826 48
1 5 722 46 420 1614 1515 425 1363 2201
1 5 1614 420 108 829 2201 1363 428 1615
1 5 430 1614 829 258 1367 2201 1615 439
1 5 438 1515 2201 1367 239 725 1616 434
1 5 1515 425 1363 2201 725 84 424 1616
1 5 2201 1363 428 1615 1616 424 256 830
1 5 1367 2201 1615 439 434 1616 830 357
1 5 829 108 812 1617 1615 428 1599 2202
1 5 1617 812 23 831 2202 1599 815 1618
1 5 832 1617 831 114 1619 2202 1618 835
1 5 439 1615 2202 1619 357 830 1620 834
1 5 1615 428 1599 2202 830 256 814 1620
1 5 2202 1599 815 1618 1620 814 113 833
1 5 1619 2202 1618 835 834 1620 833 259
1 5 431 258 832 1621 1368 439 1619 2203
1 5 1621 832 114 836 2203 1619 835 1622
1 5 837 1621 836 3 1623 2203 1622 840
1 5 440 1368 2203 1623 260 435 1624 839
1 5 1368 439 1619 2203 435 357 834 1624
1 5 2203 1619 835 1622 1624 834 259 838
1 5 1623 2203 1622 840 839 1624 838 118
1 5 433 239 434 1370 1533 741 1625 2204
1 5 1370 434 357 435 2204 1625 841 1626
1 5 436 1370 435 260 1627 2204 1626 842
1 5 743 1533 2204 1627 49 477 1389 480
1 5 1533 741 1625 2204 477 80 478 1389
1 5 2204 1625 841 1626 1389 478 261 479
1 5 1627 2204 1626 842 480 1389 479 117
1 5 725 84 424 1616 1530 740 1603 2205
1 5 1616 424 256 830 2205 1603 817 1628
1 5 434 1616 830 357 1625 2205 1628 841
1 5 741 1530 2205 1625 80 738 1629 478
1 5 1530 740 1603 2205 738 67 468 1629
1 5 2205 1603 817 1628 1629 468 111 843
1 5 1625 2205 1628 841 478 1629 843 261
1 5 830 256 814 1620 1628 817 1612 2206
1 5 1620 814 113 833 2206 1612 828 1630
1 5 834 1620 833 259 1631 2206 1630 846
1 5 841 1628 2206 1631 261 843 1632 845
1 5 1628 817 1612 2206 843 111 827 1632
1 5 2206 1612 828 1630 1632 827 48 844
1 5 1631 2206 1630 846 845 1632 844 116
1 5 435 357 834 1624 1626 841 1631 2207
1 5 1624 834 259 838 2207 1631 846 1633
1 5 839 1624 838 118 1634 2207 1633 849
1 5 842 1626 2207 1634 117 479 1635 848
1 5 1626 841 1631 2207 479 261 845 1635
1 5 2207 1631 846 1633 1635 845 116 847
1 5 1634 2207 1633 849 848 1635 847 29
1 5 733 45 456 1528 1636 461 1381 2208
1 5 1528 456 79 734 2208 1381 464 1637
1 5 442 1528 734 241 1373 2208 1637 451
1 5 450 1636 2208 1373 262 850 1638 446
1 5 1636 461 1381 2208 850 120 460 1638
1 5 2208 1381 464 1637 1638 460 263 851
1 5 1373 2208 1637 451 446 1638 851 358
1 5 734 79 737 1532 1637 464 1639 2209
1 5 1532 737 67 738 2209 1639 473 1640
1 5 739 1532 738 80 1641 2209 1640 486
1 5 451 1637 2209 1641 358 851 1642 854
1 5 1637 464 1639 2209 851 263 852 1642
1 5 2209 1639 473 1640 1642 852 121 853
1 5 1641 2209 1640 486 854 1642 853 264
1 5 443 241 739 1535 1374 451 1641 2210
1 5 1535 739 80 477 2210 1641 486 1390
1 5 742 1535 477 49 1643 2210 1390 485
1 5 452 1374 2210 1643 265 447 1644 855
1 5 1374 451 1641 2210 447 358 854 1644
1 5 2210 1641 486 1390 1644 854 264 481
1 5 1643 2210 1390 485 855 1644 481 122
1 5 445 262 446 1376 1645 857 1646 2211
1 5 1376 446 358 447 2211 1646 858 1647
1 5 448 1376 447 265 1648 2211 1647 859
1 5 856 1645 2211 1648 12 393 1347 396
1 5 1645 857 1646 2211 393 86 394 1347
1 5 2211 1646 858 1647 1347 394 242 395
1 5 1648 2211 1647 859 396 1347 395 89
1 5 850 120 460 1638 1649 860 1650 2212
1 5 1638 460 263 851 2212 1650 861 1651
1 5 446 1638 851 358 1646 2212 1651 858
1 5 857 1649 2212 1646 86 744 1536 394
1 5 1649 860 1650 2212 744 20 564 1536
1 5 2212 1650 861 1651 1536 564 87 745
1 5 1646 2212 1651 858 394 1536 745 242
1 5 851 263 852 1642 1651 861 1652 2213
1 5 1642 852 121 853 2213 1652 862 1653
1 5 854 1642 853 264 1654 2213 1653 863
1 5 858 1651 2213 1654 242 745 1540 750
1 5 1651 861 1652 2213 745 87 748 1540
1 5 2213 1652 862 1653 1540 748 50 749
1 5 1654 2213 1653 863 750 1540 749 88
1 5 447 358 854 1644 1647 858 1654 2214
1 5 1644 854 264 481 2214 1654 863 1655
1 5 855 1644 481 122 1656 2214 1655 864
1 5 859 1647 2214 1656 89 395 1545 754
1 5 1647 858 1654 2214 395 242 750 1545
1 5 2214 1654 863 1655 1545 750 88 585
1 5 1656 2214 1655 864 754 1545 585 27
1 5 788 21 789 1581 1657 868 1658 2215
1 5 1581 789 102 790 2215 1658 869 1659
1 5 454 1581 790 252 1379 2215 1659 463
1 5 462 1657 2215 1379 266 865 1660 458
1 5 1657 868 1658 2215 865 126 866 1660
1 5 2215 1658 869 1659 1660 866 267 867
1 5 1379 2215 1659 463 458 1660 867 359
1 5 790 102 793 1585 1659 869 1661 2216
1 5 1585 793 47 794 2216 1661 873 1662
1 5 795 1585 794 103 1663 2216 1662 474
1 5 463 1659 2216 1663 359 867 1664 872
1 5 1659 869 1661 2216 867 267 870 1664
1 5 2216 1661 873 1662 1664 870 127 871
1 5 1663 2216 1662 474 872 1664 871 268
1 5 455 252 795 1587 1380 463 1663 2217
1 5 1587 795 103 465 2217 1663 474 1384
1 5 737 1587 465 67 1639 2217 1384 473
1 5 464 1380 2217 1639 263 459 1665 852
1 5 1380 463 1663 2217 459 359 872 1665
1 5 2217 1663 474 1384 1665 872 268 469
1 5 1639 2217 1384 473 852 1665 469 121
1 5 457 266 458 1382 1666 874 1667 2218
1 5 1382 458 359 459 2218 1667 875 1668
1 5 460 1382 459 263 1650 2218 1668 861
1 5 860 1666 2218 1650 20 561 1431 564
1 5 1666 874 1667 2218 561 123 562 1431
1 5 2218 1667 875 1668 1431 562 269 563
1 5 1650 2218 1668 861 564 1431 563 87
1 5 865 126 866 1660 1669 879 1670 2219
1 5 1660 866 267 867 2219 1670 880 1671
1 5 458 1660 867 359 1667 2219 1671 875
1 5 874 1669 2219 1667 123 876 1672 562
1 5 1669 879 1670 2219 876 8 877 1672
1 5 2219 1670 880 1671 1672 877 124 878
1 5 1667 2219 1671 875 562 1672 878 269
1 5 867 267 870 1664 1671 880 1673 2220
1 5 1664 870 127 871 2220 1673 884 1674
1 5 872 1664 871 268 1675 2220 1674 885
1 5 875 1671 2220 1675 269 878 1676 883
1 5 1671 880 1673 2220 878 124 881 1676
1 5 2220 1673 884 1674 1676 881 25 882
1 5 1675 2220 1674 885 883 1676 882 125
1 5 459 359 872 1665 1668 875 1675 2221
1 5 1665 872 268 469 2221 1675 885 1677
1 5 852 1665 469 121 1652 2221 1677 862
1 5 861 1668 2221 1652 87 563 1678 748
1 5 1668 875 1675 2221 563 269 883 1678
1 5 2221 1675 885 1677 1678 883 125 573
1 5 1652 2221 1677 862 748 1678 573 50
1 5 794 47 818 1606 1662 873 1679 2222
1 5 1606 818 109 819 2222 1679 888 1680
1 5 466 1606 819 257 1385 2222 1680 475
1 5 474 1662 2222 1385 268 871 1681 470
1 5 1662 873 1679 2222 871 127 886 1681
1 5 2222 1679 888 1680 1681 886 270 887
1 5 1385 2222 1680 475 470 1681 887 360
1 5 819 109 821 1610 1680 888 1682 2223
1 5 1610 821 28 822 2223 1682 892 1683
1 5 823 1610 822 110 1684 2223 1683 893
1 5 475 1680 2223 1684 360 887 1685 891
1 5 1680 888 1682 2223 887 270 889 1685
1 5 2223 1682 892 1683 1685 889 131 890
1 5 1684 2223 1683 893 891 1685 890 271
1 5 467 257 823 1613 1386 475 1684 2224
1 5 1613 823 110 826 2224 1684 893 1686
1 5 827 1613 826 48 1687 2224 1686 896
1 5 476 1386 2224 1687 272 471 1688 895
1 5 1386 475 1684 2224 471 360 891 1688
1 5 2224 1684 893 1686 1688 891 271 894
1 5 1687 2224 1686 896 895 1688 894 132
1 5 469 268 470 1388 1677 885 1689 2225
1 5 1388 470 360 471 2225 1689 897 1690
1 5 472 1388 471 272 1691 2225 1690 898
1 5 862 1677 2225 1691 50 573 1437 576
1 5 1677 885 1689 2225 573 125 574 1437
1 5 2225 1689 897 1690 1437 574 273 575
1 5 1691 2225 1690 898 576 1437 575 130
1 5 871 127 886 1681 1674 884 1692 2226
1 5 1681 886 270 887 2226 1692 901 1693
1 5 470 1681 887 360 1689 2226 1693 897
1 5 885 1674 2226 1689 125 882 1694 574
1 5 1674 884 1692 2226 882 25 899 1694
1 5 2226 1692 901 1693 1694 899 128 900
1 5 1689 2226 1693 897 574 1694 900 273
1 5 887 270 889 1685 1693 901 1695 2227
1 5 1685 889 131 890 2227 1695 905 1696
1 5 891 1685 890 271 1697 2227 1696 906
1 5 897 1693 2227 1697 273 900 1698 904
1 5 1693 901 1695 2227 900 128 902 1698
1 5 2227 1695 905 1696 1698 902 6 903
1 5 1697 2227 1696 906 904 1698 903 129
1 5 471 360 891 1688 1690 897 1697 2228
1 5 1688 891 271 894 2228 1697 906 1699
1 5 895 1688 894 132 1700 2228 1699 909
1 5 898 1690 2228 1700 130 575 1701 908
1 5 1690 897 1697 2228 575 273 904 1701
1 5 2228 1697 906 1699 1701 904 129 907
1 5 1700 2228 1699 909 908 1701 907 26
1 5 738 67 468 1629 1640 473 1387 2229
1 5 1629 468 111 843 2229 1387 476 1702
1 5 478 1629 843 261 1391 2229 1702 487
1 5 486 1640 2229 1391 264 853 1703 482
1 5 1640 473 1387 2229 853 121 472 1703
1 5 2229 1387 476 1702 1703 472 272 910
1 5 1391 2229 1702 487 482 1703 910 361
1 5 843 111 827 1632 1702 476 1687 2230
1 5 1632 827 48 844 2230 1687 896 1704
1 5 845 1632 844 116 1705 2230 1704 913
1 5 487 1702 2230 1705 361 910 1706 912
1 5 1702 476 1687 2230 910 272 895 1706
1 5 2230 1687 896 1704 1706 895 132 911
1 5 1705 2230 1704 913 912 1706 911 274
1 5 479 261 845 1635 1392 487 1705 2231
1 5 1635 845 116 847 2231 1705 913 1707
1 5 848 1635 847 29 1708 2231 1707 916
1 5 488 1392 2231 1708 275 483 1709 915
1 5 1392 487 1705 2231 483 361 912 1709
1 5 2231 1705 913 1707 1709 912 274 914
1 5 1708 2231 1707 916 915 1709 914 135
1 5 481 264 482 1394 1655 863 1710 2232
1 5 1394 482 361 483 2232 1710 917 1711
1 5 484 1394 483 275 1712 2232 1711 918
1 5 864 1655 2232 1712 27 585 1443 588
1 5 1655 863 1710 2232 585 88 586 1443
1 5 2232 1710 917 1711 1443 586 276 587
1 5 1712 2232 1711 918 588 1443 587 134
1 5 853 121 472 1703 1653 862 1691 2233
1 5 1703 472 272 910 2233 1691 898 1713
1 5 482 1703 910 361 1710 2233 1713 917
1 5 863 1653 2233 1710 88 749 1714 586
1 5 1653 862 1691 2233 749 50 576 1714
1 5 2233 1691 898 1713 1714 576 130 919
1 5 1710 2233 1713 917 586 1714 919 276
1 5 910 272 895 1706 1713 898 1700 2234
1 5 1706 895 132 911 2234 1700 909 1715
1 5 912 1706 911 274 1716 2234 1715 922
1 5 917 1713 2234 1716 276 919 1717 921
1 5 1713 898 1700 2234 919 130 908 1717
1 5 2234 1700 909 1715 1717 908 26 920
1 5 1716 2234 1715 922 921 1717 920 133
1 5 483 361 912 1709 1711 917 1716 2235
1 5 1709 912 274 914 2235 1716 922 1718
1 5 915 1709 914 135 1719 2235 1718 925
1 5 918 1711 2235 1719 134 587 1720 924
1 5 1711 917 1716 2235 587 276 921 1720
1 5 2235 1716 922 1718 1720 921 133 923
1 5 1719 2235 1718 925 924 1720 923 9
1 5 926 7 384 1721 1722 389 1345 2236
1 5 1721 384 77 927 2236 1345 392 1723
1 5 490 1721 927 277 1397 2236 1723 499
1 5 498 1722 2236 1397 278 928 1724 494
1 5 1722 389 1345 2236 928 82 388 1724
1 5 2236 1345 392 1723 1724 388 240 929
1 5 1397 2236 1723 499 494 1724 929 362
1 5 927 77 727 1725 1723 392 1519 2237
1 5 1725 727 24 930 2237 1519 437 1726
1 5 931 1725 930 137 1727 2237 1726 510
1 5 499 1723 2237 1727 362 929 1728 933
1 5 1723 392 1519 2237 929 240 728 1728
1 5 2237 1519 437 1726 1728 728 85 932
1 5 1727 2237 1726 510 933 1728 932 279
1 5 491 277 931 1729 1398 499 1727 2238
1 5 1729 931 137 501 2238 1727 510 1402
1 5 934 1729 501 51 1730 2238 1402 509
1 5 500 1398 2238 1730 280 495 1731 935
1 5 1398 499 1727 2238 495 362 933 1731
1 5 2238 1727 510 1402 1731 933 279 505
1 5 1730 2238 1402 509 935 1731 505 143
1 5 493 278 494 1400 1732 937 1733 2239
1 5 1400 494 362 495 2239 1733 938 1734
1 5 496 1400 495 280 1735 2239 1734 939
1 5 936 1732 2239 1735 43 525 1413 528
1 5 1732 937 1733 2239 525 139 526 1413
1 5 2239 1733 938 1734 1413 526 281 527
1 5 1735 2239 1734 939 528 1413 527 141
1 5 928 82 388 1724 1736 729 1524 2240
1 5 1724 388 240 929 2240 1524 732 1737
1 5 494 1724 929 362 1733 2240 1737 938
1 5 937 1736 2240 1733 139 940 1738 526
1 5 1736 729 1524 2240 940 15 444 1738
1 5 2240 1524 732 1737 1738 444 81 941
1 5 1733 2240 1737 938 526 1738 941 281
1 5 929 240 728 1728 1737 732 1534 2241
1 5 1728 728 85 932 2241 1534 743 1739
1 5 933 1728 932 279 1740 2241 1739 944
1 5 938 1737 2241 1740 281 941 1741 943
1 5 1737 732 1534 2241 941 81 742 1741
1 5 2241 1534 743 1739 1741 742 49 942
1 5 1740 2241 1739 944 943 1741 942 140
1 5 495 362 933 1731 1734 938 1740 2242
1 5 1731 933 279 505 2242 1740 944 1742
1 5 935 1731 505 143 1743 2242 1742 946
1 5 939 1734 2242 1743 141 527 1744 945
1 5 1734 938 1740 2242 527 281 943 1744
1 5 2242 1740 944 1742 1744 943 140 537
1 5 1743 2242 1742 946 945 1744 537 68
1 5 930 24 432 1745 1726 437 1369 2243
1 5 1745 432 115 947 2243 1369 440 1746
1 5 502 1745 947 282 1403 2243 1746 511
1 5 510 1726 2243 1403 279 932 1747 506
1 5 1726 437 1369 2243 932 85 436 1747
1 5 2243 1369 440 1746 1747 436 260 948
1 5 1403 2243 1746 511 506 1747 948 363
1 5 947 115 837 1748 1746 440 1623 2244
1 5 1748 837 3 949 2244 1623 840 1749
1 5 950 1748 949 144 1750 2244 1749 953
1 5 511 1746 2244 1750 363 948 1751 952
1 5 1746 440 1623 2244 948 260 839 1751
1 5 2244 1623 840 1749 1751 839 118 951
1 5 1750 2244 1749 953 952 1751 951 283
1 5 503 282 950 1752 1404 511 1750 2245
1 5 1752 950 144 954 2245 1750 953 1753
1 5 955 1752 954 30 1754 2245 1753 958
1 5 512 1404 2245 1754 284 507 1755 957
1 5 1404 511 1750 2245 507 363 952 1755
1 5 2245 1750 953 1753 1755 952 283 956
1 5 1754 2245 1753 958 957 1755 956 148
1 5 505 279 506 1406 1742 944 1756 2246
1 5 1406 506 363 507 2246 1756 959 1757
1 5 508 1406 507 284 1758 2246 1757 960
1 5 946 1742 2246 1758 68 537 1419 540
1 5 1742 944 1756 2246 537 140 538 1419
1 5 2246 1756 959 1757 1419 538 285 539
1 5 1758 2246 1757 960 540 1419 539 147
1 5 932 85 436 1747 1739 743 1627 2247
1 5 1747 436 260 948 2247 1627 842 1759
1 5 506 1747 948 363 1756 2247 1759 959
1 5 944 1739 2247 1756 140 942 1760 538
1 5 1739 743 1627 2247 942 49 480 1760
1 5 2247 1627 842 1759 1760 480 117 961
1 5 1756 2247 1759 959 538 1760 961 285
1 5 948 260 839 1751 1759 842 1634 2248
1 5 1751 839 118 951 2248 1634 849 1761
1 5 952 1751 951 283 1762 2248 1761 964
1 5 959 1759 2248 1762 285 961 1763 963
1 5 1759 842 1634 2248 961 117 848 1763
1 5 2248 1634 849 1761 1763 848 29 962
1 5 1762 2248 1761 964 963 1763 962 146
1 5 507 363 952 1755 1757 959 1762 2249
1 5 1755 952 283 956 2249 1762 964 1764
1 5 957 1755 956 148 1765 2249 1764 967
1 5 960 1757 2249 1765 147 539 1766 966
1 5 1757 959 1762 2249 539 285 963 1766
1 5 2249 1762 964 1764 1766 963 146 965
1 5 1765 2249 1764 967 966 1766 965 52
1 5 968 43 528 1767 1768 533 1417 2250
1 5 1767 528 141 969 2250 1417 536 1769
1 5 514 1767 969 286 1409 2250 1769 523
1 5 522 1768 2250 1409 287 970 1770 518
1 5 1768 533 1417 2250 970 157 532 1770
1 5 2250 1417 536 1769 1770 532 288 971
1 5 1409 2250 1769 523 518 1770 971 364
1 5 969 141 945 1771 1769 536 1772 2251
1 5 1771 945 68 972 2251 1772 545 1773
1 5 973 1771 972 150 1774 2251 1773 977
1 5 523 1769 2251 1774 364 971 1775 976
1 5 1769 536 1772 2251 971 288 974 1775
1 5 2251 1772 545 1773 1775 974 158 975
1 5 1774 2251 1773 977 976 1775 975 289
1 5 515 286 973 1776 1410 523 1774 2252
1 5 1776 973 150 978 2252 1774 977 1777
1 5 979 1776 978 53 1778 2252 1777 982
1 5 524 1410 2252 1778 290 519 1779 981
1 5 1410 523 1774 2252 519 364 976 1779
1 5 2252 1774 977 1777 1779 976 289 980
1 5 1778 2252 1777 982 981 1779 980 159
1 5 517 287 518 1412 1780 988 1781 2253
1 5 1412 518 364 519 2253 1781 989 1782
1 5 520 1412 519 290 1783 2253 1782 990
1 5 987 1780 2253 1783 10 983 1784 986
1 5 1780 988 1781 2253 983 152 984 1784
1 5 2253 1781 989 1782 1784 984 291 985
1 5 1783 2253 1782 990 986 1784 985 155
1 5 970 157 532 1770 1785 993 1786 2254
1 5 1770 532 288 971 2254 1786 994 1787
1 5 518 1770 971 364 1781 2254 1787 989
1 5 988 1785 2254 1781 152 991 1788 984
1 5 1785 993 1786 2254 991 14 648 1788
1 5 2254 1786 994 1787 1788 648 153 992
1 5 1781 2254 1787 989 984 1788 992 291
1 5 971 288 974 1775 1787 994 1789 2255
1 5 1775 974 158 975 2255 1789 998 1790
1 5 976 1775 975 289 1791 2255 1790 999
