MFEM mesh v1.0

#
# MFEM Geometry Types (see mesh/geom.hpp):
#
# POINT       = 0
# SEGMENT     = 1
# TRIANGLE    = 2
# SQUARE      = 3
# TETRAHEDRON = 4
# CUBE        = 5
#

dimension
3

elements
1792
1 5 0 407 1417 410 415 1418 2245 1421
1 5 4 419 1423 422 427 1424 2246 1427
1 5 6 431 1429 434 439 1430 2247 1433
1 5 11 443 1435 446 451 1436 2248 1439
1 5 8 455 1441 458 463 1442 2249 1445
1 5 16 467 1447 470 475 1448 2250 1451
1 5 50 479 1453 482 487 1454 2251 1457
1 5 19 491 1459 494 499 1460 2252 1463
1 5 24 503 1465 506 511 1466 2253 1469
1 5 75 515 1471 518 523 1472 2254 1475
1 5 54 527 1477 530 535 1478 2255 1481
1 5 29 539 1483 542 547 1484 2256 1487
1 5 58 551 1489 554 559 1490 2257 1493
1 5 31 563 1495 566 571 1496 2258 1499
1 5 61 575 1501 578 583 1502 2259 1505
1 5 17 587 1507 590 595 1508 2260 1511
1 5 52 599 1513 602 607 1514 2261 1517
1 5 37 611 1519 614 619 1520 2262 1523
1 5 67 623 1525 626 631 1526 2263 1529
1 5 40 635 1531 638 643 1532 2264 1535
1 5 26 647 1537 650 655 1538 2265 1541
1 5 79 659 1543 662 667 1544 2266 1547
1 5 18 671 1549 674 679 1550 2267 1553
1 5 71 683 1555 686 691 1556 2268 1559
1 5 45 695 1561 698 703 1562 2269 1565
1 5 27 707 1567 710 715 1568 2270 1571
1 5 53 719 1573 722 727 1574 2271 1577
1 5 73 731 1579 734 739 1580 2272 1583
1 5 81 743 1585 408 416 1586 2273 1419
1 5 256 744 1589 749 417 1587 2274 1592
1 5 84 409 1594 753 418 1420 2275 1595
1 5 89 411 1422 414 755 1597 2276 1600
1 5 257 745 1588 412 756 1601 2277 1598
1 5 379 746 1593 752 757 1603 2278 1607
1 5 260 413 1596 754 758 1599 2279 1610
1 5 93 771 1612 420 428 1613 2280 1425
1 5 262 773 1617 781 429 1615 2281 1620
1 5 96 421 1622 786 430 1426 2282 1623
1 5 101 423 1428 426 792 1625 2283 1628
1 5 263 774 1616 424 793 1630 2284 1626
1 5 380 776 1621 784 794 1632 2285 1636
1 5 266 425 1624 787 795 1627 2286 1639
1 5 105 808 1641 432 440 1642 2287 1431
1 5 268 810 1646 818 441 1644 2288 1649
1 5 108 433 1651 823 442 1432 2289 1652
1 5 113 435 1434 438 829 1654 2290 1657
1 5 269 811 1645 436 830 1659 2291 1655
1 5 381 813 1650 821 831 1661 2292 1665
1 5 272 437 1653 824 832 1656 2293 1668
1 5 117 845 1670 444 452 1671 2294 1437
1 5 274 846 1674 851 453 1672 2295 1677
1 5 120 445 1679 855 454 1438 2296 1680
1 5 125 447 1440 450 857 1682 2297 1685
1 5 275 847 1673 448 858 1686 2298 1683
1 5 382 848 1678 854 859 1688 2299 1692
1 5 278 449 1681 856 860 1684 2300 1695
1 5 129 874 1697 456 464 1698 2301 1443
1 5 280 875 1701 880 465 1699 2302 1704
1 5 132 457 1706 884 466 1444 2303 1707
1 5 137 459 1446 462 886 1709 2304 1712
1 5 281 876 1700 460 887 1713 2305 1710
1 5 383 877 1705 883 888 1715 2306 1719
1 5 284 461 1708 885 889 1711 2307 1722
1 5 141 901 1724 468 476 1725 2308 1449
1 5 286 902 1728 906 477 1726 2309 1730
1 5 82 469 1732 747 478 1450 2310 1590
1 5 90 471 1452 474 762 1734 2311 1602
1 5 287 903 1727 472 912 1738 2312 1735
1 5 384 904 1731 908 913 1739 2313 1742
1 5 258 473 1733 750 763 1736 2314 1605
1 5 142 905 1746 480 488 1729 2315 1455
1 5 290 919 1749 923 489 1747 2316 1752
1 5 147 481 1754 927 490 1456 2317 1755
1 5 91 483 1458 486 767 1744 2318 1759
1 5 288 907 1748 484 918 1741 2319 1757
1 5 385 920 1753 926 929 1761 2320 1765
1 5 293 485 1756 928 930 1758 2321 1768
1 5 83 748 1770 492 500 1591 2322 1461
1 5 295 938 1773 940 501 1771 2323 1774
1 5 151 493 1776 942 502 1462 2324 1777
1 5 92 495 1464 498 770 1609 2325 1781
1 5 259 751 1772 496 768 1606 2326 1779
1 5 386 939 1775 941 944 1782 2327 1784
1 5 296 497 1778 943 945 1780 2328 1786
1 5 85 759 1604 504 512 1788 2329 1467
1 5 261 761 1608 766 513 1790 2330 1794
1 5 88 505 1611 769 514 1468 2331 1796
1 5 157 507 1470 510 962 1798 2332 1801
1 5 298 949 1791 508 963 1803 2333 1799
1 5 387 951 1795 956 964 1805 2334 1809
1 5 301 509 1797 957 965 1800 2335 1812
1 5 144 916 1762 516 524 1814 2336 1473
1 5 294 931 1766 935 525 1815 2337 1819
1 5 150 517 1769 937 526 1474 2338 1821
1 5 159 519 1476 522 974 1823 2339 1826
1 5 303 979 1816 520 989 1828 2340 1824
1 5 388 980 1820 983 990 1830 2341 1834
1 5 306 521 1822 984 991 1825 2342 1837
1 5 87 765 1783 528 536 1793 2343 1479
1 5 297 946 1785 947 537 1839 2344 1842
1 5 152 529 1787 948 538 1480 2345 1844
1 5 160 531 1482 534 978 1811 2346 1848
1 5 300 955 1840 532 975 1808 2347 1846
1 5 389 1005 1843 1007 1012 1850 2348 1853
1 5 309 533 1845 1008 1013 1847 2349 1856
1 5 95 780 1858 540 548 1619 2350 1485
1 5 311 1022 1862 1028 549 1860 2351 1865
1 5 173 541 1867 1035 550 1486 2352 1869
1 5 104 543 1488 546 807 1638 2353 1873
1 5 265 783 1861 544 805 1635 2354 1871
1 5 390 1024 1866 1031 1039 1875 2355 1879
1 5 314 545 1870 1037 1040 1872 2356 1882
1 5 99 802 1876 552 560 1884 2357 1491
1 5 315 1042 1880 1046 561 1886 2358 1890
1 5 176 553 1883 1050 562 1492 2359 1893
1 5 183 555 1494 558 1065 1895 2360 1898
1 5 316 1052 1887 556 1066 1899 2361 1896
1 5 391 1054 1891 1059 1067 1901 2362 1905
1 5 319 557 1894 1063 1068 1897 2363 1908
1 5 179 1069 1902 564 572 1910 2364 1497
1 5 320 1071 1906 1076 573 1912 2365 1916
1 5 182 565 1909 1080 574 1498 2366 1919
1 5 191 567 1500 570 1095 1921 2367 1924
1 5 321 1082 1913 568 1096 1925 2368 1922
1 5 392 1084 1917 1089 1097 1927 2369 1931
1 5 324 569 1920 1093 1098 1923 2370 1934
1 5 187 1099 1928 576 584 1936 2371 1503
1 5 325 1101 1932 1106 585 1938 2372 1942
1 5 190 577 1935 1110 586 1504 2373 1945
1 5 199 579 1506 582 1129 1947 2374 1950
1 5 326 1112 1939 580 1130 1952 2375 1948
1 5 393 1114 1943 1119 1131 1954 2376 1958
1 5 329 581 1946 1123 1132 1949 2377 1961
1 5 107 817 1963 588 596 1648 2378 1509
1 5 331 1147 1967 1152 597 1965 2379 1969
1 5 145 589 1971 921 598 1510 2380 1750
1 5 116 591 1512 594 844 1667 2381 1760
1 5 271 820 1966 592 842 1664 2382 1973
1 5 394 1149 1970 1154 1155 1976 2383 1979
1 5 291 593 1972 924 932 1974 2384 1763
1 5 111 839 1977 600 608 1982 2385 1515
1 5 333 1157 1980 1160 609 1984 2386 1988
1 5 148 601 1981 933 610 1516 2387 1817
1 5 165 603 1518 606 995 1991 2388 1829
1 5 334 1161 1985 604 1173 1995 2389 1992
1 5 395 1163 1989 1168 1174 1997 2390 2001
1 5 304 605 1990 981 996 1993 2391 1832
1 5 210 1186 2005 612 620 2006 2392 1521
1 5 338 1187 2009 1191 621 2007 2393 2011
1 5 118 613 2013 849 622 1522 2394 1675
1 5 126 615 1524 618 864 2015 2395 1687
1 5 339 1188 2008 616 1197 2019 2396 2016
1 5 396 1189 2012 1193 1198 2020 2397 2023
1 5 276 617 2014 852 865 2017 2398 1690
1 5 211 1190 2027 624 632 2010 2399 1527
1 5 342 1204 2030 1207 633 2028 2400 2032
1 5 215 625 2034 1212 634 1528 2401 2036
1 5 127 627 1530 630 869 2025 2402 2040
1 5 340 1192 2029 628 1203 2022 2403 2038
1 5 397 1205 2033 1209 1216 2041 2404 2044
1 5 344 629 2037 1214 1217 2039 2405 2047
1 5 119 850 2049 636 644 1676 2406 1533
1 5 346 1225 2052 1228 645 2050 2407 2054
1 5 220 637 2056 1233 646 1534 2408 2058
1 5 128 639 1536 642 873 1694 2409 2062
1 5 277 853 2051 640 870 1691 2410 2060
1 5 398 1226 2055 1230 1240 2064 2411 2067
1 5 348 641 2059 1235 1241 2061 2412 2070
1 5 121 861 1689 648 656 1987 2413 1539
1 5 279 863 1693 868 657 2073 2414 2077
1 5 124 649 1696 872 658 1540 2415 2080
1 5 166 651 1542 654 1000 2003 2416 2084
1 5 336 1167 2074 652 1184 2000 2417 2082
1 5 399 1250 2078 1254 1262 2087 2418 2091
1 5 352 653 2081 1257 1263 2083 2419 2094
1 5 213 1201 2042 660 668 2096 2420 1545
1 5 345 1218 2045 1220 669 2097 2421 2100
1 5 217 661 2048 1223 670 1546 2422 2103
1 5 227 663 1548 666 1270 2105 2423 2108
1 5 354 1275 2098 664 1287 2110 2424 2106
1 5 400 1276 2101 1278 1288 2111 2425 2114
1 5 356 665 2104 1281 1289 2107 2426 2117
1 5 146 922 2119 672 680 1751 2427 1551
1 5 358 1298 2122 1301 681 2120 2428 2124
1 5 130 673 2126 878 682 1552 2429 1702
1 5 138 675 1554 678 892 1767 2430 1714
1 5 292 925 2121 676 936 1764 2431 2128
1 5 401 1299 2125 1303 1304 2130 2432 2133
1 5 282 677 2127 881 893 2129 2433 1717
1 5 233 1300 2137 684 692 2123 2434 1557
1 5 361 1310 2140 1313 693 2138 2435 2142
1 5 236 685 2144 1318 694 1558 2436 2146
1 5 139 687 1560 690 897 2135 2437 2150
1 5 359 1302 2139 688 1308 2132 2438 2148
1 5 402 1311 2143 1315 1325 2152 2439 2155
1 5 363 689 2147 1320 1326 2149 2440 2158
1 5 131 879 2160 696 704 1703 2441 1563
1 5 365 1334 2163 1337 705 2161 2442 2165
1 5 241 697 2167 1342 706 1564 2443 2169
1 5 140 699 1566 702 900 1721 2444 2173
1 5 283 882 2162 700 898 1718 2445 2171
1 5 403 1335 2166 1339 1346 2174 2446 2177
1 5 367 701 2170 1344 1347 2172 2447 2180
1 5 133 890 1716 708 716 1841 2448 1569
1 5 285 891 1720 896 717 2182 2449 2186
1 5 136 709 1723 899 718 1570 2450 2188
1 5 170 711 1572 714 1020 1855 2451 2192
1 5 308 1006 2183 712 1017 1852 2452 2190
1 5 404 1355 2187 1358 1364 2195 2453 2199
1 5 371 713 2189 1360 1365 2191 2454 2202
1 5 149 934 2131 720 728 1818 2455 1575
1 5 360 1305 2134 1307 729 2204 2456 2207
1 5 134 721 2136 894 730 1576 2457 2184
1 5 167 723 1578 726 1004 1836 2458 2194
1 5 305 982 2205 724 1001 1833 2459 2211
1 5 405 1377 2208 1379 1384 2214 2460 2217
1 5 369 725 2210 1356 1368 2212 2461 2197
1 5 135 895 2175 732 740 2185 2462 1581
1 5 368 1348 2178 1350 741 2222 2463 2226
1 5 243 733 2181 1353 742 1582 2464 2229
1 5 249 735 1584 738 1376 2201 2465 2233
1 5 370 1357 2223 736 1373 2198 2466 2231
1 5 406 1391 2227 1395 1404 2236 2467 2240
1 5 377 737 2230 1399 1405 2232 2468 2243
1 5 407 81 408 1417 1418 416 1419 2245
1 5 1417 408 256 409 2245 1419 417 1420
1 5 410 1417 409 84 1421 2245 1420 418
1 5 415 1418 2245 1421 89 411 1422 414
1 5 1418 416 1419 2245 411 257 412 1422
1 5 2245 1419 417 1420 1422 412 379 413
1 5 1421 2245 1420 418 414 1422 413 260
1 5 419 93 420 1423 1424 428 1425 2246
1 5 1423 420 262 421 2246 1425 429 1426
1 5 422 1423 421 96 1427 2246 1426 430
1 5 427 1424 2246 1427 101 423 1428 426
1 5 1424 428 1425 2246 423 263 424 1428
1 5 2246 1425 429 1426 1428 424 380 425
1 5 1427 2246 1426 430 426 1428 425 266
1 5 431 105 432 1429 1430 440 1431 2247
1 5 1429 432 268 433 2247 1431 441 1432
1 5 434 1429 433 108 1433 2247 1432 442
1 5 439 1430 2247 1433 113 435 1434 438
1 5 1430 440 1431 2247 435 269 436 1434
1 5 2247 1431 441 1432 1434 436 381 437
1 5 1433 2247 1432 442 438 1434 437 272
1 5 443 117 444 1435 1436 452 1437 2248
1 5 1435 444 274 445 2248 1437 453 1438
1 5 446 1435 445 120 1439 2248 1438 454
1 5 451 1436 2248 1439 125 447 1440 450
1 5 1436 452 1437 2248 447 275 448 1440
1 5 2248 1437 453 1438 1440 448 382 449
1 5 1439 2248 1438 454 450 1440 449 278
1 5 455 129 456 1441 1442 464 1443 2249
1 5 1441 456 280 457 2249 1443 465 1444
1 5 458 1441 457 132 1445 2249 1444 466
1 5 463 1442 2249 1445 137 459 1446 462
1 5 1442 464 1443 2249 459 281 460 1446
1 5 2249 1443 465 1444 1446 460 383 461
1 5 1445 2249 1444 466 462 1446 461 284
1 5 467 141 468 1447 1448 476 1449 2250
1 5 1447 468 286 469 2250 1449 477 1450
1 5 470 1447 469 82 1451 2250 1450 478
1 5 475 1448 2250 1451 90 471 1452 474
1 5 1448 476 1449 2250 471 287 472 1452
1 5 2250 1449 477 1450 1452 472 384 473
1 5 1451 2250 1450 478 474 1452 473 258
1 5 479 142 480 1453 1454 488 1455 2251
1 5 1453 480 290 481 2251 1455 489 1456
1 5 482 1453 481 147 1457 2251 1456 490
1 5 487 1454 2251 1457 91 483 1458 486
1 5 1454 488 1455 2251 483 288 484 1458
1 5 2251 1455 489 1456 1458 484 385 485
1 5 1457 2251 1456 490 486 1458 485 293
1 5 491 83 492 1459 1460 500 1461 2252
1 5 1459 492 295 493 2252 1461 501 1462
1 5 494 1459 493 151 1463 2252 1462 502
1 5 499 1460 2252 1463 92 495 1464 498
1 5 1460 500 1461 2252 495 259 496 1464
1 5 2252 1461 501 1462 1464 496 386 497
1 5 1463 2252 1462 502 498 1464 497 296
1 5 503 85 504 1465 1466 512 1467 2253
1 5 1465 504 261 505 2253 1467 513 1468
1 5 506 1465 505 88 1469 2253 1468 514
1 5 511 1466 2253 1469 157 507 1470 510
1 5 1466 512 1467 2253 507 298 508 1470
1 5 2253 1467 513 1468 1470 508 387 509
1 5 1469 2253 1468 514 510 1470 509 301
1 5 515 144 516 1471 1472 524 1473 2254
1 5 1471 516 294 517 2254 1473 525 1474
1 5 518 1471 517 150 1475 2254 1474 526
1 5 523 1472 2254 1475 159 519 1476 522
1 5 1472 524 1473 2254 519 303 520 1476
1 5 2254 1473 525 1474 1476 520 388 521
1 5 1475 2254 1474 526 522 1476 521 306
1 5 527 87 528 1477 1478 536 1479 2255
1 5 1477 528 297 529 2255 1479 537 1480
1 5 530 1477 529 152 1481 2255 1480 538
1 5 535 1478 2255 1481 160 531 1482 534
1 5 1478 536 1479 2255 531 300 532 1482
1 5 2255 1479 537 1480 1482 532 389 533
1 5 1481 2255 1480 538 534 1482 533 309
1 5 539 95 540 1483 1484 548 1485 2256
1 5 1483 540 311 541 2256 1485 549 1486
1 5 542 1483 541 173 1487 2256 1486 550
1 5 547 1484 2256 1487 104 543 1488 546
1 5 1484 548 1485 2256 543 265 544 1488
1 5 2256 1485 549 1486 1488 544 390 545
1 5 1487 2256 1486 550 546 1488 545 314
1 5 551 99 552 1489 1490 560 1491 2257
1 5 1489 552 315 553 2257 1491 561 1492
1 5 554 1489 553 176 1493 2257 1492 562
1 5 559 1490 2257 1493 183 555 1494 558
1 5 1490 560 1491 2257 555 316 556 1494
1 5 2257 1491 561 1492 1494 556 391 557
1 5 1493 2257 1492 562 558 1494 557 319
1 5 563 179 564 1495 1496 572 1497 2258
1 5 1495 564 320 565 2258 1497 573 1498
1 5 566 1495 565 182 1499 2258 1498 574
1 5 571 1496 2258 1499 191 567 1500 570
1 5 1496 572 1497 2258 567 321 568 1500
1 5 2258 1497 573 1498 1500 568 392 569
1 5 1499 2258 1498 574 570 1500 569 324
1 5 575 187 576 1501 1502 584 1503 2259
1 5 1501 576 325 577 2259 1503 585 1504
1 5 578 1501 577 190 1505 2259 1504 586
1 5 583 1502 2259 1505 199 579 1506 582
1 5 1502 584 1503 2259 579 326 580 1506
1 5 2259 1503 585 1504 1506 580 393 581
1 5 1505 2259 1504 586 582 1506 581 329
1 5 587 107 588 1507 1508 596 1509 2260
1 5 1507 588 331 589 2260 1509 597 1510
1 5 590 1507 589 145 1511 2260 1510 598
1 5 595 1508 2260 1511 116 591 1512 594
1 5 1508 596 1509 2260 591 271 592 1512
1 5 2260 1509 597 1510 1512 592 394 593
1 5 1511 2260 1510 598 594 1512 593 291
1 5 599 111 600 1513 1514 608 1515 2261
1 5 1513 600 333 601 2261 1515 609 1516
1 5 602 1513 601 148 1517 2261 1516 610
1 5 607 1514 2261 1517 165 603 1518 606
1 5 1514 608 1515 2261 603 334 604 1518
1 5 2261 1515 609 1516 1518 604 395 605
1 5 1517 2261 1516 610 606 1518 605 304
1 5 611 210 612 1519 1520 620 1521 2262
1 5 1519 612 338 613 2262 1521 621 1522
1 5 614 1519 613 118 1523 2262 1522 622
1 5 619 1520 2262 1523 126 615 1524 618
1 5 1520 620 1521 2262 615 339 616 1524
1 5 2262 1521 621 1522 1524 616 396 617
1 5 1523 2262 1522 622 618 1524 617 276
1 5 623 211 624 1525 1526 632 1527 2263
1 5 1525 624 342 625 2263 1527 633 1528
1 5 626 1525 625 215 1529 2263 1528 634
1 5 631 1526 2263 1529 127 627 1530 630
1 5 1526 632 1527 2263 627 340 628 1530
1 5 2263 1527 633 1528 1530 628 397 629
1 5 1529 2263 1528 634 630 1530 629 344
1 5 635 119 636 1531 1532 644 1533 2264
1 5 1531 636 346 637 2264 1533 645 1534
1 5 638 1531 637 220 1535 2264 1534 646
1 5 643 1532 2264 1535 128 639 1536 642
1 5 1532 644 1533 2264 639 277 640 1536
1 5 2264 1533 645 1534 1536 640 398 641
1 5 1535 2264 1534 646 642 1536 641 348
1 5 647 121 648 1537 1538 656 1539 2265
1 5 1537 648 279 649 2265 1539 657 1540
1 5 650 1537 649 124 1541 2265 1540 658
1 5 655 1538 2265 1541 166 651 1542 654
1 5 1538 656 1539 2265 651 336 652 1542
1 5 2265 1539 657 1540 1542 652 399 653
1 5 1541 2265 1540 658 654 1542 653 352
1 5 659 213 660 1543 1544 668 1545 2266
1 5 1543 660 345 661 2266 1545 669 1546
1 5 662 1543 661 217 1547 2266 1546 670
1 5 667 1544 2266 1547 227 663 1548 666
1 5 1544 668 1545 2266 663 354 664 1548
1 5 2266 1545 669 1546 1548 664 400 665
1 5 1547 2266 1546 670 666 1548 665 356
1 5 671 146 672 1549 1550 680 1551 2267
1 5 1549 672 358 673 2267 1551 681 1552
1 5 674 1549 673 130 1553 2267 1552 682
1 5 679 1550 2267 1553 138 675 1554 678
1 5 1550 680 1551 2267 675 292 676 1554
1 5 2267 1551 681 1552 1554 676 401 677
1 5 1553 2267 1552 682 678 1554 677 282
1 5 683 233 684 1555 1556 692 1557 2268
1 5 1555 684 361 685 2268 1557 693 1558
1 5 686 1555 685 236 1559 2268 1558 694
1 5 691 1556 2268 1559 139 687 1560 690
1 5 1556 692 1557 2268 687 359 688 1560
1 5 2268 1557 693 1558 1560 688 402 689
1 5 1559 2268 1558 694 690 1560 689 363
1 5 695 131 696 1561 1562 704 1563 2269
1 5 1561 696 365 697 2269 1563 705 1564
1 5 698 1561 697 241 1565 2269 1564 706
1 5 703 1562 2269 1565 140 699 1566 702
1 5 1562 704 1563 2269 699 283 700 1566
1 5 2269 1563 705 1564 1566 700 403 701
1 5 1565 2269 1564 706 702 1566 701 367
1 5 707 133 708 1567 1568 716 1569 2270
1 5 1567 708 285 709 2270 1569 717 1570
1 5 710 1567 709 136 1571 2270 1570 718
1 5 715 1568 2270 1571 170 711 1572 714
1 5 1568 716 1569 2270 711 308 712 1572
1 5 2270 1569 717 1570 1572 712 404 713
1 5 1571 2270 1570 718 714 1572 713 371
1 5 719 149 720 1573 1574 728 1575 2271
1 5 1573 720 360 721 2271 1575 729 1576
1 5 722 1573 721 134 1577 2271 1576 730
1 5 727 1574 2271 1577 167 723 1578 726
1 5 1574 728 1575 2271 723 305 724 1578
1 5 2271 1575 729 1576 1578 724 405 725
1 5 1577 2271 1576 730 726 1578 725 369
1 5 731 135 732 1579 1580 740 1581 2272
1 5 1579 732 368 733 2272 1581 741 1582
1 5 734 1579 733 243 1583 2272 1582 742
1 5 739 1580 2272 1583 249 735 1584 738
1 5 1580 740 1581 2272 735 370 736 1584
1 5 2272 1581 741 1582 1584 736 406 737
1 5 1583 2272 1582 742 738 1584 737 377
1 5 743 16 470 1585 1586 475 1451 2273
1 5 1585 470 82 744 2273 1451 478 1587
1 5 408 1585 744 256 1419 2273 1587 417
1 5 416 1586 2273 1419 257 745 1588 412
1 5 1586 475 1451 2273 745 90 474 1588
1 5 2273 1451 478 1587 1588 474 258 746
1 5 1419 2273 1587 417 412 1588 746 379
1 5 744 82 747 1589 1587 478 1590 2274
1 5 1589 747 50 748 2274 1590 487 1591
1 5 749 1589 748 83 1592 2274 1591 500
1 5 417 1587 2274 1592 379 746 1593 752
1 5 1587 478 1590 2274 746 258 750 1593
1 5 2274 1590 487 1591 1593 750 91 751
1 5 1592 2274 1591 500 752 1593 751 259
1 5 409 256 749 1594 1420 417 1592 2275
1 5 1594 749 83 491 2275 1592 500 1460
1 5 753 1594 491 19 1595 2275 1460 499
1 5 418 1420 2275 1595 260 413 1596 754
1 5 1420 417 1592 2275 413 379 752 1596
1 5 2275 1592 500 1460 1596 752 259 495
1 5 1595 2275 1460 499 754 1596 495 92
1 5 411 257 412 1422 1597 756 1598 2276
1 5 1422 412 379 413 2276 1598 757 1599
1 5 414 1422 413 260 1600 2276 1599 758
1 5 755 1597 2276 1600 24 503 1465 506
1 5 1597 756 1598 2276 503 85 504 1465
1 5 2276 1598 757 1599 1465 504 261 505
1 5 1600 2276 1599 758 506 1465 505 88
1 5 745 90 474 1588 1601 762 1602 2277
1 5 1588 474 258 746 2277 1602 763 1603
1 5 412 1588 746 379 1598 2277 1603 757
1 5 756 1601 2277 1598 85 759 1604 504
1 5 1601 762 1602 2277 759 51 760 1604
1 5 2277 1602 763 1603 1604 760 86 761
1 5 1598 2277 1603 757 504 1604 761 261
1 5 746 258 750 1593 1603 763 1605 2278
1 5 1593 750 91 751 2278 1605 767 1606
1 5 752 1593 751 259 1607 2278 1606 768
1 5 757 1603 2278 1607 261 761 1608 766
1 5 1603 763 1605 2278 761 86 764 1608
1 5 2278 1605 767 1606 1608 764 75 765
1 5 1607 2278 1606 768 766 1608 765 87
1 5 413 379 752 1596 1599 757 1607 2279
1 5 1596 752 259 495 2279 1607 768 1609
1 5 754 1596 495 92 1610 2279 1609 770
1 5 758 1599 2279 1610 88 505 1611 769
1 5 1599 757 1607 2279 505 261 766 1611
1 5 2279 1607 768 1609 1611 766 87 527
1 5 1610 2279 1609 770 769 1611 527 54
1 5 771 14 772 1612 1613 777 1614 2280
1 5 1612 772 94 773 2280 1614 778 1615
1 5 420 1612 773 262 1425 2280 1615 429
1 5 428 1613 2280 1425 263 774 1616 424
1 5 1613 777 1614 2280 774 102 775 1616
1 5 2280 1614 778 1615 1616 775 264 776
1 5 1425 2280 1615 429 424 1616 776 380
1 5 773 94 779 1617 1615 778 1618 2281
1 5 1617 779 56 780 2281 1618 785 1619
1 5 781 1617 780 95 1620 2281 1619 548
1 5 429 1615 2281 1620 380 776 1621 784
1 5 1615 778 1618 2281 776 264 782 1621
1 5 2281 1618 785 1619 1621 782 103 783
1 5 1620 2281 1619 548 784 1621 783 265
1 5 421 262 781 1622 1426 429 1620 2282
1 5 1622 781 95 539 2282 1620 548 1484
1 5 786 1622 539 29 1623 2282 1484 547
1 5 430 1426 2282 1623 266 425 1624 787
1 5 1426 429 1620 2282 425 380 784 1624
1 5 2282 1620 548 1484 1624 784 265 543
1 5 1623 2282 1484 547 787 1624 543 104
1 5 423 263 424 1428 1625 793 1626 2283
1 5 1428 424 380 425 2283 1626 794 1627
1 5 426 1428 425 266 1628 2283 1627 795
1 5 792 1625 2283 1628 15 788 1629 791
1 5 1625 793 1626 2283 788 97 789 1629
1 5 2283 1626 794 1627 1629 789 267 790
1 5 1628 2283 1627 795 791 1629 790 100
1 5 774 102 775 1616 1630 799 1631 2284
1 5 1616 775 264 776 2284 1631 800 1632
1 5 424 1616 776 380 1626 2284 1632 794
1 5 793 1630 2284 1626 97 796 1633 789
1 5 1630 799 1631 2284 796 49 797 1633
1 5 2284 1631 800 1632 1633 797 98 798
1 5 1626 2284 1632 794 789 1633 798 267
1 5 776 264 782 1621 1632 800 1634 2285
1 5 1621 782 103 783 2285 1634 804 1635
1 5 784 1621 783 265 1636 2285 1635 805
1 5 794 1632 2285 1636 267 798 1637 803
1 5 1632 800 1634 2285 798 98 801 1637
1 5 2285 1634 804 1635 1637 801 76 802
1 5 1636 2285 1635 805 803 1637 802 99
1 5 425 380 784 1624 1627 794 1636 2286
1 5 1624 784 265 543 2286 1636 805 1638
1 5 787 1624 543 104 1639 2286 1638 807
1 5 795 1627 2286 1639 100 790 1640 806
1 5 1627 794 1636 2286 790 267 803 1640
1 5 2286 1636 805 1638 1640 803 99 551
1 5 1639 2286 1638 807 806 1640 551 58
1 5 808 36 809 1641 1642 814 1643 2287
1 5 1641 809 106 810 2287 1643 815 1644
1 5 432 1641 810 268 1431 2287 1644 441
1 5 440 1642 2287 1431 269 811 1645 436
1 5 1642 814 1643 2287 811 114 812 1645
1 5 2287 1643 815 1644 1645 812 270 813
1 5 1431 2287 1644 441 436 1645 813 381
1 5 810 106 816 1646 1644 815 1647 2288
1 5 1646 816 63 817 2288 1647 822 1648
1 5 818 1646 817 107 1649 2288 1648 596
1 5 441 1644 2288 1649 381 813 1650 821
1 5 1644 815 1647 2288 813 270 819 1650
1 5 2288 1647 822 1648 1650 819 115 820
1 5 1649 2288 1648 596 821 1650 820 271
1 5 433 268 818 1651 1432 441 1649 2289
1 5 1651 818 107 587 2289 1649 596 1508
1 5 823 1651 587 17 1652 2289 1508 595
1 5 442 1432 2289 1652 272 437 1653 824
1 5 1432 441 1649 2289 437 381 821 1653
1 5 2289 1649 596 1508 1653 821 271 591
1 5 1652 2289 1508 595 824 1653 591 116
1 5 435 269 436 1434 1654 830 1655 2290
1 5 1434 436 381 437 2290 1655 831 1656
1 5 438 1434 437 272 1657 2290 1656 832
1 5 829 1654 2290 1657 25 825 1658 828
1 5 1654 830 1655 2290 825 109 826 1658
1 5 2290 1655 831 1656 1658 826 273 827
1 5 1657 2290 1656 832 828 1658 827 112
1 5 811 114 812 1645 1659 836 1660 2291
1 5 1645 812 270 813 2291 1660 837 1661
1 5 436 1645 813 381 1655 2291 1661 831
1 5 830 1659 2291 1655 109 833 1662 826
1 5 1659 836 1660 2291 833 64 834 1662
1 5 2291 1660 837 1661 1662 834 110 835
1 5 1655 2291 1661 831 826 1662 835 273
1 5 813 270 819 1650 1661 837 1663 2292
1 5 1650 819 115 820 2292 1663 841 1664
1 5 821 1650 820 271 1665 2292 1664 842
1 5 831 1661 2292 1665 273 835 1666 840
1 5 1661 837 1663 2292 835 110 838 1666
1 5 2292 1663 841 1664 1666 838 78 839
1 5 1665 2292 1664 842 840 1666 839 111
1 5 437 381 821 1653 1656 831 1665 2293
1 5 1653 821 271 591 2293 1665 842 1667
1 5 824 1653 591 116 1668 2293 1667 844
1 5 832 1656 2293 1668 112 827 1669 843
1 5 1656 831 1665 2293 827 273 840 1669
1 5 2293 1665 842 1667 1669 840 111 599
1 5 1668 2293 1667 844 843 1669 599 52
1 5 845 37 614 1670 1671 619 1523 2294
1 5 1670 614 118 846 2294 1523 622 1672
1 5 444 1670 846 274 1437 2294 1672 453
1 5 452 1671 2294 1437 275 847 1673 448
1 5 1671 619 1523 2294 847 126 618 1673
1 5 2294 1523 622 1672 1673 618 276 848
1 5 1437 2294 1672 453 448 1673 848 382
1 5 846 118 849 1674 1672 622 1675 2295
1 5 1674 849 67 850 2295 1675 631 1676
1 5 851 1674 850 119 1677 2295 1676 644
1 5 453 1672 2295 1677 382 848 1678 854
1 5 1672 622 1675 2295 848 276 852 1678
1 5 2295 1675 631 1676 1678 852 127 853
1 5 1677 2295 1676 644 854 1678 853 277
1 5 445 274 851 1679 1438 453 1677 2296
1 5 1679 851 119 635 2296 1677 644 1532
1 5 855 1679 635 40 1680 2296 1532 643
1 5 454 1438 2296 1680 278 449 1681 856
1 5 1438 453 1677 2296 449 382 854 1681
1 5 2296 1677 644 1532 1681 854 277 639
1 5 1680 2296 1532 643 856 1681 639 128
1 5 447 275 448 1440 1682 858 1683 2297
1 5 1440 448 382 449 2297 1683 859 1684
1 5 450 1440 449 278 1685 2297 1684 860
1 5 857 1682 2297 1685 26 647 1537 650
1 5 1682 858 1683 2297 647 121 648 1537
1 5 2297 1683 859 1684 1537 648 279 649
1 5 1685 2297 1684 860 650 1537 649 124
1 5 847 126 618 1673 1686 864 1687 2298
1 5 1673 618 276 848 2298 1687 865 1688
1 5 448 1673 848 382 1683 2298 1688 859
1 5 858 1686 2298 1683 121 861 1689 648
1 5 1686 864 1687 2298 861 65 862 1689
1 5 2298 1687 865 1688 1689 862 122 863
1 5 1683 2298 1688 859 648 1689 863 279
1 5 848 276 852 1678 1688 865 1690 2299
1 5 1678 852 127 853 2299 1690 869 1691
1 5 854 1678 853 277 1692 2299 1691 870
1 5 859 1688 2299 1692 279 863 1693 868
1 5 1688 865 1690 2299 863 122 866 1693
1 5 2299 1690 869 1691 1693 866 79 867
1 5 1692 2299 1691 870 868 1693 867 123
1 5 449 382 854 1681 1684 859 1692 2300
1 5 1681 854 277 639 2300 1692 870 1694
1 5 856 1681 639 128 1695 2300 1694 873
1 5 860 1684 2300 1695 124 649 1696 872
1 5 1684 859 1692 2300 649 279 868 1696
1 5 2300 1692 870 1694 1696 868 123 871
1 5 1695 2300 1694 873 872 1696 871 69
1 5 874 18 674 1697 1698 679 1553 2301
1 5 1697 674 130 875 2301 1553 682 1699
1 5 456 1697 875 280 1443 2301 1699 465
1 5 464 1698 2301 1443 281 876 1700 460
1 5 1698 679 1553 2301 876 138 678 1700
1 5 2301 1553 682 1699 1700 678 282 877
1 5 1443 2301 1699 465 460 1700 877 383
1 5 875 130 878 1701 1699 682 1702 2302
1 5 1701 878 71 879 2302 1702 691 1703
1 5 880 1701 879 131 1704 2302 1703 704
1 5 465 1699 2302 1704 383 877 1705 883
1 5 1699 682 1702 2302 877 282 881 1705
1 5 2302 1702 691 1703 1705 881 139 882
1 5 1704 2302 1703 704 883 1705 882 283
1 5 457 280 880 1706 1444 465 1704 2303
1 5 1706 880 131 695 2303 1704 704 1562
1 5 884 1706 695 45 1707 2303 1562 703
1 5 466 1444 2303 1707 284 461 1708 885
1 5 1444 465 1704 2303 461 383 883 1708
1 5 2303 1704 704 1562 1708 883 283 699
1 5 1707 2303 1562 703 885 1708 699 140
1 5 459 281 460 1446 1709 887 1710 2304
1 5 1446 460 383 461 2304 1710 888 1711
1 5 462 1446 461 284 1712 2304 1711 889
1 5 886 1709 2304 1712 27 707 1567 710
1 5 1709 887 1710 2304 707 133 708 1567
1 5 2304 1710 888 1711 1567 708 285 709
1 5 1712 2304 1711 889 710 1567 709 136
1 5 876 138 678 1700 1713 892 1714 2305
1 5 1700 678 282 877 2305 1714 893 1715
1 5 460 1700 877 383 1710 2305 1715 888
1 5 887 1713 2305 1710 133 890 1716 708
1 5 1713 892 1714 2305 890 53 722 1716
1 5 2305 1714 893 1715 1716 722 134 891
1 5 1710 2305 1715 888 708 1716 891 285
1 5 877 282 881 1705 1715 893 1717 2306
1 5 1705 881 139 882 2306 1717 897 1718
1 5 883 1705 882 283 1719 2306 1718 898
1 5 888 1715 2306 1719 285 891 1720 896
1 5 1715 893 1717 2306 891 134 894 1720
1 5 2306 1717 897 1718 1720 894 80 895
1 5 1719 2306 1718 898 896 1720 895 135
1 5 461 383 883 1708 1711 888 1719 2307
1 5 1708 883 283 699 2307 1719 898 1721
1 5 885 1708 699 140 1722 2307 1721 900
1 5 889 1711 2307 1722 136 709 1723 899
1 5 1711 888 1719 2307 709 285 896 1723
1 5 2307 1719 898 1721 1723 896 135 731
1 5 1722 2307 1721 900 899 1723 731 73
1 5 901 6 434 1724 1725 439 1433 2308
1 5 1724 434 108 902 2308 1433 442 1726
1 5 468 1724 902 286 1449 2308 1726 477
1 5 476 1725 2308 1449 287 903 1727 472
1 5 1725 439 1433 2308 903 113 438 1727
1 5 2308 1433 442 1726 1727 438 272 904
1 5 1449 2308 1726 477 472 1727 904 384
1 5 902 108 823 1728 1726 442 1652 2309
1 5 1728 823 17 905 2309 1652 595 1729
1 5 906 1728 905 142 1730 2309 1729 488
1 5 477 1726 2309 1730 384 904 1731 908
1 5 1726 442 1652 2309 904 272 824 1731
1 5 2309 1652 595 1729 1731 824 116 907
1 5 1730 2309 1729 488 908 1731 907 288
1 5 469 286 906 1732 1450 477 1730 2310
1 5 1732 906 142 479 2310 1730 488 1454
1 5 747 1732 479 50 1590 2310 1454 487
1 5 478 1450 2310 1590 258 473 1733 750
1 5 1450 477 1730 2310 473 384 908 1733
1 5 2310 1730 488 1454 1733 908 288 483
1 5 1590 2310 1454 487 750 1733 483 91
1 5 471 287 472 1452 1734 912 1735 2311
1 5 1452 472 384 473 2311 1735 913 1736
1 5 474 1452 473 258 1602 2311 1736 763
1 5 762 1734 2311 1602 51 909 1737 760
1 5 1734 912 1735 2311 909 143 910 1737
1 5 2311 1735 913 1736 1737 910 289 911
1 5 1602 2311 1736 763 760 1737 911 86
1 5 903 113 438 1727 1738 829 1657 2312
1 5 1727 438 272 904 2312 1657 832 1739
1 5 472 1727 904 384 1735 2312 1739 913
1 5 912 1738 2312 1735 143 914 1740 910
1 5 1738 829 1657 2312 914 25 828 1740
1 5 2312 1657 832 1739 1740 828 112 915
1 5 1735 2312 1739 913 910 1740 915 289
1 5 904 272 824 1731 1739 832 1668 2313
1 5 1731 824 116 907 2313 1668 844 1741
1 5 908 1731 907 288 1742 2313 1741 918
1 5 913 1739 2313 1742 289 915 1743 917
1 5 1739 832 1668 2313 915 112 843 1743
1 5 2313 1668 844 1741 1743 843 52 916
1 5 1742 2313 1741 918 917 1743 916 144
1 5 473 384 908 1733 1736 913 1742 2314
1 5 1733 908 288 483 2314 1742 918 1744
1 5 750 1733 483 91 1605 2314 1744 767
1 5 763 1736 2314 1605 86 911 1745 764
1 5 1736 913 1742 2314 911 289 917 1745
1 5 2314 1742 918 1744 1745 917 144 515
1 5 1605 2314 1744 767 764 1745 515 75
1 5 905 17 590 1746 1729 595 1511 2315
1 5 1746 590 145 919 2315 1511 598 1747
1 5 480 1746 919 290 1455 2315 1747 489
1 5 488 1729 2315 1455 288 907 1748 484
1 5 1729 595 1511 2315 907 116 594 1748
1 5 2315 1511 598 1747 1748 594 291 920
1 5 1455 2315 1747 489 484 1748 920 385
1 5 919 145 921 1749 1747 598 1750 2316
1 5 1749 921 11 922 2316 1750 451 1751
1 5 923 1749 922 146 1752 2316 1751 680
1 5 489 1747 2316 1752 385 920 1753 926
1 5 1747 598 1750 2316 920 291 924 1753
1 5 2316 1750 451 1751 1753 924 125 925
1 5 1752 2316 1751 680 926 1753 925 292
1 5 481 290 923 1754 1456 489 1752 2317
1 5 1754 923 146 671 2317 1752 680 1550
1 5 927 1754 671 18 1755 2317 1550 679
1 5 490 1456 2317 1755 293 485 1756 928
1 5 1456 489 1752 2317 485 385 926 1756
1 5 2317 1752 680 1550 1756 926 292 675
1 5 1755 2317 1550 679 928 1756 675 138
1 5 483 288 484 1458 1744 918 1757 2318
1 5 1458 484 385 485 2318 1757 929 1758
1 5 486 1458 485 293 1759 2318 1758 930
1 5 767 1744 2318 1759 75 515 1471 518
1 5 1744 918 1757 2318 515 144 516 1471
1 5 2318 1757 929 1758 1471 516 294 517
1 5 1759 2318 1758 930 518 1471 517 150
1 5 907 116 594 1748 1741 844 1760 2319
1 5 1748 594 291 920 2319 1760 932 1761
1 5 484 1748 920 385 1757 2319 1761 929
1 5 918 1741 2319 1757 144 916 1762 516
1 5 1741 844 1760 2319 916 52 602 1762
1 5 2319 1760 932 1761 1762 602 148 931
1 5 1757 2319 1761 929 516 1762 931 294
1 5 920 291 924 1753 1761 932 1763 2320
1 5 1753 924 125 925 2320 1763 857 1764
1 5 926 1753 925 292 1765 2320 1764 936
1 5 929 1761 2320 1765 294 931 1766 935
1 5 1761 932 1763 2320 931 148 933 1766
1 5 2320 1763 857 1764 1766 933 26 934
1 5 1765 2320 1764 936 935 1766 934 149
1 5 485 385 926 1756 1758 929 1765 2321
1 5 1756 926 292 675 2321 1765 936 1767
1 5 928 1756 675 138 1768 2321 1767 892
1 5 930 1758 2321 1768 150 517 1769 937
1 5 1758 929 1765 2321 517 294 935 1769
1 5 2321 1765 936 1767 1769 935 149 719
1 5 1768 2321 1767 892 937 1769 719 53
1 5 748 50 482 1770 1591 487 1457 2322
1 5 1770 482 147 938 2322 1457 490 1771
1 5 492 1770 938 295 1461 2322 1771 501
1 5 500 1591 2322 1461 259 751 1772 496
1 5 1591 487 1457 2322 751 91 486 1772
1 5 2322 1457 490 1771 1772 486 293 939
1 5 1461 2322 1771 501 496 1772 939 386
1 5 938 147 927 1773 1771 490 1755 2323
1 5 1773 927 18 874 2323 1755 679 1698
1 5 940 1773 874 129 1774 2323 1698 464
1 5 501 1771 2323 1774 386 939 1775 941
1 5 1771 490 1755 2323 939 293 928 1775
1 5 2323 1755 679 1698 1775 928 138 876
1 5 1774 2323 1698 464 941 1775 876 281
1 5 493 295 940 1776 1462 501 1774 2324
1 5 1776 940 129 455 2324 1774 464 1442
1 5 942 1776 455 8 1777 2324 1442 463
1 5 502 1462 2324 1777 296 497 1778 943
1 5 1462 501 1774 2324 497 386 941 1778
1 5 2324 1774 464 1442 1778 941 281 459
1 5 1777 2324 1442 463 943 1778 459 137
1 5 495 259 496 1464 1609 768 1779 2325
1 5 1464 496 386 497 2325 1779 944 1780
1 5 498 1464 497 296 1781 2325 1780 945
1 5 770 1609 2325 1781 54 527 1477 530
1 5 1609 768 1779 2325 527 87 528 1477
1 5 2325 1779 944 1780 1477 528 297 529
1 5 1781 2325 1780 945 530 1477 529 152
1 5 751 91 486 1772 1606 767 1759 2326
1 5 1772 486 293 939 2326 1759 930 1782
1 5 496 1772 939 386 1779 2326 1782 944
1 5 768 1606 2326 1779 87 765 1783 528
1 5 1606 767 1759 2326 765 75 518 1783
1 5 2326 1759 930 1782 1783 518 150 946
1 5 1779 2326 1782 944 528 1783 946 297
1 5 939 293 928 1775 1782 930 1768 2327
1 5 1775 928 138 876 2327 1768 892 1713
1 5 941 1775 876 281 1784 2327 1713 887
1 5 944 1782 2327 1784 297 946 1785 947
1 5 1782 930 1768 2327 946 150 937 1785
1 5 2327 1768 892 1713 1785 937 53 890
1 5 1784 2327 1713 887 947 1785 890 133
1 5 497 386 941 1778 1780 944 1784 2328
1 5 1778 941 281 459 2328 1784 887 1709
1 5 943 1778 459 137 1786 2328 1709 886
1 5 945 1780 2328 1786 152 529 1787 948
1 5 1780 944 1784 2328 529 297 947 1787
1 5 2328 1784 887 1709 1787 947 133 707
1 5 1786 2328 1709 886 948 1787 707 27
1 5 759 51 760 1604 1788 952 1789 2329
1 5 1604 760 86 761 2329 1789 953 1790
1 5 504 1604 761 261 1467 2329 1790 513
1 5 512 1788 2329 1467 298 949 1791 508
1 5 1788 952 1789 2329 949 158 950 1791
1 5 2329 1789 953 1790 1791 950 299 951
1 5 1467 2329 1790 513 508 1791 951 387
1 5 761 86 764 1608 1790 953 1792 2330
1 5 1608 764 75 765 2330 1792 523 1793
1 5 766 1608 765 87 1794 2330 1793 536
1 5 513 1790 2330 1794 387 951 1795 956
1 5 1790 953 1792 2330 951 299 954 1795
1 5 2330 1792 523 1793 1795 954 159 955
1 5 1794 2330 1793 536 956 1795 955 300
1 5 505 261 766 1611 1468 513 1794 2331
1 5 1611 766 87 527 2331 1794 536 1478
1 5 769 1611 527 54 1796 2331 1478 535
1 5 514 1468 2331 1796 301 509 1797 957
1 5 1468 513 1794 2331 509 387 956 1797
1 5 2331 1794 536 1478 1797 956 300 531
1 5 1796 2331 1478 535 957 1797 531 160
1 5 507 298 508 1470 1798 963 1799 2332
1 5 1470 508 387 509 2332 1799 964 1800
1 5 510 1470 509 301 1801 2332 1800 965
1 5 962 1798 2332 1801 9 958 1802 961
1 5 1798 963 1799 2332 958 153 959 1802
1 5 2332 1799 964 1800 1802 959 302 960
1 5 1801 2332 1800 965 961 1802 960 156
1 5 949 158 950 1791 1803 969 1804 2333
1 5 1791 950 299 951 2333 1804 970 1805
1 5 508 1791 951 387 1799 2333 1805 964
1 5 963 1803 2333 1799 153 966 1806 959
1 5 1803 969 1804 2333 966 20 967 1806
1 5 2333 1804 970 1805 1806 967 154 968
1 5 1799 2333 1805 964 959 1806 968 302
1 5 951 299 954 1795 1805 970 1807 2334
1 5 1795 954 159 955 2334 1807 974 1808
1 5 956 1795 955 300 1809 2334 1808 975
1 5 964 1805 2334 1809 302 968 1810 973
1 5 1805 970 1807 2334 968 154 971 1810
1 5 2334 1807 974 1808 1810 971 55 972
1 5 1809 2334 1808 975 973 1810 972 155
1 5 509 387 956 1797 1800 964 1809 2335
1 5 1797 956 300 531 2335 1809 975 1811
1 5 957 1797 531 160 1812 2335 1811 978
1 5 965 1800 2335 1812 156 960 1813 977
1 5 1800 964 1809 2335 960 302 973 1813
1 5 2335 1809 975 1811 1813 973 155 976
1 5 1812 2335 1811 978 977 1813 976 23
1 5 916 52 602 1762 1814 607 1517 2336
1 5 1762 602 148 931 2336 1517 610 1815
1 5 516 1762 931 294 1473 2336 1815 525
1 5 524 1814 2336 1473 303 979 1816 520
1 5 1814 607 1517 2336 979 165 606 1816
1 5 2336 1517 610 1815 1816 606 304 980
1 5 1473 2336 1815 525 520 1816 980 388
1 5 931 148 933 1766 1815 610 1817 2337
1 5 1766 933 26 934 2337 1817 655 1818
1 5 935 1766 934 149 1819 2337 1818 728
1 5 525 1815 2337 1819 388 980 1820 983
1 5 1815 610 1817 2337 980 304 981 1820
1 5 2337 1817 655 1818 1820 981 166 982
1 5 1819 2337 1818 728 983 1820 982 305
1 5 517 294 935 1769 1474 525 1819 2338
1 5 1769 935 149 719 2338 1819 728 1574
1 5 937 1769 719 53 1821 2338 1574 727
1 5 526 1474 2338 1821 306 521 1822 984
1 5 1474 525 1819 2338 521 388 983 1822
1 5 2338 1819 728 1574 1822 983 305 723
1 5 1821 2338 1574 727 984 1822 723 167
1 5 519 303 520 1476 1823 989 1824 2339
1 5 1476 520 388 521 2339 1824 990 1825
1 5 522 1476 521 306 1826 2339 1825 991
1 5 974 1823 2339 1826 55 985 1827 988
1 5 1823 989 1824 2339 985 161 986 1827
1 5 2339 1824 990 1825 1827 986 307 987
1 5 1826 2339 1825 991 988 1827 987 164
1 5 979 165 606 1816 1828 995 1829 2340
1 5 1816 606 304 980 2340 1829 996 1830
1 5 520 1816 980 388 1824 2340 1830 990
1 5 989 1828 2340 1824 161 992 1831 986
1 5 1828 995 1829 2340 992 21 993 1831
1 5 2340 1829 996 1830 1831 993 162 994
1 5 1824 2340 1830 990 986 1831 994 307
1 5 980 304 981 1820 1830 996 1832 2341
1 5 1820 981 166 982 2341 1832 1000 1833
1 5 983 1820 982 305 1834 2341 1833 1001
1 5 990 1830 2341 1834 307 994 1835 999
1 5 1830 996 1832 2341 994 162 997 1835
1 5 2341 1832 1000 1833 1835 997 13 998
1 5 1834 2341 1833 1001 999 1835 998 163
1 5 521 388 983 1822 1825 990 1834 2342
1 5 1822 983 305 723 2342 1834 1001 1836
1 5 984 1822 723 167 1837 2342 1836 1004
1 5 991 1825 2342 1837 164 987 1838 1003
1 5 1825 990 1834 2342 987 307 999 1838
1 5 2342 1834 1001 1836 1838 999 163 1002
1 5 1837 2342 1836 1004 1003 1838 1002 22
1 5 765 75 518 1783 1793 523 1475 2343
1 5 1783 518 150 946 2343 1475 526 1839
1 5 528 1783 946 297 1479 2343 1839 537
1 5 536 1793 2343 1479 300 955 1840 532
1 5 1793 523 1475 2343 955 159 522 1840
1 5 2343 1475 526 1839 1840 522 306 1005
1 5 1479 2343 1839 537 532 1840 1005 389
1 5 946 150 937 1785 1839 526 1821 2344
1 5 1785 937 53 890 2344 1821 727 1841
1 5 947 1785 890 133 1842 2344 1841 716
1 5 537 1839 2344 1842 389 1005 1843 1007
1 5 1839 526 1821 2344 1005 306 984 1843
1 5 2344 1821 727 1841 1843 984 167 1006
1 5 1842 2344 1841 716 1007 1843 1006 308
1 5 529 297 947 1787 1480 537 1842 2345
1 5 1787 947 133 707 2345 1842 716 1568
1 5 948 1787 707 27 1844 2345 1568 715
1 5 538 1480 2345 1844 309 533 1845 1008
1 5 1480 537 1842 2345 533 389 1007 1845
1 5 2345 1842 716 1568 1845 1007 308 711
1 5 1844 2345 1568 715 1008 1845 711 170
1 5 531 300 532 1482 1811 975 1846 2346
1 5 1482 532 389 533 2346 1846 1012 1847
1 5 534 1482 533 309 1848 2346 1847 1013
1 5 978 1811 2346 1848 23 976 1849 1011
1 5 1811 975 1846 2346 976 155 1009 1849
1 5 2346 1846 1012 1847 1849 1009 310 1010
1 5 1848 2346 1847 1013 1011 1849 1010 169
1 5 955 159 522 1840 1808 974 1826 2347
1 5 1840 522 306 1005 2347 1826 991 1850
1 5 532 1840 1005 389 1846 2347 1850 1012
1 5 975 1808 2347 1846 155 972 1851 1009
1 5 1808 974 1826 2347 972 55 988 1851
1 5 2347 1826 991 1850 1851 988 164 1014
1 5 1846 2347 1850 1012 1009 1851 1014 310
1 5 1005 306 984 1843 1850 991 1837 2348
1 5 1843 984 167 1006 2348 1837 1004 1852
1 5 1007 1843 1006 308 1853 2348 1852 1017
1 5 1012 1850 2348 1853 310 1014 1854 1016
1 5 1850 991 1837 2348 1014 164 1003 1854
1 5 2348 1837 1004 1852 1854 1003 22 1015
1 5 1853 2348 1852 1017 1016 1854 1015 168
1 5 533 389 1007 1845 1847 1012 1853 2349
1 5 1845 1007 308 711 2349 1853 1017 1855
1 5 1008 1845 711 170 1856 2349 1855 1020
1 5 1013 1847 2349 1856 169 1010 1857 1019
1 5 1847 1012 1853 2349 1010 310 1016 1857
1 5 2349 1853 1017 1855 1857 1016 168 1018
1 5 1856 2349 1855 1020 1019 1857 1018 12
1 5 780 56 1021 1858 1619 785 1859 2350
1 5 1858 1021 171 1022 2350 1859 1025 1860
1 5 540 1858 1022 311 1485 2350 1860 549
1 5 548 1619 2350 1485 265 783 1861 544
1 5 1619 785 1859 2350 783 103 1023 1861
1 5 2350 1859 1025 1860 1861 1023 312 1024
1 5 1485 2350 1860 549 544 1861 1024 390
1 5 1022 171 1026 1862 1860 1025 1863 2351
1 5 1862 1026 28 1027 2351 1863 1032 1864
1 5 1028 1862 1027 172 1865 2351 1864 1033
1 5 549 1860 2351 1865 390 1024 1866 1031
1 5 1860 1025 1863 2351 1024 312 1029 1866
1 5 2351 1863 1032 1864 1866 1029 177 1030
1 5 1865 2351 1864 1033 1031 1866 1030 313
1 5 541 311 1028 1867 1486 549 1865 2352
1 5 1867 1028 172 1034 2352 1865 1033 1868
1 5 1035 1867 1034 2 1869 2352 1868 1038
1 5 550 1486 2352 1869 314 545 1870 1037
1 5 1486 549 1865 2352 545 390 1031 1870
1 5 2352 1865 1033 1868 1870 1031 313 1036
1 5 1869 2352 1868 1038 1037 1870 1036 178
1 5 543 265 544 1488 1638 805 1871 2353
1 5 1488 544 390 545 2353 1871 1039 1872
1 5 546 1488 545 314 1873 2353 1872 1040
1 5 807 1638 2353 1873 58 551 1489 554
1 5 1638 805 1871 2353 551 99 552 1489
1 5 2353 1871 1039 1872 1489 552 315 553
1 5 1873 2353 1872 1040 554 1489 553 176
1 5 783 103 1023 1861 1635 804 1874 2354
1 5 1861 1023 312 1024 2354 1874 1043 1875
1 5 544 1861 1024 390 1871 2354 1875 1039
1 5 805 1635 2354 1871 99 802 1876 552
1 5 1635 804 1874 2354 802 76 1041 1876
