MFEM mesh v1.0

#
# MFEM Geometry Types (see mesh/geom.hpp):
#
# POINT       = 0
# SEGMENT     = 1
# TRIANGLE    = 2
# SQUARE      = 3
# TETRAHEDRON = 4
# CUBE        = 5
#

dimension
3

elements
1792
1 5 5 369 1309 372 377 1310 2105 1313
1 5 6 381 1315 384 389 1316 2106 1319
1 5 9 393 1321 396 401 1322 2107 1325
1 5 38 405 1327 408 413 1328 2108 1331
1 5 41 417 1333 420 425 1334 2109 1337
1 5 13 429 1339 432 437 1340 2110 1343
1 5 43 441 1345 444 449 1346 2111 1349
1 5 64 453 1351 456 461 1352 2112 1355
1 5 39 465 1357 468 473 1358 2113 1361
1 5 16 477 1363 480 485 1364 2114 1367
1 5 14 489 1369 492 497 1370 2115 1373
1 5 45 501 1375 504 509 1376 2116 1379
1 5 10 513 1381 516 521 1382 2117 1385
1 5 40 525 1387 528 533 1388 2118 1391
1 5 51 537 1393 540 545 1394 2119 1397
1 5 66 549 1399 552 557 1400 2120 1403
1 5 19 561 1405 564 569 1406 2121 1409
1 5 46 573 1411 576 581 1412 2122 1415
1 5 11 585 1417 588 593 1418 2123 1421
1 5 29 597 1423 600 605 1424 2124 1427
1 5 55 609 1429 612 617 1430 2125 1433
1 5 67 621 1435 624 629 1436 2126 1439
1 5 52 633 1441 636 641 1442 2127 1445
1 5 21 645 1447 648 653 1448 2128 1451
1 5 30 657 1453 660 665 1454 2129 1457
1 5 57 669 1459 672 677 1460 2130 1463
1 5 12 681 1465 684 689 1466 2131 1469
1 5 53 693 1471 696 701 1472 2132 1475
1 5 70 705 1477 370 378 1478 2133 1311
1 5 226 706 1481 711 379 1479 2134 1484
1 5 73 371 1486 718 380 1312 2135 1488
1 5 78 373 1314 376 722 1490 2136 1493
1 5 227 707 1480 374 723 1494 2137 1491
1 5 341 708 1485 714 724 1496 2138 1500
1 5 230 375 1489 720 725 1492 2139 1503
1 5 82 738 1505 382 390 1506 2140 1317
1 5 232 739 1509 744 391 1507 2141 1512
1 5 85 383 1514 748 392 1318 2142 1515
1 5 90 385 1320 388 750 1517 2143 1520
1 5 233 740 1508 386 751 1521 2144 1518
1 5 342 741 1513 747 752 1523 2145 1527
1 5 236 387 1516 749 753 1519 2146 1530
1 5 94 765 1532 394 402 1533 2147 1323
1 5 238 766 1536 771 403 1534 2148 1539
1 5 97 395 1541 778 404 1324 2149 1543
1 5 102 397 1326 400 782 1545 2150 1548
1 5 239 767 1535 398 783 1549 2151 1546
1 5 343 768 1540 774 784 1551 2152 1555
1 5 242 399 1544 780 785 1547 2153 1558
1 5 106 798 1560 406 414 1561 2154 1329
1 5 244 799 1564 804 415 1562 2155 1567
1 5 109 407 1569 810 416 1330 2156 1571
1 5 113 409 1332 412 814 1573 2157 1576
1 5 245 800 1563 410 815 1577 2158 1574
1 5 344 801 1568 807 816 1579 2159 1583
1 5 248 411 1572 812 817 1575 2160 1586
1 5 117 828 1588 418 426 1589 2161 1335
1 5 250 830 1593 838 427 1591 2162 1596
1 5 120 419 1598 843 428 1336 2163 1599
1 5 125 421 1338 424 845 1601 2164 1604
1 5 251 831 1592 422 846 1605 2165 1602
1 5 345 833 1597 841 847 1607 2166 1611
1 5 254 423 1600 844 848 1603 2167 1614
1 5 128 860 1616 430 438 1617 2168 1341
1 5 256 861 1620 866 439 1618 2169 1623
1 5 107 431 1625 802 440 1342 2170 1565
1 5 114 433 1344 436 820 1627 2171 1578
1 5 257 862 1619 434 870 1630 2172 1628
1 5 346 863 1624 869 871 1632 2173 1635
1 5 246 435 1626 805 821 1629 2174 1581
1 5 133 876 1637 442 450 1638 2175 1347
1 5 260 878 1642 885 451 1640 2176 1645
1 5 129 443 1647 864 452 1348 2177 1621
1 5 131 445 1350 448 872 1649 2178 1631
1 5 261 879 1641 446 890 1652 2179 1650
1 5 347 881 1646 888 891 1654 2180 1658
1 5 258 447 1648 867 873 1651 2181 1633
1 5 121 849 1608 454 462 1644 2182 1353
1 5 255 851 1612 856 463 1663 2183 1667
1 5 124 455 1615 859 464 1354 2184 1669
1 5 132 457 1356 460 874 1660 2185 1673
1 5 263 887 1664 458 901 1657 2186 1671
1 5 348 903 1668 907 910 1675 2187 1679
1 5 267 459 1670 909 911 1672 2188 1682
1 5 130 865 1684 466 474 1622 2189 1359
1 5 269 922 1687 924 475 1685 2190 1689
1 5 145 467 1691 927 476 1360 2191 1692
1 5 115 469 1362 472 824 1636 2192 1696
1 5 259 868 1686 470 875 1634 2193 1694
1 5 349 923 1690 926 929 1697 2194 1700
1 5 271 471 1693 928 930 1695 2195 1703
1 5 119 837 1705 478 486 1595 2196 1365
1 5 273 937 1709 943 487 1707 2197 1712
1 5 71 479 1714 709 488 1366 2198 1482
1 5 79 481 1368 484 728 1613 2199 1495
1 5 253 840 1708 482 858 1610 2200 1717
1 5 350 939 1713 946 951 1720 2201 1724
1 5 228 483 1716 712 729 1718 2202 1498
1 5 74 726 1497 490 498 1688 2203 1371
1 5 231 727 1501 732 499 1728 2204 1732
1 5 77 491 1504 736 500 1372 2205 1735
1 5 147 493 1374 496 935 1702 2206 1739
1 5 270 925 1729 494 933 1699 2207 1737
1 5 351 961 1733 964 970 1741 2208 1744
1 5 279 495 1736 968 971 1738 2209 1746
1 5 123 855 1721 502 510 1666 2210 1377
1 5 276 953 1725 957 511 1748 2211 1752
1 5 75 503 1727 730 512 1378 2212 1730
1 5 144 505 1380 508 921 1681 2213 1740
1 5 266 906 1749 506 919 1678 2214 1756
1 5 352 977 1753 981 985 1759 2215 1763
1 5 277 507 1755 962 972 1757 2216 1742
1 5 110 818 1580 514 522 1767 2217 1383
1 5 249 819 1584 823 523 1768 2218 1771
1 5 112 515 1587 826 524 1384 2219 1773
1 5 161 517 1386 520 1000 1775 2220 1778
1 5 283 995 1769 518 1001 1779 2221 1776
1 5 353 996 1772 998 1002 1780 2222 1783
1 5 285 519 1774 999 1003 1777 2223 1786
1 5 111 822 1788 526 534 1770 2224 1389
1 5 287 1011 1791 1014 535 1789 2225 1794
1 5 164 527 1796 1018 536 1390 2226 1797
1 5 162 529 1392 532 1010 1785 2227 1801
1 5 284 997 1790 530 1008 1782 2228 1799
1 5 354 1012 1795 1017 1020 1803 2229 1807
1 5 290 531 1798 1019 1021 1800 2230 1810
1 5 158 1004 1781 538 546 1812 2231 1395
1 5 286 1005 1784 1007 547 1813 2232 1817
1 5 160 539 1787 1009 548 1396 2233 1819
1 5 173 541 1398 544 1040 1821 2234 1824
1 5 292 1030 1814 542 1041 1826 2235 1822
1 5 355 1031 1818 1034 1042 1828 2236 1832
1 5 295 543 1820 1035 1043 1823 2237 1835
1 5 159 1006 1804 550 558 1816 2238 1401
1 5 291 1022 1808 1026 559 1837 2239 1841
1 5 167 551 1811 1028 560 1402 2240 1843
1 5 176 553 1404 556 1056 1834 2241 1847
1 5 294 1033 1838 554 1053 1831 2242 1845
1 5 356 1057 1842 1060 1065 1850 2243 1854
1 5 299 555 1844 1061 1066 1846 2244 1857
1 5 135 892 1655 562 570 1859 2245 1407
1 5 264 894 1659 899 571 1861 2246 1865
1 5 83 563 1661 742 572 1408 2247 1510
1 5 91 565 1410 568 756 1868 2248 1522
1 5 301 1078 1862 566 1087 1871 2249 1869
1 5 357 1080 1866 1085 1088 1873 2250 1877
1 5 234 567 1867 745 757 1870 2251 1525
1 5 137 898 1676 574 582 1864 2252 1413
1 5 268 913 1680 917 583 1882 2253 1886
1 5 142 575 1683 920 584 1414 2254 1888
1 5 92 577 1416 580 761 1879 2255 1892
1 5 303 1084 1883 578 1098 1876 2256 1890
1 5 358 1100 1887 1104 1107 1894 2257 1898
1 5 307 579 1889 1106 1108 1891 2258 1901
1 5 84 743 1698 586 594 1511 2259 1419
1 5 272 931 1701 932 595 1903 2260 1905
1 5 146 587 1704 934 596 1420 2261 1792
1 5 93 589 1422 592 764 1529 2262 1802
1 5 235 746 1904 590 762 1526 2263 1908
1 5 359 1118 1906 1119 1120 1910 2264 1912
1 5 288 591 1907 1015 1023 1909 2265 1805
1 5 86 754 1524 598 606 1915 2266 1425
1 5 237 755 1528 760 607 1916 2267 1920
1 5 89 599 1531 763 608 1426 2268 1815
1 5 174 601 1428 604 1047 1923 2269 1827
1 5 310 1123 1917 602 1131 1927 2270 1924
1 5 360 1124 1921 1127 1132 1929 2271 1933
1 5 293 603 1922 1032 1048 1925 2272 1830
1 5 182 1089 1874 610 618 1937 2273 1431
1 5 304 1091 1878 1096 619 1939 2274 1943
1 5 87 611 1880 758 620 1432 2275 1918
1 5 194 613 1434 616 1136 1946 2276 1928
1 5 314 1144 1940 614 1156 1950 2277 1947
1 5 361 1146 1944 1151 1157 1952 2278 1956
1 5 311 615 1945 1125 1137 1948 2279 1931
1 5 184 1095 1895 622 630 1942 2280 1437
1 5 308 1110 1899 1114 631 1961 2281 1965
1 5 189 623 1902 1117 632 1438 2282 1967
1 5 195 625 1440 628 1141 1958 2283 1971
1 5 316 1150 1962 626 1167 1955 2284 1969
1 5 362 1170 1966 1174 1180 1974 2285 1978
1 5 320 627 1968 1176 1181 1970 2286 1981
1 5 88 759 1911 634 642 1919 2287 1443
1 5 309 1121 1913 1122 643 1983 2288 1986
1 5 165 635 1914 1024 644 1444 2289 1839
1 5 175 637 1446 640 1052 1935 2290 1849
1 5 312 1126 1984 638 1142 1932 2291 1989
1 5 363 1193 1987 1195 1198 1992 2292 1995
1 5 297 639 1988 1058 1069 1990 2293 1852
1 5 141 916 1760 646 654 1885 2294 1449
1 5 282 987 1764 991 655 2000 2295 2004
1 5 95 647 1766 769 656 1450 2296 1537
1 5 103 649 1452 652 788 1900 2297 1550
1 5 306 1103 2001 650 1116 1897 2298 2008
1 5 364 1205 2005 1209 1213 2011 2299 2015
1 5 240 651 2007 772 789 2009 2300 1553
1 5 98 786 1552 658 666 1985 2301 1455
1 5 243 787 1556 792 667 2019 2302 2023
1 5 101 659 1559 796 668 1456 2303 2026
1 5 180 661 1458 664 1073 1997 2304 2030
1 5 322 1194 2020 662 1202 1994 2305 2028
1 5 365 1223 2024 1226 1235 2033 2306 2037
1 5 329 663 2027 1230 1236 2029 2307 2040
1 5 188 1113 2012 670 678 1964 2308 1461
1 5 326 1215 2016 1219 679 2043 2309 2047
1 5 99 671 2018 790 680 1462 2310 2021
1 5 205 673 1464 676 1192 1980 2311 2032
1 5 319 1173 2044 674 1189 1977 2312 2051
1 5 366 1249 2048 1253 1259 2055 2313 2059
1 5 327 675 2050 1224 1239 2052 2314 2035
1 5 163 1013 2063 682 690 1793 2315 1467
1 5 334 1269 2066 1272 691 2064 2316 2068
1 5 219 683 2070 1277 692 1468 2317 2072
1 5 168 685 1470 688 1029 1809 2318 2076
1 5 289 1016 2065 686 1027 1806 2319 2074
1 5 367 1270 2069 1274 1281 2077 2320 2080
1 5 336 687 2073 1279 1282 2075 2321 2083
1 5 166 1025 2078 694 702 1840 2322 1473
1 5 337 1283 2081 1285 703 2085 2323 2088
1 5 221 695 2084 1288 704 1474 2324 2091
1 5 181 697 1476 700 1077 1856 2325 2095
1 5 298 1059 2086 698 1074 1853 2326 2093
1 5 368 1290 2089 1292 1300 2097 2327 2100
1 5 339 699 2092 1295 1301 2094 2328 2103
1 5 369 70 370 1309 1310 378 1311 2105
1 5 1309 370 226 371 2105 1311 379 1312
1 5 372 1309 371 73 1313 2105 1312 380
1 5 377 1310 2105 1313 78 373 1314 376
1 5 1310 378 1311 2105 373 227 374 1314
1 5 2105 1311 379 1312 1314 374 341 375
1 5 1313 2105 1312 380 376 1314 375 230
1 5 381 82 382 1315 1316 390 1317 2106
1 5 1315 382 232 383 2106 1317 391 1318
1 5 384 1315 383 85 1319 2106 1318 392
1 5 389 1316 2106 1319 90 385 1320 388
1 5 1316 390 1317 2106 385 233 386 1320
1 5 2106 1317 391 1318 1320 386 342 387
1 5 1319 2106 1318 392 388 1320 387 236
1 5 393 94 394 1321 1322 402 1323 2107
1 5 1321 394 238 395 2107 1323 403 1324
1 5 396 1321 395 97 1325 2107 1324 404
1 5 401 1322 2107 1325 102 397 1326 400
1 5 1322 402 1323 2107 397 239 398 1326
1 5 2107 1323 403 1324 1326 398 343 399
1 5 1325 2107 1324 404 400 1326 399 242
1 5 405 106 406 1327 1328 414 1329 2108
1 5 1327 406 244 407 2108 1329 415 1330
1 5 408 1327 407 109 1331 2108 1330 416
1 5 413 1328 2108 1331 113 409 1332 412
1 5 1328 414 1329 2108 409 245 410 1332
1 5 2108 1329 415 1330 1332 410 344 411
1 5 1331 2108 1330 416 412 1332 411 248
1 5 417 117 418 1333 1334 426 1335 2109
1 5 1333 418 250 419 2109 1335 427 1336
1 5 420 1333 419 120 1337 2109 1336 428
1 5 425 1334 2109 1337 125 421 1338 424
1 5 1334 426 1335 2109 421 251 422 1338
1 5 2109 1335 427 1336 1338 422 345 423
1 5 1337 2109 1336 428 424 1338 423 254
1 5 429 128 430 1339 1340 438 1341 2110
1 5 1339 430 256 431 2110 1341 439 1342
1 5 432 1339 431 107 1343 2110 1342 440
1 5 437 1340 2110 1343 114 433 1344 436
1 5 1340 438 1341 2110 433 257 434 1344
1 5 2110 1341 439 1342 1344 434 346 435
1 5 1343 2110 1342 440 436 1344 435 246
1 5 441 133 442 1345 1346 450 1347 2111
1 5 1345 442 260 443 2111 1347 451 1348
1 5 444 1345 443 129 1349 2111 1348 452
1 5 449 1346 2111 1349 131 445 1350 448
1 5 1346 450 1347 2111 445 261 446 1350
1 5 2111 1347 451 1348 1350 446 347 447
1 5 1349 2111 1348 452 448 1350 447 258
1 5 453 121 454 1351 1352 462 1353 2112
1 5 1351 454 255 455 2112 1353 463 1354
1 5 456 1351 455 124 1355 2112 1354 464
1 5 461 1352 2112 1355 132 457 1356 460
1 5 1352 462 1353 2112 457 263 458 1356
1 5 2112 1353 463 1354 1356 458 348 459
1 5 1355 2112 1354 464 460 1356 459 267
1 5 465 130 466 1357 1358 474 1359 2113
1 5 1357 466 269 467 2113 1359 475 1360
1 5 468 1357 467 145 1361 2113 1360 476
1 5 473 1358 2113 1361 115 469 1362 472
1 5 1358 474 1359 2113 469 259 470 1362
1 5 2113 1359 475 1360 1362 470 349 471
1 5 1361 2113 1360 476 472 1362 471 271
1 5 477 119 478 1363 1364 486 1365 2114
1 5 1363 478 273 479 2114 1365 487 1366
1 5 480 1363 479 71 1367 2114 1366 488
1 5 485 1364 2114 1367 79 481 1368 484
1 5 1364 486 1365 2114 481 253 482 1368
1 5 2114 1365 487 1366 1368 482 350 483
1 5 1367 2114 1366 488 484 1368 483 228
1 5 489 74 490 1369 1370 498 1371 2115
1 5 1369 490 231 491 2115 1371 499 1372
1 5 492 1369 491 77 1373 2115 1372 500
1 5 497 1370 2115 1373 147 493 1374 496
1 5 1370 498 1371 2115 493 270 494 1374
1 5 2115 1371 499 1372 1374 494 351 495
1 5 1373 2115 1372 500 496 1374 495 279
1 5 501 123 502 1375 1376 510 1377 2116
1 5 1375 502 276 503 2116 1377 511 1378
1 5 504 1375 503 75 1379 2116 1378 512
1 5 509 1376 2116 1379 144 505 1380 508
1 5 1376 510 1377 2116 505 266 506 1380
1 5 2116 1377 511 1378 1380 506 352 507
1 5 1379 2116 1378 512 508 1380 507 277
1 5 513 110 514 1381 1382 522 1383 2117
1 5 1381 514 249 515 2117 1383 523 1384
1 5 516 1381 515 112 1385 2117 1384 524
1 5 521 1382 2117 1385 161 517 1386 520
1 5 1382 522 1383 2117 517 283 518 1386
1 5 2117 1383 523 1384 1386 518 353 519
1 5 1385 2117 1384 524 520 1386 519 285
1 5 525 111 526 1387 1388 534 1389 2118
1 5 1387 526 287 527 2118 1389 535 1390
1 5 528 1387 527 164 1391 2118 1390 536
1 5 533 1388 2118 1391 162 529 1392 532
1 5 1388 534 1389 2118 529 284 530 1392
1 5 2118 1389 535 1390 1392 530 354 531
1 5 1391 2118 1390 536 532 1392 531 290
1 5 537 158 538 1393 1394 546 1395 2119
1 5 1393 538 286 539 2119 1395 547 1396
1 5 540 1393 539 160 1397 2119 1396 548
1 5 545 1394 2119 1397 173 541 1398 544
1 5 1394 546 1395 2119 541 292 542 1398
1 5 2119 1395 547 1396 1398 542 355 543
1 5 1397 2119 1396 548 544 1398 543 295
1 5 549 159 550 1399 1400 558 1401 2120
1 5 1399 550 291 551 2120 1401 559 1402
1 5 552 1399 551 167 1403 2120 1402 560
1 5 557 1400 2120 1403 176 553 1404 556
1 5 1400 558 1401 2120 553 294 554 1404
1 5 2120 1401 559 1402 1404 554 356 555
1 5 1403 2120 1402 560 556 1404 555 299
1 5 561 135 562 1405 1406 570 1407 2121
1 5 1405 562 264 563 2121 1407 571 1408
1 5 564 1405 563 83 1409 2121 1408 572
1 5 569 1406 2121 1409 91 565 1410 568
1 5 1406 570 1407 2121 565 301 566 1410
1 5 2121 1407 571 1408 1410 566 357 567
1 5 1409 2121 1408 572 568 1410 567 234
1 5 573 137 574 1411 1412 582 1413 2122
1 5 1411 574 268 575 2122 1413 583 1414
1 5 576 1411 575 142 1415 2122 1414 584
1 5 581 1412 2122 1415 92 577 1416 580
1 5 1412 582 1413 2122 577 303 578 1416
1 5 2122 1413 583 1414 1416 578 358 579
1 5 1415 2122 1414 584 580 1416 579 307
1 5 585 84 586 1417 1418 594 1419 2123
1 5 1417 586 272 587 2123 1419 595 1420
1 5 588 1417 587 146 1421 2123 1420 596
1 5 593 1418 2123 1421 93 589 1422 592
1 5 1418 594 1419 2123 589 235 590 1422
1 5 2123 1419 595 1420 1422 590 359 591
1 5 1421 2123 1420 596 592 1422 591 288
1 5 597 86 598 1423 1424 606 1425 2124
1 5 1423 598 237 599 2124 1425 607 1426
1 5 600 1423 599 89 1427 2124 1426 608
1 5 605 1424 2124 1427 174 601 1428 604
1 5 1424 606 1425 2124 601 310 602 1428
1 5 2124 1425 607 1426 1428 602 360 603
1 5 1427 2124 1426 608 604 1428 603 293
1 5 609 182 610 1429 1430 618 1431 2125
1 5 1429 610 304 611 2125 1431 619 1432
1 5 612 1429 611 87 1433 2125 1432 620
1 5 617 1430 2125 1433 194 613 1434 616
1 5 1430 618 1431 2125 613 314 614 1434
1 5 2125 1431 619 1432 1434 614 361 615
1 5 1433 2125 1432 620 616 1434 615 311
1 5 621 184 622 1435 1436 630 1437 2126
1 5 1435 622 308 623 2126 1437 631 1438
1 5 624 1435 623 189 1439 2126 1438 632
1 5 629 1436 2126 1439 195 625 1440 628
1 5 1436 630 1437 2126 625 316 626 1440
1 5 2126 1437 631 1438 1440 626 362 627
1 5 1439 2126 1438 632 628 1440 627 320
1 5 633 88 634 1441 1442 642 1443 2127
1 5 1441 634 309 635 2127 1443 643 1444
1 5 636 1441 635 165 1445 2127 1444 644
1 5 641 1442 2127 1445 175 637 1446 640
1 5 1442 642 1443 2127 637 312 638 1446
1 5 2127 1443 643 1444 1446 638 363 639
1 5 1445 2127 1444 644 640 1446 639 297
1 5 645 141 646 1447 1448 654 1449 2128
1 5 1447 646 282 647 2128 1449 655 1450
1 5 648 1447 647 95 1451 2128 1450 656
1 5 653 1448 2128 1451 103 649 1452 652
1 5 1448 654 1449 2128 649 306 650 1452
1 5 2128 1449 655 1450 1452 650 364 651
1 5 1451 2128 1450 656 652 1452 651 240
1 5 657 98 658 1453 1454 666 1455 2129
1 5 1453 658 243 659 2129 1455 667 1456
1 5 660 1453 659 101 1457 2129 1456 668
1 5 665 1454 2129 1457 180 661 1458 664
1 5 1454 666 1455 2129 661 322 662 1458
1 5 2129 1455 667 1456 1458 662 365 663
1 5 1457 2129 1456 668 664 1458 663 329
1 5 669 188 670 1459 1460 678 1461 2130
1 5 1459 670 326 671 2130 1461 679 1462
1 5 672 1459 671 99 1463 2130 1462 680
1 5 677 1460 2130 1463 205 673 1464 676
1 5 1460 678 1461 2130 673 319 674 1464
1 5 2130 1461 679 1462 1464 674 366 675
1 5 1463 2130 1462 680 676 1464 675 327
1 5 681 163 682 1465 1466 690 1467 2131
1 5 1465 682 334 683 2131 1467 691 1468
1 5 684 1465 683 219 1469 2131 1468 692
1 5 689 1466 2131 1469 168 685 1470 688
1 5 1466 690 1467 2131 685 289 686 1470
1 5 2131 1467 691 1468 1470 686 367 687
1 5 1469 2131 1468 692 688 1470 687 336
1 5 693 166 694 1471 1472 702 1473 2132
1 5 1471 694 337 695 2132 1473 703 1474
1 5 696 1471 695 221 1475 2132 1474 704
1 5 701 1472 2132 1475 181 697 1476 700
1 5 1472 702 1473 2132 697 298 698 1476
1 5 2132 1473 703 1474 1476 698 368 699
1 5 1475 2132 1474 704 700 1476 699 339
1 5 705 16 480 1477 1478 485 1367 2133
1 5 1477 480 71 706 2133 1367 488 1479
1 5 370 1477 706 226 1311 2133 1479 379
1 5 378 1478 2133 1311 227 707 1480 374
1 5 1478 485 1367 2133 707 79 484 1480
1 5 2133 1367 488 1479 1480 484 228 708
1 5 1311 2133 1479 379 374 1480 708 341
1 5 706 71 709 1481 1479 488 1482 2134
1 5 1481 709 42 710 2134 1482 715 1483
1 5 711 1481 710 72 1484 2134 1483 716
1 5 379 1479 2134 1484 341 708 1485 714
1 5 1479 488 1482 2134 708 228 712 1485
1 5 2134 1482 715 1483 1485 712 80 713
1 5 1484 2134 1483 716 714 1485 713 229
1 5 371 226 711 1486 1312 379 1484 2135
1 5 1486 711 72 717 2135 1484 716 1487
1 5 718 1486 717 18 1488 2135 1487 721
1 5 380 1312 2135 1488 230 375 1489 720
1 5 1312 379 1484 2135 375 341 714 1489
1 5 2135 1484 716 1487 1489 714 229 719
1 5 1488 2135 1487 721 720 1489 719 81
1 5 373 227 374 1314 1490 723 1491 2136
1 5 1314 374 341 375 2136 1491 724 1492
1 5 376 1314 375 230 1493 2136 1492 725
1 5 722 1490 2136 1493 14 489 1369 492
1 5 1490 723 1491 2136 489 74 490 1369
1 5 2136 1491 724 1492 1369 490 231 491
1 5 1493 2136 1492 725 492 1369 491 77
1 5 707 79 484 1480 1494 728 1495 2137
1 5 1480 484 228 708 2137 1495 729 1496
1 5 374 1480 708 341 1491 2137 1496 724
1 5 723 1494 2137 1491 74 726 1497 490
1 5 1494 728 1495 2137 726 45 504 1497
1 5 2137 1495 729 1496 1497 504 75 727
1 5 1491 2137 1496 724 490 1497 727 231
1 5 708 228 712 1485 1496 729 1498 2138
1 5 1485 712 80 713 2138 1498 733 1499
1 5 714 1485 713 229 1500 2138 1499 734
1 5 724 1496 2138 1500 231 727 1501 732
1 5 1496 729 1498 2138 727 75 730 1501
1 5 2138 1498 733 1499 1501 730 65 731
1 5 1500 2138 1499 734 732 1501 731 76
1 5 375 341 714 1489 1492 724 1500 2139
1 5 1489 714 229 719 2139 1500 734 1502
1 5 720 1489 719 81 1503 2139 1502 737
1 5 725 1492 2139 1503 77 491 1504 736
1 5 1492 724 1500 2139 491 231 732 1504
1 5 2139 1500 734 1502 1504 732 76 735
1 5 1503 2139 1502 737 736 1504 735 48
1 5 738 19 564 1505 1506 569 1409 2140
1 5 1505 564 83 739 2140 1409 572 1507
1 5 382 1505 739 232 1317 2140 1507 391
1 5 390 1506 2140 1317 233 740 1508 386
1 5 1506 569 1409 2140 740 91 568 1508
1 5 2140 1409 572 1507 1508 568 234 741
1 5 1317 2140 1507 391 386 1508 741 342
1 5 739 83 742 1509 1507 572 1510 2141
1 5 1509 742 46 743 2141 1510 581 1511
1 5 744 1509 743 84 1512 2141 1511 594
1 5 391 1507 2141 1512 342 741 1513 747
1 5 1507 572 1510 2141 741 234 745 1513
1 5 2141 1510 581 1511 1513 745 92 746
1 5 1512 2141 1511 594 747 1513 746 235
1 5 383 232 744 1514 1318 391 1512 2142
1 5 1514 744 84 585 2142 1512 594 1418
1 5 748 1514 585 11 1515 2142 1418 593
1 5 392 1318 2142 1515 236 387 1516 749
1 5 1318 391 1512 2142 387 342 747 1516
1 5 2142 1512 594 1418 1516 747 235 589
1 5 1515 2142 1418 593 749 1516 589 93
1 5 385 233 386 1320 1517 751 1518 2143
1 5 1320 386 342 387 2143 1518 752 1519
1 5 388 1320 387 236 1520 2143 1519 753
1 5 750 1517 2143 1520 29 597 1423 600
1 5 1517 751 1518 2143 597 86 598 1423
1 5 2143 1518 752 1519 1423 598 237 599
1 5 1520 2143 1519 753 600 1423 599 89
1 5 740 91 568 1508 1521 756 1522 2144
1 5 1508 568 234 741 2144 1522 757 1523
1 5 386 1508 741 342 1518 2144 1523 752
1 5 751 1521 2144 1518 86 754 1524 598
1 5 1521 756 1522 2144 754 55 612 1524
1 5 2144 1522 757 1523 1524 612 87 755
1 5 1518 2144 1523 752 598 1524 755 237
1 5 741 234 745 1513 1523 757 1525 2145
1 5 1513 745 92 746 2145 1525 761 1526
1 5 747 1513 746 235 1527 2145 1526 762
1 5 752 1523 2145 1527 237 755 1528 760
1 5 1523 757 1525 2145 755 87 758 1528
1 5 2145 1525 761 1526 1528 758 67 759
1 5 1527 2145 1526 762 760 1528 759 88
1 5 387 342 747 1516 1519 752 1527 2146
1 5 1516 747 235 589 2146 1527 762 1529
1 5 749 1516 589 93 1530 2146 1529 764
1 5 753 1519 2146 1530 89 599 1531 763
1 5 1519 752 1527 2146 599 237 760 1531
1 5 2146 1527 762 1529 1531 760 88 633
1 5 1530 2146 1529 764 763 1531 633 52
1 5 765 21 648 1532 1533 653 1451 2147
1 5 1532 648 95 766 2147 1451 656 1534
1 5 394 1532 766 238 1323 2147 1534 403
1 5 402 1533 2147 1323 239 767 1535 398
1 5 1533 653 1451 2147 767 103 652 1535
1 5 2147 1451 656 1534 1535 652 240 768
1 5 1323 2147 1534 403 398 1535 768 343
1 5 766 95 769 1536 1534 656 1537 2148
1 5 1536 769 49 770 2148 1537 775 1538
1 5 771 1536 770 96 1539 2148 1538 776
1 5 403 1534 2148 1539 343 768 1540 774
1 5 1534 656 1537 2148 768 240 772 1540
1 5 2148 1537 775 1538 1540 772 104 773
1 5 1539 2148 1538 776 774 1540 773 241
1 5 395 238 771 1541 1324 403 1539 2149
1 5 1541 771 96 777 2149 1539 776 1542
1 5 778 1541 777 25 1543 2149 1542 781
1 5 404 1324 2149 1543 242 399 1544 780
1 5 1324 403 1539 2149 399 343 774 1544
1 5 2149 1539 776 1542 1544 774 241 779
1 5 1543 2149 1542 781 780 1544 779 105
1 5 397 239 398 1326 1545 783 1546 2150
1 5 1326 398 343 399 2150 1546 784 1547
1 5 400 1326 399 242 1548 2150 1547 785
1 5 782 1545 2150 1548 30 657 1453 660
1 5 1545 783 1546 2150 657 98 658 1453
1 5 2150 1546 784 1547 1453 658 243 659
1 5 1548 2150 1547 785 660 1453 659 101
1 5 767 103 652 1535 1549 788 1550 2151
1 5 1535 652 240 768 2151 1550 789 1551
1 5 398 1535 768 343 1546 2151 1551 784
1 5 783 1549 2151 1546 98 786 1552 658
1 5 1549 788 1550 2151 786 57 672 1552
1 5 2151 1550 789 1551 1552 672 99 787
1 5 1546 2151 1551 784 658 1552 787 243
1 5 768 240 772 1540 1551 789 1553 2152
1 5 1540 772 104 773 2152 1553 793 1554
1 5 774 1540 773 241 1555 2152 1554 794
1 5 784 1551 2152 1555 243 787 1556 792
1 5 1551 789 1553 2152 787 99 790 1556
1 5 2152 1553 793 1554 1556 790 68 791
1 5 1555 2152 1554 794 792 1556 791 100
1 5 399 343 774 1544 1547 784 1555 2153
1 5 1544 774 241 779 2153 1555 794 1557
1 5 780 1544 779 105 1558 2153 1557 797
1 5 785 1547 2153 1558 101 659 1559 796
1 5 1547 784 1555 2153 659 243 792 1559
1 5 2153 1555 794 1557 1559 792 100 795
1 5 1558 2153 1557 797 796 1559 795 60
1 5 798 13 432 1560 1561 437 1343 2154
1 5 1560 432 107 799 2154 1343 440 1562
1 5 406 1560 799 244 1329 2154 1562 415
1 5 414 1561 2154 1329 245 800 1563 410
1 5 1561 437 1343 2154 800 114 436 1563
1 5 2154 1343 440 1562 1563 436 246 801
1 5 1329 2154 1562 415 410 1563 801 344
1 5 799 107 802 1564 1562 440 1565 2155
1 5 1564 802 39 803 2155 1565 473 1566
1 5 804 1564 803 108 1567 2155 1566 808
1 5 415 1562 2155 1567 344 801 1568 807
1 5 1562 440 1565 2155 801 246 805 1568
1 5 2155 1565 473 1566 1568 805 115 806
1 5 1567 2155 1566 808 807 1568 806 247
1 5 407 244 804 1569 1330 415 1567 2156
1 5 1569 804 108 809 2156 1567 808 1570
1 5 810 1569 809 63 1571 2156 1570 813
1 5 416 1330 2156 1571 248 411 1572 812
1 5 1330 415 1567 2156 411 344 807 1572
1 5 2156 1567 808 1570 1572 807 247 811
1 5 1571 2156 1570 813 812 1572 811 116
1 5 409 245 410 1332 1573 815 1574 2157
1 5 1332 410 344 411 2157 1574 816 1575
1 5 412 1332 411 248 1576 2157 1575 817
1 5 814 1573 2157 1576 10 513 1381 516
1 5 1573 815 1574 2157 513 110 514 1381
1 5 2157 1574 816 1575 1381 514 249 515
1 5 1576 2157 1575 817 516 1381 515 112
1 5 800 114 436 1563 1577 820 1578 2158
1 5 1563 436 246 801 2158 1578 821 1579
1 5 410 1563 801 344 1574 2158 1579 816
1 5 815 1577 2158 1574 110 818 1580 514
1 5 1577 820 1578 2158 818 6 384 1580
1 5 2158 1578 821 1579 1580 384 85 819
1 5 1574 2158 1579 816 514 1580 819 249
1 5 801 246 805 1568 1579 821 1581 2159
1 5 1568 805 115 806 2159 1581 824 1582
1 5 807 1568 806 247 1583 2159 1582 825
1 5 816 1579 2159 1583 249 819 1584 823
1 5 1579 821 1581 2159 819 85 748 1584
1 5 2159 1581 824 1582 1584 748 11 822
1 5 1583 2159 1582 825 823 1584 822 111
1 5 411 344 807 1572 1575 816 1583 2160
1 5 1572 807 247 811 2160 1583 825 1585
1 5 812 1572 811 116 1586 2160 1585 827
1 5 817 1575 2160 1586 112 515 1587 826
1 5 1575 816 1583 2160 515 249 823 1587
1 5 2160 1583 825 1585 1587 823 111 525
1 5 1586 2160 1585 827 826 1587 525 40
1 5 828 15 829 1588 1589 834 1590 2161
1 5 1588 829 118 830 2161 1590 835 1591
1 5 418 1588 830 250 1335 2161 1591 427
1 5 426 1589 2161 1335 251 831 1592 422
1 5 1589 834 1590 2161 831 126 832 1592
1 5 2161 1590 835 1591 1592 832 252 833
1 5 1335 2161 1591 427 422 1592 833 345
1 5 830 118 836 1593 1591 835 1594 2162
1 5 1593 836 1 837 2162 1594 842 1595
1 5 838 1593 837 119 1596 2162 1595 486
1 5 427 1591 2162 1596 345 833 1597 841
1 5 1591 835 1594 2162 833 252 839 1597
1 5 2162 1594 842 1595 1597 839 127 840
1 5 1596 2162 1595 486 841 1597 840 253
1 5 419 250 838 1598 1336 427 1596 2163
1 5 1598 838 119 477 2163 1596 486 1364
1 5 843 1598 477 16 1599 2163 1364 485
1 5 428 1336 2163 1599 254 423 1600 844
1 5 1336 427 1596 2163 423 345 841 1600
1 5 2163 1596 486 1364 1600 841 253 481
1 5 1599 2163 1364 485 844 1600 481 79
1 5 421 251 422 1338 1601 846 1602 2164
1 5 1338 422 345 423 2164 1602 847 1603
1 5 424 1338 423 254 1604 2164 1603 848
1 5 845 1601 2164 1604 64 453 1351 456
1 5 1601 846 1602 2164 453 121 454 1351
1 5 2164 1602 847 1603 1351 454 255 455
1 5 1604 2164 1603 848 456 1351 455 124
1 5 831 126 832 1592 1605 852 1606 2165
1 5 1592 832 252 833 2165 1606 853 1607
1 5 422 1592 833 345 1602 2165 1607 847
1 5 846 1605 2165 1602 121 849 1608 454
1 5 1605 852 1606 2165 849 44 850 1608
1 5 2165 1606 853 1607 1608 850 122 851
1 5 1602 2165 1607 847 454 1608 851 255
1 5 833 252 839 1597 1607 853 1609 2166
1 5 1597 839 127 840 2166 1609 857 1610
1 5 841 1597 840 253 1611 2166 1610 858
1 5 847 1607 2166 1611 255 851 1612 856
1 5 1607 853 1609 2166 851 122 854 1612
1 5 2166 1609 857 1610 1612 854 23 855
1 5 1611 2166 1610 858 856 1612 855 123
1 5 423 345 841 1600 1603 847 1611 2167
1 5 1600 841 253 481 2167 1611 858 1613
1 5 844 1600 481 79 1614 2167 1613 728
1 5 848 1603 2167 1614 124 455 1615 859
1 5 1603 847 1611 2167 455 255 856 1615
1 5 2167 1611 858 1613 1615 856 123 501
1 5 1614 2167 1613 728 859 1615 501 45
1 5 860 43 444 1616 1617 449 1349 2168
1 5 1616 444 129 861 2168 1349 452 1618
1 5 430 1616 861 256 1341 2168 1618 439
1 5 438 1617 2168 1341 257 862 1619 434
1 5 1617 449 1349 2168 862 131 448 1619
1 5 2168 1349 452 1618 1619 448 258 863
1 5 1341 2168 1618 439 434 1619 863 346
1 5 861 129 864 1620 1618 452 1621 2169
1 5 1620 864 64 865 2169 1621 461 1622
1 5 866 1620 865 130 1623 2169 1622 474
1 5 439 1618 2169 1623 346 863 1624 869
1 5 1618 452 1621 2169 863 258 867 1624
1 5 2169 1621 461 1622 1624 867 132 868
1 5 1623 2169 1622 474 869 1624 868 259
1 5 431 256 866 1625 1342 439 1623 2170
1 5 1625 866 130 465 2170 1623 474 1358
1 5 802 1625 465 39 1565 2170 1358 473
1 5 440 1342 2170 1565 246 435 1626 805
1 5 1342 439 1623 2170 435 346 869 1626
1 5 2170 1623 474 1358 1626 869 259 469
1 5 1565 2170 1358 473 805 1626 469 115
1 5 433 257 434 1344 1627 870 1628 2171
1 5 1344 434 346 435 2171 1628 871 1629
1 5 436 1344 435 246 1578 2171 1629 821
1 5 820 1627 2171 1578 6 381 1315 384
1 5 1627 870 1628 2171 381 82 382 1315
1 5 2171 1628 871 1629 1315 382 232 383
1 5 1578 2171 1629 821 384 1315 383 85
1 5 862 131 448 1619 1630 872 1631 2172
1 5 1619 448 258 863 2172 1631 873 1632
1 5 434 1619 863 346 1628 2172 1632 871
1 5 870 1630 2172 1628 82 738 1505 382
1 5 1630 872 1631 2172 738 19 564 1505
1 5 2172 1631 873 1632 1505 564 83 739
1 5 1628 2172 1632 871 382 1505 739 232
1 5 863 258 867 1624 1632 873 1633 2173
1 5 1624 867 132 868 2173 1633 874 1634
1 5 869 1624 868 259 1635 2173 1634 875
1 5 871 1632 2173 1635 232 739 1509 744
1 5 1632 873 1633 2173 739 83 742 1509
1 5 2173 1633 874 1634 1509 742 46 743
1 5 1635 2173 1634 875 744 1509 743 84
1 5 435 346 869 1626 1629 871 1635 2174
1 5 1626 869 259 469 2174 1635 875 1636
1 5 805 1626 469 115 1581 2174 1636 824
1 5 821 1629 2174 1581 85 383 1514 748
1 5 1629 871 1635 2174 383 232 744 1514
1 5 2174 1635 875 1636 1514 744 84 585
1 5 1581 2174 1636 824 748 1514 585 11
1 5 876 22 877 1637 1638 882 1639 2175
1 5 1637 877 134 878 2175 1639 883 1640
1 5 442 1637 878 260 1347 2175 1640 451
1 5 450 1638 2175 1347 261 879 1641 446
1 5 1638 882 1639 2175 879 138 880 1641
1 5 2175 1639 883 1640 1641 880 262 881
1 5 1347 2175 1640 451 446 1641 881 347
1 5 878 134 884 1642 1640 883 1643 2176
1 5 1642 884 44 849 2176 1643 889 1644
1 5 885 1642 849 121 1645 2176 1644 462
1 5 451 1640 2176 1645 347 881 1646 888
1 5 1640 883 1643 2176 881 262 886 1646
1 5 2176 1643 889 1644 1646 886 139 887
1 5 1645 2176 1644 462 888 1646 887 263
1 5 443 260 885 1647 1348 451 1645 2177
1 5 1647 885 121 453 2177 1645 462 1352
1 5 864 1647 453 64 1621 2177 1352 461
1 5 452 1348 2177 1621 258 447 1648 867
1 5 1348 451 1645 2177 447 347 888 1648
1 5 2177 1645 462 1352 1648 888 263 457
1 5 1621 2177 1352 461 867 1648 457 132
1 5 445 261 446 1350 1649 890 1650 2178
1 5 1350 446 347 447 2178 1650 891 1651
1 5 448 1350 447 258 1631 2178 1651 873
1 5 872 1649 2178 1631 19 561 1405 564
1 5 1649 890 1650 2178 561 135 562 1405
1 5 2178 1650 891 1651 1405 562 264 563
1 5 1631 2178 1651 873 564 1405 563 83
1 5 879 138 880 1641 1652 895 1653 2179
1 5 1641 880 262 881 2179 1653 896 1654
1 5 446 1641 881 347 1650 2179 1654 891
1 5 890 1652 2179 1650 135 892 1655 562
1 5 1652 895 1653 2179 892 4 893 1655
1 5 2179 1653 896 1654 1655 893 136 894
1 5 1650 2179 1654 891 562 1655 894 264
1 5 881 262 886 1646 1654 896 1656 2180
1 5 1646 886 139 887 2180 1656 900 1657
1 5 888 1646 887 263 1658 2180 1657 901
1 5 891 1654 2180 1658 264 894 1659 899
1 5 1654 896 1656 2180 894 136 897 1659
1 5 2180 1656 900 1657 1659 897 20 898
1 5 1658 2180 1657 901 899 1659 898 137
1 5 447 347 888 1648 1651 891 1658 2181
1 5 1648 888 263 457 2181 1658 901 1660
1 5 867 1648 457 132 1633 2181 1660 874
1 5 873 1651 2181 1633 83 563 1661 742
1 5 1651 891 1658 2181 563 264 899 1661
1 5 2181 1658 901 1660 1661 899 137 573
1 5 1633 2181 1660 874 742 1661 573 46
1 5 849 44 850 1608 1644 889 1662 2182
1 5 1608 850 122 851 2182 1662 904 1663
1 5 454 1608 851 255 1353 2182 1663 463
1 5 462 1644 2182 1353 263 887 1664 458
1 5 1644 889 1662 2182 887 139 902 1664
1 5 2182 1662 904 1663 1664 902 265 903
1 5 1353 2182 1663 463 458 1664 903 348
1 5 851 122 854 1612 1663 904 1665 2183
1 5 1612 854 23 855 2183 1665 908 1666
1 5 856 1612 855 123 1667 2183 1666 510
1 5 463 1663 2183 1667 348 903 1668 907
1 5 1663 904 1665 2183 903 265 905 1668
1 5 2183 1665 908 1666 1668 905 143 906
1 5 1667 2183 1666 510 907 1668 906 266
1 5 455 255 856 1615 1354 463 1667 2184
1 5 1615 856 123 501 2184 1667 510 1376
1 5 859 1615 501 45 1669 2184 1376 509
1 5 464 1354 2184 1669 267 459 1670 909
1 5 1354 463 1667 2184 459 348 907 1670
1 5 2184 1667 510 1376 1670 907 266 505
1 5 1669 2184 1376 509 909 1670 505 144
1 5 457 263 458 1356 1660 901 1671 2185
1 5 1356 458 348 459 2185 1671 910 1672
1 5 460 1356 459 267 1673 2185 1672 911
1 5 874 1660 2185 1673 46 573 1411 576
1 5 1660 901 1671 2185 573 137 574 1411
1 5 2185 1671 910 1672 1411 574 268 575
1 5 1673 2185 1672 911 576 1411 575 142
1 5 887 139 902 1664 1657 900 1674 2186
1 5 1664 902 265 903 2186 1674 914 1675
1 5 458 1664 903 348 1671 2186 1675 910
1 5 901 1657 2186 1671 137 898 1676 574
1 5 1657 900 1674 2186 898 20 912 1676
1 5 2186 1674 914 1675 1676 912 140 913
1 5 1671 2186 1675 910 574 1676 913 268
1 5 903 265 905 1668 1675 914 1677 2187
1 5 1668 905 143 906 2187 1677 918 1678
1 5 907 1668 906 266 1679 2187 1678 919
1 5 910 1675 2187 1679 268 913 1680 917
1 5 1675 914 1677 2187 913 140 915 1680
1 5 2187 1677 918 1678 1680 915 7 916
1 5 1679 2187 1678 919 917 1680 916 141
1 5 459 348 907 1670 1672 910 1679 2188
1 5 1670 907 266 505 2188 1679 919 1681
1 5 909 1670 505 144 1682 2188 1681 921
1 5 911 1672 2188 1682 142 575 1683 920
1 5 1672 910 1679 2188 575 268 917 1683
1 5 2188 1679 919 1681 1683 917 141 645
1 5 1682 2188 1681 921 920 1683 645 21
1 5 865 64 456 1684 1622 461 1355 2189
1 5 1684 456 124 922 2189 1355 464 1685
1 5 466 1684 922 269 1359 2189 1685 475
1 5 474 1622 2189 1359 259 868 1686 470
1 5 1622 461 1355 2189 868 132 460 1686
1 5 2189 1355 464 1685 1686 460 267 923
1 5 1359 2189 1685 475 470 1686 923 349
1 5 922 124 859 1687 1685 464 1669 2190
1 5 1687 859 45 726 2190 1669 509 1688
1 5 924 1687 726 74 1689 2190 1688 498
1 5 475 1685 2190 1689 349 923 1690 926
1 5 1685 464 1669 2190 923 267 909 1690
1 5 2190 1669 509 1688 1690 909 144 925
1 5 1689 2190 1688 498 926 1690 925 270
1 5 467 269 924 1691 1360 475 1689 2191
1 5 1691 924 74 489 2191 1689 498 1370
1 5 927 1691 489 14 1692 2191 1370 497
1 5 476 1360 2191 1692 271 471 1693 928
1 5 1360 475 1689 2191 471 349 926 1693
1 5 2191 1689 498 1370 1693 926 270 493
1 5 1692 2191 1370 497 928 1693 493 147
1 5 469 259 470 1362 1636 875 1694 2192
1 5 1362 470 349 471 2192 1694 929 1695
1 5 472 1362 471 271 1696 2192 1695 930
1 5 824 1636 2192 1696 11 585 1417 588
1 5 1636 875 1694 2192 585 84 586 1417
1 5 2192 1694 929 1695 1417 586 272 587
1 5 1696 2192 1695 930 588 1417 587 146
1 5 868 132 460 1686 1634 874 1673 2193
1 5 1686 460 267 923 2193 1673 911 1697
1 5 470 1686 923 349 1694 2193 1697 929
1 5 875 1634 2193 1694 84 743 1698 586
1 5 1634 874 1673 2193 743 46 576 1698
1 5 2193 1673 911 1697 1698 576 142 931
1 5 1694 2193 1697 929 586 1698 931 272
1 5 923 267 909 1690 1697 911 1682 2194
1 5 1690 909 144 925 2194 1682 921 1699
1 5 926 1690 925 270 1700 2194 1699 933
1 5 929 1697 2194 1700 272 931 1701 932
1 5 1697 911 1682 2194 931 142 920 1701
1 5 2194 1682 921 1699 1701 920 21 765
1 5 1700 2194 1699 933 932 1701 765 94
1 5 471 349 926 1693 1695 929 1700 2195
1 5 1693 926 270 493 2195 1700 933 1702
1 5 928 1693 493 147 1703 2195 1702 935
1 5 930 1695 2195 1703 146 587 1704 934
1 5 1695 929 1700 2195 587 272 932 1704
1 5 2195 1700 933 1702 1704 932 94 393
1 5 1703 2195 1702 935 934 1704 393 9
1 5 837 1 936 1705 1595 842 1706 2196
1 5 1705 936 148 937 2196 1706 940 1707
1 5 478 1705 937 273 1365 2196 1707 487
1 5 486 1595 2196 1365 253 840 1708 482
1 5 1595 842 1706 2196 840 127 938 1708
1 5 2196 1706 940 1707 1708 938 274 939
1 5 1365 2196 1707 487 482 1708 939 350
1 5 937 148 941 1709 1707 940 1710 2197
1 5 1709 941 17 942 2197 1710 947 1711
1 5 943 1709 942 149 1712 2197 1711 948
1 5 487 1707 2197 1712 350 939 1713 946
1 5 1707 940 1710 2197 939 274 944 1713
1 5 2197 1710 947 1711 1713 944 152 945
1 5 1712 2197 1711 948 946 1713 945 275
1 5 479 273 943 1714 1366 487 1712 2198
1 5 1714 943 149 949 2198 1712 948 1715
1 5 709 1714 949 42 1482 2198 1715 715
1 5 488 1366 2198 1482 228 483 1716 712
1 5 1366 487 1712 2198 483 350 946 1716
1 5 2198 1712 948 1715 1716 946 275 950
1 5 1482 2198 1715 715 712 1716 950 80
1 5 481 253 482 1368 1613 858 1717 2199
1 5 1368 482 350 483 2199 1717 951 1718
1 5 484 1368 483 228 1495 2199 1718 729
1 5 728 1613 2199 1495 45 501 1375 504
1 5 1613 858 1717 2199 501 123 502 1375
1 5 2199 1717 951 1718 1375 502 276 503
1 5 1495 2199 1718 729 504 1375 503 75
1 5 840 127 938 1708 1610 857 1719 2200
1 5 1708 938 274 939 2200 1719 954 1720
1 5 482 1708 939 350 1717 2200 1720 951
1 5 858 1610 2200 1717 123 855 1721 502
1 5 1610 857 1719 2200 855 23 952 1721
1 5 2200 1719 954 1720 1721 952 150 953
1 5 1717 2200 1720 951 502 1721 953 276
1 5 939 274 944 1713 1720 954 1722 2201
1 5 1713 944 152 945 2201 1722 958 1723
1 5 946 1713 945 275 1724 2201 1723 959
1 5 951 1720 2201 1724 276 953 1725 957
1 5 1720 954 1722 2201 953 150 955 1725
1 5 2201 1722 958 1723 1725 955 47 956
1 5 1724 2201 1723 959 957 1725 956 151
1 5 483 350 946 1716 1718 951 1724 2202
1 5 1716 946 275 950 2202 1724 959 1726
1 5 712 1716 950 80 1498 2202 1726 733
1 5 729 1718 2202 1498 75 503 1727 730
1 5 1718 951 1724 2202 503 276 957 1727
1 5 2202 1724 959 1726 1727 957 151 960
1 5 1498 2202 1726 733 730 1727 960 65
1 5 726 45 504 1497 1688 509 1379 2203
1 5 1497 504 75 727 2203 1379 512 1728
1 5 490 1497 727 231 1371 2203 1728 499
1 5 498 1688 2203 1371 270 925 1729 494
1 5 1688 509 1379 2203 925 144 508 1729
1 5 2203 1379 512 1728 1729 508 277 961
1 5 1371 2203 1728 499 494 1729 961 351
1 5 727 75 730 1501 1728 512 1730 2204
1 5 1501 730 65 731 2204 1730 965 1731
1 5 732 1501 731 76 1732 2204 1731 966
1 5 499 1728 2204 1732 351 961 1733 964
1 5 1728 512 1730 2204 961 277 962 1733
1 5 2204 1730 965 1731 1733 962 153 963
1 5 1732 2204 1731 966 964 1733 963 278
1 5 491 231 732 1504 1372 499 1732 2205
1 5 1504 732 76 735 2205 1732 966 1734
1 5 736 1504 735 48 1735 2205 1734 969
1 5 500 1372 2205 1735 279 495 1736 968
1 5 1372 499 1732 2205 495 351 964 1736
1 5 2205 1732 966 1734 1736 964 278 967
1 5 1735 2205 1734 969 968 1736 967 154
1 5 493 270 494 1374 1702 933 1737 2206
1 5 1374 494 351 495 2206 1737 970 1738
1 5 496 1374 495 279 1739 2206 1738 971
1 5 935 1702 2206 1739 9 393 1321 396
1 5 1702 933 1737 2206 393 94 394 1321
1 5 2206 1737 970 1738 1321 394 238 395
1 5 1739 2206 1738 971 396 1321 395 97
1 5 925 144 508 1729 1699 921 1740 2207
1 5 1729 508 277 961 2207 1740 972 1741
1 5 494 1729 961 351 1737 2207 1741 970
1 5 933 1699 2207 1737 94 765 1532 394
1 5 1699 921 1740 2207 765 21 648 1532
1 5 2207 1740 972 1741 1532 648 95 766
1 5 1737 2207 1741 970 394 1532 766 238
1 5 961 277 962 1733 1741 972 1742 2208
1 5 1733 962 153 963 2208 1742 973 1743
1 5 964 1733 963 278 1744 2208 1743 974
1 5 970 1741 2208 1744 238 766 1536 771
1 5 1741 972 1742 2208 766 95 769 1536
1 5 2208 1742 973 1743 1536 769 49 770
1 5 1744 2208 1743 974 771 1536 770 96
1 5 495 351 964 1736 1738 970 1744 2209
1 5 1736 964 278 967 2209 1744 974 1745
1 5 968 1736 967 154 1746 2209 1745 975
1 5 971 1738 2209 1746 97 395 1541 778
1 5 1738 970 1744 2209 395 238 771 1541
1 5 2209 1744 974 1745 1541 771 96 777
1 5 1746 2209 1745 975 778 1541 777 25
1 5 855 23 952 1721 1666 908 1747 2210
1 5 1721 952 150 953 2210 1747 978 1748
1 5 502 1721 953 276 1377 2210 1748 511
1 5 510 1666 2210 1377 266 906 1749 506
1 5 1666 908 1747 2210 906 143 976 1749
1 5 2210 1747 978 1748 1749 976 280 977
1 5 1377 2210 1748 511 506 1749 977 352
1 5 953 150 955 1725 1748 978 1750 2211
1 5 1725 955 47 956 2211 1750 982 1751
1 5 957 1725 956 151 1752 2211 1751 983
1 5 511 1748 2211 1752 352 977 1753 981
1 5 1748 978 1750 2211 977 280 979 1753
1 5 2211 1750 982 1751 1753 979 157 980
1 5 1752 2211 1751 983 981 1753 980 281
1 5 503 276 957 1727 1378 511 1752 2212
1 5 1727 957 151 960 2212 1752 983 1754
1 5 730 1727 960 65 1730 2212 1754 965
1 5 512 1378 2212 1730 277 507 1755 962
1 5 1378 511 1752 2212 507 352 981 1755
1 5 2212 1752 983 1754 1755 981 281 984
1 5 1730 2212 1754 965 962 1755 984 153
1 5 505 266 506 1380 1681 919 1756 2213
1 5 1380 506 352 507 2213 1756 985 1757
1 5 508 1380 507 277 1740 2213 1757 972
1 5 921 1681 2213 1740 21 645 1447 648
1 5 1681 919 1756 2213 645 141 646 1447
1 5 2213 1756 985 1757 1447 646 282 647
1 5 1740 2213 1757 972 648 1447 647 95
1 5 906 143 976 1749 1678 918 1758 2214
1 5 1749 976 280 977 2214 1758 988 1759
1 5 506 1749 977 352 1756 2214 1759 985
1 5 919 1678 2214 1756 141 916 1760 646
1 5 1678 918 1758 2214 916 7 986 1760
1 5 2214 1758 988 1759 1760 986 155 987
1 5 1756 2214 1759 985 646 1760 987 282
1 5 977 280 979 1753 1759 988 1761 2215
1 5 1753 979 157 980 2215 1761 992 1762
1 5 981 1753 980 281 1763 2215 1762 993
