MFEM mesh v1.0

#
# MFEM Geometry Types (see mesh/geom.hpp):
#
# POINT       = 0
# SEGMENT     = 1
# TRIANGLE    = 2
# SQUARE      = 3
# TETRAHEDRON = 4
# CUBE        = 5
#

dimension
3

elements
384
1 5 16 105 349 108 113 350 537 353
1 5 17 117 355 120 125 356 538 359
1 5 18 129 361 132 137 362 539 365
1 5 20 141 367 144 149 368 540 371
1 5 21 153 373 156 161 374 541 377
1 5 22 165 379 168 173 380 542 383
1 5 24 177 385 106 114 386 543 351
1 5 70 178 389 183 115 387 544 392
1 5 27 107 394 188 116 352 545 395
1 5 32 109 354 112 190 397 546 400
1 5 71 179 388 110 191 401 547 398
1 5 99 180 393 186 192 403 548 407
1 5 74 111 396 189 193 399 549 410
1 5 36 205 412 118 126 413 550 357
1 5 76 207 417 215 127 415 551 420
1 5 25 119 422 181 128 358 552 390
1 5 33 121 360 124 196 425 553 402
1 5 77 208 416 122 223 428 554 426
1 5 100 210 421 218 224 430 555 434
1 5 72 123 424 184 197 427 556 405
1 5 26 182 438 130 138 391 557 363
1 5 81 237 442 243 139 440 558 445
1 5 46 131 447 250 140 364 559 449
1 5 35 133 366 136 204 409 560 453
1 5 73 185 441 134 202 406 561 451
1 5 101 239 446 246 254 455 562 459
1 5 84 135 450 252 255 452 563 462
1 5 28 194 404 142 150 464 564 369
1 5 75 195 408 200 151 465 565 469
1 5 31 143 411 203 152 370 566 471
1 5 56 145 372 148 278 473 567 476
1 5 86 267 466 146 279 478 568 474
1 5 102 268 470 271 280 480 569 484
1 5 89 147 472 273 281 475 570 487
1 5 39 225 431 154 162 489 571 375
1 5 80 227 435 232 163 491 572 495
1 5 29 155 437 198 164 376 573 467
1 5 57 157 378 160 285 499 574 479
1 5 91 295 492 158 309 503 575 500
1 5 103 297 496 302 310 505 576 509
1 5 87 159 498 269 286 501 577 482
1 5 30 199 456 166 174 468 578 381
1 5 85 257 460 261 175 514 579 518
1 5 49 167 463 265 176 382 580 521
1 5 59 169 384 172 294 486 581 525
1 5 88 270 515 170 291 483 582 523
1 5 104 323 519 327 336 528 583 532
1 5 97 171 522 331 337 524 584 535
1 5 105 24 106 349 350 114 351 537
1 5 349 106 70 107 537 351 115 352
1 5 108 349 107 27 353 537 352 116
1 5 113 350 537 353 32 109 354 112
1 5 350 114 351 537 109 71 110 354
1 5 537 351 115 352 354 110 99 111
1 5 353 537 352 116 112 354 111 74
1 5 117 36 118 355 356 126 357 538
1 5 355 118 76 119 538 357 127 358
1 5 120 355 119 25 359 538 358 128
1 5 125 356 538 359 33 121 360 124
1 5 356 126 357 538 121 77 122 360
1 5 538 357 127 358 360 122 100 123
1 5 359 538 358 128 124 360 123 72
1 5 129 26 130 361 362 138 363 539
1 5 361 130 81 131 539 363 139 364
1 5 132 361 131 46 365 539 364 140
1 5 137 362 539 365 35 133 366 136
1 5 362 138 363 539 133 73 134 366
1 5 539 363 139 364 366 134 101 135
1 5 365 539 364 140 136 366 135 84
1 5 141 28 142 367 368 150 369 540
1 5 367 142 75 143 540 369 151 370
1 5 144 367 143 31 371 540 370 152
1 5 149 368 540 371 56 145 372 148
1 5 368 150 369 540 145 86 146 372
1 5 540 369 151 370 372 146 102 147
1 5 371 540 370 152 148 372 147 89
1 5 153 39 154 373 374 162 375 541
1 5 373 154 80 155 541 375 163 376
1 5 156 373 155 29 377 541 376 164
1 5 161 374 541 377 57 157 378 160
1 5 374 162 375 541 157 91 158 378
1 5 541 375 163 376 378 158 103 159
1 5 377 541 376 164 160 378 159 87
1 5 165 30 166 379 380 174 381 542
1 5 379 166 85 167 542 381 175 382
1 5 168 379 167 49 383 542 382 176
1 5 173 380 542 383 59 169 384 172
1 5 380 174 381 542 169 88 170 384
1 5 542 381 175 382 384 170 104 171
1 5 383 542 382 176 172 384 171 97
1 5 177 17 120 385 386 125 359 543
1 5 385 120 25 178 543 359 128 387
1 5 106 385 178 70 351 543 387 115
1 5 114 386 543 351 71 179 388 110
1 5 386 125 359 543 179 33 124 388
1 5 543 359 128 387 388 124 72 180
1 5 351 543 387 115 110 388 180 99
1 5 178 25 181 389 387 128 390 544
1 5 389 181 19 182 544 390 187 391
1 5 183 389 182 26 392 544 391 138
1 5 115 387 544 392 99 180 393 186
1 5 387 128 390 544 180 72 184 393
1 5 544 390 187 391 393 184 34 185
1 5 392 544 391 138 186 393 185 73
1 5 107 70 183 394 352 115 392 545
1 5 394 183 26 129 545 392 138 362
1 5 188 394 129 18 395 545 362 137
1 5 116 352 545 395 74 111 396 189
1 5 352 115 392 545 111 99 186 396
1 5 545 392 138 362 396 186 73 133
1 5 395 545 362 137 189 396 133 35
1 5 109 71 110 354 397 191 398 546
1 5 354 110 99 111 546 398 192 399
1 5 112 354 111 74 400 546 399 193
1 5 190 397 546 400 20 141 367 144
1 5 397 191 398 546 141 28 142 367
1 5 546 398 192 399 367 142 75 143
1 5 400 546 399 193 144 367 143 31
1 5 179 33 124 388 401 196 402 547
1 5 388 124 72 180 547 402 197 403
1 5 110 388 180 99 398 547 403 192
1 5 191 401 547 398 28 194 404 142
1 5 401 196 402 547 194 21 156 404
1 5 547 402 197 403 404 156 29 195
1 5 398 547 403 192 142 404 195 75
1 5 180 72 184 393 403 197 405 548
1 5 393 184 34 185 548 405 201 406
1 5 186 393 185 73 407 548 406 202
1 5 192 403 548 407 75 195 408 200
1 5 403 197 405 548 195 29 198 408
1 5 548 405 201 406 408 198 23 199
1 5 407 548 406 202 200 408 199 30
1 5 111 99 186 396 399 192 407 549
1 5 396 186 73 133 549 407 202 409
1 5 189 396 133 35 410 549 409 204
1 5 193 399 549 410 31 143 411 203
1 5 399 192 407 549 143 75 200 411
1 5 549 407 202 409 411 200 30 165
1 5 410 549 409 204 203 411 165 22
1 5 205 8 206 412 413 211 414 550
1 5 412 206 37 207 550 414 212 415
1 5 118 412 207 76 357 550 415 127
1 5 126 413 550 357 77 208 416 122
1 5 413 211 414 550 208 42 209 416
1 5 550 414 212 415 416 209 78 210
1 5 357 550 415 127 122 416 210 100
1 5 207 37 213 417 415 212 418 551
1 5 417 213 9 214 551 418 219 419
1 5 215 417 214 38 420 551 419 220
1 5 127 415 551 420 100 210 421 218
1 5 415 212 418 551 210 78 216 421
1 5 551 418 219 419 421 216 43 217
1 5 420 551 419 220 218 421 217 79
1 5 119 76 215 422 358 127 420 552
1 5 422 215 38 221 552 420 220 423
1 5 181 422 221 19 390 552 423 187
1 5 128 358 552 390 72 123 424 184
1 5 358 127 420 552 123 100 218 424
1 5 552 420 220 423 424 218 79 222
1 5 390 552 423 187 184 424 222 34
1 5 121 77 122 360 425 223 426 553
1 5 360 122 100 123 553 426 224 427
1 5 124 360 123 72 402 553 427 197
1 5 196 425 553 402 21 153 373 156
1 5 425 223 426 553 153 39 154 373
1 5 553 426 224 427 373 154 80 155
1 5 402 553 427 197 156 373 155 29
1 5 208 42 209 416 428 228 429 554
1 5 416 209 78 210 554 429 229 430
1 5 122 416 210 100 426 554 430 224
1 5 223 428 554 426 39 225 431 154
1 5 428 228 429 554 225 10 226 431
1 5 554 429 229 430 431 226 40 227
1 5 426 554 430 224 154 431 227 80
1 5 210 78 216 421 430 229 432 555
1 5 421 216 43 217 555 432 233 433
1 5 218 421 217 79 434 555 433 234
1 5 224 430 555 434 80 227 435 232
1 5 430 229 432 555 227 40 230 435
1 5 555 432 233 433 435 230 11 231
1 5 434 555 433 234 232 435 231 41
1 5 123 100 218 424 427 224 434 556
1 5 424 218 79 222 556 434 234 436
1 5 184 424 222 34 405 556 436 201
1 5 197 427 556 405 29 155 437 198
1 5 427 224 434 556 155 80 232 437
1 5 556 434 234 436 437 232 41 235
1 5 405 556 436 201 198 437 235 23
1 5 182 19 236 438 391 187 439 557
1 5 438 236 44 237 557 439 240 440
1 5 130 438 237 81 363 557 440 139
1 5 138 391 557 363 73 185 441 134
1 5 391 187 439 557 185 34 238 441
1 5 557 439 240 440 441 238 82 239
1 5 363 557 440 139 134 441 239 101
1 5 237 44 241 442 440 240 443 558
1 5 442 241 5 242 558 443 247 444
1 5 243 442 242 45 445 558 444 248
1 5 139 440 558 445 101 239 446 246
1 5 440 240 443 558 239 82 244 446
1 5 558 443 247 444 446 244 50 245
1 5 445 558 444 248 246 446 245 83
1 5 131 81 243 447 364 139 445 559
1 5 447 243 45 249 559 445 248 448
1 5 250 447 249 4 449 559 448 253
1 5 140 364 559 449 84 135 450 252
1 5 364 139 445 559 135 101 246 450
1 5 559 445 248 448 450 246 83 251
1 5 449 559 448 253 252 450 251 51
1 5 133 73 134 366 409 202 451 560
1 5 366 134 101 135 560 451 254 452
1 5 136 366 135 84 453 560 452 255
1 5 204 409 560 453 22 165 379 168
1 5 409 202 451 560 165 30 166 379
1 5 560 451 254 452 379 166 85 167
1 5 453 560 452 255 168 379 167 49
1 5 185 34 238 441 406 201 454 561
1 5 441 238 82 239 561 454 258 455
1 5 134 441 239 101 451 561 455 254
1 5 202 406 561 451 30 199 456 166
1 5 406 201 454 561 199 23 256 456
1 5 561 454 258 455 456 256 47 257
1 5 451 561 455 254 166 456 257 85
1 5 239 82 244 446 455 258 457 562
1 5 446 244 50 245 562 457 262 458
1 5 246 446 245 83 459 562 458 263
1 5 254 455 562 459 85 257 460 261
1 5 455 258 457 562 257 47 259 460
1 5 562 457 262 458 460 259 7 260
1 5 459 562 458 263 261 460 260 48
1 5 135 101 246 450 452 254 459 563
1 5 450 246 83 251 563 459 263 461
1 5 252 450 251 51 462 563 461 266
1 5 255 452 563 462 49 167 463 265
1 5 452 254 459 563 167 85 261 463
1 5 563 459 263 461 463 261 48 264
1 5 462 563 461 266 265 463 264 6
1 5 194 21 156 404 464 161 377 564
1 5 404 156 29 195 564 377 164 465
1 5 142 404 195 75 369 564 465 151
1 5 150 464 564 369 86 267 466 146
1 5 464 161 377 564 267 57 160 466
1 5 564 377 164 465 466 160 87 268
1 5 369 564 465 151 146 466 268 102
1 5 195 29 198 408 465 164 467 565
1 5 408 198 23 199 565 467 272 468
1 5 200 408 199 30 469 565 468 174
1 5 151 465 565 469 102 268 470 271
1 5 465 164 467 565 268 87 269 470
1 5 565 467 272 468 470 269 58 270
1 5 469 565 468 174 271 470 270 88
1 5 143 75 200 411 370 151 469 566
1 5 411 200 30 165 566 469 174 380
1 5 203 411 165 22 471 566 380 173
1 5 152 370 566 471 89 147 472 273
1 5 370 151 469 566 147 102 271 472
1 5 566 469 174 380 472 271 88 169
1 5 471 566 380 173 273 472 169 59
1 5 145 86 146 372 473 279 474 567
1 5 372 146 102 147 567 474 280 475
1 5 148 372 147 89 476 567 475 281
1 5 278 473 567 476 12 274 477 277
1 5 473 279 474 567 274 52 275 477
1 5 567 474 280 475 477 275 90 276
1 5 476 567 475 281 277 477 276 55
1 5 267 57 160 466 478 285 479 568
1 5 466 160 87 268 568 479 286 480
1 5 146 466 268 102 474 568 480 280
1 5 279 478 568 474 52 282 481 275
1 5 478 285 479 568 282 13 283 481
1 5 568 479 286 480 481 283 53 284
1 5 474 568 480 280 275 481 284 90
1 5 268 87 269 470 480 286 482 569
1 5 470 269 58 270 569 482 290 483
1 5 271 470 270 88 484 569 483 291
1 5 280 480 569 484 90 284 485 289
1 5 480 286 482 569 284 53 287 485
1 5 569 482 290 483 485 287 15 288
1 5 484 569 483 291 289 485 288 54
1 5 147 102 271 472 475 280 484 570
1 5 472 271 88 169 570 484 291 486
1 5 273 472 169 59 487 570 486 294
1 5 281 475 570 487 55 276 488 293
1 5 475 280 484 570 276 90 289 488
1 5 570 484 291 486 488 289 54 292
1 5 487 570 486 294 293 488 292 14
1 5 225 10 226 431 489 298 490 571
1 5 431 226 40 227 571 490 299 491
1 5 154 431 227 80 375 571 491 163
1 5 162 489 571 375 91 295 492 158
1 5 489 298 490 571 295 63 296 492
1 5 571 490 299 491 492 296 92 297
1 5 375 571 491 163 158 492 297 103
1 5 227 40 230 435 491 299 493 572
1 5 435 230 11 231 572 493 303 494
1 5 232 435 231 41 495 572 494 304
1 5 163 491 572 495 103 297 496 302
1 5 491 299 493 572 297 92 300 496
1 5 572 493 303 494 496 300 64 301
1 5 495 572 494 304 302 496 301 93
1 5 155 80 232 437 376 163 495 573
1 5 437 232 41 235 573 495 304 497
1 5 198 437 235 23 467 573 497 272
1 5 164 376 573 467 87 159 498 269
1 5 376 163 495 573 159 103 302 498
1 5 573 495 304 497 498 302 93 305
1 5 467 573 497 272 269 498 305 58
1 5 157 91 158 378 499 309 500 574
1 5 378 158 103 159 574 500 310 501
1 5 160 378 159 87 479 574 501 286
1 5 285 499 574 479 13 306 502 283
1 5 499 309 500 574 306 60 307 502
1 5 574 500 310 501 502 307 94 308
1 5 479 574 501 286 283 502 308 53
1 5 295 63 296 492 503 314 504 575
1 5 492 296 92 297 575 504 315 505
1 5 158 492 297 103 500 575 505 310
1 5 309 503 575 500 60 311 506 307
1 5 503 314 504 575 311 2 312 506
1 5 575 504 315 505 506 312 61 313
1 5 500 575 505 310 307 506 313 94
1 5 297 92 300 496 505 315 507 576
1 5 496 300 64 301 576 507 319 508
1 5 302 496 301 93 509 576 508 320
1 5 310 505 576 509 94 313 510 318
1 5 505 315 507 576 313 61 316 510
1 5 576 507 319 508 510 316 3 317
1 5 509 576 508 320 318 510 317 62
1 5 159 103 302 498 501 310 509 577
1 5 498 302 93 305 577 509 320 511
1 5 269 498 305 58 482 577 511 290
1 5 286 501 577 482 53 308 512 287
1 5 501 310 509 577 308 94 318 512
1 5 577 509 320 511 512 318 62 321
1 5 482 577 511 290 287 512 321 15
1 5 199 23 256 456 468 272 513 578
1 5 456 256 47 257 578 513 324 514
1 5 166 456 257 85 381 578 514 175
1 5 174 468 578 381 88 270 515 170
1 5 468 272 513 578 270 58 322 515
1 5 578 513 324 514 515 322 95 323
1 5 381 578 514 175 170 515 323 104
1 5 257 47 259 460 514 324 516 579
1 5 460 259 7 260 579 516 328 517
1 5 261 460 260 48 518 579 517 329
1 5 175 514 579 518 104 323 519 327
1 5 514 324 516 579 323 95 325 519
1 5 579 516 328 517 519 325 68 326
1 5 518 579 517 329 327 519 326 96
1 5 167 85 261 463 382 175 518 580
1 5 463 261 48 264 580 518 329 520
1 5 265 463 264 6 521 580 520 332
1 5 176 382 580 521 97 171 522 331
1 5 382 175 518 580 171 104 327 522
1 5 580 518 329 520 522 327 96 330
1 5 521 580 520 332 331 522 330 69
1 5 169 88 170 384 486 291 523 581
1 5 384 170 104 171 581 523 336 524
1 5 172 384 171 97 525 581 524 337
1 5 294 486 581 525 14 292 526 335
1 5 486 291 523 581 292 54 333 526
1 5 581 523 336 524 526 333 98 334
1 5 525 581 524 337 335 526 334 67
1 5 270 58 322 515 483 290 527 582
1 5 515 322 95 323 582 527 340 528
1 5 170 515 323 104 523 582 528 336
1 5 291 483 582 523 54 288 529 333
1 5 483 290 527 582 288 15 338 529
1 5 582 527 340 528 529 338 65 339
1 5 523 582 528 336 333 529 339 98
1 5 323 95 325 519 528 340 530 583
1 5 519 325 68 326 583 530 344 531
1 5 327 519 326 96 532 583 531 345
1 5 336 528 583 532 98 339 533 343
1 5 528 340 530 583 339 65 341 533
1 5 583 530 344 531 533 341 1 342
1 5 532 583 531 345 343 533 342 66
1 5 171 104 327 522 524 336 532 584
1 5 522 327 96 330 584 532 345 534
1 5 331 522 330 69 535 584 534 348
1 5 337 524 584 535 67 334 536 347
1 5 524 336 532 584 334 98 343 536
1 5 584 532 345 534 536 343 66 346
1 5 535 584 534 348 347 536 346 0

boundary
352
34 3 249 4 253 448
34 3 264 6 332 520
34 3 108 349 105 16
34 3 120 355 117 17
34 3 132 361 129 18
34 3 177 17 125 386
34 3 205 8 211 413
34 3 108 16 113 353
34 3 8 206 414 211
34 3 9 214 419 219
34 3 132 18 137 365
34 3 19 236 439 187
34 3 194 21 161 464
34 3 225 10 298 489
34 3 144 20 149 371
34 3 12 274 477 277
34 3 10 226 490 298
34 3 11 231 494 303
34 3 13 306 502 283
34 3 168 22 173 383
34 3 23 256 513 272
34 3 14 292 526 335
34 3 242 45 248 444
34 3 245 83 263 458
34 3 251 51 266 461
34 3 105 24 114 350
34 3 109 71 191 397
34 3 179 33 196 401
34 3 260 48 329 517
34 3 326 96 345 531
34 3 330 69 348 534
34 3 52 282 481 275
34 3 90 284 485 289
34 3 55 276 488 293
34 3 54 288 529 333
34 3 98 339 533 343
34 3 67 334 536 347
34 3 106 385 177 24
34 3 183 389 178 70
34 3 188 394 107 27
34 3 188 27 116 395
34 3 189 74 193 410
34 3 112 32 190 400
34 3 118 412 205 36
34 3 215 417 207 76
34 3 181 422 119 25
34 3 117 36 126 356
34 3 121 77 223 425
34 3 208 42 228 428
34 3 153 39 162 374
34 3 157 91 309 499
34 3 295 63 314 503
34 3 130 438 182 26
34 3 243 442 237 81
34 3 250 447 131 46
34 3 37 213 418 212
34 3 78 216 432 229
34 3 42 209 429 228
34 3 38 221 423 220
34 3 79 222 436 234
34 3 43 217 433 233
34 3 44 241 443 240
34 3 82 244 457 258
34 3 34 238 454 201
34 3 41 235 497 304
34 3 93 305 511 320
34 3 64 301 508 319
34 3 60 311 506 307
34 3 94 313 510 318
34 3 53 308 512 287
34 3 47 259 516 324
34 3 95 325 530 340
34 3 58 322 527 290
34 3 250 46 140 449
34 3 252 84 255 462
34 3 136 35 204 453
34 3 141 28 150 368
34 3 145 86 279 473
34 3 267 57 285 478
34 3 203 31 152 471
34 3 273 89 281 487
34 3 148 56 278 476
34 3 265 49 176 521
34 3 331 97 337 535
34 3 172 59 294 525
34 3 40 230 493 299
34 3 92 300 507 315
34 3 63 296 504 314
34 3 45 249 448 248
34 3 248 448 251 83
34 3 448 253 51 251
34 3 24 177 386 114
34 3 114 386 179 71
34 3 386 125 33 179
34 3 5 242 444 247
34 3 247 444 245 50
34 3 444 248 83 245
34 3 50 245 458 262
34 3 262 458 260 7
34 3 458 263 48 260
34 3 83 251 461 263
34 3 263 461 264 48
34 3 461 266 6 264
34 3 16 105 350 113
34 3 113 350 109 32
34 3 350 114 71 109
34 3 32 109 397 190
34 3 190 397 141 20
34 3 397 191 28 141
34 3 71 179 401 191
34 3 191 401 194 28
34 3 401 196 21 194
34 3 48 264 520 329
34 3 329 520 330 96
34 3 520 332 69 330
34 3 274 52 275 477
34 3 477 275 90 276
34 3 277 477 276 55
34 3 292 54 333 526
34 3 526 333 98 334
34 3 335 526 334 67
34 3 7 260 517 328
34 3 328 517 326 68
34 3 517 329 96 326
34 3 68 326 531 344
34 3 344 531 342 1
34 3 531 345 66 342
34 3 96 330 534 345
34 3 345 534 346 66
34 3 534 348 0 346
34 3 282 13 283 481
34 3 481 283 53 284
34 3 275 481 284 90
34 3 284 53 287 485
34 3 485 287 15 288
34 3 289 485 288 54
34 3 276 90 289 488
34 3 488 289 54 292
34 3 293 488 292 14
34 3 288 15 338 529
34 3 529 338 65 339
34 3 333 529 339 98
34 3 339 65 341 533
34 3 533 341 1 342
34 3 343 533 342 66
34 3 334 98 343 536
34 3 536 343 66 346
34 3 347 536 346 0
34 3 349 106 24 105
34 3 107 70 106 349
34 3 27 107 349 108
34 3 27 108 353 116
34 3 116 353 112 74
34 3 353 113 32 112
34 3 385 120 17 177
34 3 178 25 120 385
34 3 70 178 385 106
34 3 389 181 25 178
34 3 182 19 181 389
34 3 26 182 389 183
34 3 394 183 70 107
34 3 129 26 183 394
34 3 18 129 394 188
34 3 18 188 395 137
34 3 137 395 189 35
34 3 395 116 74 189
34 3 35 189 410 204
34 3 204 410 203 22
34 3 410 193 31 203
34 3 74 112 400 193
34 3 193 400 144 31
34 3 400 190 20 144
34 3 355 118 36 117
34 3 119 76 118 355
34 3 25 119 355 120
34 3 36 205 413 126
34 3 126 413 208 77
34 3 413 211 42 208
34 3 39 225 489 162
34 3 162 489 295 91
34 3 489 298 63 295
34 3 412 206 8 205
34 3 207 37 206 412
34 3 76 207 412 118
34 3 417 213 37 207
34 3 214 9 213 417
34 3 38 214 417 215
34 3 422 215 76 119
34 3 221 38 215 422
34 3 19 221 422 181
34 3 17 117 356 125
34 3 125 356 121 33
34 3 356 126 77 121
34 3 33 121 425 196
34 3 196 425 153 21
34 3 425 223 39 153
34 3 77 208 428 223
34 3 223 428 225 39
34 3 428 228 10 225
34 3 21 153 374 161
34 3 161 374 157 57
34 3 374 162 91 157
34 3 57 157 499 285
34 3 285 499 306 13
34 3 499 309 60 306
34 3 91 295 503 309
34 3 309 503 311 60
34 3 503 314 2 311
34 3 361 130 26 129
34 3 131 81 130 361
34 3 46 131 361 132
34 3 438 236 19 182
34 3 237 44 236 438
34 3 81 237 438 130
34 3 442 241 44 237
34 3 242 5 241 442
34 3 45 242 442 243
34 3 447 243 81 131
34 3 249 45 243 447
34 3 4 249 447 250
34 3 206 37 212 414
34 3 414 212 78 209
34 3 211 414 209 42
34 3 213 9 219 418
34 3 418 219 43 216
34 3 212 418 216 78
34 3 216 43 233 432
34 3 432 233 11 230
34 3 229 432 230 40
34 3 209 78 229 429
34 3 429 229 40 226
34 3 228 429 226 10
34 3 214 38 220 419
34 3 419 220 79 217
34 3 219 419 217 43
34 3 236 44 240 439
34 3 439 240 82 238
34 3 187 439 238 34
34 3 231 41 304 494
34 3 494 304 93 301
34 3 303 494 301 64
34 3 306 60 307 502
34 3 502 307 94 308
34 3 283 502 308 53
34 3 256 47 324 513
34 3 513 324 95 322
34 3 272 513 322 58
34 3 221 19 187 423
34 3 423 187 34 222
34 3 220 423 222 79
34 3 222 34 201 436
34 3 436 201 23 235
34 3 234 436 235 41
34 3 217 79 234 433
34 3 433 234 41 231
34 3 233 433 231 11
34 3 241 5 247 443
34 3 443 247 50 244
34 3 240 443 244 82
34 3 244 50 262 457
34 3 457 262 7 259
34 3 258 457 259 47
34 3 238 82 258 454
34 3 454 258 47 256
34 3 201 454 256 23
34 3 235 23 272 497
34 3 497 272 58 305
34 3 304 497 305 93
34 3 305 58 290 511
34 3 511 290 15 321
34 3 320 511 321 62
34 3 301 93 320 508
34 3 508 320 62 317
34 3 319 508 317 3
34 3 311 2 312 506
34 3 506 312 61 313
34 3 307 506 313 94
34 3 313 61 316 510
34 3 510 316 3 317
34 3 318 510 317 62
34 3 308 94 318 512
34 3 512 318 62 321
34 3 287 512 321 15
34 3 259 7 328 516
34 3 516 328 68 325
34 3 324 516 325 95
34 3 325 68 344 530
34 3 530 344 1 341
34 3 340 530 341 65
34 3 322 95 340 527
34 3 527 340 65 338
34 3 290 527 338 15
34 3 46 132 365 140
34 3 140 365 136 84
34 3 365 137 35 136
34 3 28 194 464 150
34 3 150 464 267 86
34 3 464 161 57 267
34 3 31 144 371 152
34 3 152 371 148 89
34 3 371 149 56 148
34 3 49 168 383 176
34 3 176 383 172 97
34 3 383 173 59 172
34 3 4 250 449 253
34 3 253 449 252 51
34 3 449 140 84 252
34 3 51 252 462 266
34 3 266 462 265 6
34 3 462 255 49 265
34 3 84 136 453 255
34 3 255 453 168 49
34 3 453 204 22 168
34 3 20 141 368 149
34 3 149 368 145 56
34 3 368 150 86 145
34 3 56 145 473 278
34 3 278 473 274 12
34 3 473 279 52 274
34 3 86 267 478 279
34 3 279 478 282 52
34 3 478 285 13 282
34 3 22 203 471 173
34 3 173 471 273 59
34 3 471 152 89 273
34 3 59 273 487 294
34 3 294 487 293 14
34 3 487 281 55 293
34 3 89 148 476 281
34 3 281 476 277 55
34 3 476 278 12 277
34 3 6 265 521 332
34 3 332 521 331 69
34 3 521 176 97 331
34 3 69 331 535 348
34 3 348 535 347 0
34 3 535 337 67 347
34 3 97 172 525 337
34 3 337 525 335 67
34 3 525 294 14 335
34 3 226 40 299 490
34 3 490 299 92 296
34 3 298 490 296 63
34 3 230 11 303 493
34 3 493 303 64 300
34 3 299 493 300 92
34 3 300 64 319 507
34 3 507 319 3 316
34 3 315 507 316 61
34 3 296 92 315 504
34 3 504 315 61 312
34 3 314 504 312 2

vertices
585

nodes
FiniteElementSpace
FiniteElementCollection: H1_3D_P2
VDim: 3
Ordering: 0

0.11108439
0.1716001
0.42586599
0.34303776
0.11108439
0.1716001
0.11108439
0.1716001
0.48293061
0.37107077
0.46850803
0.36407998
0.13575486
0.34802459
0.12307986
0.24764874
0.14953799
0.45397621
0.12909499
0.28596008
0.14590394
0.42529438
0.12755235
0.27585809
0.3017571
0.36996814
0.20752753
0.13931649
0.28559916
0.35057624
0.20170522
0.13672814
0.14772096
0.43963529
0.28090909
0.12832367
0.46845341
0.42700069
0.32851542
0.4469012
0.416294
0.31996904
0.47571932
0.36757538
0.22878009
0.14134225
0.12008969
0.2237291
0.14134225
0.11931837
0.1716001
0.11108439
0.24188972
0.29783667
0.1853643
0.12941736
0.1408294
0.38665948
0.26175342
0.1253161
0.38694529
0.38445187
0.29534325
0.44718701
0.35355887
0.20962442
0.14134225
0.11708212
0.1716001
0.11108439
0.25464231
0.29367813
0.36027219
0.20461638
0.13802232
0.24365219
0.39848442
0.45767731
0.42164735
0.32424223
0.38343512
0.17443489
0.22625459
0.14134225
0.11970403
0.17152373
0.26374444
0.32420645
0.19353476
0.13307275
0.21362701
0.41692324
0.40037294
0.30765615
0.34114427
0.21667676
0.14134225
0.11820025
0.16335327
0.24914725
0.39095977
0.17297931
0.2286396
0.36228969
0.1674385
0.22564754
0.27819971
0.1969794
0.14442724
0.22069955
0.27141269
0.19358478
0.14287164
0.14862948
0.29771761
0.25189478
0.1386694
0.46121481
0.43346891
0.38422628
0.41197217
0.4486563
0.42431854
0.37561598
0.39995374
0.44680575
0.46306536
0.39472209
0.36512017
0.16831126
0.19098121
0.14726229
0.12459234
0.16647002
0.18879784
0.14634167
0.12401385
0.12870933
0.20607195
0.1737071
0.11989686
0.21575155
0.26462567
0.19019017
0.14131604
0.20228692
0.24619202
0.18085618
0.13695108
0.14336667
0.2746718
0.2361459
0.13490045
0.43609779
0.41516816
0.36700568
0.38793531
0.40179136
0.38960647
0.34324807
0.35543297
0.40597693
0.43191222
0.37286241
0.33739134
0.16462878
0.18661448
0.14542105
0.12343536
0.15942543
0.18048663
0.14281937
0.12175817
0.12643422
0.19761999
0.16948112
0.11875931
0.37786665
0.31230523
0.36665671
0.30470972
0.32796411
0.2467438
0.23108492
0.32059064
0.24276273
0.22688181
0.28343458
0.13420574
0.13317299
0.14681245
0.28963864
0.24639972
0.13737523
0.35544677
0.29711421
0.43246484
0.35542421
0.31321717
0.23878166
0.22267871
0.27838359
0.2031608
0.13214024
0.12793801
0.47569201
0.45496565
0.41274255
0.46669831
0.44868333
0.40630356
0.47932497
0.42432402
0.39903573
0.3497931
0.36349992
0.39461136
0.3459088
0.357601
0.36932308
0.32637883
0.30723775
0.30257566
0.45228925
0.38719744
0.45770461
0.44240102
0.39986456
0.47211367
0.41897068
0.39018699
0.34202451
0.35170208
0.36582768
0.32210564
0.29791357
0.25737008
0.20160749
0.25358184
0.19961695
0.22751734
0.2001901
0.15647117
0.15788857
0.19892735
0.15647117
0.15716078
0.1716001
0.14134225
0.12621332
0.11558704
0.12621332
0.11539421
0.11108439
0.17225152
0.1195112
0.2497936
0.19762642
0.22499185
0.1976646
0.15647117
0.15643299
0.1716001
0.14134225
0.12621332
0.11520138
0.11108439
0.32520196
0.27642303
0.29297994
0.22764409
0.21108718
0.26880576
0.12919443
0.18882229
0.22775837
0.17152218
0.13258611
0.13829213
0.25281708
0.22113331
0.13124505
0.29495715
0.32293063
0.25573184
0.36734203
0.31102156
0.2727427
0.21650652
0.19949566
0.25470108
0.18944953
0.15422208
0.12624861
0.12419798
0.43205513
0.42377997
0.38133132
0.45784752
0.40833347
0.37696591
0.33060751
0.33497292
0.35881943
0.31381259
0.28470478
0.36748494
0.36404478
0.31949047
0.40193426
0.35171698
0.40640564
0.40515893
0.36279807
0.4365265
0.39241241
0.36374482
0.31919051
0.31824376
0.34829832
0.3014997
0.271496
0.23921509
0.19205763
0.22020293
0.19413843
0.15647117
0.15439037
0.1716001
0.14134225
0.12621332
0.11464232
0.11108439
0.17435879
0.1402177
0.12008099
0.16539589
0.11764118
0.22863658
0.18648885
0.21315059
0.19061226
0.15647117
0.15234776
0.1716001
0.14134225
0.12621332
0.11408326
0.11108439
0.21131347
0.22317354
0.2748062
0.19528209
0.14364944
0.20714217
0.42272054
0.45493555
0.42889373
0.37992113
0.40596296
0.41213614
0.15778677
0.16739064
0.18988953
0.14680198
0.12430309
0.15640585
0.20297086
0.20901924
0.25540885
0.18552317
0.13913356
0.19157155
0.40155173
0.41894458
0.40238732
0.35512688
0.37168414
0.37251972
0.15502492
0.16202711
0.18355055
0.14412021
0.12259677
0.1511224
0.34508594
0.37226168
0.30850747
0.33568322
0.27952452
0.32427737
0.24475327
0.22898337
0.27373623
0.18264533
0.13368936
0.1800274
0.21822555
0.26801918
0.19188748
0.14209384
0.36105174
0.39394452
0.30091197
0.32628049
0.3169039
0.24077219
0.22478026
0.26794794
0.1655494
0.13265662
0.17740947
0.44421728
0.47119516
0.45182449
0.40952306
0.43650094
0.38126783
0.39682355
0.34785095
0.36055046
0.37610618
0.34573201
0.3049067
0.33909582
0.44237704
0.41974335
0.37131083
0.46220146
0.44554217
0.40308406
0.42878459
0.39239918
0.34396666
0.35465154
0.37094454
0.30024461
0.33245962
0.22417565
0.25547596
0.20061222
0.22118984
0.17903933
0.19955872
0.15647117
0.15752467
0.17804406
0.1367378
0.12621332
0.11549063
0.13627749
0.18770616
0.14588136
0.1237246
0.25168772
0.19862168
0.21820404
0.19829597
0.15647117
0.15679688
0.17704879
0.12621332
0.1152978
0.13581719
0.34032437
0.28676862
0.30081249
0.30309855
0.23321287
0.21688294
0.25203356
0.13066734
0.1701408
0.19555461
0.23697519
0.17618918
0.13476859
0.18017224
0.31007956
0.3391818
0.26607743
0.2753445
0.28286132
0.22207531
0.20529142
0.23611918
0.15682375
0.12772152
0.16287213
0.44487987
0.43309049
0.39059794
0.40669322
0.38357645
0.33631601
0.3433375
0.35596941
0.29130917
0.31397643
0.38463815
0.37682562
0.33136927
0.3434877
0.41923038
0.41446945
0.37206469
0.38460185
0.37035536
0.32489901
0.32660834
0.34099429
0.27810039
0.29549323
0.24450434
0.19484202
0.20985086
0.19590152
0.15647117
0.15541168
0.1742644
0.12621332
0.11492185
0.13451635
0.17742271
0.14151854
0.12091958
0.14721989
0.23392584
0.18927324
0.20149769
0.19237535
0.15647117
0.15336907
0.17148001
0.12621332
0.11436279
0.13321551
0.20922782
0.41742834
0.15709631
0.1972712
0.38703573
0.15307366
0.34038458
0.27663037
0.18133637
0.20505651
0.33098185
0.27084208
0.17871844
0.44035911
0.378687
0.34241392
0.40684394
0.43264276
0.37352536
0.33577772
0.22268274
0.1785417
0.13650765
0.15571538
0.21969694
0.17754643
0.13604734
0.31354649
0.25999075
0.17377514
0.18587189
0.2880785
0.24407637
0.16650647
0.4177389
0.36345698
0.32321803
0.35800371
0.39564754
0.34848185
0.30473483
0.21402745
0.1756566
0.13516677
0.14917115
0.20567427
0.17287221
0.13386593
0.18759277
0.21848051
0.17787036
0.14698261
0.18590151
0.21620068
0.17643863
0.14613946
0.14908373
0.22441054
0.21027065
0.14403834
0.45759551
0.44196768
0.41734636
0.43297419
0.45087065
0.43618195
0.41169565
0.42638435
0.45039098
0.45807518
0.42007444
0.40896757
0.14870312
0.16304902
0.14118956
0.12684366
0.14804998
0.16224348
0.1406997
0.12650621
0.12890216
0.16785095
0.15744154
0.12444772
0.18082774
0.2093612
0.17214345
0.14360999
0.17619295
0.20314522
0.16820238
0.14125011
0.1446353
0.21238539
0.20012103
0.1402248
0.43069608
0.41882476
0.39474352
0.40661484
0.41246075
0.40299015
0.37935993
0.38883053
0.41563565
0.42752118
0.39429373
0.37980972
0.14609056
0.15982685
0.13923014
0.12549385
0.14423067
0.15755038
0.13783521
0.12451549
0.12699328
0.16332795
0.15404929
0.12301606
0.33981187
0.3614763
0.31164282
0.2899784
0.33498965
0.35632313
0.30759539
0.28626191
0.29973736
0.37506417
0.34273526
0.27650295
0.28347377
0.29591487
0.25530472
0.24286362
0.28020113
0.29256892
0.25280687
0.24043908
0.25326855
0.31040635
0.27807744
0.23003415
0.16814795
0.18981237
0.15842553
0.13676111
0.16697575
0.18830923
0.15751287
0.13617938
0.13899295
0.19613075
0.18199085
0.13394755
0.18421026
0.21392086
0.1750069
0.1452963
0.182519
0.21164103
0.17357518
0.14445315
0.14726671
0.21946255
0.20609934
0.14248274
0.33016742
0.35116996
0.30354795
0.28254541
0.32534519
0.3460168
0.29950052
0.27882891
0.29165839
0.36385423
0.33333253
0.26971594
0.27692849
0.28922297
0.25030902
0.23801453
0.27365584
0.28587702
0.24781117
0.23558999
0.24777349
0.30281084
0.27228915
0.22583104
0.16580355
0.18680609
0.1566002
0.13559765
0.16463135
0.18530296
0.15568753
0.13501592
0.13769877
0.19273613
0.17937292
0.1329148
0.47207271
0.45995465
0.4388431
0.45096116
0.46713026
0.45577714
0.43462642
0.44597954
0.46575938
0.47344359
0.4422882
0.43118132
0.40561349
0.39700519
0.37238387
0.38099217
0.40212257
0.39410503
0.36961873
0.37763628
0.39660325
0.41113281
0.37997742
0.36202519
0.37709721
0.36497915
0.33684806
0.34896613
0.37252065
0.36116752
0.33334564
0.34469877
0.36754415
0.3820737
0.34407297
0.32612074
0.4441458
0.43039622
0.40604494
0.41979452
0.43742094
0.42461049
0.40039423
0.41320468
0.43605006
0.44551667
0.40949004
0.39694913
0.46218781
0.45159962
0.43040974
0.44099792
0.45724536
0.44742211
0.42619306
0.4360163
0.45498328
0.46444989
0.43457185
0.42203094
0.39863166
0.39120487
0.36685359
0.37428038
0.39514075
0.38830471
0.36408845
0.37092449
0.38907861
0.40469381
0.37481577
0.35612627
0.36794408
0.3573559
0.32984323
0.34043141
0.36336752
0.35354427
0.32634081
0.33616406
0.3578482
0.3734634
0.33743677
0.31874727
0.22713567
0.23545973
0.20757843
0.19925437
0.22541261
0.23371801
0.20628614
0.19798074
0.20679974
0.24574854
0.2234292
0.19043537
0.18802119
0.19032341
0.16846395
0.16616173
0.18715966
0.18957696
0.16803319
0.16561589
0.17407099
0.20110985
0.17879051
0.15770662
0.13367599
0.14200005
0.12616242
0.11783837
0.13334942
0.14165481
0.12599914
0.11769374
0.11999327
0.14703213
0.13662273
0.11553883
0.14739684
0.16143793
0.14020985
0.12616876
0.1467437
0.16063239
0.13971999
0.1258313
0.12813084
0.16600971
0.15606061
0.12386923
0.22368955
0.23197629
0.20499384
0.19670711
0.2219665
0.23023457
0.20370155
0.19543348
0.20388859
0.24176746
0.22044339
0.188252
0.18629813
0.18883051
0.16760242
0.16507005
0.1854366
0.18808406
0.16717166
0.1645242
0.17261542
0.19911932
0.17779525
0.15697883
0.13302285
0.14130958
0.12583585
0.11754912
0.13269628
0.14096435
0.12567257
0.1174045
0.11960761
0.14611152
0.13616242
0.115346
0.32052296
0.34086363
0.29545308
0.27511242
0.30749808
0.32693543
0.28447767
0.26504032
0.28013548
0.34788557
0.31991349
0.26001726
0.2703832
0.28253107
0.24531332
0.23316545
0.26145726
0.27337968
0.23843684
0.22651442
0.23989904
0.29194142
0.26396934
0.21978082
0.16345915
0.18379982
0.15477486
0.13443419
0.16021181
0.17964915
0.15222124
0.13278389
0.13581429
0.18785667
0.17559231
0.13140379
0.17155816
0.19692923
0.16426131
0.13889024
0.16692337
0.19071325
0.16032024
0.13653036
0.13956077
0.19892076
0.18872172
0.13585983
0.2944732
0.31300723
0.27350226
0.25496823
0.28144832
0.29907903
0.26252684
0.24489614
0.25828076
0.31764076
0.29444549
0.24158361
0.25253131
0.26422829
0.23156037
0.21986339
0.24360537
0.2550769
0.22468389
0.21321236
0.22488645
0.27125023
0.24805496
0.2081893
0.15696446
0.17549849
0.14966761
0.13113359
0.15371712
0.17134782
0.14711399
0.12948329
0.1321589
0.17852268
0.16832363
0.12845797
0.45230291
0.4432446
0.42197638
0.43103468
0.43839605
0.43130939
0.41006311
0.41714977
0.43940671
0.45129224
0.42326175
0.40877774
0.39164984
0.38540455
0.36132331
0.3675686
0.38173017
0.37702746
0.35339724
0.35809995
0.37814876
0.39523125
0.36720076
0.34751979
0.35879096
0.34973265
0.32283839
0.3318967
0.34625911
0.33917245
0.31315829
0.32024495
0.34398379
0.36106628
0.32783882
0.30815786
0.39422542
0.38715554
0.36397634
0.37104622
0.37599009
0.37132093
0.34859275
0.35326192
0.37700076
0.39321476
0.36526171
0.34730738
0.42448918
0.41937417
0.39814985
0.40326486
0.41058232
0.40743896
0.38623658
0.38937994
0.40942875
0.42564275
0.40117038
0.38321605
0.37181051
0.36865037
0.34547117
0.34863131
0.36189084
0.36027327
0.3375451
0.33916266
0.35700334
0.37669801
0.35222563
0.33079063
0.33372726
0.32861225
0.30347818
0.30859319
0.32119541
0.31805205
0.29379808
0.29694144
0.317614
0.33730867
0.30935563
0.28792063
0.22024344
0.22849285
0.20240926
0.19415985
0.21541643
0.22362016
0.198789
0.19058527
0.19966261
0.23599727
0.21611574
0.18508252
0.18457507
0.18733761
0.16674089
0.16397836
0.18216157
0.18524931
0.16553414
0.1624464
0.17050243
0.19623422
0.1763527
0.15592234
0.13236971
0.14061912
0.12550928
0.11725987
0.13143976
0.13964349
0.12504431
0.11684058
0.11903884
0.14477063
0.13549198
0.11506162
0.14237077
0.15527392
0.13644029
0.12353714
0.14051087
0.15299745
0.13504536
0.12255878
0.12475704
0.15812459
0.15014677
0.12133888
0.21058942
0.21874748
0.19516875
0.1870107
0.20576242
0.21387479
0.19154849
0.18343612
0.19149214
0.2248597
0.20776257
0.17895467
0.17974807
0.18316102
0.16432739
0.16091444
0.17733456
0.18107272
0.16312064
0.15938248
0.1664172
0.19066544
0.1735683
0.15387972
0.13050981
0.13866786
0.12457933
0.11642128
0.12957986
0.13769223
0.12411436
0.11600199
0.11792072
0.14216896
0.13419114
0.11450255
0.26370232
0.24475659
0.26044558
0.24201701
0.26642101
0.22581086
0.20414644
0.26335049
0.22358844
0.20225496
0.14187186
0.14115942
0.14817522
0.22193655
0.20818499
0.14326054
0.25718884
0.23927743
0.29569787
0.27310944
0.26027997
0.22136602
0.20036347
0.25052102
0.19443344
0.14044698
0.13834586
0.46483411
0.42809473
0.45900046
0.42316103
0.41597666
0.39135535
0.40347341
0.41180791
0.38732161
0.39867474
0.39097016
0.38554156
0.44322052
0.45179593
0.41478224
0.40295835
0.4531668
0.41822734
0.46037133
0.42660613
0.40763915
0.38328787
0.39387606
0.39284093
0.37776855
0.38011296
0.36269618
0.1879194
0.17438399
0.1867313
0.17349292
0.18270805
0.16084859
0.15252453
0.18179831
0.16025454
0.15194915
0.12234101
0.12209998
0.1285165
0.16693033
0.15675108
0.12415847
0.1855432
0.17260184
0.20534417
0.18934369
0.18088858
0.15966049
0.15137376
0.17334321
0.14657183
0.12185894
0.11980044
0.25067535
0.23379827
0.24184552
0.22634003
0.25413893
0.21692118
0.19658051
0.24577737
0.21083453
0.19139719
0.13902209
0.137017
0.14209804
0.20565308
0.19442138
0.13804232
0.23301568
0.21888178
0.26920812
0.25080043
0.23741581
0.20474789
0.18621386
0.23239275
0.18318967
0.13501191
0.1339866
0.4414995
0.40835995
0.4254284
0.39471152
0.39930164
0.3752204
0.38427871
0.38762486
0.36399464
0.3710813
0.36925577
0.35453774
0.39631821
0.41036797
0.37977772
0.36355855
0.4093573
0.38106309
0.42441773
0.39599689
0.37594808
0.35276888
0.3578839
0.36757605
0.34918747
0.33981971
0.3307989
0.183167
0.1708197
0.17982355
0.16831211
0.17906911
0.15847239
0.15022298
0.17651584
0.15680067
0.14859694
0.12137686
0.12067804
0.12587516
0.16072627
0.15209803
0.12217747
0.1764801
0.16580452
0.19557738
0.18201859
0.17396257
0.15512894
0.14697089
0.16845981
0.14346979
0.11997921
0.11847978
0.41592143
0.37852906
0.40953372
0.37317377
0.34113668
0.32869558
0.33681382
0.32444603
0.3694592
0.3380339
0.403146
0.36781848
0.33249095
0.32019647
0.3066086
0.30374431
0.30045387
0.30696209
0.26635194
0.26313416
0.30385598
0.26409392
0.26069182
0.28469733
0.21930623
0.21752766
0.2751833
0.22793259
0.29716343
0.32243401
0.30074986
0.26183591
0.25824948
0.28217183
0.243758
0.2157491
0.20686513
0.20515987
0.1754783
0.1743635
0.13165036
0.13119935
0.18068188
0.13343118
0.20345461
0.17324871
0.13074833
0.2539321
0.23653785
0.25720945
0.2191436
0.19847199
0.13973454
0.1463582
0.21698855
0.20401368
0.14170494
0.2876189
0.26632243
0.24502596
0.19103882
0.13705169
0.39675829
0.36246319
0.37468437
0.32816809
0.31594691
0.35824925
0.32863117
0.39037057
0.3571079
0.42887961
0.39093992
0.32384522
0.31169735
0.35300022
0.29901309
0.29387299
0.29764375
0.25957789
0.25580714
0.27964634
0.21397053
0.26939501
0.22372948
0.29058255
0.31506053
0.29453763
0.25731988
0.2533648
0.27712084
0.23977693
0.21219196
0.20243301
0.20174935
0.1843551
0.17213392
0.13029731
0.17806396
0.13239843
0.20004409
0.17101913
0.16508909
0.1298463
0.12774518
0.47931131
0.46894813
0.44959147
0.47526006
0.46557473
0.4460918
0.48112779
0.45339507
0.44098317
0.41987162
0.42847992
0.43807426
0.41692354
0.42494108
0.42566236
0.46894674
0.43843002
0.47120882
0.46220133
0.44259213
0.47752214
0.45025391
0.43516534
0.41397545
0.42140225
0.42298568
0.40791331
0.41301821
0.39015178
0.41057378
0.38775528
0.39792964
0.38505325
0.36043194
0.36553046
0.38307331
0.35858701
0.36326898
0.37019692
0.34882203
0.33915426
0.34600767
0.33711489
0.34346464
0.32744713
0.37739659
0.35907573
0.40812936
0.38535877
0.39571746
0.38109337
0.35674209
0.36100749
0.36844923
0.34687988
0.33507552
0.34092162
0.32531053
0.35461597
0.35148219
0.31787659
0.32648488
0.31564277
0.32366031
0.30607223
0.29659891
0.29417064
0.34075487
0.34834841
0.31340895
0.32083574
0.30374118
0.29174237
0.44733315
0.41329364
0.4034704
0.37925414
0.38907738
0.43923742
0.40419784
0.44959523
0.41745576
0.38531628
0.36915825
0.46715757
0.45882792
0.43909247
0.4739165
0.44711275
0.43225643
0.41102737
0.41786341
0.42030901
0.45995304
0.43071368
0.46310632
0.45545452
0.4355928
0.47031085
0.4439716
0.42934751
0.40807928
0.41432458
0.41763234
0.40147431
0.40568493
0.38296227
0.39350527
0.37911343
0.35489717
0.35874601
0.36670153
0.34493773
0.33303615
0.33837859
0.32317393
0.37223495
0.35317681
0.4032405
0.38056577
0.39129309
0.37713349
0.35305225
0.35648452
0.36495383
0.34299558
0.33099678
0.33583556
0.32103734
0.34521463
0.31117512
0.31801117
0.30141014
0.2893141
0.33411867
0.34208085
0.3089413
0.31518659
0.29907909
0.28688583
0.27166508
0.24077286
0.26945527
0.23907935
0.25642302
0.24307509
0.21519379
0.21289157
0.24149665
0.21406478
0.21164748
0.22814871
0.22193629
0.26724546
0.23738584
0.2545289
0.23991822
0.21293577
0.2104034
0.22688597
0.20011459
0.21448509
0.18961471
0.21353803
0.18905021
0.19987441
0.1858951
0.16403564
0.16775525
0.18557941
0.16403564
0.16750644
0.1716001
0.15647117
0.14890671
0.14961541
0.14890671
0.14943346
0.14134225
0.17829288
0.15734273
0.21259097
0.18848571
0.19924303
0.18526372
0.16403564
0.16725762
0.1716001
0.15647117
0.14890671
0.14925151
0.14134225
0.14731319
0.14701616
0.13377778
0.13147556
0.13377778
0.13136048
0.12621332
0.11864886
0.11333572
0.11864886
0.11328751
0.11108439
0.13639257
0.11544242
0.14671914
0.13377778
0.13124541
0.12621332
0.11864886
0.1132393
0.11108439
0.17171077
0.17997884
0.15906644
0.15079837
0.1216179
0.15537015
0.12357998
0.18716032
0.17188763
0.14565121
0.11941478
0.26503565
0.23569233
0.25263478
0.23833978
0.21180676
0.20915931
0.22562322
0.21895049
0.26282585
0.23399882
0.25074066
0.23676135
0.21067776
0.20791523
0.22436047
0.19812405
0.21164391
0.1879212
0.19861166
0.18494804
0.16403564
0.1670088
0.1716001
0.15647117
0.14890671
0.14906957
0.14134225
0.17729761
0.15661494
0.21069685
0.1873567
0.19798029
0.18463235
0.16403564
0.16675998
0.1716001
0.15647117
0.14890671
0.14888762
0.14134225
0.14642211
0.13377778
0.13113033
0.12621332
0.11864886
0.11319109
0.11108439
0.13593226
0.11524959
0.14612509
0.13377778
0.13101525
0.12621332
0.11864886
0.11314289
0.11108439
0.37315065
0.34261531
0.31207998
0.30015756
0.33276316
0.30717949
0.35593072
0.32812273
0.30031474
0.28861776
0.28159582
0.28154465
0.28595215
0.25100932
0.24660181
0.27233193
0.20725147
0.25601215
0.21398506
0.27250675
0.29803924
0.27736668
0.24469875
0.23983882
0.26527959
0.23042848
0.20231097
0.19532904
0.16790112
0.12855078
0.17195797
0.12993088
0.19061399
0.16478312
0.12725526
0.22418584
0.21142354
0.22905425
0.19866124
0.18103054
0.13300682
0.16228858
0.18449727
0.15637917
0.13417049
0.1370235
0.19218845
0.18302207
0.13367735
0.21535601
0.23482405
0.2039653
0.2473534
0.23236678
