MFEM mesh v1.0

#
# MFEM Geometry Types (see mesh/geom.hpp):
#
# POINT       = 0
# SEGMENT     = 1
# TRIANGLE    = 2
# SQUARE      = 3
# TETRAHEDRON = 4
# CUBE        = 5
#

dimension
3

elements
512
1 5 20 147 485 150 155 486 741 489
1 5 21 159 491 162 167 492 742 495
1 5 22 171 497 174 179 498 743 501
1 5 23 183 503 186 191 504 744 507
1 5 25 195 509 198 203 510 745 513
1 5 12 207 515 210 215 516 746 519
1 5 14 219 521 222 227 522 747 525
1 5 15 231 527 234 239 528 748 531
1 5 34 243 533 148 156 534 749 487
1 5 99 245 538 253 157 536 750 541
1 5 37 149 543 258 158 488 751 544
1 5 42 151 490 154 260 546 752 549
1 5 100 246 537 152 261 550 753 547
1 5 139 248 542 256 262 552 754 556
1 5 103 153 545 259 263 548 755 559
1 5 36 252 561 160 168 540 756 493
1 5 105 277 565 283 169 563 757 568
1 5 48 161 570 290 170 494 758 572
1 5 45 163 496 166 275 558 759 576
1 5 102 255 564 164 273 555 760 574
1 5 140 279 569 286 294 578 761 582
1 5 108 165 573 292 295 575 762 585
1 5 54 307 587 172 180 588 763 499
1 5 110 308 591 312 181 589 764 594
1 5 56 173 596 318 182 500 765 598
1 5 61 175 502 178 322 600 766 603
1 5 111 309 590 176 323 604 767 601
1 5 141 310 595 315 324 606 768 610
1 5 114 177 599 320 325 602 769 613
1 5 38 264 553 184 192 615 770 505
1 5 104 266 557 271 193 617 771 621
1 5 41 185 560 274 194 506 772 592
1 5 62 187 508 190 329 624 773 605
1 5 116 339 618 188 351 628 774 625
1 5 142 341 622 346 352 630 775 634
1 5 112 189 623 313 330 626 776 608
1 5 40 270 579 196 204 620 777 511
1 5 109 297 583 301 205 639 778 643
1 5 51 197 586 305 206 512 779 646
1 5 63 199 514 202 334 636 780 650
1 5 118 345 640 200 362 633 781 648
1 5 143 365 644 369 378 653 782 657
1 5 122 201 647 373 379 649 783 660
1 5 75 391 662 208 216 663 784 517
1 5 124 393 667 401 217 665 785 670
1 5 78 209 672 408 218 518 786 674
1 5 82 211 520 214 412 676 787 679
1 5 125 394 666 212 413 680 788 677
1 5 144 396 671 404 414 682 789 686
1 5 128 213 675 410 415 678 790 689
1 5 86 428 691 220 228 692 791 523
1 5 130 430 696 437 229 694 792 699
1 5 88 221 701 442 230 524 793 702
1 5 93 223 526 226 448 704 794 707
1 5 131 431 695 224 449 709 795 705
1 5 145 433 700 440 450 711 796 715
1 5 134 225 703 443 451 706 797 718
1 5 79 416 683 232 240 698 798 529
1 5 129 418 687 423 241 721 799 725
1 5 57 233 690 326 242 530 800 607
1 5 60 235 532 238 337 717 801 614
1 5 133 439 722 236 461 714 802 729
1 5 146 465 726 469 475 733 803 737
1 5 115 237 728 328 333 730 804 611
1 5 147 34 148 485 486 156 487 741
1 5 485 148 99 149 741 487 157 488
1 5 150 485 149 37 489 741 488 158
1 5 155 486 741 489 42 151 490 154
1 5 486 156 487 741 151 100 152 490
1 5 741 487 157 488 490 152 139 153
1 5 489 741 488 158 154 490 153 103
1 5 159 36 160 491 492 168 493 742
1 5 491 160 105 161 742 493 169 494
1 5 162 491 161 48 495 742 494 170
1 5 167 492 742 495 45 163 496 166
1 5 492 168 493 742 163 102 164 496
1 5 742 493 169 494 496 164 140 165
1 5 495 742 494 170 166 496 165 108
1 5 171 54 172 497 498 180 499 743
1 5 497 172 110 173 743 499 181 500
1 5 174 497 173 56 501 743 500 182
1 5 179 498 743 501 61 175 502 178
1 5 498 180 499 743 175 111 176 502
1 5 743 499 181 500 502 176 141 177
1 5 501 743 500 182 178 502 177 114
1 5 183 38 184 503 504 192 505 744
1 5 503 184 104 185 744 505 193 506
1 5 186 503 185 41 507 744 506 194
1 5 191 504 744 507 62 187 508 190
1 5 504 192 505 744 187 116 188 508
1 5 744 505 193 506 508 188 142 189
1 5 507 744 506 194 190 508 189 112
1 5 195 40 196 509 510 204 511 745
1 5 509 196 109 197 745 511 205 512
1 5 198 509 197 51 513 745 512 206
1 5 203 510 745 513 63 199 514 202
1 5 510 204 511 745 199 118 200 514
1 5 745 511 205 512 514 200 143 201
1 5 513 745 512 206 202 514 201 122
1 5 207 75 208 515 516 216 517 746
1 5 515 208 124 209 746 517 217 518
1 5 210 515 209 78 519 746 518 218
1 5 215 516 746 519 82 211 520 214
1 5 516 216 517 746 211 125 212 520
1 5 746 517 217 518 520 212 144 213
1 5 519 746 518 218 214 520 213 128
1 5 219 86 220 521 522 228 523 747
1 5 521 220 130 221 747 523 229 524
1 5 222 521 221 88 525 747 524 230
1 5 227 522 747 525 93 223 526 226
1 5 522 228 523 747 223 131 224 526
1 5 747 523 229 524 526 224 145 225
1 5 525 747 524 230 226 526 225 134
1 5 231 79 232 527 528 240 529 748
1 5 527 232 129 233 748 529 241 530
1 5 234 527 233 57 531 748 530 242
1 5 239 528 748 531 60 235 532 238
1 5 528 240 529 748 235 133 236 532
1 5 748 529 241 530 532 236 146 237
1 5 531 748 530 242 238 532 237 115
1 5 243 8 244 533 534 249 535 749
1 5 533 244 35 245 749 535 250 536
1 5 148 533 245 99 487 749 536 157
1 5 156 534 749 487 100 246 537 152
1 5 534 249 535 749 246 43 247 537
1 5 749 535 250 536 537 247 101 248
1 5 487 749 536 157 152 537 248 139
1 5 245 35 251 538 536 250 539 750
1 5 538 251 9 252 750 539 257 540
1 5 253 538 252 36 541 750 540 168
1 5 157 536 750 541 139 248 542 256
1 5 536 250 539 750 248 101 254 542
1 5 750 539 257 540 542 254 44 255
1 5 541 750 540 168 256 542 255 102
1 5 149 99 253 543 488 157 541 751
1 5 543 253 36 159 751 541 168 492
1 5 258 543 159 21 544 751 492 167
1 5 158 488 751 544 103 153 545 259
1 5 488 157 541 751 153 139 256 545
1 5 751 541 168 492 545 256 102 163
1 5 544 751 492 167 259 545 163 45
1 5 151 100 152 490 546 261 547 752
1 5 490 152 139 153 752 547 262 548
1 5 154 490 153 103 549 752 548 263
1 5 260 546 752 549 23 183 503 186
1 5 546 261 547 752 183 38 184 503
1 5 752 547 262 548 503 184 104 185
1 5 549 752 548 263 186 503 185 41
1 5 246 43 247 537 550 267 551 753
1 5 537 247 101 248 753 551 268 552
1 5 152 537 248 139 547 753 552 262
1 5 261 550 753 547 38 264 553 184
1 5 550 267 551 753 264 10 265 553
1 5 753 551 268 552 553 265 39 266
1 5 547 753 552 262 184 553 266 104
1 5 248 101 254 542 552 268 554 754
1 5 542 254 44 255 754 554 272 555
1 5 256 542 255 102 556 754 555 273
1 5 262 552 754 556 104 266 557 271
1 5 552 268 554 754 266 39 269 557
1 5 754 554 272 555 557 269 11 270
1 5 556 754 555 273 271 557 270 40
1 5 153 139 256 545 548 262 556 755
1 5 545 256 102 163 755 556 273 558
1 5 259 545 163 45 559 755 558 275
1 5 263 548 755 559 41 185 560 274
1 5 548 262 556 755 185 104 271 560
1 5 755 556 273 558 560 271 40 195
1 5 559 755 558 275 274 560 195 25
1 5 252 9 276 561 540 257 562 756
1 5 561 276 46 277 756 562 280 563
1 5 160 561 277 105 493 756 563 169
1 5 168 540 756 493 102 255 564 164
1 5 540 257 562 756 255 44 278 564
1 5 756 562 280 563 564 278 106 279
1 5 493 756 563 169 164 564 279 140
1 5 277 46 281 565 563 280 566 757
1 5 565 281 2 282 757 566 287 567
1 5 283 565 282 47 568 757 567 288
1 5 169 563 757 568 140 279 569 286
1 5 563 280 566 757 279 106 284 569
1 5 757 566 287 567 569 284 52 285
1 5 568 757 567 288 286 569 285 107
1 5 161 105 283 570 494 169 568 758
1 5 570 283 47 289 758 568 288 571
1 5 290 570 289 6 572 758 571 293
1 5 170 494 758 572 108 165 573 292
1 5 494 169 568 758 165 140 286 573
1 5 758 568 288 571 573 286 107 291
1 5 572 758 571 293 292 573 291 53
1 5 163 102 164 496 558 273 574 759
1 5 496 164 140 165 759 574 294 575
1 5 166 496 165 108 576 759 575 295
1 5 275 558 759 576 25 195 509 198
1 5 558 273 574 759 195 40 196 509
1 5 759 574 294 575 509 196 109 197
1 5 576 759 575 295 198 509 197 51
1 5 255 44 278 564 555 272 577 760
1 5 564 278 106 279 760 577 298 578
1 5 164 564 279 140 574 760 578 294
1 5 273 555 760 574 40 270 579 196
1 5 555 272 577 760 270 11 296 579
1 5 760 577 298 578 579 296 49 297
1 5 574 760 578 294 196 579 297 109
1 5 279 106 284 569 578 298 580 761
1 5 569 284 52 285 761 580 302 581
1 5 286 569 285 107 582 761 581 303
1 5 294 578 761 582 109 297 583 301
1 5 578 298 580 761 297 49 299 583
1 5 761 580 302 581 583 299 3 300
1 5 582 761 581 303 301 583 300 50
1 5 165 140 286 573 575 294 582 762
1 5 573 286 107 291 762 582 303 584
1 5 292 573 291 53 585 762 584 306
1 5 295 575 762 585 51 197 586 305
1 5 575 294 582 762 197 109 301 586
1 5 762 582 303 584 586 301 50 304
1 5 585 762 584 306 305 586 304 7
1 5 307 23 186 587 588 191 507 763
1 5 587 186 41 308 763 507 194 589
1 5 172 587 308 110 499 763 589 181
1 5 180 588 763 499 111 309 590 176
1 5 588 191 507 763 309 62 190 590
1 5 763 507 194 589 590 190 112 310
1 5 499 763 589 181 176 590 310 141
1 5 308 41 274 591 589 194 592 764
1 5 591 274 25 311 764 592 203 593
1 5 312 591 311 55 594 764 593 316
1 5 181 589 764 594 141 310 595 315
1 5 589 194 592 764 310 112 313 595
1 5 764 592 203 593 595 313 63 314
1 5 594 764 593 316 315 595 314 113
1 5 173 110 312 596 500 181 594 765
1 5 596 312 55 317 765 594 316 597
1 5 318 596 317 24 598 765 597 321
1 5 182 500 765 598 114 177 599 320
1 5 500 181 594 765 177 141 315 599
1 5 765 594 316 597 599 315 113 319
1 5 598 765 597 321 320 599 319 64
1 5 175 111 176 502 600 323 601 766
1 5 502 176 141 177 766 601 324 602
1 5 178 502 177 114 603 766 602 325
1 5 322 600 766 603 15 234 531 239
1 5 600 323 601 766 234 57 242 531
1 5 766 601 324 602 531 242 115 238
1 5 603 766 602 325 239 531 238 60
1 5 309 62 190 590 604 329 605 767
1 5 590 190 112 310 767 605 330 606
1 5 176 590 310 141 601 767 606 324
1 5 323 604 767 601 57 326 607 242
1 5 604 329 605 767 326 16 327 607
1 5 767 605 330 606 607 327 58 328
1 5 601 767 606 324 242 607 328 115
1 5 310 112 313 595 606 330 608 768
1 5 595 313 63 314 768 608 334 609
1 5 315 595 314 113 610 768 609 335
1 5 324 606 768 610 115 328 611 333
1 5 606 330 608 768 328 58 331 611
1 5 768 608 334 609 611 331 19 332
1 5 610 768 609 335 333 611 332 59
1 5 177 141 315 599 602 324 610 769
1 5 599 315 113 319 769 610 335 612
1 5 320 599 319 64 613 769 612 338
1 5 325 602 769 613 60 238 614 337
1 5 602 324 610 769 238 115 333 614
1 5 769 610 335 612 614 333 59 336
1 5 613 769 612 338 337 614 336 18
1 5 264 10 265 553 615 342 616 770
1 5 553 265 39 266 770 616 343 617
1 5 184 553 266 104 505 770 617 193
1 5 192 615 770 505 116 339 618 188
1 5 615 342 616 770 339 68 340 618
1 5 770 616 343 617 618 340 117 341
1 5 505 770 617 193 188 618 341 142
1 5 266 39 269 557 617 343 619 771
1 5 557 269 11 270 771 619 347 620
1 5 271 557 270 40 621 771 620 204
1 5 193 617 771 621 142 341 622 346
1 5 617 343 619 771 341 117 344 622
1 5 771 619 347 620 622 344 69 345
1 5 621 771 620 204 346 622 345 118
1 5 185 104 271 560 506 193 621 772
1 5 560 271 40 195 772 621 204 510
1 5 274 560 195 25 592 772 510 203
1 5 194 506 772 592 112 189 623 313
1 5 506 193 621 772 189 142 346 623
1 5 772 621 204 510 623 346 118 199
1 5 592 772 510 203 313 623 199 63
1 5 187 116 188 508 624 351 625 773
1 5 508 188 142 189 773 625 352 626
1 5 190 508 189 112 605 773 626 330
1 5 329 624 773 605 16 348 627 327
1 5 624 351 625 773 348 65 349 627
1 5 773 625 352 626 627 349 119 350
1 5 605 773 626 330 327 627 350 58
1 5 339 68 340 618 628 356 629 774
1 5 618 340 117 341 774 629 357 630
1 5 188 618 341 142 625 774 630 352
1 5 351 628 774 625 65 353 631 349
1 5 628 356 629 774 353 4 354 631
1 5 774 629 357 630 631 354 66 355
1 5 625 774 630 352 349 631 355 119
1 5 341 117 344 622 630 357 632 775
1 5 622 344 69 345 775 632 361 633
1 5 346 622 345 118 634 775 633 362
1 5 352 630 775 634 119 355 635 360
1 5 630 357 632 775 355 66 358 635
1 5 775 632 361 633 635 358 5 359
1 5 634 775 633 362 360 635 359 67
1 5 189 142 346 623 626 352 634 776
1 5 623 346 118 199 776 634 362 636
1 5 313 623 199 63 608 776 636 334
1 5 330 626 776 608 58 350 637 331
1 5 626 352 634 776 350 119 360 637
1 5 776 634 362 636 637 360 67 363
1 5 608 776 636 334 331 637 363 19
1 5 270 11 296 579 620 347 638 777
1 5 579 296 49 297 777 638 366 639
1 5 196 579 297 109 511 777 639 205
1 5 204 620 777 511 118 345 640 200
1 5 620 347 638 777 345 69 364 640
1 5 777 638 366 639 640 364 120 365
1 5 511 777 639 205 200 640 365 143
1 5 297 49 299 583 639 366 641 778
1 5 583 299 3 300 778 641 370 642
1 5 301 583 300 50 643 778 642 371
1 5 205 639 778 643 143 365 644 369
1 5 639 366 641 778 365 120 367 644
1 5 778 641 370 642 644 367 73 368
1 5 643 778 642 371 369 644 368 121
1 5 197 109 301 586 512 205 643 779
1 5 586 301 50 304 779 643 371 645
1 5 305 586 304 7 646 779 645 374
1 5 206 512 779 646 122 201 647 373
1 5 512 205 643 779 201 143 369 647
1 5 779 643 371 645 647 369 121 372
1 5 646 779 645 374 373 647 372 74
1 5 199 118 200 514 636 362 648 780
1 5 514 200 143 201 780 648 378 649
1 5 202 514 201 122 650 780 649 379
1 5 334 636 780 650 19 363 651 377
1 5 636 362 648 780 363 67 375 651
1 5 780 648 378 649 651 375 123 376
1 5 650 780 649 379 377 651 376 72
1 5 345 69 364 640 633 361 652 781
1 5 640 364 120 365 781 652 382 653
1 5 200 640 365 143 648 781 653 378
1 5 362 633 781 648 67 359 654 375
1 5 633 361 652 781 359 5 380 654
1 5 781 652 382 653 654 380 70 381
1 5 648 781 653 378 375 654 381 123
1 5 365 120 367 644 653 382 655 782
1 5 644 367 73 368 782 655 386 656
1 5 369 644 368 121 657 782 656 387
1 5 378 653 782 657 123 381 658 385
1 5 653 382 655 782 381 70 383 658
1 5 782 655 386 656 658 383 0 384
1 5 657 782 656 387 385 658 384 71
1 5 201 143 369 647 649 378 657 783
1 5 647 369 121 372 783 657 387 659
1 5 373 647 372 74 660 783 659 390
1 5 379 649 783 660 72 376 661 389
1 5 649 378 657 783 376 123 385 661
1 5 783 657 387 659 661 385 71 388
1 5 660 783 659 390 389 661 388 1
1 5 391 26 392 662 663 397 664 784
1 5 662 392 76 393 784 664 398 665
1 5 208 662 393 124 517 784 665 217
1 5 216 663 784 517 125 394 666 212
1 5 663 397 664 784 394 83 395 666
1 5 784 664 398 665 666 395 126 396
1 5 517 784 665 217 212 666 396 144
1 5 393 76 399 667 665 398 668 785
1 5 667 399 27 400 785 668 405 669
1 5 401 667 400 77 670 785 669 406
1 5 217 665 785 670 144 396 671 404
1 5 665 398 668 785 396 126 402 671
1 5 785 668 405 669 671 402 84 403
1 5 670 785 669 406 404 671 403 127
1 5 209 124 401 672 518 217 670 786
1 5 672 401 77 407 786 670 406 673
1 5 408 672 407 13 674 786 673 411
1 5 218 518 786 674 128 213 675 410
1 5 518 217 670 786 213 144 404 675
1 5 786 670 406 673 675 404 127 409
1 5 674 786 673 411 410 675 409 85
1 5 211 125 212 520 676 413 677 787
1 5 520 212 144 213 787 677 414 678
1 5 214 520 213 128 679 787 678 415
1 5 412 676 787 679 15 231 527 234
1 5 676 413 677 787 231 79 232 527
1 5 787 677 414 678 527 232 129 233
1 5 679 787 678 415 234 527 233 57
1 5 394 83 395 666 680 419 681 788
1 5 666 395 126 396 788 681 420 682
1 5 212 666 396 144 677 788 682 414
1 5 413 680 788 677 79 416 683 232
1 5 680 419 681 788 416 29 417 683
1 5 788 681 420 682 683 417 80 418
1 5 677 788 682 414 232 683 418 129
1 5 396 126 402 671 682 420 684 789
1 5 671 402 84 403 789 684 424 685
1 5 404 671 403 127 686 789 685 425
1 5 414 682 789 686 129 418 687 423
1 5 682 420 684 789 418 80 421 687
1 5 789 684 424 685 687 421 30 422
1 5 686 789 685 425 423 687 422 81
1 5 213 144 404 675 678 414 686 790
1 5 675 404 127 409 790 686 425 688
1 5 410 675 409 85 689 790 688 427
1 5 415 678 790 689 57 233 690 326
1 5 678 414 686 790 233 129 423 690
1 5 790 686 425 688 690 423 81 426
1 5 689 790 688 427 326 690 426 16
1 5 428 28 429 691 692 434 693 791
1 5 691 429 87 430 791 693 435 694
1 5 220 691 430 130 523 791 694 229
1 5 228 692 791 523 131 431 695 224
1 5 692 434 693 791 431 94 432 695
1 5 791 693 435 694 695 432 132 433
1 5 523 791 694 229 224 695 433 145
1 5 430 87 436 696 694 435 697 792
1 5 696 436 29 416 792 697 441 698
1 5 437 696 416 79 699 792 698 240
1 5 229 694 792 699 145 433 700 440
1 5 694 435 697 792 433 132 438 700
1 5 792 697 441 698 700 438 95 439
1 5 699 792 698 240 440 700 439 133
1 5 221 130 437 701 524 229 699 793
1 5 701 437 79 231 793 699 240 528
1 5 442 701 231 15 702 793 528 239
1 5 230 524 793 702 134 225 703 443
1 5 524 229 699 793 225 145 440 703
1 5 793 699 240 528 703 440 133 235
1 5 702 793 528 239 443 703 235 60
1 5 223 131 224 526 704 449 705 794
1 5 526 224 145 225 794 705 450 706
1 5 226 526 225 134 707 794 706 451
1 5 448 704 794 707 17 444 708 447
1 5 704 449 705 794 444 89 445 708
1 5 794 705 450 706 708 445 135 446
1 5 707 794 706 451 447 708 446 92
1 5 431 94 432 695 709 455 710 795
1 5 695 432 132 433 795 710 456 711
1 5 224 695 433 145 705 795 711 450
1 5 449 709 795 705 89 452 712 445
1 5 709 455 710 795 452 31 453 712
1 5 795 710 456 711 712 453 90 454
1 5 705 795 711 450 445 712 454 135
1 5 433 132 438 700 711 456 713 796
1 5 700 438 95 439 796 713 460 714
1 5 440 700 439 133 715 796 714 461
1 5 450 711 796 715 135 454 716 459
1 5 711 456 713 796 454 90 457 716
1 5 796 713 460 714 716 457 32 458
1 5 715 796 714 461 459 716 458 91
1 5 225 145 440 703 706 450 715 797
1 5 703 440 133 235 797 715 461 717
1 5 443 703 235 60 718 797 717 337
1 5 451 706 797 718 92 446 719 463
1 5 706 450 715 797 446 135 459 719
1 5 797 715 461 717 719 459 91 462
1 5 718 797 717 337 463 719 462 18
1 5 416 29 417 683 698 441 720 798
1 5 683 417 80 418 798 720 466 721
1 5 232 683 418 129 529 798 721 241
1 5 240 698 798 529 133 439 722 236
1 5 698 441 720 798 439 95 464 722
1 5 798 720 466 721 722 464 136 465
1 5 529 798 721 241 236 722 465 146
1 5 418 80 421 687 721 466 723 799
1 5 687 421 30 422 799 723 470 724
1 5 423 687 422 81 725 799 724 471
1 5 241 721 799 725 146 465 726 469
1 5 721 466 723 799 465 136 467 726
1 5 799 723 470 724 726 467 98 468
1 5 725 799 724 471 469 726 468 137
1 5 233 129 423 690 530 241 725 800
1 5 690 423 81 426 800 725 471 727
1 5 326 690 426 16 607 800 727 327
1 5 242 530 800 607 115 237 728 328
1 5 530 241 725 800 237 146 469 728
1 5 800 725 471 727 728 469 137 472
1 5 607 800 727 327 328 728 472 58
1 5 235 133 236 532 717 461 729 801
1 5 532 236 146 237 801 729 475 730
1 5 238 532 237 115 614 801 730 333
1 5 337 717 801 614 18 462 731 336
1 5 717 461 729 801 462 91 473 731
1 5 801 729 475 730 731 473 138 474
1 5 614 801 730 333 336 731 474 59
1 5 439 95 464 722 714 460 732 802
1 5 722 464 136 465 802 732 478 733
1 5 236 722 465 146 729 802 733 475
1 5 461 714 802 729 91 458 734 473
1 5 714 460 732 802 458 32 476 734
1 5 802 732 478 733 734 476 96 477
1 5 729 802 733 475 473 734 477 138
1 5 465 136 467 726 733 478 735 803
1 5 726 467 98 468 803 735 482 736
1 5 469 726 468 137 737 803 736 483
1 5 475 733 803 737 138 477 738 481
1 5 733 478 735 803 477 96 479 738
1 5 803 735 482 736 738 479 33 480
1 5 737 803 736 483 481 738 480 97
1 5 237 146 469 728 730 475 737 804
1 5 728 469 137 472 804 737 483 739
1 5 328 728 472 58 611 804 739 331
1 5 333 730 804 611 59 474 740 332
1 5 730 475 737 804 474 138 481 740
1 5 804 737 483 739 740 481 97 484
1 5 611 804 739 331 332 740 484 19

boundary
512
51 3 289 6 293 571
51 3 304 7 374 645
51 3 150 485 147 20
51 3 162 491 159 21
51 3 243 8 249 534
51 3 150 20 155 489
51 3 174 497 171 22
51 3 8 244 535 249
51 3 162 21 167 495
51 3 9 276 562 257
51 3 307 23 191 588
51 3 210 12 215 519
51 3 264 10 342 615
51 3 174 22 179 501
51 3 222 14 227 525
51 3 25 311 593 203
51 3 10 265 616 342
51 3 16 348 627 327
51 3 198 25 203 513
51 3 11 296 638 347
51 3 19 363 651 377
51 3 210 515 207 12
51 3 391 26 397 663
51 3 222 521 219 14
51 3 26 392 664 397
51 3 27 400 669 405
51 3 428 28 434 692
51 3 28 429 693 434
51 3 17 444 708 447
51 3 29 417 720 441
51 3 30 422 724 470
51 3 18 462 731 336
51 3 282 47 288 567
51 3 285 107 303 581
51 3 291 53 306 584
51 3 300 50 371 642
51 3 368 121 387 656
51 3 372 74 390 659
51 3 39 269 619 343
51 3 117 344 632 357
51 3 68 340 629 356
51 3 65 353 631 349
51 3 119 355 635 360
51 3 58 350 637 331
51 3 49 299 641 366
51 3 120 367 655 382
51 3 69 364 652 361
51 3 81 426 727 471
51 3 137 472 739 483
51 3 98 468 736 482
51 3 148 533 243 34
51 3 253 538 245 99
51 3 258 543 149 37
51 3 160 561 252 36
51 3 283 565 277 105
51 3 290 570 161 48
51 3 147 34 156 486
51 3 151 100 261 546
51 3 246 43 267 550
51 3 35 251 539 250
51 3 101 254 554 268
51 3 43 247 551 267
51 3 183 38 192 504
51 3 187 116 351 624
51 3 339 68 356 628
51 3 77 407 673 406
51 3 127 409 688 425
51 3 84 403 685 424
51 3 258 37 158 544
51 3 259 103 263 559
51 3 154 42 260 549
51 3 172 587 307 54
51 3 312 591 308 110
51 3 318 596 173 56
51 3 290 48 170 572
51 3 292 108 295 585
51 3 166 45 275 576
51 3 55 317 597 316
51 3 113 319 612 335
51 3 63 314 609 334
51 3 305 51 206 646
51 3 373 122 379 660
51 3 202 63 334 650
51 3 89 452 712 445
51 3 135 454 716 459
51 3 92 446 719 463
51 3 91 458 734 473
51 3 138 477 738 481
51 3 59 474 740 332
51 3 46 281 566 280
51 3 106 284 580 298
51 3 44 278 577 272
51 3 171 54 180 498
51 3 175 111 323 600
51 3 309 62 329 604
51 3 408 78 218 674
51 3 410 128 415 689
51 3 214 82 412 679
51 3 318 56 182 598
51 3 320 114 325 613
51 3 178 61 322 603
51 3 442 88 230 702
51 3 443 134 451 718
51 3 226 93 448 707
51 3 207 75 216 516
51 3 211 125 413 676
51 3 394 83 419 680
51 3 220 691 428 86
51 3 437 696 430 130
51 3 442 701 221 88
51 3 67 359 654 375
51 3 123 381 658 385
51 3 72 376 661 389
51 3 76 399 668 398
51 3 126 402 684 420
51 3 83 395 681 419
51 3 80 421 723 466
51 3 136 467 735 478
51 3 95 464 732 460
51 3 208 662 391 75
51 3 401 667 393 124
51 3 408 672 209 78
51 3 219 86 228 522
51 3 223 131 449 704
51 3 431 94 455 709
51 3 87 436 697 435
51 3 132 438 713 456
51 3 94 432 710 455
51 3 47 289 571 288
51 3 288 571 291 107
51 3 571 293 53 291
51 3 2 282 567 287
51 3 287 567 285 52
51 3 567 288 107 285
51 3 52 285 581 302
51 3 302 581 300 3
51 3 581 303 50 300
51 3 107 291 584 303
51 3 303 584 304 50
51 3 584 306 7 304
51 3 50 304 645 371
51 3 371 645 372 121
51 3 645 374 74 372
51 3 265 39 343 616
51 3 616 343 117 340
51 3 342 616 340 68
51 3 348 65 349 627
51 3 627 349 119 350
51 3 327 627 350 58
51 3 296 49 366 638
51 3 638 366 120 364
51 3 347 638 364 69
51 3 422 81 471 724
51 3 724 471 137 468
51 3 470 724 468 98
51 3 3 300 642 370
51 3 370 642 368 73
51 3 642 371 121 368
51 3 73 368 656 386
51 3 386 656 384 0
51 3 656 387 71 384
51 3 121 372 659 387
51 3 387 659 388 71
51 3 659 390 1 388
51 3 269 11 347 619
51 3 619 347 69 344
51 3 343 619 344 117
51 3 344 69 361 632
51 3 632 361 5 358
51 3 357 632 358 66
51 3 340 117 357 629
51 3 629 357 66 354
51 3 356 629 354 4
51 3 353 4 354 631
51 3 631 354 66 355
51 3 349 631 355 119
51 3 355 66 358 635
51 3 635 358 5 359
51 3 360 635 359 67
51 3 350 119 360 637
51 3 637 360 67 363
51 3 331 637 363 19
51 3 299 3 370 641
51 3 641 370 73 367
51 3 366 641 367 120
51 3 367 73 386 655
51 3 655 386 0 383
51 3 382 655 383 70
51 3 364 120 382 652
51 3 652 382 70 380
51 3 361 652 380 5
51 3 426 16 327 727
51 3 727 327 58 472
51 3 471 727 472 137
51 3 472 58 331 739
51 3 739 331 19 484
51 3 483 739 484 97
51 3 468 137 483 736
51 3 736 483 97 480
51 3 482 736 480 33
51 3 485 148 34 147
51 3 149 99 148 485
51 3 37 149 485 150
51 3 533 244 8 243
51 3 245 35 244 533
51 3 99 245 533 148
51 3 538 251 35 245
51 3 252 9 251 538
51 3 36 252 538 253
51 3 543 253 99 149
51 3 159 36 253 543
51 3 21 159 543 258
51 3 491 160 36 159
51 3 161 105 160 491
51 3 48 161 491 162
51 3 561 276 9 252
51 3 277 46 276 561
51 3 105 277 561 160
51 3 565 281 46 277
51 3 282 2 281 565
51 3 47 282 565 283
51 3 570 283 105 161
51 3 289 47 283 570
51 3 6 289 570 290
51 3 34 243 534 156
51 3 156 534 246 100
51 3 534 249 43 246
51 3 244 35 250 535
51 3 535 250 101 247
51 3 249 535 247 43
51 3 38 264 615 192
51 3 192 615 339 116
51 3 615 342 68 339
51 3 400 77 406 669
51 3 669 406 127 403
51 3 405 669 403 84
51 3 20 147 486 155
51 3 155 486 151 42
51 3 486 156 100 151
51 3 42 151 546 260
51 3 260 546 183 23
51 3 546 261 38 183
51 3 100 246 550 261
51 3 261 550 264 38
51 3 550 267 10 264
51 3 251 9 257 539
51 3 539 257 44 254
51 3 250 539 254 101
51 3 254 44 272 554
51 3 554 272 11 269
51 3 268 554 269 39
51 3 247 101 268 551
51 3 551 268 39 265
51 3 267 551 265 10
51 3 23 183 504 191
51 3 191 504 187 62
51 3 504 192 116 187
51 3 62 187 624 329
51 3 329 624 348 16
51 3 624 351 65 348
51 3 116 339 628 351
51 3 351 628 353 65
51 3 628 356 4 353
51 3 407 13 411 673
51 3 673 411 85 409
51 3 406 673 409 127
51 3 409 85 427 688
51 3 688 427 16 426
51 3 425 688 426 81
51 3 403 127 425 685
51 3 685 425 81 422
51 3 424 685 422 30
51 3 37 150 489 158
51 3 158 489 154 103
51 3 489 155 42 154
51 3 497 172 54 171
51 3 173 110 172 497
51 3 56 173 497 174
51 3 48 162 495 170
51 3 170 495 166 108
51 3 495 167 45 166
51 3 311 55 316 593
51 3 593 316 113 314
51 3 203 593 314 63
51 3 51 198 513 206
51 3 206 513 202 122
51 3 513 203 63 202
51 3 444 89 445 708
51 3 708 445 135 446
51 3 447 708 446 92
51 3 462 91 473 731
51 3 731 473 138 474
51 3 336 731 474 59
51 3 21 258 544 167
51 3 167 544 259 45
51 3 544 158 103 259
51 3 45 259 559 275
51 3 275 559 274 25
51 3 559 263 41 274
51 3 103 154 549 263
51 3 263 549 186 41
51 3 549 260 23 186
51 3 587 186 23 307
51 3 308 41 186 587
51 3 110 308 587 172
51 3 591 274 41 308
51 3 311 25 274 591
51 3 55 311 591 312
51 3 596 312 110 173
51 3 317 55 312 596
51 3 24 317 596 318
51 3 6 290 572 293
51 3 293 572 292 53
51 3 572 170 108 292
51 3 53 292 585 306
51 3 306 585 305 7
51 3 585 295 51 305
51 3 108 166 576 295
51 3 295 576 198 51
51 3 576 275 25 198
51 3 317 24 321 597
51 3 597 321 64 319
51 3 316 597 319 113
51 3 319 64 338 612
51 3 612 338 18 336
51 3 335 612 336 59
51 3 314 113 335 609
51 3 609 335 59 332
51 3 334 609 332 19
51 3 7 305 646 374
51 3 374 646 373 74
51 3 646 206 122 373
51 3 74 373 660 390
51 3 390 660 389 1
51 3 660 379 72 389
51 3 122 202 650 379
51 3 379 650 377 72
51 3 650 334 19 377
51 3 452 31 453 712
51 3 712 453 90 454
51 3 445 712 454 135
51 3 454 90 457 716
51 3 716 457 32 458
51 3 459 716 458 91
51 3 446 135 459 719
51 3 719 459 91 462
51 3 463 719 462 18
51 3 458 32 476 734
51 3 734 476 96 477
51 3 473 734 477 138
51 3 477 96 479 738
51 3 738 479 33 480
51 3 481 738 480 97
51 3 474 138 481 740
51 3 740 481 97 484
51 3 332 740 484 19
51 3 276 46 280 562
51 3 562 280 106 278
51 3 257 562 278 44
51 3 281 2 287 566
51 3 566 287 52 284
51 3 280 566 284 106
51 3 284 52 302 580
51 3 580 302 3 299
51 3 298 580 299 49
51 3 278 106 298 577
51 3 577 298 49 296
51 3 272 577 296 11
51 3 54 307 588 180
51 3 180 588 309 111
51 3 588 191 62 309
51 3 78 210 519 218
51 3 218 519 214 128
51 3 519 215 82 214
51 3 56 174 501 182
51 3 182 501 178 114
51 3 501 179 61 178
51 3 88 222 525 230
51 3 230 525 226 134
51 3 525 227 93 226
51 3 75 391 663 216
51 3 216 663 394 125
51 3 663 397 83 394
51 3 521 220 86 219
51 3 221 130 220 521
51 3 88 221 521 222
51 3 22 171 498 179
51 3 179 498 175 61
51 3 498 180 111 175
51 3 61 175 600 322
51 3 322 600 234 15
51 3 600 323 57 234
51 3 111 309 604 323
51 3 323 604 326 57
51 3 604 329 16 326
51 3 13 408 674 411
51 3 411 674 410 85
51 3 674 218 128 410
51 3 85 410 689 427
51 3 427 689 326 16
51 3 689 415 57 326
51 3 128 214 679 415
51 3 415 679 234 57
51 3 679 412 15 234
51 3 24 318 598 321
51 3 321 598 320 64
51 3 598 182 114 320
51 3 64 320 613 338
51 3 338 613 337 18
51 3 613 325 60 337
51 3 114 178 603 325
51 3 325 603 239 60
51 3 603 322 15 239
51 3 15 442 702 239
51 3 239 702 443 60
51 3 702 230 134 443
51 3 60 443 718 337
51 3 337 718 463 18
51 3 718 451 92 463
51 3 134 226 707 451
51 3 451 707 447 92
51 3 707 448 17 447
51 3 12 207 516 215
51 3 215 516 211 82
51 3 516 216 125 211
51 3 82 211 676 412
51 3 412 676 231 15
51 3 676 413 79 231
51 3 125 394 680 413
51 3 413 680 416 79
51 3 680 419 29 416
51 3 691 429 28 428
51 3 430 87 429 691
51 3 130 430 691 220
51 3 696 436 87 430
51 3 416 29 436 696
51 3 79 416 696 437
51 3 701 437 130 221
51 3 231 79 437 701
51 3 15 231 701 442
51 3 363 67 375 651
51 3 651 375 123 376
51 3 377 651 376 72
51 3 392 76 398 664
51 3 664 398 126 395
51 3 397 664 395 83
51 3 417 80 466 720
51 3 720 466 136 464
51 3 441 720 464 95
51 3 359 5 380 654
51 3 654 380 70 381
51 3 375 654 381 123
51 3 381 70 383 658
51 3 658 383 0 384
51 3 385 658 384 71
51 3 376 123 385 661
51 3 661 385 71 388
51 3 389 661 388 1
51 3 399 27 405 668
51 3 668 405 84 402
51 3 398 668 402 126
51 3 402 84 424 684
51 3 684 424 30 421
51 3 420 684 421 80
51 3 395 126 420 681
51 3 681 420 80 417
51 3 419 681 417 29
51 3 421 30 470 723
51 3 723 470 98 467
51 3 466 723 467 136
51 3 467 98 482 735
51 3 735 482 33 479
51 3 478 735 479 96
51 3 464 136 478 732
51 3 732 478 96 476
51 3 460 732 476 32
51 3 515 208 75 207
51 3 209 124 208 515
51 3 78 209 515 210
51 3 662 392 26 391
51 3 393 76 392 662
51 3 124 393 662 208
51 3 667 399 76 393
51 3 400 27 399 667
51 3 77 400 667 401
51 3 672 401 124 209
51 3 407 77 401 672
51 3 13 407 672 408
51 3 86 428 692 228
51 3 228 692 431 131
51 3 692 434 94 431
51 3 14 219 522 227
51 3 227 522 223 93
51 3 522 228 131 223
51 3 93 223 704 448
51 3 448 704 444 17
51 3 704 449 89 444
51 3 131 431 709 449
51 3 449 709 452 89
51 3 709 455 31 452
51 3 429 87 435 693
51 3 693 435 132 432
51 3 434 693 432 94
51 3 436 29 441 697
51 3 697 441 95 438
51 3 435 697 438 132
51 3 438 95 460 713
51 3 713 460 32 457
51 3 456 713 457 90
51 3 432 132 456 710
51 3 710 456 90 453
51 3 455 710 453 31

vertices
805

nodes
FiniteElementSpace
FiniteElementCollection: H1_3D_P2
VDim: 3
Ordering: 0

0.25513258
0.13464912
0.25513258
0.25513258
0.42586599
0.34303776
0.13464912
0.13464912
0.48293061
0.37107077
0.46850803
0.36407998
2.9273459e-18
0.26568513
-0.22368927
5.0957502e-18
0.22229806
-0.18319635
-1.3010426e-18
0.17834803
0.25605782
0.19444247
-1.0842022e-19
0.2473562
-3.008661e-18
0.19040097
6.0986372e-18
0.27788281
-0.24775119
-7.3251409e-18
0.20621024
-0.19368993
-4.8246997e-18
0.14907545
0.36949421
0.42700069
0.28275662
0.22525015
0.35793211
0.416294
0.27724048
0.21887858
0.25170701
0.47571932
0.36757538
0.19242172
0.31310167
0.19489085
0.1645458
0.30960628
0.19489085
0.16252505
0.25513258
0.13464912
0.1236781
0.095200485
-1.5585406e-18
0.11114903
0.20032305
0.089174016
1.8973538e-18
2.493665e-18
0.23482713
0.1843745
-2.1548518e-18
0.32408202
0.38445187
0.2606929
0.44718701
0.35355887
0.29908517
0.19489085
0.15649858
0.25513258
0.13464912
4.5129915e-18
0.1389414
0.27178397
0.13284256
-1.1146954e-18
0.10310512
0.21425415
4.011548e-18
-6.1325185e-19
0.24204652
0.24399159
-0.23572023
-0.12387559
-0.11184464
-0.18844314
-0.096844965
-3.0628711e-18
-0.091598175
-0.20344281
-0.22072056
-6.0749203e-18
0.074537724
0.16371174
0.17764284
0.32612542
0.36371316
0.42164735
0.27999855
0.22206436
0.31758629
0.23882374
0.31135398
0.19489085
0.16353542
0.23606566
0.10943929
0.11741356
0.20960082
0.09218725
1.6940659e-19
0.10016152
0.34100707
0.40037294
0.26896669
0.29238746
0.30434572
0.19489085
0.15951181
0.22779187
0.13589198
1.6991481e-18
0.12102326
0.24301906
0.1219958
0.10712707
-0.11786011
-0.21208168
-0.11036028
-2.0887832e-18
-0.10172141
-0.09422157
0.088821421
0.18898294
0.08185587
0.32185586
0.2374447
0.10480041
0.30498688
0.23192877
0.12150953
-0.10604084
0.094491472
0.31277602
0.34780982
0.27568778
0.24065398
0.30771008
0.34278451
0.27196011
0.23688569
0.25388241
0.36660369
0.32399064
0.22365726
0.23859955
0.26079018
0.20168477
0.17949414
0.23621014
0.25872163
0.20049006
0.17797857
0.1934321
0.28137759
0.23813422
0.16404061
0.061839049
0.11655869
0.054719646
-8.3348042e-19
0.058706782
0.11110699
0.052400204
1.3315358e-18
1.1926224e-18
0.12054583
0.10711985
-6.9456702e-19
0.30264415
0.3377592
0.26823244
0.23311739
0.2879171
0.32299697
0.25729385
0.22221397
0.24109166
0.34946959
0.31128659
0.2142397
0.23382072
0.25665307
0.19929535
0.17646301
0.22667059
0.25044773
0.19572029
0.17194316
0.18738774
0.27310358
0.23399722
0.16101843
3.7201687e-18
0.067945992
0.13436727
0.066421282
2.8553481e-18
0.060754765
0.12175266
0.060997899
3.469447e-18
3.1060698e-18
0.12870076
0.12741918
-0.22970475
-0.17679017
-0.11485237
-0.16776695
-0.20776225
-0.15906126
-0.10388112
-0.15258211
-0.21356604
-0.22390096
-0.11195048
-0.10678302
1.9905274e-18
0.053563537
0.10913805
0.055574516
-9.5714723e-20
0.047245736
0.097326498
0.050080762
3.496552e-18
-1.6017393e-18
0.10080927
0.10565528
0.42621241
0.45496565
0.37656306
0.41971624
0.44868333
0.3717516
0.47932497
0.42432402
0.39903573
0.3269137
0.30444102
0.39461136
0.32378696
0.3009272
0.36932308
0.20984631
0.20724304
0.2495316
0.36082264
0.31972108
0.22047147
0.41322007
0.44240102
0.36694015
0.47211367
0.41897068
0.39018699
0.32066023
0.29741339
0.36582768
0.27861951
0.20463978
0.19141135
0.34208622
0.27596271
0.33946468
0.27439934
0.31222783
0.28411713
0.22501171
0.21685729
0.28324328
0.22501171
0.21616777
0.25513258
0.19489085
0.16476999
0.14959746
0.16476999
0.14909227
0.13464912
0.23675518
0.16303023
0.33684313
0.27283597
0.31048013
0.28236943
0.22501171
0.21547826
0.25513258
0.19489085
0.16476999
0.14858708
0.13464912
0.18551715
0.16415894
0.17612035
0.15720061
0.14280073
0.10231989
0.19698766
0.13828088
0.098493829
0.093693868
0.047600243
-2.2836008e-18
0.046093625
-9.9272261e-19
-2.5817564e-18
3.7947076e-18
0.1142813
0.10248097
1.0333802e-18
0.16672355
0.21131056
0.15024229
0.2285626
0.20496193
0.18933554
0.13376102
0.09466777
0.18136127
0.090680633
0.044587008
2.981556e-19
-1.7279472e-18
0.39409704
0.42377997
0.35267991
0.45784752
0.40833347
0.37696591
0.31126278
0.28697678
0.35881943
0.27319004
0.30823474
0.24635525
0.33254455
0.29868717
0.374974
0.40515893
0.33841967
0.4365265
0.39241241
0.36374482
0.30186533
0.27654018
0.34829832
0.26482979
0.21952046
0.3289523
0.26813725
0.306976
0.27973915
0.22501171
0.21340981
0.25513258
0.19489085
0.16476999
0.14708047
0.13464912
0.24424238
0.19214522
0.1674233
0.22986032
0.15800519
0.32106146
0.26343852
0.30171545
0.27710887
0.22501171
0.21134136
0.25513258
0.19489085
0.16476999
0.14557385
0.13464912
5.3058144e-18
0.069470702
0.13741669
5.4294812e-19
0.060511631
0.1212664
2.7426927e-18
0.12998233
0.20841211
0.27483339
0.20383798
0.18153489
0.24253279
0.18226429
0.25996467
0.25740151
0.26873455
0.19926384
0.24350533
0.1829937
0.25483836
4.5536491e-18
2.9222637e-19
0.1143183
0.11657241
-4.2199181e-18
0.051552559
0.1051161
-3.9691964e-18
0.11206419
0.15465768
0.21023219
0.16069061
0.22412838
0.2286366
0.21827611
0.23314483
-0.24173571
-0.18581339
-0.12086785
-0.21640112
-0.16554042
-0.10820056
-0.23423587
-0.11711794
-0.061937797
-0.058930057
-0.055180139
-4.0818518e-18
-0.053020421
-6.7000306e-18
-0.055922318
-0.050860703
-0.18581974
-0.14133235
-0.092909872
-0.13739726
-0.19331958
-0.20026241
-0.10013121
-0.09665979
-0.19106653
-0.14526745
-0.095533267
-0.20720524
-0.10360262
-0.048422482
-3.9437854e-18
-0.047110785
-5.44981e-18
-2.5758272e-18
-2.1819569e-18
-0.045799087
0.04441071
0.091656447
0.095963269
0.13323213
0.18331289
0.14173721
0.19192654
0.20161855
0.194653
0.040927935
0.085514943
0.088173671
0.037268862
0.078196797
0.081679572
0.11180659
0.15639359
0.1227838
0.16335914
0.17634734
0.17102989
0.2942319
0.31024305
0.34529716
0.27382395
0.23876983
0.2898351
0.22014216
0.23740484
0.2597559
0.20108741
0.17873635
0.2183501
0.058279347
0.060272916
0.11383284
0.053559925
2.4902769e-19
0.055553493
0.2854383
0.29528063
0.33037809
0.26276314
0.22766568
0.27260547
0.21655804
0.23024566
0.2535504
0.19750782
0.17420308
0.21119544
0.067183637
3.2877584e-18
0.064350378
0.12805997
0.06370959
0.060876332
-0.17227856
-0.2187335
-0.16792572
-0.10936675
-0.16017453
-0.15582169
0.054569027
9.4740635e-19
0.050404637
0.10323228
0.052827639
0.048663249
0.40138773
0.42296433
0.45182449
0.37415733
0.39573392
0.35173838
0.39682355
0.32535033
0.30268411
0.34776928
0.25714367
0.20854468
0.25408512
0.30517712
0.34027186
0.27009627
0.23500154
0.41646815
0.44554217
0.36934588
0.39008011
0.39239918
0.3222236
0.29917029
0.34380019
0.23501543
0.20594141
0.25102658
0.3014382
0.34077545
0.27518102
0.29909315
0.25048721
0.2836802
0.22501171
0.21651253
0.24970553
0.18322738
0.16476999
0.14934487
0.18263002
0.25768735
0.19989271
0.17722079
0.3381539
0.27361765
0.2967481
0.28280635
0.22501171
0.21582302
0.24892384
0.16476999
0.14883968
0.18203267
0.17483804
0.18081875
0.16067977
0.16666048
0.15347983
0.20081372
0.1405408
0.10040686
0.14774074
0.051159944
0.046846934
-1.6381617e-18
0.049246914
0.057140649
0.10838113
0.051240483
2.4140439e-18
0.17142195
0.21676226
0.15372145
0.15848292
0.1931616
0.13602095
0.096580799
0.14200165
0.045340317
-3.4728351e-19
0.047333885
0.40365855
0.43309049
0.35981003
0.37338847
0.38357645
0.3159615
0.29219508
0.33197134
0.24198222
0.28055357
0.31561586
0.25182455
0.25977265
0.38453552
0.41446945
0.34554979
0.35669684
0.37035536
0.30656405
0.28175848
0.3201425
0.22309553
0.23293786
0.33289771
0.27048661
0.28970001
0.28105429
0.22501171
0.21444403
0.24657448
0.16476999
0.14783378
0.18024514
0.24734506
0.19393276
0.16968323
0.20583284
0.32500688
0.26578788
0.28265192
0.27842401
0.22501171
0.21237558
0.24422512
0.16476999
0.14632716
0.17845761
0.068708347
2.9243813e-18
0.064991166
0.12934154
0.060633198
0.20612504
0.1949735
0.25868309
0.19305113
0.18189959
0.20155091
0.25611994
0.19112877
0.18262899
2.4229377e-18
0.057159151
0.11544536
0.058286207
-1.838485e-18
0.056032095
0.11319125
0.052558048
0.16809628
0.22638249
0.17147745
0.15767414
0.23089072
0.17485862
0.16370708
-0.18130178
-0.22906841
-0.1756769
-0.11453421
-0.16230084
-0.060433927
-0.058558968
-4.150885e-18
-0.055975239
-0.05410028
-0.057426187
-0.05339151
-0.051940562
-0.196791
-0.15019681
-0.098395498
-0.14498969
-0.13936481
-0.20373383
-0.15540393
-0.10186691
-0.1432999
-0.051801311
-4.0128186e-18
-0.050065603
-0.047766634
-1.1388358e-18
-0.048329895
-0.046454936
0.047981635
0.098386271
0.045828223
0.1439449
0.19677254
0.15121391
0.13748467
0.20646455
0.14598975
0.044086835
0.09142072
0.042757471
0.040839786
0.084926622
0.039098398
0.12251936
0.16985324
0.13226051
0.1172952
0.18284144
0.12827241
0.2920335
0.21924613
0.05691642
0.27902188
0.21387674
0.064029984
-0.16405012
0.051616138
0.39856083
0.34975383
0.25561439
0.2876367
0.39290702
0.34578474
0.25255585
0.30026568
0.25009637
0.1829287
0.21745407
0.29792063
0.24931468
0.18233135
0.17074926
0.15061029
0.050203429
0.054190566
0.1625717
0.1448712
0.0482904
0.38173429
0.33788577
0.2465044
0.26618906
0.36504265
0.32605692
0.23746004
0.29322406
0.24774916
0.1811389
0.20851414
0.28617597
0.2453998
0.17935137
0.064670772
0.19401232
0.19208995
0.057722679
0.056595623
0.16978687
0.17316804
-0.17180131
-0.057267104
-0.054683375
-0.14759325
-0.15280037
-0.050933457
-0.049197749
0.049193136
0.14757941
0.15484841
0.04571036
0.042463311
0.12738993
0.13713108
0.28441692
0.30350396
0.26744294
0.2483559
0.28206273
0.30113827
0.26540167
0.24632612
0.25497012
0.31150953
0.2931327
0.23971191
0.21652101
0.22937085
0.19981815
0.18696831
0.21541847
0.22832549
0.19899124
0.18608423
0.19393729
0.2380022
0.21969414
0.17911525
0.030919524
0.060059198
0.029139674
-4.7095032e-19
0.030136458
0.058594668
0.02845821
7.2082504e-19
5.4210109e-19
0.061055982
0.057597884
-2.9222637e-19
0.27500017
0.29404122
0.25927784
0.24023679
0.26818614
0.28715125
0.25334378
0.23437867
0.24422393
0.29896239
0.28223009
0.23039153
0.21211085
0.22518938
0.19651052
0.18343199
0.2088167
0.2220612
0.19403991
0.18079541
0.18889435
0.23203319
0.21521739
0.17533305
3.3237573e-18
0.033591818
0.066802459
0.033210641
3.3786027e-18
0.032014992
0.063869787
0.031854795
3.1983964e-18
3.5039635e-18
0.06560681
0.065065436
-0.22669701
-0.20099166
-0.17002276
-0.19572811
-0.21614977
-0.19139181
-0.16211233
-0.18687029
-0.21862766
-0.22421912
-0.16816434
-0.16397074
3.5431388e-18
0.027284513
0.055071771
0.027787258
2.2219792e-18
0.025808069
0.052221888
0.026413819
4.2961511e-18
1.4689669e-18
0.053092582
0.054201077
0.39785331
0.41380007
0.37459878
0.35865202
0.39478401
0.41076258
0.371929
0.35595043
0.36804895
0.42458837
0.39997428
0.34655349
0.35134424
0.36415072
0.3280897
0.31528322
0.34907398
0.36195558
0.32621897
0.31333738
0.32505803
0.37536019
0.3507461
0.30356257
0.25046896
0.26641572
0.23349499
0.21754823
0.2487406
0.26471917
0.23207954
0.21610097
0.2244537
0.27475586
0.25637903
0.20919549
0.27970855
0.29877259
0.26336039
0.24429635
0.27735436
0.29640691
0.26131912
0.24226657
0.2506193
0.3064436
0.2887359
0.23594361
0.3917147
0.40772508
0.36925922
0.35324884
0.3886454
0.40468759
0.36658944
0.35054725
0.3622679
0.4180922
0.39432047
0.34152818
0.34680373
0.35976044
0.32434824
0.31139153
0.34453348
0.35756531
0.32247752
0.30944568
0.32078847
0.37054874
0.34677701
0.30004875
0.24701224
0.26302262
0.23066408
0.2146537
0.24528387
0.26132606
0.22924863
0.21320644
