MFEM mesh v1.0

#
# MFEM Geometry Types (see mesh/geom.hpp):
#
# POINT       = 0
# SEGMENT     = 1
# TRIANGLE    = 2
# SQUARE      = 3
# TETRAHEDRON = 4
# CUBE        = 5
#

dimension
3

elements
448
1 5 20 138 446 141 146 447 674 450
1 5 6 150 452 153 158 453 675 456
1 5 7 162 458 165 170 459 676 462
1 5 26 174 464 177 182 465 677 468
1 5 28 186 470 189 194 471 678 474
1 5 30 198 476 201 206 477 679 480
1 5 31 210 482 213 218 483 680 486
1 5 34 222 488 139 147 489 681 448
1 5 95 224 493 232 148 491 682 496
1 5 37 140 498 239 149 449 683 500
1 5 42 142 451 145 243 502 684 505
1 5 96 225 492 143 244 506 685 503
1 5 131 227 497 235 245 508 686 512
1 5 99 144 501 241 246 504 687 515
1 5 46 259 517 151 159 518 688 454
1 5 101 260 521 265 160 519 689 524
1 5 49 152 526 272 161 455 690 528
1 5 54 154 457 157 280 530 691 533
1 5 102 261 520 155 281 535 692 531
1 5 132 262 525 268 282 537 693 541
1 5 105 156 529 274 283 532 694 544
1 5 58 297 546 163 171 547 695 460
1 5 107 299 551 307 172 549 696 554
1 5 47 164 556 263 173 461 697 522
1 5 55 166 463 169 287 559 698 536
1 5 108 300 550 167 318 563 699 560
1 5 133 302 555 310 319 565 700 569
1 5 103 168 558 266 288 561 701 539
1 5 38 247 509 175 183 573 702 466
1 5 100 249 513 254 184 575 703 579
1 5 41 176 516 257 185 467 704 581
1 5 70 178 469 181 345 583 705 586
1 5 112 331 576 179 346 588 706 584
1 5 134 333 580 338 347 590 707 594
1 5 115 180 582 340 348 585 708 597
1 5 40 253 599 187 195 578 709 472
1 5 117 363 603 369 196 601 710 606
1 5 76 188 608 376 197 473 711 610
1 5 73 190 475 193 361 596 712 614
1 5 114 337 602 191 358 593 713 612
1 5 135 365 607 372 383 617 714 621
1 5 120 192 611 378 384 613 715 624
1 5 82 396 626 199 207 627 716 478
1 5 122 397 630 402 208 628 717 633
1 5 85 200 635 409 209 479 718 637
1 5 86 202 481 205 413 639 719 642
1 5 123 398 629 203 414 643 720 640
1 5 136 399 634 405 415 645 721 648
1 5 126 204 638 411 416 641 722 650
1 5 90 422 651 211 219 652 723 484
1 5 127 424 656 432 220 654 724 659
1 5 83 212 661 400 221 485 725 631
1 5 87 214 487 217 417 664 726 644
1 5 128 425 655 215 440 667 727 665
1 5 137 427 660 435 441 669 728 672
1 5 124 216 663 403 418 666 729 646
1 5 138 34 139 446 447 147 448 674
1 5 446 139 95 140 674 448 148 449
1 5 141 446 140 37 450 674 449 149
1 5 146 447 674 450 42 142 451 145
1 5 447 147 448 674 142 96 143 451
1 5 674 448 148 449 451 143 131 144
1 5 450 674 449 149 145 451 144 99
1 5 150 46 151 452 453 159 454 675
1 5 452 151 101 152 675 454 160 455
1 5 153 452 152 49 456 675 455 161
1 5 158 453 675 456 54 154 457 157
1 5 453 159 454 675 154 102 155 457
1 5 675 454 160 455 457 155 132 156
1 5 456 675 455 161 157 457 156 105
1 5 162 58 163 458 459 171 460 676
1 5 458 163 107 164 676 460 172 461
1 5 165 458 164 47 462 676 461 173
1 5 170 459 676 462 55 166 463 169
1 5 459 171 460 676 166 108 167 463
1 5 676 460 172 461 463 167 133 168
1 5 462 676 461 173 169 463 168 103
1 5 174 38 175 464 465 183 466 677
1 5 464 175 100 176 677 466 184 467
1 5 177 464 176 41 468 677 467 185
1 5 182 465 677 468 70 178 469 181
1 5 465 183 466 677 178 112 179 469
1 5 677 466 184 467 469 179 134 180
1 5 468 677 467 185 181 469 180 115
1 5 186 40 187 470 471 195 472 678
1 5 470 187 117 188 678 472 196 473
1 5 189 470 188 76 474 678 473 197
1 5 194 471 678 474 73 190 475 193
1 5 471 195 472 678 190 114 191 475
1 5 678 472 196 473 475 191 135 192
1 5 474 678 473 197 193 475 192 120
1 5 198 82 199 476 477 207 478 679
1 5 476 199 122 200 679 478 208 479
1 5 201 476 200 85 480 679 479 209
1 5 206 477 679 480 86 202 481 205
1 5 477 207 478 679 202 123 203 481
1 5 679 478 208 479 481 203 136 204
1 5 480 679 479 209 205 481 204 126
1 5 210 90 211 482 483 219 484 680
1 5 482 211 127 212 680 484 220 485
1 5 213 482 212 83 486 680 485 221
1 5 218 483 680 486 87 214 487 217
1 5 483 219 484 680 214 128 215 487
1 5 680 484 220 485 487 215 137 216
1 5 486 680 485 221 217 487 216 124
1 5 222 21 223 488 489 228 490 681
1 5 488 223 35 224 681 490 229 491
1 5 139 488 224 95 448 681 491 148
1 5 147 489 681 448 96 225 492 143
1 5 489 228 490 681 225 43 226 492
1 5 681 490 229 491 492 226 97 227
1 5 448 681 491 148 143 492 227 131
1 5 224 35 230 493 491 229 494 682
1 5 493 230 23 231 682 494 236 495
1 5 232 493 231 36 496 682 495 237
1 5 148 491 682 496 131 227 497 235
1 5 491 229 494 682 227 97 233 497
1 5 682 494 236 495 497 233 44 234
1 5 496 682 495 237 235 497 234 98
1 5 140 95 232 498 449 148 496 683
1 5 498 232 36 238 683 496 237 499
1 5 239 498 238 22 500 683 499 242
1 5 149 449 683 500 99 144 501 241
1 5 449 148 496 683 144 131 235 501
1 5 683 496 237 499 501 235 98 240
1 5 500 683 499 242 241 501 240 45
1 5 142 96 143 451 502 244 503 684
1 5 451 143 131 144 684 503 245 504
1 5 145 451 144 99 505 684 504 246
1 5 243 502 684 505 26 174 464 177
1 5 502 244 503 684 174 38 175 464
1 5 684 503 245 504 464 175 100 176
1 5 505 684 504 246 177 464 176 41
1 5 225 43 226 492 506 250 507 685
1 5 492 226 97 227 685 507 251 508
1 5 143 492 227 131 503 685 508 245
1 5 244 506 685 503 38 247 509 175
1 5 506 250 507 685 247 27 248 509
1 5 685 507 251 508 509 248 39 249
1 5 503 685 508 245 175 509 249 100
1 5 227 97 233 497 508 251 510 686
1 5 497 233 44 234 686 510 255 511
1 5 235 497 234 98 512 686 511 256
1 5 245 508 686 512 100 249 513 254
1 5 508 251 510 686 249 39 252 513
1 5 686 510 255 511 513 252 29 253
1 5 512 686 511 256 254 513 253 40
1 5 144 131 235 501 504 245 512 687
1 5 501 235 98 240 687 512 256 514
1 5 241 501 240 45 515 687 514 258
1 5 246 504 687 515 41 176 516 257
1 5 504 245 512 687 176 100 254 516
1 5 687 512 256 514 516 254 40 186
1 5 515 687 514 258 257 516 186 28
1 5 259 7 165 517 518 170 462 688
1 5 517 165 47 260 688 462 173 519
1 5 151 517 260 101 454 688 519 160
1 5 159 518 688 454 102 261 520 155
1 5 518 170 462 688 261 55 169 520
1 5 688 462 173 519 520 169 103 262
1 5 454 688 519 160 155 520 262 132
1 5 260 47 263 521 519 173 522 689
1 5 521 263 24 264 689 522 269 523
1 5 265 521 264 48 524 689 523 270
1 5 160 519 689 524 132 262 525 268
1 5 519 173 522 689 262 103 266 525
1 5 689 522 269 523 525 266 56 267
1 5 524 689 523 270 268 525 267 104
1 5 152 101 265 526 455 160 524 690
1 5 526 265 48 271 690 524 270 527
1 5 272 526 271 11 528 690 527 275
1 5 161 455 690 528 105 156 529 274
1 5 455 160 524 690 156 132 268 529
1 5 690 524 270 527 529 268 104 273
1 5 528 690 527 275 274 529 273 57
1 5 154 102 155 457 530 281 531 691
1 5 457 155 132 156 691 531 282 532
1 5 157 457 156 105 533 691 532 283
1 5 280 530 691 533 0 276 534 279
1 5 530 281 531 691 276 50 277 534
1 5 691 531 282 532 534 277 106 278
1 5 533 691 532 283 279 534 278 53
1 5 261 55 169 520 535 287 536 692
1 5 520 169 103 262 692 536 288 537
1 5 155 520 262 132 531 692 537 282
1 5 281 535 692 531 50 284 538 277
1 5 535 287 536 692 284 1 285 538
1 5 692 536 288 537 538 285 51 286
1 5 531 692 537 282 277 538 286 106
1 5 262 103 266 525 537 288 539 693
1 5 525 266 56 267 693 539 292 540
1 5 268 525 267 104 541 693 540 293
1 5 282 537 693 541 106 286 542 291
1 5 537 288 539 693 286 51 289 542
1 5 693 539 292 540 542 289 12 290
1 5 541 693 540 293 291 542 290 52
1 5 156 132 268 529 532 282 541 694
1 5 529 268 104 273 694 541 293 543
1 5 274 529 273 57 544 694 543 296
1 5 283 532 694 544 53 278 545 295
1 5 532 282 541 694 278 106 291 545
1 5 694 541 293 543 545 291 52 294
1 5 544 694 543 296 295 545 294 5
1 5 297 8 298 546 547 303 548 695
1 5 546 298 59 299 695 548 304 549
1 5 163 546 299 107 460 695 549 172
1 5 171 547 695 460 108 300 550 167
1 5 547 303 548 695 300 64 301 550
1 5 695 548 304 549 550 301 109 302
1 5 460 695 549 172 167 550 302 133
1 5 299 59 305 551 549 304 552 696
1 5 551 305 25 306 696 552 311 553
1 5 307 551 306 60 554 696 553 312
1 5 172 549 696 554 133 302 555 310
1 5 549 304 552 696 302 109 308 555
1 5 696 552 311 553 555 308 65 309
1 5 554 696 553 312 310 555 309 110
1 5 164 107 307 556 461 172 554 697
1 5 556 307 60 313 697 554 312 557
1 5 263 556 313 24 522 697 557 269
1 5 173 461 697 522 103 168 558 266
1 5 461 172 554 697 168 133 310 558
1 5 697 554 312 557 558 310 110 314
1 5 522 697 557 269 266 558 314 56
1 5 166 108 167 463 559 318 560 698
1 5 463 167 133 168 698 560 319 561
1 5 169 463 168 103 536 698 561 288
1 5 287 559 698 536 1 315 562 285
1 5 559 318 560 698 315 61 316 562
1 5 698 560 319 561 562 316 111 317
1 5 536 698 561 288 285 562 317 51
1 5 300 64 301 550 563 323 564 699
1 5 550 301 109 302 699 564 324 565
1 5 167 550 302 133 560 699 565 319
1 5 318 563 699 560 61 320 566 316
1 5 563 323 564 699 320 2 321 566
1 5 699 564 324 565 566 321 62 322
1 5 560 699 565 319 316 566 322 111
1 5 302 109 308 555 565 324 567 700
1 5 555 308 65 309 700 567 328 568
1 5 310 555 309 110 569 700 568 329
1 5 319 565 700 569 111 322 570 327
1 5 565 324 567 700 322 62 325 570
1 5 700 567 328 568 570 325 13 326
1 5 569 700 568 329 327 570 326 63
1 5 168 133 310 558 561 319 569 701
1 5 558 310 110 314 701 569 329 571
1 5 266 558 314 56 539 701 571 292
1 5 288 561 701 539 51 317 572 289
1 5 561 319 569 701 317 111 327 572
1 5 701 569 329 571 572 327 63 330
1 5 539 701 571 292 289 572 330 12
1 5 247 27 248 509 573 334 574 702
1 5 509 248 39 249 702 574 335 575
1 5 175 509 249 100 466 702 575 184
1 5 183 573 702 466 112 331 576 179
1 5 573 334 574 702 331 71 332 576
1 5 702 574 335 575 576 332 113 333
1 5 466 702 575 184 179 576 333 134
1 5 249 39 252 513 575 335 577 703
1 5 513 252 29 253 703 577 339 578
1 5 254 513 253 40 579 703 578 195
1 5 184 575 703 579 134 333 580 338
1 5 575 335 577 703 333 113 336 580
1 5 703 577 339 578 580 336 72 337
1 5 579 703 578 195 338 580 337 114
1 5 176 100 254 516 467 184 579 704
1 5 516 254 40 186 704 579 195 471
1 5 257 516 186 28 581 704 471 194
1 5 185 467 704 581 115 180 582 340
1 5 467 184 579 704 180 134 338 582
1 5 704 579 195 471 582 338 114 190
1 5 581 704 471 194 340 582 190 73
1 5 178 112 179 469 583 346 584 705
1 5 469 179 134 180 705 584 347 585
1 5 181 469 180 115 586 705 585 348
1 5 345 583 705 586 14 341 587 344
1 5 583 346 584 705 341 66 342 587
1 5 705 584 347 585 587 342 116 343
1 5 586 705 585 348 344 587 343 69
1 5 331 71 332 576 588 352 589 706
1 5 576 332 113 333 706 589 353 590
1 5 179 576 333 134 584 706 590 347
1 5 346 588 706 584 66 349 591 342
1 5 588 352 589 706 349 15 350 591
1 5 706 589 353 590 591 350 67 351
1 5 584 706 590 347 342 591 351 116
1 5 333 113 336 580 590 353 592 707
1 5 580 336 72 337 707 592 357 593
1 5 338 580 337 114 594 707 593 358
1 5 347 590 707 594 116 351 595 356
1 5 590 353 592 707 351 67 354 595
1 5 707 592 357 593 595 354 17 355
1 5 594 707 593 358 356 595 355 68
1 5 180 134 338 582 585 347 594 708
1 5 582 338 114 190 708 594 358 596
1 5 340 582 190 73 597 708 596 361
1 5 348 585 708 597 69 343 598 360
1 5 585 347 594 708 343 116 356 598
1 5 708 594 358 596 598 356 68 359
1 5 597 708 596 361 360 598 359 16
1 5 253 29 362 599 578 339 600 709
1 5 599 362 74 363 709 600 366 601
1 5 187 599 363 117 472 709 601 196
1 5 195 578 709 472 114 337 602 191
1 5 578 339 600 709 337 72 364 602
1 5 709 600 366 601 602 364 118 365
1 5 472 709 601 196 191 602 365 135
1 5 363 74 367 603 601 366 604 710
1 5 603 367 9 368 710 604 373 605
1 5 369 603 368 75 606 710 605 374
1 5 196 601 710 606 135 365 607 372
1 5 601 366 604 710 365 118 370 607
1 5 710 604 373 605 607 370 80 371
1 5 606 710 605 374 372 607 371 119
1 5 188 117 369 608 473 196 606 711
1 5 608 369 75 375 711 606 374 609
1 5 376 608 375 10 610 711 609 379
1 5 197 473 711 610 120 192 611 378
1 5 473 196 606 711 192 135 372 611
1 5 711 606 374 609 611 372 119 377
1 5 610 711 609 379 378 611 377 81
1 5 190 114 191 475 596 358 612 712
1 5 475 191 135 192 712 612 383 613
1 5 193 475 192 120 614 712 613 384
1 5 361 596 712 614 16 359 615 382
1 5 596 358 612 712 359 68 380 615
1 5 712 612 383 613 615 380 121 381
1 5 614 712 613 384 382 615 381 79
1 5 337 72 364 602 593 357 616 713
1 5 602 364 118 365 713 616 387 617
1 5 191 602 365 135 612 713 617 383
1 5 358 593 713 612 68 355 618 380
1 5 593 357 616 713 355 17 385 618
1 5 713 616 387 617 618 385 77 386
1 5 612 713 617 383 380 618 386 121
1 5 365 118 370 607 617 387 619 714
1 5 607 370 80 371 714 619 391 620
1 5 372 607 371 119 621 714 620 392
1 5 383 617 714 621 121 386 622 390
1 5 617 387 619 714 386 77 388 622
1 5 714 619 391 620 622 388 3 389
1 5 621 714 620 392 390 622 389 78
1 5 192 135 372 611 613 383 621 715
1 5 611 372 119 377 715 621 392 623
1 5 378 611 377 81 624 715 623 395
1 5 384 613 715 624 79 381 625 394
1 5 613 383 621 715 381 121 390 625
1 5 715 621 392 623 625 390 78 393
1 5 624 715 623 395 394 625 393 4
1 5 396 31 213 626 627 218 486 716
1 5 626 213 83 397 716 486 221 628
1 5 199 626 397 122 478 716 628 208
1 5 207 627 716 478 123 398 629 203
1 5 627 218 486 716 398 87 217 629
1 5 716 486 221 628 629 217 124 399
1 5 478 716 628 208 203 629 399 136
1 5 397 83 400 630 628 221 631 717
1 5 630 400 33 401 717 631 406 632
1 5 402 630 401 84 633 717 632 407
1 5 208 628 717 633 136 399 634 405
1 5 628 221 631 717 399 124 403 634
1 5 717 631 406 632 634 403 88 404
1 5 633 717 632 407 405 634 404 125
1 5 200 122 402 635 479 208 633 718
1 5 635 402 84 408 718 633 407 636
1 5 409 635 408 32 637 718 636 412
1 5 209 479 718 637 126 204 638 411
1 5 479 208 633 718 204 136 405 638
1 5 718 633 407 636 638 405 125 410
1 5 637 718 636 412 411 638 410 89
1 5 202 123 203 481 639 414 640 719
1 5 481 203 136 204 719 640 415 641
1 5 205 481 204 126 642 719 641 416
1 5 413 639 719 642 14 344 587 341
1 5 639 414 640 719 344 69 343 587
1 5 719 640 415 641 587 343 116 342
1 5 642 719 641 416 341 587 342 66
1 5 398 87 217 629 643 417 644 720
1 5 629 217 124 399 720 644 418 645
1 5 203 629 399 136 640 720 645 415
1 5 414 643 720 640 69 360 598 343
1 5 643 417 644 720 360 16 359 598
1 5 720 644 418 645 598 359 68 356
1 5 640 720 645 415 343 598 356 116
1 5 399 124 403 634 645 418 646 721
1 5 634 403 88 404 721 646 419 647
1 5 405 634 404 125 648 721 647 420
1 5 415 645 721 648 116 356 595 351
1 5 645 418 646 721 356 68 355 595
1 5 721 646 419 647 595 355 17 354
1 5 648 721 647 420 351 595 354 67
1 5 204 136 405 638 641 415 648 722
1 5 638 405 125 410 722 648 420 649
1 5 411 638 410 89 650 722 649 421
1 5 416 641 722 650 66 342 591 349
1 5 641 415 648 722 342 116 351 591
1 5 722 648 420 649 591 351 67 350
1 5 650 722 649 421 349 591 350 15
1 5 422 19 423 651 652 428 653 723
1 5 651 423 91 424 723 653 429 654
1 5 211 651 424 127 484 723 654 220
1 5 219 652 723 484 128 425 655 215
1 5 652 428 653 723 425 93 426 655
1 5 723 653 429 654 655 426 129 427
1 5 484 723 654 220 215 655 427 137
1 5 424 91 430 656 654 429 657 724
1 5 656 430 18 431 724 657 436 658
1 5 432 656 431 92 659 724 658 437
1 5 220 654 724 659 137 427 660 435
1 5 654 429 657 724 427 129 433 660
1 5 724 657 436 658 660 433 94 434
1 5 659 724 658 437 435 660 434 130
1 5 212 127 432 661 485 220 659 725
1 5 661 432 92 438 725 659 437 662
1 5 400 661 438 33 631 725 662 406
1 5 221 485 725 631 124 216 663 403
1 5 485 220 659 725 216 137 435 663
1 5 725 659 437 662 663 435 130 439
1 5 631 725 662 406 403 663 439 88
1 5 214 128 215 487 664 440 665 726
1 5 487 215 137 216 726 665 441 666
1 5 217 487 216 124 644 726 666 418
1 5 417 664 726 644 16 382 615 359
1 5 664 440 665 726 382 79 381 615
1 5 726 665 441 666 615 381 121 380
1 5 644 726 666 418 359 615 380 68
1 5 425 93 426 655 667 442 668 727
1 5 655 426 129 427 727 668 443 669
1 5 215 655 427 137 665 727 669 441
1 5 440 667 727 665 79 394 625 381
1 5 667 442 668 727 394 4 393 625
1 5 727 668 443 669 625 393 78 390
1 5 665 727 669 441 381 625 390 121
1 5 427 129 433 660 669 443 670 728
1 5 660 433 94 434 728 670 444 671
1 5 435 660 434 130 672 728 671 445
1 5 441 669 728 672 121 390 622 386
1 5 669 443 670 728 390 78 389 622
1 5 728 670 444 671 622 389 3 388
1 5 672 728 671 445 386 622 388 77
1 5 216 137 435 663 666 441 672 729
1 5 663 435 130 439 729 672 445 673
1 5 403 663 439 88 646 729 673 419
1 5 418 666 729 646 68 380 618 355
1 5 666 441 672 729 380 121 386 618
1 5 729 672 445 673 618 386 77 385
1 5 646 729 673 419 355 618 385 17

boundary
480
27 3 141 446 138 20
27 3 153 452 150 6
27 3 165 458 162 7
27 3 222 21 228 489
27 3 141 20 146 450
27 3 21 223 490 228
27 3 23 231 495 236
27 3 189 470 186 28
27 3 6 150 453 158
27 3 24 264 523 269
27 3 11 272 528 275
27 3 0 276 534 279
27 3 7 162 459 170
27 3 8 298 548 303
27 3 25 306 553 311
27 3 1 315 562 285
27 3 247 27 334 573
27 3 177 26 182 468
27 3 27 248 574 334
27 3 189 28 194 474
27 3 29 362 600 339
27 3 9 368 605 373
27 3 430 18 436 657
27 3 201 476 198 30
27 3 213 482 210 31
27 3 396 31 218 627
27 3 422 19 428 652
27 3 201 30 206 480
27 3 33 401 632 406
27 3 18 431 658 436
27 3 139 488 222 34
27 3 232 493 224 95
27 3 239 498 140 37
27 3 163 546 297 58
27 3 307 551 299 107
27 3 263 556 164 47
27 3 138 34 147 447
27 3 142 96 244 502
27 3 225 43 250 506
27 3 151 517 259 46
27 3 265 521 260 101
27 3 272 526 152 49
27 3 239 37 149 500
27 3 241 99 246 515
27 3 145 42 243 505
27 3 257 41 185 581
27 3 340 115 348 597
27 3 181 70 345 586
27 3 376 76 197 610
27 3 378 120 384 624
27 3 193 73 361 614
27 3 198 82 207 477
27 3 202 123 414 639
27 3 398 87 417 643
27 3 35 230 494 229
27 3 97 233 510 251
27 3 43 226 507 250
27 3 36 238 499 237
27 3 98 240 514 256
27 3 44 234 511 255
27 3 187 599 253 40
27 3 369 603 363 117
27 3 376 608 188 76
27 3 74 367 604 366
27 3 118 370 619 387
27 3 72 364 616 357
27 3 92 438 662 437
27 3 130 439 673 445
27 3 94 434 671 444
27 3 46 259 518 159
27 3 102 261 535 281
27 3 54 154 530 280
27 3 49 153 456 161
27 3 105 157 533 283
27 3 57 274 544 296
27 3 409 85 209 637
27 3 411 126 416 650
27 3 205 86 413 642
27 3 48 271 527 270
27 3 104 273 543 293
27 3 56 267 540 292
27 3 50 284 538 277
27 3 106 286 542 291
27 3 53 278 545 295
27 3 58 297 547 171
27 3 108 300 563 318
27 3 55 166 559 287
27 3 61 320 566 316
27 3 111 322 570 327
27 3 51 317 572 289
27 3 59 305 552 304
27 3 109 308 567 324
27 3 64 301 564 323
27 3 60 313 557 312
27 3 110 314 571 329
27 3 65 309 568 328
27 3 174 38 183 465
27 3 178 112 346 583
27 3 331 71 352 588
27 3 39 252 577 335
27 3 113 336 592 353
27 3 71 332 589 352
27 3 75 375 609 374
27 3 119 377 623 392
27 3 80 371 620 391
27 3 423 91 429 653
27 3 426 129 443 668
27 3 433 94 444 670
27 3 199 626 396 82
27 3 402 630 397 122
27 3 409 635 200 85
27 3 211 651 422 90
27 3 432 656 424 127
27 3 400 661 212 83
27 3 210 90 219 483
27 3 214 128 440 664
27 3 425 93 442 667
27 3 84 408 636 407
27 3 125 410 649 420
27 3 88 404 647 419
27 3 446 139 34 138
27 3 140 95 139 446
27 3 37 140 446 141
27 3 458 163 58 162
27 3 164 107 163 458
27 3 47 164 458 165
27 3 34 222 489 147
27 3 147 489 225 96
27 3 489 228 43 225
27 3 488 223 21 222
27 3 224 35 223 488
27 3 95 224 488 139
27 3 493 230 35 224
27 3 231 23 230 493
27 3 36 231 493 232
27 3 498 232 95 140
27 3 238 36 232 498
27 3 22 238 498 239
27 3 546 298 8 297
27 3 299 59 298 546
27 3 107 299 546 163
27 3 551 305 59 299
27 3 306 25 305 551
27 3 60 306 551 307
27 3 556 307 107 164
27 3 313 60 307 556
27 3 24 313 556 263
27 3 20 138 447 146
27 3 146 447 142 42
27 3 447 147 96 142
27 3 42 142 502 243
27 3 243 502 174 26
27 3 502 244 38 174
27 3 96 225 506 244
27 3 244 506 247 38
27 3 506 250 27 247
27 3 452 151 46 150
27 3 152 101 151 452
27 3 49 152 452 153
27 3 517 165 7 259
27 3 260 47 165 517
27 3 101 260 517 151
27 3 521 263 47 260
27 3 264 24 263 521
27 3 48 264 521 265
27 3 526 265 101 152
27 3 271 48 265 526
27 3 11 271 526 272
27 3 37 141 450 149
27 3 149 450 145 99
27 3 450 146 42 145
27 3 41 177 468 185
27 3 185 468 181 115
27 3 468 182 70 181
27 3 76 189 474 197
27 3 197 474 193 120
27 3 474 194 73 193
27 3 82 396 627 207
27 3 207 627 398 123
27 3 627 218 87 398
27 3 22 239 500 242
27 3 242 500 241 45
27 3 500 149 99 241
27 3 45 241 515 258
27 3 258 515 257 28
27 3 515 246 41 257
27 3 99 145 505 246
27 3 246 505 177 41
27 3 505 243 26 177
27 3 28 257 581 194
27 3 194 581 340 73
27 3 581 185 115 340
27 3 73 340 597 361
27 3 361 597 360 16
27 3 597 348 69 360
27 3 115 181 586 348
27 3 348 586 344 69
27 3 586 345 14 344
27 3 10 376 610 379
27 3 379 610 378 81
27 3 610 197 120 378
27 3 81 378 624 395
27 3 395 624 394 4
27 3 624 384 79 394
27 3 120 193 614 384
27 3 384 614 382 79
27 3 614 361 16 382
27 3 30 198 477 206
27 3 206 477 202 86
27 3 477 207 123 202
27 3 86 202 639 413
27 3 413 639 344 14
27 3 639 414 69 344
27 3 123 398 643 414
27 3 414 643 360 69
27 3 643 417 16 360
27 3 223 35 229 490
27 3 490 229 97 226
27 3 228 490 226 43
27 3 230 23 236 494
27 3 494 236 44 233
27 3 229 494 233 97
27 3 233 44 255 510
27 3 510 255 29 252
27 3 251 510 252 39
27 3 226 97 251 507
27 3 507 251 39 248
27 3 250 507 248 27
27 3 231 36 237 495
27 3 495 237 98 234
27 3 236 495 234 44
27 3 470 187 40 186
27 3 188 117 187 470
27 3 76 188 470 189
27 3 362 74 366 600
27 3 600 366 118 364
27 3 339 600 364 72
27 3 431 92 437 658
27 3 658 437 130 434
27 3 436 658 434 94
27 3 238 22 242 499
27 3 499 242 45 240
27 3 237 499 240 98
27 3 240 45 258 514
27 3 514 258 28 186
27 3 256 514 186 40
27 3 234 98 256 511
27 3 511 256 40 253
27 3 255 511 253 29
27 3 599 362 29 253
27 3 363 74 362 599
27 3 117 363 599 187
27 3 603 367 74 363
27 3 368 9 367 603
27 3 75 368 603 369
27 3 608 369 117 188
27 3 375 75 369 608
27 3 10 375 608 376
27 3 367 9 373 604
27 3 604 373 80 370
27 3 366 604 370 118
27 3 370 80 391 619
27 3 619 391 3 388
27 3 387 619 388 77
27 3 364 118 387 616
27 3 616 387 77 385
27 3 357 616 385 17
27 3 438 33 406 662
27 3 662 406 88 439
27 3 437 662 439 130
27 3 439 88 419 673
27 3 673 419 17 385
27 3 445 673 385 77
27 3 434 130 445 671
27 3 671 445 77 388
27 3 444 671 388 3
27 3 150 46 159 453
27 3 453 159 102 154
27 3 158 453 154 54
27 3 272 49 161 528
27 3 528 161 105 274
27 3 275 528 274 57
27 3 85 201 480 209
27 3 209 480 205 126
27 3 480 206 86 205
27 3 259 7 170 518
27 3 518 170 55 261
27 3 159 518 261 102
27 3 261 55 287 535
27 3 535 287 1 284
27 3 281 535 284 50
27 3 154 102 281 530
27 3 530 281 50 276
27 3 280 530 276 0
27 3 153 6 158 456
27 3 456 158 54 157
27 3 161 456 157 105
27 3 157 54 280 533
27 3 533 280 0 279
27 3 283 533 279 53
27 3 274 105 283 544
27 3 544 283 53 295
27 3 296 544 295 5
27 3 32 409 637 412
27 3 412 637 411 89
27 3 637 209 126 411
27 3 89 411 650 421
27 3 421 650 349 15
27 3 650 416 66 349
27 3 126 205 642 416
27 3 416 642 341 66
27 3 642 413 14 341
27 3 264 48 270 523
27 3 523 270 104 267
27 3 269 523 267 56
27 3 271 11 275 527
27 3 527 275 57 273
27 3 270 527 273 104
27 3 273 57 296 543
27 3 543 296 5 294
27 3 293 543 294 52
27 3 267 104 293 540
27 3 540 293 52 290
27 3 292 540 290 12
27 3 276 50 277 534
27 3 534 277 106 278
27 3 279 534 278 53
27 3 284 1 285 538
27 3 538 285 51 286
27 3 277 538 286 106
27 3 286 51 289 542
27 3 542 289 12 290
27 3 291 542 290 52
27 3 278 106 291 545
27 3 545 291 52 294
27 3 295 545 294 5
27 3 162 58 171 459
27 3 459 171 108 166
27 3 170 459 166 55
27 3 315 61 316 562
27 3 562 316 111 317
27 3 285 562 317 51
27 3 297 8 303 547
27 3 547 303 64 300
27 3 171 547 300 108
27 3 300 64 323 563
27 3 563 323 2 320
27 3 318 563 320 61
27 3 166 108 318 559
27 3 559 318 61 315
27 3 287 559 315 1
27 3 320 2 321 566
27 3 566 321 62 322
27 3 316 566 322 111
27 3 322 62 325 570
27 3 570 325 13 326
27 3 327 570 326 63
27 3 317 111 327 572
27 3 572 327 63 330
27 3 289 572 330 12
27 3 298 59 304 548
27 3 548 304 109 301
27 3 303 548 301 64
27 3 305 25 311 552
27 3 552 311 65 308
27 3 304 552 308 109
27 3 308 65 328 567
27 3 567 328 13 325
27 3 324 567 325 62
27 3 301 109 324 564
27 3 564 324 62 321
27 3 323 564 321 2
27 3 306 60 312 553
27 3 553 312 110 309
27 3 311 553 309 65
27 3 38 247 573 183
27 3 183 573 331 112
27 3 573 334 71 331
27 3 248 39 335 574
27 3 574 335 113 332
27 3 334 574 332 71
27 3 313 24 269 557
27 3 557 269 56 314
27 3 312 557 314 110
27 3 314 56 292 571
27 3 571 292 12 330
27 3 329 571 330 63
27 3 309 110 329 568
27 3 568 329 63 326
27 3 328 568 326 13
27 3 26 174 465 182
27 3 182 465 178 70
27 3 465 183 112 178
27 3 70 178 583 345
27 3 345 583 341 14
27 3 583 346 66 341
27 3 112 331 588 346
27 3 346 588 349 66
27 3 588 352 15 349
27 3 252 29 339 577
27 3 577 339 72 336
27 3 335 577 336 113
27 3 336 72 357 592
27 3 592 357 17 354
27 3 353 592 354 67
27 3 332 113 353 589
27 3 589 353 67 350
27 3 352 589 350 15
27 3 368 75 374 605
27 3 605 374 119 371
27 3 373 605 371 80
27 3 91 430 657 429
27 3 429 657 433 129
27 3 657 436 94 433
27 3 375 10 379 609
27 3 609 379 81 377
27 3 374 609 377 119
27 3 377 81 395 623
27 3 623 395 4 393
27 3 392 623 393 78
27 3 371 119 392 620
27 3 620 392 78 389
27 3 391 620 389 3
27 3 19 423 653 428
27 3 428 653 426 93
27 3 653 429 129 426
27 3 93 426 668 442
27 3 442 668 393 4
27 3 668 443 78 393
27 3 129 433 670 443
27 3 443 670 389 78
27 3 670 444 3 389
27 3 476 199 82 198
27 3 200 122 199 476
27 3 85 200 476 201
27 3 482 211 90 210
27 3 212 127 211 482
27 3 83 212 482 213
27 3 626 213 31 396
27 3 397 83 213 626
27 3 122 397 626 199
27 3 630 400 83 397
27 3 401 33 400 630
27 3 84 401 630 402
27 3 635 402 122 200
27 3 408 84 402 635
27 3 32 408 635 409
27 3 651 423 19 422
27 3 424 91 423 651
27 3 127 424 651 211
27 3 656 430 91 424
27 3 431 18 430 656
27 3 92 431 656 432
27 3 661 432 127 212
27 3 438 92 432 661
27 3 33 438 661 400
27 3 90 422 652 219
27 3 219 652 425 128
27 3 652 428 93 425
27 3 31 210 483 218
27 3 218 483 214 87
27 3 483 219 128 214
27 3 87 214 664 417
27 3 417 664 382 16
27 3 664 440 79 382
27 3 128 425 667 440
27 3 440 667 394 79
27 3 667 442 4 394
27 3 401 84 407 632
27 3 632 407 125 404
27 3 406 632 404 88
27 3 408 32 412 636
27 3 636 412 89 410
27 3 407 636 410 125
27 3 410 89 421 649
27 3 649 421 15 350
27 3 420 649 350 67
27 3 404 125 420 647
27 3 647 420 67 354
27 3 419 647 354 17

vertices
730

nodes
FiniteElementSpace
FiniteElementCollection: H1_3D_P2
VDim: 3
Ordering: 0

-0.28867513
-0.14433757
0
0
-0.14433757
-0.28867513
-0.28867513
-0.14433757
1.0842022e-18
1.0842022e-18
-0.14433757
-0.28867513
-0.14433757
7.5894152e-19
-0.14433757
-2.1684043e-19
-0.14433757
-5.8546917e-18
-1.3010426e-18
-0.18319635
-0.14433757
9.8933448e-19
-0.14433757
-2.3039296e-19
-0.14433757
2.1006417e-19
-0.14433757
8.6736174e-19
-0.14433757
2.981556e-19
-0.19728907
-0.19368993
3.3203692e-18
7.0473141e-18
-0.072168784
3.7947076e-19
-0.072168784
-0.14433757
-0.072168784
5.8275867e-19
-0.072168784
-0.14433757
-0.14433757
9.2834811e-19
3.3881318e-20
-0.14433757
-0.21650635
-0.14433757
-0.21650635
-0.28867513
-0.21650635
-0.14433757
-0.21650635
-0.28867513
-0.28867513
-0.14433757
-0.14433757
-0.28867513
-0.072168784
6.4713317e-19
-0.072168784
-0.072168784
3.7947076e-19
-0.072168784
5.4210109e-19
4.8450285e-19
-0.072168784
-3.0357661e-18
-0.072168784
-0.14433757
-0.14433757
3.2526065e-19
-2.7782681e-18
-0.14433757
6.9117888e-19
-0.072168784
-0.14433757
-2.9273459e-18
-0.072168784
-0.14433757
5.4210109e-19
-0.14433757
-0.1954895
-0.096844965
5.1838416e-18
-0.098644537
-0.17081332
-0.16901375
5.9631119e-19
1.5517644e-18
-0.18844314
-0.091598175
2.8731358e-18
-0.16376696
-6.505213e-19
-0.072168784
-0.072168784
4.8111471e-19
-0.072168784
-0.14433757
-0.072168784
-0.21650635
-0.21650635
-0.14433757
-0.21650635
-0.28867513
-0.21650635
-0.072168784
-0.072168784
5.1330197e-19
-0.072168784
-0.072168784
-0.072168784
-1.2265037e-18
-0.072168784
-0.14433757
-0.072168784
-0.072168784
-1.1180835e-18
-0.072168784
-0.14433757
-0.072168784
-0.097744751
-0.16991353
-0.084506874
1.0740378e-18
-0.08540666
-0.09422157
-0.16639035
-0.081883479
-2.7105054e-20
-0.072168784
-0.21650635
-0.072168784
-0.072168784
-0.072168784
-0.084956767
-0.083195177
-0.10825318
-0.072168784
-0.10825318
-0.14433757
-0.10825318
-0.072168784
-0.10825318
-0.14433757
-0.14433757
-0.072168784
-0.072168784
-0.14433757
-0.25259074
-0.21650635
-0.25259074
-0.28867513
-0.25259074
-0.21650635
-0.25259074
-0.28867513
-0.28867513
-0.21650635
-0.21650635
-0.28867513
-0.10825318
-0.072168784
-0.10825318
-0.14433757
-0.10825318
-0.072168784
-0.10825318
-0.14433757
-0.14433757
-0.072168784
-0.072168784
-0.14433757
-0.10825318
-0.072168784
-0.10825318
-0.14433757
-0.10825318
-0.072168784
-0.10825318
-0.14433757
-0.14433757
-0.072168784
-0.072168784
-0.14433757
-0.10825318
-0.072168784
-0.10825318
-0.14433757
-0.10825318
-0.072168784
-0.10825318
-0.14433757
-0.14433757
-0.072168784
-0.072168784
-0.14433757
-0.19638929
-0.14661713
-0.098194644
-0.14796681
-0.17036343
-0.12743515
-0.085181714
-0.12810999
-0.1840512
-0.18270152
-0.091350759
-0.092025599
-0.19106653
-0.14133235
-0.095533267
-0.14526745
-0.16770205
-0.12479277
-0.083851025
-0.12676031
-0.18135184
-0.17741675
-0.088708373
-0.090675919
-0.036084392
6.8440262e-19
-0.036084392
-0.036084392
7.0473141e-19
-0.036084392
9.588413e-19
4.3029274e-19
7.4538899e-20
-0.036084392
-0.072168784
2.5749802e-19
-0.036084392
-0.072168784
-9.8255822e-20
-0.072168784
-0.10825318
-0.14433757
-0.10825318
-0.14433757
-0.14433757
-0.14433757
-0.072168784
-0.072168784
-0.14433757
-0.036084392
7.250602e-19
-0.036084392
8.9785492e-19
5.3193669e-19
4.4045713e-19
-0.036084392
-0.072168784
1.6601846e-19
-0.072168784
-0.14433757
-0.14433757
-0.18042196
-0.18042196
-0.18042196
-0.18042196
-0.14433757
-0.18042196
-0.21650635
-0.14433757
-0.18042196
-0.21650635
-0.14433757
-0.21650635
-0.25259074
-0.28867513
-0.25259074
-0.28867513
-0.28867513
-0.25259074
-0.21650635
-0.25259074
-0.28867513
-0.28867513
-0.21650635
-0.21650635
-0.28867513
-0.18042196
-0.14433757
-0.18042196
-0.14433757
-0.14433757
-0.14433757
-0.18042196
-0.21650635
-0.14433757
-0.21650635
-0.25259074
-0.28867513
-0.28867513
-0.036084392
8.6566767e-19
-0.036084392
-0.036084392
5.2770153e-19
-0.036084392
8.1315163e-19
5.8021757e-19
4.2859867e-19
-0.036084392
-0.072168784
4.9890241e-19
-0.036084392
-0.072168784
3.4728351e-19
-0.072168784
-0.10825318
-0.10825318
-0.10825318
-0.072168784
-0.10825318
-0.072168784
-0.072168784
-0.036084392
1.8973538e-19
-0.036084392
2.7105054e-19
4.4638636e-19
5.6920614e-19
-0.036084392
-0.072168784
6.2172218e-19
-0.072168784
-0.10825318
-0.036084392
-4.5062153e-19
-0.036084392
5.9631119e-19
-3.2187252e-19
-2.0023859e-18
-0.036084392
-0.072168784
-1.2400562e-18
-0.14433757
-0.10825318
-0.072168784
-0.10825318
-0.14433757
-0.14433757
-0.072168784
-0.072168784
-0.14433757
-0.036084392
-1.6263033e-18
-0.036084392
5.4210109e-20
-2.1311349e-18
-4.4452289e-18
-0.036084392
-0.072168784
-4.3164799e-18
-0.072168784
-0.10825318
-0.14433757
-0.14433757
4.9466724e-19
-0.036084392
-1.9481758e-18
-0.036084392
-2.134523e-19
8.8769053e-19
-0.036084392
-0.072168784
-2.879912e-19
-0.036084392
-0.072168784
8.1315163e-19
-0.072168784
-0.10825318
-0.14433757
-0.10825318
-0.14433757
-0.14433757
-0.072168784
-0.10825318
-0.14433757
-0.072168784
-0.14433757
-4.3910188e-18
-0.036084392
-2.0227147e-18
-1.4636729e-18
-0.036084392
-0.072168784
2.7105054e-19
-0.072168784
-0.10825318
-0.14433757
-0.14433757
-0.19458972
-0.097294858
-0.16946364
-0.084731821
-0.048422482
6.1155779e-18
-0.048872375
-0.042253437
8.3517449e-19
-0.042478384
3.8218127e-18
3.1289397e-18
4.2521054e-18
-0.049322268
1.3129011e-18
-0.04270333
2.4360668e-18
-0.15757544
-0.15712555
-0.078562775
-0.078787722
-0.15667566
-0.078337829
-2.6291903e-18
-9.8086415e-19
6.6746196e-19
-0.18581974
-0.13739726
-0.092909872
-0.16507866
-0.12282522
-0.082539328
-0.17348165
-0.086740827
-0.045799087
7.8604658e-19
-0.047110785
-0.04094174
-3.3881318e-19
-0.041597588
-9.7578196e-19
1.4230154e-18
4.9602249e-18
2.8460307e-19
-0.15536396
-0.07768198
-0.15405226
-0.077026131
-3.2526065e-19
-1.4772255e-18
-0.10825318
-0.10825318
-0.072168784
-0.10825318
-0.14433757
-0.10825318
-0.25259074
-0.25259074
-0.21650635
-0.25259074
-0.28867513
-0.25259074
-0.10825318
-0.10825318
-0.072168784
-0.10825318
-0.14433757
-0.10825318
-0.10825318
-0.10825318
-0.072168784
-0.10825318
-0.14433757
-0.10825318
-0.10825318
-0.10825318
-0.072168784
-0.10825318
-0.14433757
-0.10825318
-0.14729197
-0.18337636
-0.13702614
-0.091688179
-0.1380384
-0.12777257
-0.1432999
-0.17938429
-0.13306256
-0.089692146
-0.13601388
-0.12577654
-0.036084392
-0.036084392
6.9456702e-19
-0.036084392
-0.036084392
-0.036084392
1.6601846e-19
-0.036084392
-0.072168784
-0.036084392
-0.10825318
-0.10825318
-0.14433757
-0.10825318
-0.10825318
-0.072168784
-0.10825318
-0.14433757
-0.036084392
7.1489581e-19
-0.036084392
-0.036084392
3.4897757e-19
-0.036084392
-0.072168784
-0.036084392
-0.10825318
-0.14433757
-0.10825318
-0.18042196
-0.18042196
-0.18042196
-0.18042196
-0.18042196
-0.14433757
-0.18042196
-0.21650635
-0.18042196
-0.25259074
-0.25259074
-0.28867513
-0.25259074
-0.25259074
-0.21650635
-0.25259074
-0.28867513
-0.25259074
-0.18042196
-0.14433757
-0.18042196
-0.18042196
-0.14433757
-0.18042196
-0.21650635
-0.18042196
-0.25259074
-0.28867513
-0.25259074
-0.036084392
-0.036084392
6.966846e-19
-0.036084392
-0.036084392
-0.036084392
4.6375054e-19
-0.036084392
-0.072168784
-0.036084392
-0.10825318
-0.10825318
-0.10825318
-0.10825318
-0.072168784
-0.10825318
-0.10825318
-0.036084392
3.5871845e-19
-0.036084392
-0.036084392
5.3405427e-19
-0.036084392
-0.072168784
-0.036084392
-0.10825318
-0.10825318
-0.036084392
1.3721934e-19
-0.036084392
-0.036084392
-7.8096438e-19
-0.036084392
-0.072168784
-0.036084392
-0.14433757
-0.10825318
-0.10825318
-0.072168784
-0.10825318
-0.14433757
-0.10825318
-0.036084392
-1.0384624e-18
-0.036084392
-0.036084392
-3.2238074e-18
-0.036084392
-0.072168784
-0.036084392
-0.10825318
-0.14433757
-0.10825318
-0.036084392
-7.2675427e-19
-0.036084392
-0.036084392
-0.036084392
2.9984966e-19
-0.036084392
-0.072168784
-0.036084392
-0.10825318
-0.10825318
-0.14433757
-0.10825318
-0.072168784
-0.10825318
-0.14433757
-0.10825318
-3.1695973e-18
-0.036084392
-0.036084392
-8.7583207e-19
-0.036084392
-0.072168784
-0.036084392
-0.10825318
-0.14433757
-0.10825318
-0.14594229
-0.18202668
-0.091013339
-0.12709773
-0.048647429
-0.04533796
3.4753762e-18
-0.045675379
-0.04236591
-0.049097322
2.7825032e-18
-0.046012799
-0.042590857
-0.1573505
-0.11784416
-0.078675249
-0.11818158
-0.1569006
-0.11750674
-0.078450302
-0.039168914
-1.8050272e-18
-0.039281388
-1.567011e-19
-0.039393861
-0.13936481
-0.1754492
-0.13011124
-0.0877246
-0.12380899
-0.046454936
-0.043370414
2.236167e-19
-0.044354187
-0.041269664
-0.047766634
2.622414e-18
-0.041925513
-0.15601981
-0.11652297
-0.078009905
-0.15470811
-0.1155392
-0.077354056
-0.038513066
-9.0124306e-19
-0.03884099
-2.0532079e-18
-0.10825318
-0.25259074
-0.10825318
-0.10825318
-0.10825318
-0.13753227
-0.13453822
-0.036084392
-0.036084392
-0.10825318
-0.10825318
-0.036084392
-0.036084392
-0.10825318
-0.18042196
-0.18042196
-0.25259074
-0.25259074
-0.18042196
-0.18042196
-0.25259074
-0.036084392
-0.036084392
-0.10825318
-0.10825318
-0.036084392
-0.036084392
-0.10825318
-0.036084392
-0.036084392
-0.10825318
-0.10825318
-0.036084392
-0.036084392
-0.10825318
-0.036084392
-0.036084392
-0.10825318
-0.10825318
-0.036084392
-0.036084392
-0.10825318
-0.13652001
-0.04550667
-0.045844089
-0.11801287
-0.11767545
-0.039225151
-0.039337624
-0.1315869
-0.0438623
-0.044846073
-0.11701486
-0.11603108
-0.038677028
-0.039004952
-0.12629537
-0.10825318
-0.12629537
-0.14433757
-0.12629537
-0.10825318
-0.12629537
-0.14433757
-0.14433757
-0.10825318
-0.10825318
-0.14433757
-0.27063294
-0.25259074
-0.27063294
-0.28867513
-0.27063294
-0.25259074
-0.27063294
-0.28867513
-0.28867513
-0.25259074
-0.25259074
-0.28867513
-0.12629537
-0.10825318
-0.12629537
-0.14433757
-0.12629537
-0.10825318
-0.12629537
-0.14433757
-0.14433757
-0.10825318
-0.10825318
-0.14433757
-0.12629537
-0.10825318
-0.12629537
-0.14433757
-0.12629537
-0.10825318
-0.12629537
-0.14433757
-0.14433757
-0.10825318
-0.10825318
-0.14433757
-0.12629537
-0.10825318
-0.12629537
-0.14433757
-0.12629537
-0.10825318
-0.12629537
-0.14433757
-0.14433757
-0.10825318
-0.10825318
-0.14433757
-0.19683918
-0.17184063
-0.14762939
-0.17262794
-0.18371378
-0.16045431
-0.13778533
-0.1610448
-0.19067014
-0.18988282
-0.14241212
-0.1430026
-0.19237823
-0.16718322
-0.14428367
-0.16947869
-0.18036807
-0.15696126
-0.13527605
-0.15868286
-0.18752088
-0.18522541
-0.13891906
-0.14064066
-0.054126588
-0.036084392
-0.054126588
-0.072168784
-0.054126588
-0.036084392
-0.054126588
-0.072168784
-0.072168784
-0.036084392
-0.036084392
-0.072168784
-0.054126588
-0.036084392
-0.054126588
-0.072168784
-0.054126588
-0.036084392
-0.054126588
-0.072168784
-0.072168784
-0.036084392
-0.036084392
-0.072168784
-0.12629537
-0.10825318
-0.12629537
-0.14433757
-0.12629537
-0.10825318
-0.12629537
-0.14433757
-0.14433757
-0.10825318
-0.10825318
-0.14433757
-0.12629537
-0.10825318
-0.12629537
-0.14433757
-0.12629537
-0.10825318
-0.12629537
-0.14433757
-0.14433757
-0.10825318
-0.10825318
-0.14433757
-0.054126588
-0.036084392
-0.054126588
-0.072168784
-0.054126588
-0.036084392
-0.054126588
-0.072168784
-0.072168784
-0.036084392
-0.036084392
-0.072168784
-0.054126588
-0.036084392
-0.054126588
-0.072168784
-0.054126588
-0.036084392
-0.054126588
-0.072168784
-0.072168784
-0.036084392
-0.036084392
-0.072168784
-0.12629537
-0.10825318
-0.12629537
-0.14433757
-0.12629537
-0.10825318
-0.12629537
-0.14433757
-0.14433757
-0.10825318
-0.10825318
-0.14433757
-0.19846416
-0.18042196
-0.19846416
-0.21650635
-0.19846416
-0.18042196
-0.19846416
-0.21650635
-0.21650635
-0.18042196
-0.18042196
-0.21650635
-0.19846416
-0.18042196
-0.19846416
-0.21650635
-0.19846416
-0.18042196
-0.19846416
-0.21650635
-0.21650635
-0.18042196
-0.18042196
-0.21650635
-0.27063294
-0.25259074
-0.27063294
-0.28867513
-0.27063294
-0.25259074
-0.27063294
-0.28867513
-0.28867513
-0.25259074
-0.25259074
-0.28867513
-0.27063294
-0.25259074
-0.27063294
-0.28867513
-0.27063294
-0.25259074
-0.27063294
-0.28867513
-0.28867513
-0.25259074
-0.25259074
-0.28867513
-0.19846416
-0.18042196
-0.19846416
-0.21650635
-0.19846416
-0.18042196
-0.19846416
-0.21650635
-0.21650635
-0.18042196
-0.18042196
-0.21650635
-0.19846416
-0.18042196
-0.19846416
-0.21650635
-0.19846416
-0.18042196
-0.19846416
-0.21650635
-0.21650635
-0.18042196
-0.18042196
-0.21650635
-0.27063294
-0.25259074
-0.27063294
-0.28867513
-0.27063294
-0.25259074
-0.27063294
-0.28867513
-0.28867513
-0.25259074
-0.25259074
-0.28867513
-0.054126588
-0.036084392
-0.054126588
-0.072168784
-0.054126588
-0.036084392
-0.054126588
-0.072168784
-0.072168784
-0.036084392
-0.036084392
-0.072168784
-0.054126588
-0.036084392
-0.054126588
-0.072168784
-0.054126588
-0.036084392
-0.054126588
-0.072168784
-0.072168784
-0.036084392
-0.036084392
-0.072168784
-0.12629537
-0.10825318
-0.12629537
-0.14433757
-0.12629537
-0.10825318
-0.12629537
-0.14433757
-0.14433757
-0.10825318
-0.10825318
-0.14433757
-0.12629537
-0.10825318
-0.12629537
-0.14433757
-0.12629537
-0.10825318
-0.12629537
-0.14433757
-0.14433757
-0.10825318
-0.10825318
-0.14433757
-0.054126588
-0.036084392
-0.054126588
-0.072168784
-0.054126588
-0.036084392
-0.054126588
-0.072168784
-0.072168784
-0.036084392
-0.036084392
-0.072168784
-0.054126588
-0.036084392
-0.054126588
-0.072168784
-0.054126588
-0.036084392
-0.054126588
-0.072168784
-0.072168784
-0.036084392
-0.036084392
-0.072168784
-0.12629537
-0.10825318
-0.12629537
-0.14433757
-0.12629537
-0.10825318
-0.12629537
-0.14433757
-0.14433757
-0.10825318
-0.10825318
-0.14433757
-0.054126588
-0.036084392
-0.054126588
-0.072168784
-0.054126588
-0.036084392
-0.054126588
-0.072168784
-0.072168784
-0.036084392
-0.036084392
-0.072168784
-0.054126588
-0.036084392
-0.054126588
-0.072168784
-0.054126588
-0.036084392
-0.054126588
-0.072168784
-0.072168784
-0.036084392
-0.036084392
-0.072168784
-0.12629537
-0.10825318
-0.12629537
-0.14433757
-0.12629537
-0.10825318
-0.12629537
-0.14433757
-0.14433757
-0.10825318
-0.10825318
-0.14433757
-0.12629537
-0.10825318
-0.12629537
-0.14433757
-0.12629537
-0.10825318
-0.12629537
-0.14433757
-0.14433757
-0.10825318
-0.10825318
-0.14433757
-0.054126588
-0.036084392
-0.054126588
-0.072168784
-0.054126588
-0.036084392
-0.054126588
-0.072168784
-0.072168784
-0.036084392
-0.036084392
-0.072168784
-0.054126588
