MFEM mesh v1.0

#
# MFEM Geometry Types (see mesh/geom.hpp):
#
# POINT       = 0
# SEGMENT     = 1
# TRIANGLE    = 2
# SQUARE      = 3
# TETRAHEDRON = 4
# CUBE        = 5
#

dimension
3

elements
384
1 5 0 111 365 114 119 366 557 369
1 5 0 111 366 119 127 371 558 374
1 5 2 131 376 134 139 377 559 380
1 5 8 143 382 146 151 383 560 386
1 5 13 155 388 158 163 389 561 392
1 5 18 167 394 170 175 395 562 398
1 5 26 179 400 112 120 401 563 367
1 5 75 181 405 189 121 403 564 408
1 5 29 113 410 196 122 368 565 412
1 5 34 115 370 118 204 414 566 417
1 5 76 182 404 116 205 419 567 415
1 5 105 184 409 192 206 421 568 425
1 5 79 117 413 198 207 416 569 428
1 5 26 179 401 120 128 430 570 372
1 5 76 182 419 205 129 432 571 436
1 5 34 115 414 204 130 373 572 439
1 5 42 123 375 126 234 441 573 444
1 5 81 221 433 124 235 445 574 442
1 5 106 223 437 228 236 447 575 451
1 5 84 125 440 232 237 443 576 454
1 5 46 250 456 132 140 457 577 378
1 5 86 251 460 255 141 458 578 463
1 5 48 133 465 259 142 379 579 466
1 5 53 135 381 138 265 468 580 471
1 5 87 252 459 136 266 473 581 469
1 5 107 253 464 258 267 475 582 479
1 5 90 137 467 260 268 470 583 482
1 5 38 238 448 144 152 484 584 384
1 5 85 240 452 245 153 486 585 490
1 5 41 145 455 248 154 385 586 461
1 5 54 147 387 150 272 493 587 474
1 5 92 282 487 148 294 497 588 494
1 5 108 284 491 289 295 499 589 503
1 5 88 149 492 256 273 495 590 477
1 5 47 254 507 156 164 462 591 390
1 5 96 307 510 311 165 508 592 513
1 5 64 157 515 318 166 391 593 517
1 5 56 159 393 162 281 481 594 521
1 5 89 257 509 160 278 478 595 519
1 5 109 308 514 314 325 524 596 528
1 5 99 161 518 320 326 520 597 531
1 5 40 244 533 168 176 489 598 396
1 5 101 339 537 345 177 535 599 540
1 5 62 169 542 309 178 397 600 511
1 5 55 171 399 174 277 505 601 523
1 5 94 288 536 172 305 502 602 545
1 5 110 341 541 348 355 549 603 553
1 5 97 173 544 312 329 546 604 526
1 5 111 26 112 365 366 120 367 557
1 5 365 112 75 113 557 367 121 368
1 5 114 365 113 29 369 557 368 122
1 5 119 366 557 369 34 115 370 118
1 5 366 120 367 557 115 76 116 370
1 5 557 367 121 368 370 116 105 117
1 5 369 557 368 122 118 370 117 79
1 5 111 26 120 366 371 128 372 558
1 5 366 120 76 115 558 372 129 373
1 5 119 366 115 34 374 558 373 130
1 5 127 371 558 374 42 123 375 126
1 5 371 128 372 558 123 81 124 375
1 5 558 372 129 373 375 124 106 125
1 5 374 558 373 130 126 375 125 84
1 5 131 46 132 376 377 140 378 559
1 5 376 132 86 133 559 378 141 379
1 5 134 376 133 48 380 559 379 142
1 5 139 377 559 380 53 135 381 138
1 5 377 140 378 559 135 87 136 381
1 5 559 378 141 379 381 136 107 137
1 5 380 559 379 142 138 381 137 90
1 5 143 38 144 382 383 152 384 560
1 5 382 144 85 145 560 384 153 385
1 5 146 382 145 41 386 560 385 154
1 5 151 383 560 386 54 147 387 150
1 5 383 152 384 560 147 92 148 387
1 5 560 384 153 385 387 148 108 149
1 5 386 560 385 154 150 387 149 88
1 5 155 47 156 388 389 164 390 561
1 5 388 156 96 157 561 390 165 391
1 5 158 388 157 64 392 561 391 166
1 5 163 389 561 392 56 159 393 162
1 5 389 164 390 561 159 89 160 393
1 5 561 390 165 391 393 160 109 161
1 5 392 561 391 166 162 393 161 99
1 5 167 40 168 394 395 176 396 562
1 5 394 168 101 169 562 396 177 397
1 5 170 394 169 62 398 562 397 178
1 5 175 395 562 398 55 171 399 174
1 5 395 176 396 562 171 94 172 399
1 5 562 396 177 397 399 172 110 173
1 5 398 562 397 178 174 399 173 97
1 5 179 1 180 400 401 185 402 563
1 5 400 180 27 181 563 402 186 403
1 5 112 400 181 75 367 563 403 121
1 5 120 401 563 367 76 182 404 116
1 5 401 185 402 563 182 35 183 404
1 5 563 402 186 403 404 183 77 184
1 5 367 563 403 121 116 404 184 105
1 5 181 27 187 405 403 186 406 564
1 5 405 187 5 188 564 406 193 407
1 5 189 405 188 28 408 564 407 194
1 5 121 403 564 408 105 184 409 192
1 5 403 186 406 564 184 77 190 409
1 5 564 406 193 407 409 190 36 191
1 5 408 564 407 194 192 409 191 78
1 5 113 75 189 410 368 121 408 565
1 5 410 189 28 195 565 408 194 411
1 5 196 410 195 4 412 565 411 199
1 5 122 368 565 412 79 117 413 198
1 5 368 121 408 565 117 105 192 413
1 5 565 408 194 411 413 192 78 197
1 5 412 565 411 199 198 413 197 37
1 5 115 76 116 370 414 205 415 566
1 5 370 116 105 117 566 415 206 416
1 5 118 370 117 79 417 566 416 207
1 5 204 414 566 417 6 200 418 203
1 5 414 205 415 566 200 30 201 418
1 5 566 415 206 416 418 201 80 202
1 5 417 566 416 207 203 418 202 33
1 5 182 35 183 404 419 211 420 567
1 5 404 183 77 184 567 420 212 421
1 5 116 404 184 105 415 567 421 206
1 5 205 419 567 415 30 208 422 201
1 5 419 211 420 567 208 7 209 422
1 5 567 420 212 421 422 209 31 210
1 5 415 567 421 206 201 422 210 80
1 5 184 77 190 409 421 212 423 568
1 5 409 190 36 191 568 423 216 424
1 5 192 409 191 78 425 568 424 217
1 5 206 421 568 425 80 210 426 215
1 5 421 212 423 568 210 31 213 426
1 5 568 423 216 424 426 213 17 214
1 5 425 568 424 217 215 426 214 32
1 5 117 105 192 413 416 206 425 569
1 5 413 192 78 197 569 425 217 427
1 5 198 413 197 37 428 569 427 220
1 5 207 416 569 428 33 202 429 219
1 5 416 206 425 569 202 80 215 429
1 5 569 425 217 427 429 215 32 218
1 5 428 569 427 220 219 429 218 16
1 5 179 1 185 401 430 224 431 570
1 5 401 185 35 182 570 431 225 432
1 5 120 401 182 76 372 570 432 129
1 5 128 430 570 372 81 221 433 124
1 5 430 224 431 570 221 43 222 433
1 5 570 431 225 432 433 222 82 223
1 5 372 570 432 129 124 433 223 106
1 5 182 35 211 419 432 225 434 571
1 5 419 211 7 208 571 434 229 435
1 5 205 419 208 30 436 571 435 230
1 5 129 432 571 436 106 223 437 228
1 5 432 225 434 571 223 82 226 437
1 5 571 434 229 435 437 226 44 227
1 5 436 571 435 230 228 437 227 83
1 5 115 76 205 414 373 129 436 572
1 5 414 205 30 200 572 436 230 438
1 5 204 414 200 6 439 572 438 233
1 5 130 373 572 439 84 125 440 232
1 5 373 129 436 572 125 106 228 440
1 5 572 436 230 438 440 228 83 231
1 5 439 572 438 233 232 440 231 45
1 5 123 81 124 375 441 235 442 573
1 5 375 124 106 125 573 442 236 443
1 5 126 375 125 84 444 573 443 237
1 5 234 441 573 444 8 143 382 146
1 5 441 235 442 573 143 38 144 382
1 5 573 442 236 443 382 144 85 145
1 5 444 573 443 237 146 382 145 41
1 5 221 43 222 433 445 241 446 574
1 5 433 222 82 223 574 446 242 447
1 5 124 433 223 106 442 574 447 236
1 5 235 445 574 442 38 238 448 144
1 5 445 241 446 574 238 9 239 448
1 5 574 446 242 447 448 239 39 240
1 5 442 574 447 236 144 448 240 85
1 5 223 82 226 437 447 242 449 575
1 5 437 226 44 227 575 449 246 450
1 5 228 437 227 83 451 575 450 247
1 5 236 447 575 451 85 240 452 245
1 5 447 242 449 575 240 39 243 452
1 5 575 449 246 450 452 243 19 244
1 5 451 575 450 247 245 452 244 40
1 5 125 106 228 440 443 236 451 576
1 5 440 228 83 231 576 451 247 453
1 5 232 440 231 45 454 576 453 249
1 5 237 443 576 454 41 145 455 248
1 5 443 236 451 576 145 85 245 455
1 5 576 451 247 453 455 245 40 167
1 5 454 576 453 249 248 455 167 18
1 5 250 8 146 456 457 151 386 577
1 5 456 146 41 251 577 386 154 458
1 5 132 456 251 86 378 577 458 141
1 5 140 457 577 378 87 252 459 136
1 5 457 151 386 577 252 54 150 459
1 5 577 386 154 458 459 150 88 253
1 5 378 577 458 141 136 459 253 107
1 5 251 41 248 460 458 154 461 578
1 5 460 248 18 254 578 461 175 462
1 5 255 460 254 47 463 578 462 164
1 5 141 458 578 463 107 253 464 258
1 5 458 154 461 578 253 88 256 464
1 5 578 461 175 462 464 256 55 257
1 5 463 578 462 164 258 464 257 89
1 5 133 86 255 465 379 141 463 579
1 5 465 255 47 155 579 463 164 389
1 5 259 465 155 13 466 579 389 163
1 5 142 379 579 466 90 137 467 260
1 5 379 141 463 579 137 107 258 467
1 5 579 463 164 389 467 258 89 159
1 5 466 579 389 163 260 467 159 56
1 5 135 87 136 381 468 266 469 580
1 5 381 136 107 137 580 469 267 470
1 5 138 381 137 90 471 580 470 268
1 5 265 468 580 471 3 261 472 264
1 5 468 266 469 580 261 49 262 472
1 5 580 469 267 470 472 262 91 263
1 5 471 580 470 268 264 472 263 52
1 5 252 54 150 459 473 272 474 581
1 5 459 150 88 253 581 474 273 475
1 5 136 459 253 107 469 581 475 267
1 5 266 473 581 469 49 269 476 262
1 5 473 272 474 581 269 10 270 476
1 5 581 474 273 475 476 270 50 271
1 5 469 581 475 267 262 476 271 91
1 5 253 88 256 464 475 273 477 582
1 5 464 256 55 257 582 477 277 478
1 5 258 464 257 89 479 582 478 278
1 5 267 475 582 479 91 271 480 276
1 5 475 273 477 582 271 50 274 480
1 5 582 477 277 478 480 274 22 275
1 5 479 582 478 278 276 480 275 51
1 5 137 107 258 467 470 267 479 583
1 5 467 258 89 159 583 479 278 481
1 5 260 467 159 56 482 583 481 281
1 5 268 470 583 482 52 263 483 280
1 5 470 267 479 583 263 91 276 483
1 5 583 479 278 481 483 276 51 279
1 5 482 583 481 281 280 483 279 15
1 5 238 9 239 448 484 285 485 584
1 5 448 239 39 240 584 485 286 486
1 5 144 448 240 85 384 584 486 153
1 5 152 484 584 384 92 282 487 148
1 5 484 285 485 584 282 60 283 487
1 5 584 485 286 486 487 283 93 284
1 5 384 584 486 153 148 487 284 108
1 5 240 39 243 452 486 286 488 585
1 5 452 243 19 244 585 488 290 489
1 5 245 452 244 40 490 585 489 176
1 5 153 486 585 490 108 284 491 289
1 5 486 286 488 585 284 93 287 491
1 5 585 488 290 489 491 287 61 288
1 5 490 585 489 176 289 491 288 94
1 5 145 85 245 455 385 153 490 586
1 5 455 245 40 167 586 490 176 395
1 5 248 455 167 18 461 586 395 175
1 5 154 385 586 461 88 149 492 256
1 5 385 153 490 586 149 108 289 492
1 5 586 490 176 395 492 289 94 171
1 5 461 586 395 175 256 492 171 55
1 5 147 92 148 387 493 294 494 587
1 5 387 148 108 149 587 494 295 495
1 5 150 387 149 88 474 587 495 273
1 5 272 493 587 474 10 291 496 270
1 5 493 294 494 587 291 57 292 496
1 5 587 494 295 495 496 292 95 293
1 5 474 587 495 273 270 496 293 50
1 5 282 60 283 487 497 299 498 588
1 5 487 283 93 284 588 498 300 499
1 5 148 487 284 108 494 588 499 295
1 5 294 497 588 494 57 296 500 292
1 5 497 299 498 588 296 11 297 500
1 5 588 498 300 499 500 297 58 298
1 5 494 588 499 295 292 500 298 95
1 5 284 93 287 491 499 300 501 589
1 5 491 287 61 288 589 501 304 502
1 5 289 491 288 94 503 589 502 305
1 5 295 499 589 503 95 298 504 303
1 5 499 300 501 589 298 58 301 504
1 5 589 501 304 502 504 301 23 302
1 5 503 589 502 305 303 504 302 59
1 5 149 108 289 492 495 295 503 590
1 5 492 289 94 171 590 503 305 505
1 5 256 492 171 55 477 590 505 277
1 5 273 495 590 477 50 293 506 274
1 5 495 295 503 590 293 95 303 506
1 5 590 503 305 505 506 303 59 306
1 5 477 590 505 277 274 506 306 22
1 5 254 18 170 507 462 175 398 591
1 5 507 170 62 307 591 398 178 508
1 5 156 507 307 96 390 591 508 165
1 5 164 462 591 390 89 257 509 160
1 5 462 175 398 591 257 55 174 509
1 5 591 398 178 508 509 174 97 308
1 5 390 591 508 165 160 509 308 109
1 5 307 62 309 510 508 178 511 592
1 5 510 309 20 310 592 511 315 512
1 5 311 510 310 63 513 592 512 316
1 5 165 508 592 513 109 308 514 314
1 5 508 178 511 592 308 97 312 514
1 5 592 511 315 512 514 312 68 313
1 5 513 592 512 316 314 514 313 98
1 5 157 96 311 515 391 165 513 593
1 5 515 311 63 317 593 513 316 516
1 5 318 515 317 12 517 593 516 321
1 5 166 391 593 517 99 161 518 320
1 5 391 165 513 593 161 109 314 518
1 5 593 513 316 516 518 314 98 319
1 5 517 593 516 321 320 518 319 69
1 5 159 89 160 393 481 278 519 594
1 5 393 160 109 161 594 519 325 520
1 5 162 393 161 99 521 594 520 326
1 5 281 481 594 521 15 279 522 324
1 5 481 278 519 594 279 51 322 522
1 5 594 519 325 520 522 322 100 323
1 5 521 594 520 326 324 522 323 67
1 5 257 55 174 509 478 277 523 595
1 5 509 174 97 308 595 523 329 524
1 5 160 509 308 109 519 595 524 325
1 5 278 478 595 519 51 275 525 322
1 5 478 277 523 595 275 22 327 525
1 5 595 523 329 524 525 327 65 328
1 5 519 595 524 325 322 525 328 100
1 5 308 97 312 514 524 329 526 596
1 5 514 312 68 313 596 526 333 527
1 5 314 514 313 98 528 596 527 334
1 5 325 524 596 528 100 328 529 332
1 5 524 329 526 596 328 65 330 529
1 5 596 526 333 527 529 330 24 331
1 5 528 596 527 334 332 529 331 66
1 5 161 109 314 518 520 325 528 597
1 5 518 314 98 319 597 528 334 530
1 5 320 518 319 69 531 597 530 337
1 5 326 520 597 531 67 323 532 336
1 5 520 325 528 597 323 100 332 532
1 5 597 528 334 530 532 332 66 335
1 5 531 597 530 337 336 532 335 14
1 5 244 19 338 533 489 290 534 598
1 5 533 338 70 339 598 534 342 535
1 5 168 533 339 101 396 598 535 177
1 5 176 489 598 396 94 288 536 172
1 5 489 290 534 598 288 61 340 536
1 5 598 534 342 535 536 340 102 341
1 5 396 598 535 177 172 536 341 110
1 5 339 70 343 537 535 342 538 599
1 5 537 343 21 344 599 538 349 539
1 5 345 537 344 71 540 599 539 350
1 5 177 535 599 540 110 341 541 348
1 5 535 342 538 599 341 102 346 541
1 5 599 538 349 539 541 346 74 347
1 5 540 599 539 350 348 541 347 103
1 5 169 101 345 542 397 177 540 600
1 5 542 345 71 351 600 540 350 543
1 5 309 542 351 20 511 600 543 315
1 5 178 397 600 511 97 173 544 312
1 5 397 177 540 600 173 110 348 544
1 5 600 540 350 543 544 348 103 352
1 5 511 600 543 315 312 544 352 68
1 5 171 94 172 399 505 305 545 601
1 5 399 172 110 173 601 545 355 546
1 5 174 399 173 97 523 601 546 329
1 5 277 505 601 523 22 306 547 327
1 5 505 305 545 601 306 59 353 547
1 5 601 545 355 546 547 353 104 354
1 5 523 601 546 329 327 547 354 65
1 5 288 61 340 536 502 304 548 602
1 5 536 340 102 341 602 548 358 549
1 5 172 536 341 110 545 602 549 355
1 5 305 502 602 545 59 302 550 353
1 5 502 304 548 602 302 23 356 550
1 5 602 548 358 549 550 356 72 357
1 5 545 602 549 355 353 550 357 104
1 5 341 102 346 541 549 358 551 603
1 5 541 346 74 347 603 551 362 552
1 5 348 541 347 103 553 603 552 363
1 5 355 549 603 553 104 357 554 361
1 5 549 358 551 603 357 72 359 554
1 5 603 551 362 552 554 359 25 360
1 5 553 603 552 363 361 554 360 73
1 5 173 110 348 544 546 355 553 604
1 5 544 348 103 352 604 553 363 555
1 5 312 544 352 68 526 604 555 333
1 5 329 546 604 526 65 354 556 330
1 5 546 355 553 604 354 104 361 556
1 5 604 553 363 555 556 361 73 364
1 5 526 604 555 333 330 556 364 24

boundary
384
1 3 4 195 410 196
1 3 0 111 371 127
1 3 2 131 377 139
1 3 8 143 383 151
1 3 28 188 405 189
1 3 75 181 400 112
1 3 29 113 365 114
1 3 26 179 430 128
1 3 81 221 445 235
1 3 42 123 441 234
1 3 46 250 457 140
1 3 87 252 473 266
1 3 53 135 468 265
1 3 38 238 484 152
1 3 92 282 497 294
1 3 54 147 493 272
1 3 195 28 189 410
1 3 410 189 75 113
1 3 196 410 113 29
1 3 111 26 128 371
1 3 371 128 81 123
1 3 127 371 123 42
1 3 131 46 140 377
1 3 377 140 87 135
1 3 139 377 135 53
1 3 143 38 152 383
1 3 383 152 92 147
1 3 151 383 147 54
1 3 188 5 187 405
1 3 405 187 27 181
1 3 189 405 181 75
1 3 181 27 180 400
1 3 400 180 1 179
1 3 112 400 179 26
1 3 113 75 112 365
1 3 365 112 26 111
1 3 114 365 111 0
1 3 179 1 224 430
1 3 430 224 43 221
1 3 128 430 221 81
1 3 221 43 241 445
1 3 445 241 9 238
1 3 235 445 238 38
1 3 123 81 235 441
1 3 441 235 38 143
1 3 234 441 143 8
1 3 250 8 151 457
1 3 457 151 54 252
1 3 140 457 252 87
1 3 252 54 272 473
1 3 473 272 10 269
1 3 266 473 269 49
1 3 135 87 266 468
1 3 468 266 49 261
1 3 265 468 261 3
1 3 238 9 285 484
1 3 484 285 60 282
1 3 152 484 282 92
1 3 282 60 299 497
1 3 497 299 11 296
1 3 294 497 296 57
1 3 147 92 294 493
1 3 493 294 57 291
1 3 272 493 291 10
6 3 114 0 119 369
6 3 1 180 402 185
6 3 5 188 407 193
6 3 6 200 418 203
6 3 119 0 127 374
6 3 134 376 131 2
6 3 1 185 431 224
6 3 7 208 435 229
6 3 158 388 155 13
6 3 170 394 167 18
6 3 13 259 466 163
6 3 3 261 472 264
6 3 9 239 485 285
6 3 10 291 496 270
6 3 20 310 512 315
6 3 12 318 517 321
6 3 15 279 522 324
6 3 19 338 534 290
6 3 21 344 539 349
6 3 22 306 547 327
6 3 196 29 122 412
6 3 198 79 207 428
6 3 118 34 204 417
6 3 204 34 130 439
6 3 232 84 237 454
6 3 126 42 234 444
6 3 132 456 250 46
6 3 255 460 251 86
6 3 259 465 133 48
6 3 156 507 254 47
6 3 311 510 307 96
6 3 318 515 157 64
6 3 27 187 406 186
6 3 77 190 423 212
6 3 35 183 420 211
6 3 28 195 411 194
6 3 78 197 427 217
6 3 36 191 424 216
6 3 30 208 422 201
6 3 80 210 426 215
6 3 33 202 429 219
6 3 30 200 438 230
6 3 83 231 453 247
6 3 44 227 450 246
6 3 168 533 244 40
6 3 345 537 339 101
6 3 309 542 169 62
6 3 35 211 434 225
6 3 82 226 449 242
6 3 43 222 446 241
6 3 70 343 538 342
6 3 102 346 551 358
6 3 61 340 548 304
6 3 48 134 380 142
6 3 90 138 471 268
6 3 56 260 482 281
6 3 49 269 476 262
6 3 91 271 480 276
6 3 52 263 483 280
6 3 57 296 500 292
6 3 95 298 504 303
6 3 50 293 506 274
6 3 51 275 525 322
6 3 100 328 529 332
6 3 67 323 532 336
6 3 59 302 550 353
6 3 104 357 554 361
6 3 65 354 556 330
6 3 39 243 488 286
6 3 93 287 501 300
6 3 60 283 498 299
6 3 63 317 516 316
6 3 98 319 530 334
6 3 68 313 527 333
6 3 64 158 392 166
6 3 99 162 521 326
6 3 69 320 531 337
6 3 71 351 543 350
6 3 103 352 555 363
6 3 74 347 552 362
6 3 29 114 369 122
6 3 122 369 118 79
6 3 369 119 34 118
6 3 34 119 374 130
6 3 130 374 126 84
6 3 374 127 42 126
6 3 376 132 46 131
6 3 133 86 132 376
6 3 48 133 376 134
6 3 388 156 47 155
6 3 157 96 156 388
6 3 64 157 388 158
6 3 4 196 412 199
6 3 199 412 198 37
6 3 412 122 79 198
6 3 37 198 428 220
6 3 220 428 219 16
6 3 428 207 33 219
6 3 79 118 417 207
6 3 207 417 203 33
6 3 417 204 6 203
6 3 6 204 439 233
6 3 233 439 232 45
6 3 439 130 84 232
6 3 45 232 454 249
6 3 249 454 248 18
6 3 454 237 41 248
6 3 84 126 444 237
6 3 237 444 146 41
6 3 444 234 8 146
6 3 456 146 8 250
6 3 251 41 146 456
6 3 86 251 456 132
6 3 460 248 41 251
6 3 254 18 248 460
6 3 47 254 460 255
6 3 465 255 86 133
6 3 155 47 255 465
6 3 13 155 465 259
6 3 507 170 18 254
6 3 307 62 170 507
6 3 96 307 507 156
6 3 510 309 62 307
6 3 310 20 309 510
6 3 63 310 510 311
6 3 515 311 96 157
6 3 317 63 311 515
6 3 12 317 515 318
6 3 180 27 186 402
6 3 402 186 77 183
6 3 185 402 183 35
6 3 188 28 194 407
6 3 407 194 78 191
6 3 193 407 191 36
6 3 200 30 201 418
6 3 418 201 80 202
6 3 203 418 202 33
6 3 208 30 230 435
6 3 435 230 83 227
6 3 229 435 227 44
6 3 394 168 40 167
6 3 169 101 168 394
6 3 62 169 394 170
6 3 187 5 193 406
6 3 406 193 36 190
6 3 186 406 190 77
6 3 190 36 216 423
6 3 423 216 17 213
6 3 212 423 213 31
6 3 183 77 212 420
6 3 420 212 31 209
6 3 211 420 209 7
6 3 195 4 199 411
6 3 411 199 37 197
6 3 194 411 197 78
6 3 197 37 220 427
6 3 427 220 16 218
6 3 217 427 218 32
6 3 191 78 217 424
6 3 424 217 32 214
6 3 216 424 214 17
6 3 208 7 209 422
6 3 422 209 31 210
6 3 201 422 210 80
6 3 210 31 213 426
6 3 426 213 17 214
6 3 215 426 214 32
6 3 202 80 215 429
6 3 429 215 32 218
6 3 219 429 218 16
6 3 200 6 233 438
6 3 438 233 45 231
6 3 230 438 231 83
6 3 231 45 249 453
6 3 453 249 18 167
6 3 247 453 167 40
6 3 227 83 247 450
6 3 450 247 40 244
6 3 246 450 244 19
6 3 533 338 19 244
6 3 339 70 338 533
6 3 101 339 533 168
6 3 537 343 70 339
6 3 344 21 343 537
6 3 71 344 537 345
6 3 542 345 101 169
6 3 351 71 345 542
6 3 20 351 542 309
6 3 185 35 225 431
6 3 431 225 82 222
6 3 224 431 222 43
6 3 338 70 342 534
6 3 534 342 102 340
6 3 290 534 340 61
6 3 211 7 229 434
6 3 434 229 44 226
6 3 225 434 226 82
6 3 226 44 246 449
6 3 449 246 19 243
6 3 242 449 243 39
6 3 222 82 242 446
6 3 446 242 39 239
6 3 241 446 239 9
6 3 343 21 349 538
6 3 538 349 74 346
6 3 342 538 346 102
6 3 346 74 362 551
6 3 551 362 25 359
6 3 358 551 359 72
6 3 340 102 358 548
6 3 548 358 72 356
6 3 304 548 356 23
6 3 259 48 142 466
6 3 466 142 90 260
6 3 163 466 260 56
6 3 134 2 139 380
6 3 380 139 53 138
6 3 142 380 138 90
6 3 138 53 265 471
6 3 471 265 3 264
6 3 268 471 264 52
6 3 260 90 268 482
6 3 482 268 52 280
6 3 281 482 280 15
6 3 261 49 262 472
6 3 472 262 91 263
6 3 264 472 263 52
6 3 291 57 292 496
6 3 496 292 95 293
6 3 270 496 293 50
6 3 279 51 322 522
6 3 522 322 100 323
6 3 324 522 323 67
6 3 306 59 353 547
6 3 547 353 104 354
6 3 327 547 354 65
6 3 269 10 270 476
6 3 476 270 50 271
6 3 262 476 271 91
6 3 271 50 274 480
6 3 480 274 22 275
6 3 276 480 275 51
6 3 263 91 276 483
6 3 483 276 51 279
6 3 280 483 279 15
6 3 296 11 297 500
6 3 500 297 58 298
6 3 292 500 298 95
6 3 298 58 301 504
6 3 504 301 23 302
6 3 303 504 302 59
6 3 293 95 303 506
6 3 506 303 59 306
6 3 274 506 306 22
6 3 275 22 327 525
6 3 525 327 65 328
6 3 322 525 328 100
6 3 328 65 330 529
6 3 529 330 24 331
6 3 332 529 331 66
6 3 323 100 332 532
6 3 532 332 66 335
6 3 336 532 335 14
6 3 302 23 356 550
6 3 550 356 72 357
6 3 353 550 357 104
6 3 357 72 359 554
6 3 554 359 25 360
6 3 361 554 360 73
6 3 354 104 361 556
6 3 556 361 73 364
6 3 330 556 364 24
6 3 239 39 286 485
6 3 485 286 93 283
6 3 285 485 283 60
6 3 243 19 290 488
6 3 488 290 61 287
6 3 286 488 287 93
6 3 287 61 304 501
6 3 501 304 23 301
6 3 300 501 301 58
6 3 283 93 300 498
6 3 498 300 58 297
6 3 299 498 297 11
6 3 310 63 316 512
6 3 512 316 98 313
6 3 315 512 313 68
6 3 317 12 321 516
6 3 516 321 69 319
6 3 316 516 319 98
6 3 319 69 337 530
6 3 530 337 14 335
6 3 334 530 335 66
6 3 313 98 334 527
6 3 527 334 66 331
6 3 333 527 331 24
6 3 318 64 166 517
6 3 517 166 99 320
6 3 321 517 320 69
6 3 158 13 163 392
6 3 392 163 56 162
6 3 166 392 162 99
6 3 162 56 281 521
6 3 521 281 15 324
6 3 326 521 324 67
6 3 320 99 326 531
6 3 531 326 67 336
6 3 337 531 336 14
6 3 344 71 350 539
6 3 539 350 103 347
6 3 349 539 347 74
6 3 351 20 315 543
6 3 543 315 68 352
6 3 350 543 352 103
6 3 352 68 333 555
6 3 555 333 24 364
6 3 363 555 364 73
6 3 347 103 363 552
6 3 552 363 73 360
6 3 362 552 360 25

vertices
605

nodes
FiniteElementSpace
FiniteElementCollection: H1_3D_P2
VDim: 3
Ordering: 0

-0.31000795
-3.1225023e-17
-0.67227043
-0.70710678
-0.37298049
-4.7704896e-18
-0.26592163
2.9273459e-18
-0.37298049
-4.7704896e-18
-0.39717735
1.0842022e-18
-0.47240707
-0.57019239
-0.48603889
-0.59335069
-0.30722904
2.4733362e-19
-0.30722904
6.169788e-18
-0.24775119
1.5517644e-18
-0.3224644
1.2624179e-17
-0.25629728
-5.4210109e-20
-0.15500398
-1.7997756e-17
-0.18649024
-0.34149422
-0.13296081
1.5873397e-18
-0.15361452
-0.28657533
-0.28796479
-1.4148838e-17
-2.261578e-18
-0.34010476
-0.18649024
6.9964921e-19
-0.15361452
-0.34010476
-0.34149422
-1.7997756e-17
4.5485669e-18
-0.28657533
-0.52262546
-0.43871072
-0.62123141
-0.55214206
-0.35982088
-0.45790755
-0.65022874
-0.68968861
-0.38507892
-0.31484672
-0.58177154
-0.19858867
6.8541906e-18
-0.1612322
-1.8431437e-18
9.3969835e-18
-0.27749011
-0.36007913
-0.52129973
-0.28938084
-0.37116809
-0.53969479
-0.25202424
-0.47922298
3.8607762e-18
-0.12387559
6.2849845e-18
-0.12814864
7.4877713e-19
-0.17074711
-0.1439824
-8.2052082e-18
-0.17005238
-0.31403478
-0.14328767
-0.17074711
-6.7245946e-18
-0.14328767
-0.31403478
-0.17005238
-0.48066809
-0.53738376
-0.34996282
-0.44830913
-0.63573008
-0.50502481
-0.19253946
3.7769199e-18
-0.15742336
-0.17991044
-0.39939492
-0.28343548
-0.36562361
-0.53049726
-0.41453782
-0.13874506
5.0728803e-18
-0.12601212
-0.14469042
-0.15701739
-0.15701739
-0.49284645
-0.17498141
-0.40696637
-0.14171774
-0.23250597
-0.16287554
-0.25612067
-0.32575109
-0.21597359
-0.15049989
-0.23552608
-0.30099978
-0.29898637
-0.14949319
-0.16388225
-0.3277645
-0.25612067
-0.16388225
-0.23552608
-0.3277645
-0.32575109
-0.16287554
-0.15049989
-0.30099978
-0.59744795
-0.50164677
-0.55094975
-0.64675092
-0.61353618
-0.5151151
-0.56428826
-0.66270934
-0.68097952
-0.53000461
-0.48675727
-0.62848074
-0.27973537
-0.17827131
-0.25507857
-0.35654263
-0.28880919
-0.18376043
-0.26247211
-0.36752087
-0.3790297
-0.18951485
-0.1725169
-0.34503379
-0.50445155
-0.41905282
-0.46034733
-0.54574606
-0.51504034
-0.42763775
-0.46873181
-0.5561344
-0.57598197
-0.44350992
-0.40318065
-0.52589849
-0.23042178
-0.14617979
-0.20811758
-0.29235958
-0.23613504
-0.14957055
-0.21257661
-0.2991411
-0.31103788
-0.15551894
-0.1402314
-0.2804628
-0.077501989
-2.4611389e-17
-0.085373555
-0.071991198
-1.1177023e-17
-0.078508694
-2.268693e-17
-1.3101482e-17
-1.1384123e-17
-0.093245122
-0.17861868
-5.2333931e-18
-0.085026191
-0.16353489
-3.5160338e-18
-0.17827131
-0.27973537
-0.35723735
-0.25507857
-0.32706977
-0.35654263
-0.19944122
-0.13812424
-0.2149315
-0.27624848
-0.27694321
-0.1384716
-0.15015253
-0.30030505
-0.066480406
2.2573428e-18
-0.071643833
-5.6107462e-18
-3.3089342e-18
9.1733668e-19
-0.07680726
-0.14845109
-1.0071222e-18
-0.16183345
-0.23042178
-0.29690219
-0.3236669
-0.085373555
-1.2361175e-17
-0.078508694
-2.4611389e-17
-1.0436716e-17
-1.0880138e-18
-0.071643833
-0.15015253
3.7379564e-18
-0.13812424
-0.2149315
-0.30030505
-0.27624848
-0.35723735
-0.17861868
-0.16353489
-0.32706977
-0.093245122
-2.0354202e-18
-0.085026191
-1.1384123e-17
-3.0124727e-18
3.4347186e-18
-0.07680726
-0.16183345
5.3591775e-18
-0.14845109
-0.3236669
-0.29690219
-0.44780297
-0.41038643
-0.46123134
-0.42140463
-0.37296988
-0.4596894
-0.33240477
-0.38157793
-0.47057779
-0.5957119
-0.60875081
-0.62962442
-0.52858344
-0.57762677
-0.67866776
-0.69839769
-0.54476291
-0.49893563
-0.64297941
-0.47465971
-0.37849911
-0.43242284
-0.39112813
-0.35489185
-0.34114264
-0.39018598
-0.48146618
-0.31865556
-0.45310834
-0.52562912
-0.62178972
-0.58756112
-0.096269729
9.6688811e-19
-0.087490705
-3.3068166e-18
2.2382846e-18
6.5869517e-18
-0.078711681
-0.16620239
7.7833858e-18
-0.29788301
-0.18924956
-0.26986566
-0.19556407
-0.17744592
-0.099294337
3.9691964e-18
-0.089955219
-3.7947076e-19
5.3155553e-18
9.7391848e-18
-0.080616101
-0.17057132
1.1010581e-17
-0.15932778
-0.2418483
-0.33844252
-0.34520092
-0.26262065
-0.30391516
-0.37973702
-0.26772986
-0.30882392
-0.38629499
-0.24988771
-0.36285137
-0.4162431
-0.4968534
-0.42242329
-0.50486012
-0.47581502
-0.43622268
-0.4771163
-0.56652274
-0.41075209
-0.53509603
-0.30592262
-0.35195933
-0.28640816
-0.27283906
-0.31373269
-0.39285295
-0.25416076
-0.36839585
-0.42860349
-0.51286684
-0.48263093
5.0152821e-18
-0.069372528
7.2349319e-18
-0.07085887
4.4668282e-18
2.7062703e-18
-0.061937797
-0.13131032
2.9108287e-18
-0.063006059
-0.13386493
1.1502707e-18
-0.12494386
-0.18581339
-0.18901818
-0.15296131
-0.21703563
-0.14320408
9.4545818e-18
-0.072345211
5.6789324e-18
3.1153872e-18
-0.064074321
-0.13641953
3.4728351e-19
-0.12708038
-0.19222296
-0.24431332
-0.22423978
-0.15668772
-0.24582337
-0.31337544
-0.22574984
-0.24431332
-0.15668772
-0.22574984
-0.31337544
-0.24582337
-0.57419885
-0.60549207
-0.50838094
-0.55761901
-0.65473013
-0.58891222
-0.26740697
-0.28427228
-0.18101587
-0.25877534
-0.36203175
-0.27564065
-0.48239944
-0.50974595
-0.42334528
-0.46453957
-0.55094023
-0.49188608
-0.21926968
-0.23327841
-0.14787517
-0.2103471
-0.29575034
-0.22435583
-0.081437772
-0.074746593
-1.7894206e-17
-0.081941125
-0.075249946
-0.089309338
-8.3087579e-18
-0.089135656
-0.17107678
-0.081767443
-0.26792802
-0.26740697
-0.34215356
-0.24530233
-0.20770741
-0.14431207
-0.22522879
-0.28862413
-0.20718636
-0.069235802
-4.4598402e-18
-0.075076264
-0.06906212
-2.1580282e-18
-0.080916725
-0.15599299
-0.074225547
-0.24275018
-0.31198598
-0.22267664
-0.081437772
-1.7524053e-17
-0.075249946
-0.081941125
-3.34938e-18
-0.06906212
-0.14431207
-0.075076264
-0.20718636
-0.28862413
-0.22522879
-0.26792802
-0.17107678
-0.24530233
-0.34215356
-0.089309338
-7.1982977e-18
-0.081767443
-0.089135656
1.1733524e-18
-0.074225547
-0.15599299
-0.080916725
-0.22267664
-0.31198598
-0.24275018
-0.4290947
-0.45451716
-0.41589553
-0.44131799
-0.39167815
-0.32803584
-0.3772739
-0.4651336
-0.40149128
-0.52770065
-0.60223136
-0.5396643
-0.6215803
-0.52184927
-0.57095752
-0.67068855
-0.6036256
-0.46794552
-0.37300999
-0.42691374
-0.45354127
-0.33677371
-0.38588195
-0.47602198
-0.41130441
-0.52033473
-0.61527026
-0.55162795
-0.094757426
-5.3426603e-19
-0.086258448
-0.091880217
5.0108352e-18
-0.07775947
-0.16401792
-0.083101193
-0.24930358
-0.2933461
-0.186505
-0.26616889
-0.28387433
-0.097782033
2.4680423e-18
-0.088722962
-0.094624778
8.1630683e-18
-0.079663891
-0.16838685
-0.08528566
-0.23899167
-0.25585698
-0.3557062
-0.34182172
-0.36338943
-0.32117884
-0.26517525
-0.30636954
-0.38301601
-0.32701242
-0.43829521
-0.41933319
-0.50085676
-0.44557755
-0.43193022
-0.47292406
-0.56132857
-0.50137271
-0.30253186
-0.34858013
-0.37107265
-0.27028446
-0.3112783
-0.38957397
-0.33284601
-0.42551339
-0.50886348
-0.4528599
-0.073089894
6.125107e-18
-0.070115699
-0.074785275
-0.065655162
2.8085495e-18
-0.062471928
-0.13258763
-0.066932464
-0.19696549
-0.18741578
-0.20079739
-0.15126593
-0.21480612
-0.22944197
8.3447568e-18
-0.07160204
-0.076480656
3.013108e-18
-0.06354019
-0.13514223
-0.068209766
-0.19062057
-0.2046293
-0.23503158
-0.23503158
-0.58155554
-0.27152381
-0.48714276
-0.22181275
-0.078343859
-0.08553839
-0.25661517
-0.2164681
-0.072156033
-0.077996495
-0.23398948
-0.078343859
-0.072156033
-0.2164681
-0.25661517
-0.08553839
-0.077996495
-0.23398948
-0.43520634
-0.39658472
-0.53368248
-0.59626891
-0.44742963
-0.40639784
-0.54564612
-0.090507937
-0.082008959
-0.24602688
-0.27975749
-0.093252498
-0.084193426
-0.25258028
-0.35954781
-0.32409563
-0.44193638
-0.49662939
-0.36723104
-0.32992922
-0.44921872
-0.073937585
-0.066293813
-0.19888144
-0.2268989
-0.075632966
-0.067571115
-0.20271335
-0.27125696
-0.23840964
-0.2850322
-0.31787952
-0.26161308
-0.22963568
-0.27420351
-0.3061809
-0.30449716
-0.22837287
-0.23967245
-0.31956326
-0.2850322
-0.23967245
-0.27420351
-0.31956326
-0.31787952
-0.23840964
-0.22963568
-0.3061809
-0.63485919
-0.5858234
-0.61047489
-0.65951068
-0.64323579
-0.5935238
-0.61814283
-0.66785483
-0.67662498
-0.60147001
-0.57787719
-0.65074053
-0.32635793
-0.27357117
-0.3119748
-0.36476156
-0.33165099
-0.27789804
-0.31677778
-0.37053072
-0.37600509
-0.28200382
-0.26946539
-0.35928719
-0.53732197
-0.4934255
-0.51407275
-0.55796923
-0.54286396
-0.49844435
-0.51904149
-0.5634611
-0.57308718
-0.50709875
-0.4847711
-0.54834315
-0.26882541
-0.22484573
-0.25581463
-0.29979431
-0.27215815
-0.22754558
-0.25878155
-0.30339411
-0.30913346
-0.2318501
-0.22054122
-0.29405496
-0.11625298
-0.07946988
-0.12215666
-0.15893976
-0.11211989
-0.076545226
-0.11751579
-0.15309045
-0.15224858
-0.076124291
-0.079890815
-0.15978163
-0.12806033
-0.087341447
-0.13396401
-0.17468289
-0.12291169
-0.083739758
-0.12830759
-0.16747952
-0.16731468
-0.08365734
-0.087423864
-0.17484773
-0.29880744
-0.26202434
-0.31258268
-0.34936579
-0.28679394
-0.25121927
-0.29938437
-0.33495903
-0.33462936
-0.25097202
-0.26227159
-0.34969546
-0.25196919
-0.22086172
-0.26337481
-0.29448229
-0.24232531
-0.21208775
-0.25254611
-0.28278367
-0.282454
-0.2118405
-0.22110897
-0.29481196
-0.1079868
-0.073620572
-0.11287492
-0.14724114
-0.1038537
-0.070695917
-0.10823405
-0.14139183
-0.141227
-0.0706135
-0.073702989
-0.14740598
-0.11776304
-0.080138068
-0.12265116
-0.16027614
-0.1126144
-0.076536379
-0.11699474
-0.15307276
-0.15358496
-0.076792479
-0.079881969
-0.15976394
-0.27478043
-0.24041421
-0.28618605
-0.32055227
-0.26276692
-0.22960914
-0.27298773
-0.30614552
-0.30716992
-0.23037744
-0.23964591
-0.31952787
-0.12215666
-0.079890815
-0.11751579
-0.15978163
-0.15893976
-0.07946988
-0.076545226
-0.15309045
-0.11287492
-0.073702989
-0.10823405
-0.14740598
-0.14724114
-0.073620572
-0.070695917
-0.14139183
-0.26337481
-0.22110897
-0.25254611
-0.29481196
-0.29448229
-0.22086172
-0.21208775
-0.28278367
-0.29880744
-0.25097202
-0.28679394
-0.33462936
-0.31258268
-0.26227159
-0.29938437
-0.34969546
-0.34936579
-0.26202434
-0.25121927
-0.33495903
-0.12806033
-0.08365734
-0.12291169
-0.16731468
-0.13396401
-0.087423864
-0.12830759
-0.17484773
-0.17468289
-0.087341447
-0.083739758
-0.16747952
-0.11776304
-0.076792479
-0.1126144
-0.15358496
-0.12265116
-0.079881969
-0.11699474
-0.15976394
-0.16027614
-0.080138068
-0.076536379
-0.15307276
-0.27478043
-0.23037744
-0.26276692
-0.30716992
-0.28618605
-0.23964591
-0.27298773
-0.31952787
-0.32055227
-0.24041421
-0.22960914
-0.30614552
-0.48521422
-0.43844884
-0.46537074
-0.51213612
-0.49226088
-0.44486175
-0.47179364
-0.51919277
-0.52631504
-0.45116006
-0.43215052
-0.50501386
-0.44552726
-0.40103229
-0.42568378
-0.47017874
-0.4513264
-0.40624012
-0.43085916
-0.47594543
-0.48371268
-0.41314098
-0.39413143
-0.4624115
-0.58609058
-0.5393252
-0.56170628
-0.60847166
-0.59304987
-0.54565074
-0.56795692
-0.61535605
-0.62485608
-0.55428438
-0.53069156
-0.59897163
-0.6516124
-0.6012242
-0.62581078
-0.67619897
-0.659989
-0.60892461
-0.63347873
-0.68454312
-0.69404315
-0.61755824
-0.59259057
-0.66669895
-0.49930755
-0.45127466
-0.47821655
-0.52624943
-0.50635422
-0.45768758
-0.48463945
-0.53330609
-0.54107334
-0.46458843
-0.44437381
-0.51848219
-0.45712554
-0.41144796
-0.43603454
-0.48171212
-0.46292468
-0.41665579
-0.44120991
-0.48747881
-0.49589104
-0.42415919
-0.40394456
-0.47329989
-0.60000917
-0.55197628
-0.57420755
-0.62224044
-0.60696846
-0.55830182
-0.58045819
-0.62912483
-0.63935474
-0.56762289
-0.54265521
-0.61201054
-0.13986768
-0.091190389
-0.13370348
-0.18238078
-0.14213614
-0.092632681
-0.13576191
-0.18526536
-0.18800255
-0.094001274
-0.089821797
-0.17964359
-0.12753929
-0.082971458
-0.12137509
-0.16594292
-0.12938767
-0.084133703
-0.12301344
-0.16826741
-0.17128464
-0.085642319
-0.081462842
-0.16292568
-0.29759167
-0.24891437
-0.28320854
-0.33188583
-0.30190457
-0.25240111
-0.28703136
-0.33653481
-0.34256928
-0.25692696
-0.24438853
-0.32585137
-0.33694405
-0.28222492
-0.32158076
-0.37629989
-0.34223712
-0.2865518
-0.32638374
-0.38206906
-0.38810352
-0.29107764
-0.27769907
-0.37026543
-0.14440459
-0.094074973
-0.13782033
-0.18814995
-0.14667305
-0.095517265
-0.13987875
-0.19103453
-0.19405176
-0.097025881
-0.092566357
-0.18513271
-0.13123606
-0.085295949
-0.12465179
-0.1705919
-0.13308444
-0.086458194
-0.12629014
-0.17291639
-0.17621367
-0.088106833
-0.08364731
-0.16729462
-0.30621747
-0.25588785
-0.29085417
-0.3411838
-0.31053037
-0.25937458
-0.29467699
-0.34583278
-0.35242733
-0.2643205
-0.25094193
-0.33458924
-0.4058403
-0.36433804
-0.38737951
-0.42888177
-0.41039191
-0.36841086
-0.39144655
-0.4334276
-0.44111032
-0.37512189
-0.357627
-0.42119905
-0.36891872
-0.32981068
-0.35045793
-0.38956597
-0.37250118
-0.33295868
-0.35355582
-0.39309833
-0.40128778
-0.34013212
-0.32263723
-0.38137651
-0.49082353
-0.44932127
-0.4675743
-0.50907656
-0.49521903
-0.45323798
-0.47139657
-0.51337763
-0.52359911
-0.46244345
-0.4401158
-0.49885508
-0.54840594
-0.50346321
-0.52401024
-0.56895297
-0.55394792
-0.50848206
-0.52897898
-0.57444485
-0.58466633
-0.51768753
-0.49425774
-0.55873149
-0.41494353
-0.37248368
-0.39551359
-0.43797344
-0.41949515
-0.3765565
-0.39958063
-0.44251928
-0.45070874
-0.38372994
-0.36531023
-0.42978398
-0.37608365
-0.33610667
-0.35665371
-0.39663068
-0.37966611
-0.33925467
-0.35975159
-0.40016303
-0.40885923
-0.34689053
-0.32847082
-0.38793448
-0.49961454
-0.45715468
-0.47521884
-0.51767869
-0.50401004
-0.46107139
-0.4790411
-0.52197975
-0.53279664
-0.47082794
-0.44739814
-0.5068618
-0.11521089
-0.074948577
-0.10963484
-0.14989715
-0.11663921
-0.075848527
-0.11090638
-0.15169705
-0.15456673
-0.077283365
-0.073513739
-0.14702748
-0.10405879
-0.067513845
-0.098482744
-0.13502769
-0.10517355
-0.068204756
-0.09944072
-0.13640951
-0.13948823
-0.069744114
-0.065974488
-0.13194898
-0.24280385
-0.20254154
-0.22979307
-0.27005538
-0.24540495
-0.20461427
-0.23202835
-0.27281902
-0.27897645
-0.20923234
-0.19792346
-0.26389795
-0.27549088
-0.23024543
-0.26174846
-0.30699391
-0.27882362
-0.23294528
-0.26471538
-0.31059371
-0.31675114
-0.23756336
-0.22562736
-0.30083648
-0.11806752
-0.076748478
-0.11217791
-0.15349696
-0.11949584
-0.077648428
-0.11344945
-0.15529686
-0.15837557
-0.079187786
-0.07520912
-0.15041824
-0.1062883
-0.068895667
-0.1003987
-0.13779133
-0.10740306
-0.069586578
-0.10135667
-0.13917316
-0.14246091
-0.071230455
-0.06725179
-0.13450358
-0.24800604
-0.206687
-0.23426362
-0.27558267
-0.25060714
-0.20875973
-0.2364989
-0.27834631
-0.28492182
-0.21369137
-0.20175537
-0.26900716
-0.19375497
-0.20359443
-0.18686648
-0.19585965
-0.16681133
-0.21343389
-0.25021699
-0.16028498
-0.20485281
-0.24042748
-0.33362265
-0.32056997
-0.29347558
-0.22010669
-0.23039071
-0.30718761
-0.17997799
-0.18812486
-0.14673779
-0.1535938
-0.15375864
-0.19627174
-0.23063796
-0.16044982
-0.24067473
-0.30751728
-0.32089964
-0.20359443
-0.19585965
-0.1535938
-0.18812486
-0.23039071
-0.30718761
-0.33362265
-0.25021699
-0.24042748
-0.32056997
-0.21343389
-0.20485281
-0.16681133
-0.16028498
-0.16044982
-0.19627174
-0.24067473
-0.15375864
-0.23063796
-0.32089964
-0.30751728
-0.5600367
-0.53792281
-0.56774834
-0.54496824
-0.49115743
-0.51580892
-0.5625743
-0.4975691
-0.52218814
-0.56958727
-0.63399117
-0.64160544
-0.68533406
-0.60951412
-0.58523388
-0.65871974
-0.57545997
-0.55201366
-0.53369419
-0.51174802
-0.50398078
-0.52856735
-0.57660024
-0.48980186
-0.56095363
-0.64921971
-0.63210541
-0.2331128
-0.22283914
-0.23689356
-0.22626984
-0.17416185
-0.21256548
-0.26124277
-0.17676638
-0.21564612
-0.26514958
-0.34832369
-0.35353277
-0.38205431
-0.28654073
-0.27358223
-0.36477631
-0.24067432
-0.22970054
-0.19102715
-0.18238815
-0.17937092
-0.21872676
-0.26905638
-0.17374915
-0.26062373
-0.35874184
-0.34749831
-0.47158114
-0.45072613
-0.47662794
-0.45524402
-0.40922387
-0.42987112
-0.47137338
-0.41326297
-0.43386011
-0.47584116
-0.5335229
-0.53841936
-0.57887676
-0.51239314
-0.48951442
-0.55353732
-0.48167474
-0.45976191
-0.44590953
-0.42549152
-0.41730206
-0.43784909
-0.48030895
-0.40507351
-0.46663569
-0.54331583
-0.52819788
-0.19201815
-0.18272474
-0.19439868
-0.18484396
-0.14246242
-0.17343132
-0.21369363
-0.14405328
-0.17528925
-0.21607993
-0.28492484
-0.28810657
-0.3129423
-0.23470673
-0.22308429
-0.29744572
-0.1967792
-0.18696319
-0.15647115
-0.14872286
-0.14564414
-0.17714717
-0.21846622
-0.14097457
-0.21146185
-0.29128829
-0.28194914
-0.038750994
-2.7918206e-17
-0.040718886
-0.037373297
-2.0290568e-17
-0.039171929
-2.6955977e-17
-2.1252798e-17
-2.1304573e-17
-0.042686778
-0.083405664
-1.5497844e-17
-0.040970562
-0.080142492
-1.5549619e-17
-0.073368895
-0.076796902
-0.035995599
-1.2662931e-17
-0.037624973
-1.8417884e-17
-1.4535615e-17
-9.6911157e-18
-0.039254347
-0.07687932
-1.0653345e-17
-0.080224909
-1.4690939e-17
-0.044654669
-1.070512e-17
-0.042769195
-9.8464404e-18
-8.0773062e-18
-0.046622561
-0.09127723
-5.9123959e-18
-0.044567828
-0.087337023
-4.1432617e-18
-0.091190389
-0.13986768
-0.18255446
-0.13370348
-0.17467405
-0.18238078
-0.083652917
-0.16730583
-6.7193006e-18
-0.040883721
-6.7710755e-18
-3.7474855e-18
-0.042513095
-0.083396817
-2.8888059e-18
-0.087080924
-0.12753929
-0.16679363
-0.17416185
-0.22327335
-0.21384598
-0.2331128
-0.27383169
-0.22283914
-0.26201107
-0.27357117
-0.32635793
-0.36510892
-0.3119748
-0.34934809
-0.36476156
-0.25095875
-0.33461167
-0.20441861
-0.21256548
-0.25019045
-0.26124277
-0.29759167
-0.33358727
-0.34832369
-0.1730895
-0.18039008
-0.1472323
-0.18769066
-0.22084844
-0.29446459
-0.23268142
-0.20331379
-0.24171742
-0.27108505
-0.27143242
-0.20357431
-0.21182723
-0.28243631
-0.16620102
-0.13554253
-0.1726553
-0.13571621
-0.14121815
-0.14070595
-0.17910958
-0.21105893
-0.1467201
-0.22008015
-0.25075342
-0.28141191
-0.29344019
-0.034617901
-5.0352932e-18
-0.036078016
-9.8797923e-18
-7.8184317e-18
-3.8843872e-18
-0.037538132
-0.073616148
-5.7570712e-18
-0.09972061
-0.067771263
-0.10359318
-0.067858104
-0.070609076
-0.033240203
2.5923443e-18
-0.03453106
-1.3417002e-18
-1.1012487e-18
1.9223413e-18
-0.035821917
-0.070352977
-8.6079723e-19
-0.073360048
-0.10746575
-2.7334812e-18
-0.038998247
-3.6957106e-18
-1.5825752e-18
-0.040458363
-0.07945661
-1.6343501e-18
-0.082971458
-0.12137509
-0.15891322
-0.16594292
-0.07293469
-0.11133832
-0.14586938
-0.076111021
-0.15222204
1.2523382e-18
-0.037112773
-6.2034575e-19
5.8233515e-19
-0.03840363
-0.075516403
-3.7989428e-19
-0.078861993
-0.11521089
-0.15103281
-0.15772399
-0.19499124
-0.20229181
-0.23836983
-0.24891437
-0.28320854
-0.31782644
-0.33188583
-0.21880407
-0.25978941
-0.29173876
-0.22833306
-0.30444408
-0.18556387
-0.19201815
-0.22654921
-0.23658598
-0.26882541
-0.30206561
-0.31544797
-0.040718886
-2.1067721e-17
-0.039171929
-2.7918206e-17
-2.0105492e-17
-1.3980385e-17
-0.037624973
-0.076796902
-1.2292777e-17
-0.083405664
-0.080142492
-0.042686778
-1.5179466e-17
-0.040970562
-2.1304573e-17
-1.4942614e-17
-9.5428849e-18
-0.039254347
-0.080224909
-8.5806555e-18
-0.07687932
-6.8930482e-18
-0.036078016
-4.4800631e-18
1.9428818e-19
-0.03453106
-0.070609076
3.3326511e-18
-0.067771263
-0.10359318
-0.14121815
-0.13554253
-0.073616148
-0.1472323
-3.9063042e-18
-0.037538132
-2.2186969e-18
1.7302766e-18
-0.035821917
-0.073360048
4.1432617e-18
