MFEM mesh v1.0

#
# MFEM Geometry Types (see mesh/geom.hpp):
#
# POINT       = 0
# SEGMENT     = 1
# TRIANGLE    = 2
# SQUARE      = 3
# TETRAHEDRON = 4
# CUBE        = 5
#

dimension
3

elements
576
1 5 2 165 545 168 173 546 833 549
1 5 3 177 551 180 185 552 834 555
1 5 0 189 557 192 197 558 835 561
1 5 22 201 563 204 209 564 836 567
1 5 23 213 569 216 221 570 837 573
1 5 21 225 575 228 233 576 838 579
1 5 7 237 581 240 245 582 839 585
1 5 6 249 587 252 257 588 840 591
1 5 10 261 593 264 269 594 841 597
1 5 38 273 599 166 174 600 842 547
1 5 111 275 604 283 175 602 843 607
1 5 41 167 609 288 176 548 844 610
1 5 46 169 550 172 294 612 845 615
1 5 112 276 603 170 295 617 846 613
1 5 156 278 608 286 296 619 847 623
1 5 115 171 611 289 297 614 848 626
1 5 40 282 628 178 186 606 849 553
1 5 117 312 632 318 187 630 850 635
1 5 52 179 637 325 188 554 851 639
1 5 49 181 556 184 310 625 852 643
1 5 114 285 631 182 307 622 853 641
1 5 157 314 636 321 332 646 854 650
1 5 120 183 640 327 333 642 855 653
1 5 58 345 655 190 198 656 856 559
1 5 122 347 660 355 199 658 857 663
1 5 61 191 665 359 200 560 858 666
1 5 66 193 562 196 361 668 859 671
1 5 123 348 659 194 362 672 860 669
1 5 158 350 664 358 363 674 861 678
1 5 126 195 667 360 364 670 862 681
1 5 60 354 683 202 210 662 863 565
1 5 128 378 686 382 211 684 864 689
1 5 72 203 691 388 212 566 865 693
1 5 69 205 568 208 377 680 866 697
1 5 125 357 685 206 374 677 867 695
1 5 159 379 690 385 395 700 868 704
1 5 131 207 694 390 396 696 869 707
1 5 78 408 709 214 222 710 870 571
1 5 133 409 713 413 223 711 871 715
1 5 70 215 717 380 224 572 872 687
1 5 68 217 574 220 373 719 873 699
1 5 134 410 712 218 419 723 874 720
1 5 160 411 716 415 420 724 875 727
1 5 129 219 718 383 399 721 876 702
1 5 79 412 731 226 234 714 877 577
1 5 137 427 734 430 235 732 878 736
1 5 83 227 738 435 236 578 879 740
1 5 76 229 580 232 403 729 880 744
1 5 135 414 733 230 425 726 881 742
1 5 161 428 737 432 442 746 882 749
1 5 139 231 741 437 443 743 883 752
1 5 87 451 754 238 246 755 884 583
1 5 141 452 758 456 247 756 885 761
1 5 89 239 763 463 248 584 886 765
1 5 94 241 586 244 467 767 887 770
1 5 142 453 757 242 468 771 888 768
1 5 162 454 762 459 469 773 889 777
1 5 145 243 766 465 470 769 890 780
1 5 62 365 675 250 258 782 891 589
1 5 127 367 679 372 259 784 892 788
1 5 65 251 682 376 260 590 893 759
1 5 95 253 592 256 474 792 894 772
1 5 147 484 785 254 498 796 895 793
1 5 163 486 789 491 499 798 896 802
1 5 143 255 791 457 475 794 897 775
1 5 90 471 774 262 270 806 898 595
1 5 146 473 778 478 271 808 899 812
1 5 93 263 781 482 272 596 900 815
1 5 107 265 598 268 528 817 901 820
1 5 151 511 809 266 529 822 902 818
1 5 164 513 813 518 530 824 903 828
1 5 154 267 816 522 531 819 904 831
1 5 165 38 166 545 546 174 547 833
1 5 545 166 111 167 833 547 175 548
1 5 168 545 167 41 549 833 548 176
1 5 173 546 833 549 46 169 550 172
1 5 546 174 547 833 169 112 170 550
1 5 833 547 175 548 550 170 156 171
1 5 549 833 548 176 172 550 171 115
1 5 177 40 178 551 552 186 553 834
1 5 551 178 117 179 834 553 187 554
1 5 180 551 179 52 555 834 554 188
1 5 185 552 834 555 49 181 556 184
1 5 552 186 553 834 181 114 182 556
1 5 834 553 187 554 556 182 157 183
1 5 555 834 554 188 184 556 183 120
1 5 189 58 190 557 558 198 559 835
1 5 557 190 122 191 835 559 199 560
1 5 192 557 191 61 561 835 560 200
1 5 197 558 835 561 66 193 562 196
1 5 558 198 559 835 193 123 194 562
1 5 835 559 199 560 562 194 158 195
1 5 561 835 560 200 196 562 195 126
1 5 201 60 202 563 564 210 565 836
1 5 563 202 128 203 836 565 211 566
1 5 204 563 203 72 567 836 566 212
1 5 209 564 836 567 69 205 568 208
1 5 564 210 565 836 205 125 206 568
1 5 836 565 211 566 568 206 159 207
1 5 567 836 566 212 208 568 207 131
1 5 213 78 214 569 570 222 571 837
1 5 569 214 133 215 837 571 223 572
1 5 216 569 215 70 573 837 572 224
1 5 221 570 837 573 68 217 574 220
1 5 570 222 571 837 217 134 218 574
1 5 837 571 223 572 574 218 160 219
1 5 573 837 572 224 220 574 219 129
1 5 225 79 226 575 576 234 577 838
1 5 575 226 137 227 838 577 235 578
1 5 228 575 227 83 579 838 578 236
1 5 233 576 838 579 76 229 580 232
1 5 576 234 577 838 229 135 230 580
1 5 838 577 235 578 580 230 161 231
1 5 579 838 578 236 232 580 231 139
1 5 237 87 238 581 582 246 583 839
1 5 581 238 141 239 839 583 247 584
1 5 240 581 239 89 585 839 584 248
1 5 245 582 839 585 94 241 586 244
1 5 582 246 583 839 241 142 242 586
1 5 839 583 247 584 586 242 162 243
1 5 585 839 584 248 244 586 243 145
1 5 249 62 250 587 588 258 589 840
1 5 587 250 127 251 840 589 259 590
1 5 252 587 251 65 591 840 590 260
1 5 257 588 840 591 95 253 592 256
1 5 588 258 589 840 253 147 254 592
1 5 840 589 259 590 592 254 163 255
1 5 591 840 590 260 256 592 255 143
1 5 261 90 262 593 594 270 595 841
1 5 593 262 146 263 841 595 271 596
1 5 264 593 263 93 597 841 596 272
1 5 269 594 841 597 107 265 598 268
1 5 594 270 595 841 265 151 266 598
1 5 841 595 271 596 598 266 164 267
1 5 597 841 596 272 268 598 267 154
1 5 273 15 274 599 600 279 601 842
1 5 599 274 39 275 842 601 280 602
1 5 166 599 275 111 547 842 602 175
1 5 174 600 842 547 112 276 603 170
1 5 600 279 601 842 276 47 277 603
1 5 842 601 280 602 603 277 113 278
1 5 547 842 602 175 170 603 278 156
1 5 275 39 281 604 602 280 605 843
1 5 604 281 14 282 843 605 287 606
1 5 283 604 282 40 607 843 606 186
1 5 175 602 843 607 156 278 608 286
1 5 602 280 605 843 278 113 284 608
1 5 843 605 287 606 608 284 48 285
1 5 607 843 606 186 286 608 285 114
1 5 167 111 283 609 548 175 607 844
1 5 609 283 40 177 844 607 186 552
1 5 288 609 177 3 610 844 552 185
1 5 176 548 844 610 115 171 611 289
1 5 548 175 607 844 171 156 286 611
1 5 844 607 186 552 611 286 114 181
1 5 610 844 552 185 289 611 181 49
1 5 169 112 170 550 612 295 613 845
1 5 550 170 156 171 845 613 296 614
1 5 172 550 171 115 615 845 614 297
1 5 294 612 845 615 18 290 616 293
1 5 612 295 613 845 290 42 291 616
1 5 845 613 296 614 616 291 116 292
1 5 615 845 614 297 293 616 292 45
1 5 276 47 277 603 617 301 618 846
1 5 603 277 113 278 846 618 302 619
1 5 170 603 278 156 613 846 619 296
1 5 295 617 846 613 42 298 620 291
1 5 617 301 618 846 298 24 299 620
1 5 846 618 302 619 620 299 43 300
1 5 613 846 619 296 291 620 300 116
1 5 278 113 284 608 619 302 621 847
1 5 608 284 48 285 847 621 306 622
1 5 286 608 285 114 623 847 622 307
1 5 296 619 847 623 116 300 624 305
1 5 619 302 621 847 300 43 303 624
1 5 847 621 306 622 624 303 25 304
1 5 623 847 622 307 305 624 304 44
1 5 171 156 286 611 614 296 623 848
1 5 611 286 114 181 848 623 307 625
1 5 289 611 181 49 626 848 625 310
1 5 297 614 848 626 45 292 627 309
1 5 614 296 623 848 292 116 305 627
1 5 848 623 307 625 627 305 44 308
1 5 626 848 625 310 309 627 308 17
1 5 282 14 311 628 606 287 629 849
1 5 628 311 50 312 849 629 315 630
1 5 178 628 312 117 553 849 630 187
1 5 186 606 849 553 114 285 631 182
1 5 606 287 629 849 285 48 313 631
1 5 849 629 315 630 631 313 118 314
1 5 553 849 630 187 182 631 314 157
1 5 312 50 316 632 630 315 633 850
1 5 632 316 13 317 850 633 322 634
1 5 318 632 317 51 635 850 634 323
1 5 187 630 850 635 157 314 636 321
1 5 630 315 633 850 314 118 319 636
1 5 850 633 322 634 636 319 56 320
1 5 635 850 634 323 321 636 320 119
1 5 179 117 318 637 554 187 635 851
1 5 637 318 51 324 851 635 323 638
1 5 325 637 324 4 639 851 638 328
1 5 188 554 851 639 120 183 640 327
1 5 554 187 635 851 183 157 321 640
1 5 851 635 323 638 640 321 119 326
1 5 639 851 638 328 327 640 326 57
1 5 181 114 182 556 625 307 641 852
1 5 556 182 157 183 852 641 332 642
1 5 184 556 183 120 643 852 642 333
1 5 310 625 852 643 17 308 644 331
1 5 625 307 641 852 308 44 329 644
1 5 852 641 332 642 644 329 121 330
1 5 643 852 642 333 331 644 330 55
1 5 285 48 313 631 622 306 645 853
1 5 631 313 118 314 853 645 336 646
1 5 182 631 314 157 641 853 646 332
1 5 307 622 853 641 44 304 647 329
1 5 622 306 645 853 304 25 334 647
1 5 853 645 336 646 647 334 53 335
1 5 641 853 646 332 329 647 335 121
1 5 314 118 319 636 646 336 648 854
1 5 636 319 56 320 854 648 340 649
1 5 321 636 320 119 650 854 649 341
1 5 332 646 854 650 121 335 651 339
1 5 646 336 648 854 335 53 337 651
1 5 854 648 340 649 651 337 26 338
1 5 650 854 649 341 339 651 338 54
1 5 183 157 321 640 642 332 650 855
1 5 640 321 119 326 855 650 341 652
1 5 327 640 326 57 653 855 652 344
1 5 333 642 855 653 55 330 654 343
1 5 642 332 650 855 330 121 339 654
1 5 855 650 341 652 654 339 54 342
1 5 653 855 652 344 343 654 342 16
1 5 345 1 346 655 656 351 657 856
1 5 655 346 59 347 856 657 352 658
1 5 190 655 347 122 559 856 658 199
1 5 198 656 856 559 123 348 659 194
1 5 656 351 657 856 348 67 349 659
1 5 856 657 352 658 659 349 124 350
1 5 559 856 658 199 194 659 350 158
1 5 347 59 353 660 658 352 661 857
1 5 660 353 23 354 857 661 221 662
1 5 355 660 354 60 663 857 662 210
1 5 199 658 857 663 158 350 664 358
1 5 658 352 661 857 350 124 356 664
1 5 857 661 221 662 664 356 68 357
1 5 663 857 662 210 358 664 357 125
1 5 191 122 355 665 560 199 663 858
1 5 665 355 60 201 858 663 210 564
1 5 359 665 201 22 666 858 564 209
1 5 200 560 858 666 126 195 667 360
1 5 560 199 663 858 195 158 358 667
1 5 858 663 210 564 667 358 125 205
1 5 666 858 564 209 360 667 205 69
1 5 193 123 194 562 668 362 669 859
1 5 562 194 158 195 859 669 363 670
1 5 196 562 195 126 671 859 670 364
1 5 361 668 859 671 6 249 587 252
1 5 668 362 669 859 249 62 250 587
1 5 859 669 363 670 587 250 127 251
1 5 671 859 670 364 252 587 251 65
1 5 348 67 349 659 672 368 673 860
1 5 659 349 124 350 860 673 369 674
1 5 194 659 350 158 669 860 674 363
1 5 362 672 860 669 62 365 675 250
1 5 672 368 673 860 365 5 366 675
1 5 860 673 369 674 675 366 63 367
1 5 669 860 674 363 250 675 367 127
1 5 350 124 356 664 674 369 676 861
1 5 664 356 68 357 861 676 373 677
1 5 358 664 357 125 678 861 677 374
1 5 363 674 861 678 127 367 679 372
1 5 674 369 676 861 367 63 370 679
1 5 861 676 373 677 679 370 29 371
1 5 678 861 677 374 372 679 371 64
1 5 195 158 358 667 670 363 678 862
1 5 667 358 125 205 862 678 374 680
1 5 360 667 205 69 681 862 680 377
1 5 364 670 862 681 65 251 682 376
1 5 670 363 678 862 251 127 372 682
1 5 862 678 374 680 682 372 64 375
1 5 681 862 680 377 376 682 375 28
1 5 354 23 216 683 662 221 573 863
1 5 683 216 70 378 863 573 224 684
1 5 202 683 378 128 565 863 684 211
1 5 210 662 863 565 125 357 685 206
1 5 662 221 573 863 357 68 220 685
1 5 863 573 224 684 685 220 129 379
1 5 565 863 684 211 206 685 379 159
1 5 378 70 380 686 684 224 687 864
1 5 686 380 21 381 864 687 233 688
1 5 382 686 381 71 689 864 688 386
1 5 211 684 864 689 159 379 690 385
1 5 684 224 687 864 379 129 383 690
1 5 864 687 233 688 690 383 76 384
1 5 689 864 688 386 385 690 384 130
1 5 203 128 382 691 566 211 689 865
1 5 691 382 71 387 865 689 386 692
1 5 388 691 387 20 693 865 692 391
1 5 212 566 865 693 131 207 694 390
1 5 566 211 689 865 207 159 385 694
1 5 865 689 386 692 694 385 130 389
1 5 693 865 692 391 390 694 389 77
1 5 205 125 206 568 680 374 695 866
1 5 568 206 159 207 866 695 395 696
1 5 208 568 207 131 697 866 696 396
1 5 377 680 866 697 28 375 698 394
1 5 680 374 695 866 375 64 392 698
1 5 866 695 395 696 698 392 132 393
1 5 697 866 696 396 394 698 393 75
1 5 357 68 220 685 677 373 699 867
1 5 685 220 129 379 867 699 399 700
1 5 206 685 379 159 695 867 700 395
1 5 374 677 867 695 64 371 701 392
1 5 677 373 699 867 371 29 397 701
1 5 867 699 399 700 701 397 73 398
1 5 695 867 700 395 392 701 398 132
1 5 379 129 383 690 700 399 702 868
1 5 690 383 76 384 868 702 403 703
1 5 385 690 384 130 704 868 703 404
1 5 395 700 868 704 132 398 705 402
1 5 700 399 702 868 398 73 400 705
1 5 868 702 403 703 705 400 31 401
1 5 704 868 703 404 402 705 401 74
1 5 207 159 385 694 696 395 704 869
1 5 694 385 130 389 869 704 404 706
1 5 390 694 389 77 707 869 706 407
1 5 396 696 869 707 75 393 708 406
1 5 696 395 704 869 393 132 402 708
1 5 869 704 404 706 708 402 74 405
1 5 707 869 706 407 406 708 405 30
1 5 408 2 168 709 710 173 549 870
1 5 709 168 41 409 870 549 176 711
1 5 214 709 409 133 571 870 711 223
1 5 222 710 870 571 134 410 712 218
1 5 710 173 549 870 410 46 172 712
1 5 870 549 176 711 712 172 115 411
1 5 571 870 711 223 218 712 411 160
1 5 409 41 288 713 711 176 610 871
1 5 713 288 3 412 871 610 185 714
1 5 413 713 412 79 715 871 714 234
1 5 223 711 871 715 160 411 716 415
1 5 711 176 610 871 411 115 289 716
1 5 871 610 185 714 716 289 49 414
1 5 715 871 714 234 415 716 414 135
1 5 215 133 413 717 572 223 715 872
1 5 717 413 79 225 872 715 234 576
1 5 380 717 225 21 687 872 576 233
1 5 224 572 872 687 129 219 718 383
1 5 572 223 715 872 219 160 415 718
1 5 872 715 234 576 718 415 135 229
1 5 687 872 576 233 383 718 229 76
1 5 217 134 218 574 719 419 720 873
1 5 574 218 160 219 873 720 420 721
1 5 220 574 219 129 699 873 721 399
1 5 373 719 873 699 29 416 722 397
1 5 719 419 720 873 416 80 417 722
1 5 873 720 420 721 722 417 136 418
1 5 699 873 721 399 397 722 418 73
1 5 410 46 172 712 723 294 615 874
1 5 712 172 115 411 874 615 297 724
1 5 218 712 411 160 720 874 724 420
1 5 419 723 874 720 80 421 725 417
1 5 723 294 615 874 421 18 293 725
1 5 874 615 297 724 725 293 45 422
1 5 720 874 724 420 417 725 422 136
1 5 411 115 289 716 724 297 626 875
1 5 716 289 49 414 875 626 310 726
1 5 415 716 414 135 727 875 726 425
1 5 420 724 875 727 136 422 728 424
1 5 724 297 626 875 422 45 309 728
1 5 875 626 310 726 728 309 17 423
1 5 727 875 726 425 424 728 423 81
1 5 219 160 415 718 721 420 727 876
1 5 718 415 135 229 876 727 425 729
1 5 383 718 229 76 702 876 729 403
1 5 399 721 876 702 73 418 730 400
1 5 721 420 727 876 418 136 424 730
1 5 876 727 425 729 730 424 81 426
1 5 702 876 729 403 400 730 426 31
1 5 412 3 180 731 714 185 555 877
1 5 731 180 52 427 877 555 188 732
1 5 226 731 427 137 577 877 732 235
1 5 234 714 877 577 135 414 733 230
1 5 714 185 555 877 414 49 184 733
1 5 877 555 188 732 733 184 120 428
1 5 577 877 732 235 230 733 428 161
1 5 427 52 325 734 732 188 639 878
1 5 734 325 4 429 878 639 328 735
1 5 430 734 429 82 736 878 735 433
1 5 235 732 878 736 161 428 737 432
1 5 732 188 639 878 428 120 327 737
1 5 878 639 328 735 737 327 57 431
1 5 736 878 735 433 432 737 431 138
1 5 227 137 430 738 578 235 736 879
1 5 738 430 82 434 879 736 433 739
1 5 435 738 434 19 740 879 739 438
1 5 236 578 879 740 139 231 741 437
1 5 578 235 736 879 231 161 432 741
1 5 879 736 433 739 741 432 138 436
1 5 740 879 739 438 437 741 436 86
1 5 229 135 230 580 729 425 742 880
1 5 580 230 161 231 880 742 442 743
1 5 232 580 231 139 744 880 743 443
1 5 403 729 880 744 31 426 745 441
1 5 729 425 742 880 426 81 439 745
1 5 880 742 442 743 745 439 140 440
1 5 744 880 743 443 441 745 440 85
1 5 414 49 184 733 726 310 643 881
1 5 733 184 120 428 881 643 333 746
1 5 230 733 428 161 742 881 746 442
1 5 425 726 881 742 81 423 747 439
1 5 726 310 643 881 423 17 331 747
1 5 881 643 333 746 747 331 55 444
1 5 742 881 746 442 439 747 444 140
1 5 428 120 327 737 746 333 653 882
1 5 737 327 57 431 882 653 344 748
1 5 432 737 431 138 749 882 748 447
1 5 442 746 882 749 140 444 750 446
1 5 746 333 653 882 444 55 343 750
1 5 882 653 344 748 750 343 16 445
1 5 749 882 748 447 446 750 445 84
1 5 231 161 432 741 743 442 749 883
1 5 741 432 138 436 883 749 447 751
1 5 437 741 436 86 752 883 751 450
1 5 443 743 883 752 85 440 753 449
1 5 743 442 749 883 440 140 446 753
1 5 883 749 447 751 753 446 84 448
1 5 752 883 751 450 449 753 448 32
1 5 451 6 252 754 755 257 591 884
1 5 754 252 65 452 884 591 260 756
1 5 238 754 452 141 583 884 756 247
1 5 246 755 884 583 142 453 757 242
1 5 755 257 591 884 453 95 256 757
1 5 884 591 260 756 757 256 143 454
1 5 583 884 756 247 242 757 454 162
1 5 452 65 376 758 756 260 759 885
1 5 758 376 28 455 885 759 460 760
1 5 456 758 455 88 761 885 760 461
1 5 247 756 885 761 162 454 762 459
1 5 756 260 759 885 454 143 457 762
1 5 885 759 460 760 762 457 96 458
1 5 761 885 760 461 459 762 458 144
1 5 239 141 456 763 584 247 761 886
1 5 763 456 88 462 886 761 461 764
1 5 463 763 462 27 765 886 764 466
1 5 248 584 886 765 145 243 766 465
1 5 584 247 761 886 243 162 459 766
1 5 886 761 461 764 766 459 144 464
1 5 765 886 764 466 465 766 464 97
1 5 241 142 242 586 767 468 768 887
1 5 586 242 162 243 887 768 469 769
1 5 244 586 243 145 770 887 769 470
1 5 467 767 887 770 10 261 593 264
1 5 767 468 768 887 261 90 262 593
1 5 887 768 469 769 593 262 146 263
1 5 770 887 769 470 264 593 263 93
1 5 453 95 256 757 771 474 772 888
1 5 757 256 143 454 888 772 475 773
1 5 242 757 454 162 768 888 773 469
1 5 468 771 888 768 90 471 774 262
1 5 771 474 772 888 471 9 472 774
1 5 888 772 475 773 774 472 91 473
1 5 768 888 773 469 262 774 473 146
1 5 454 143 457 762 773 475 775 889
1 5 762 457 96 458 889 775 479 776
1 5 459 762 458 144 777 889 776 480
1 5 469 773 889 777 146 473 778 478
1 5 773 475 775 889 473 91 476 778
1 5 889 775 479 776 778 476 34 477
1 5 777 889 776 480 478 778 477 92
1 5 243 162 459 766 769 469 777 890
1 5 766 459 144 464 890 777 480 779
1 5 465 766 464 97 780 890 779 483
1 5 470 769 890 780 93 263 781 482
1 5 769 469 777 890 263 146 478 781
1 5 890 777 480 779 781 478 92 481
1 5 780 890 779 483 482 781 481 33
1 5 365 5 366 675 782 487 783 891
1 5 675 366 63 367 891 783 488 784
1 5 250 675 367 127 589 891 784 259
1 5 258 782 891 589 147 484 785 254
1 5 782 487 783 891 484 101 485 785
1 5 891 783 488 784 785 485 148 486
1 5 589 891 784 259 254 785 486 163
1 5 367 63 370 679 784 488 786 892
1 5 679 370 29 371 892 786 492 787
1 5 372 679 371 64 788 892 787 493
1 5 259 784 892 788 163 486 789 491
1 5 784 488 786 892 486 148 489 789
1 5 892 786 492 787 789 489 102 490
1 5 788 892 787 493 491 789 490 149
1 5 251 127 372 682 590 259 788 893
1 5 682 372 64 375 893 788 493 790
1 5 376 682 375 28 759 893 790 460
1 5 260 590 893 759 143 255 791 457
1 5 590 259 788 893 255 163 491 791
1 5 893 788 493 790 791 491 149 494
1 5 759 893 790 460 457 791 494 96
1 5 253 147 254 592 792 498 793 894
1 5 592 254 163 255 894 793 499 794
1 5 256 592 255 143 772 894 794 475
1 5 474 792 894 772 9 495 795 472
1 5 792 498 793 894 495 98 496 795
1 5 894 793 499 794 795 496 150 497
1 5 772 894 794 475 472 795 497 91
1 5 484 101 485 785 796 503 797 895
1 5 785 485 148 486 895 797 504 798
1 5 254 785 486 163 793 895 798 499
1 5 498 796 895 793 98 500 799 496
1 5 796 503 797 895 500 8 501 799
1 5 895 797 504 798 799 501 99 502
1 5 793 895 798 499 496 799 502 150
1 5 486 148 489 789 798 504 800 896
1 5 789 489 102 490 896 800 508 801
1 5 491 789 490 149 802 896 801 509
1 5 499 798 896 802 150 502 803 507
1 5 798 504 800 896 502 99 505 803
1 5 896 800 508 801 803 505 35 506
1 5 802 896 801 509 507 803 506 100
1 5 255 163 491 791 794 499 802 897
1 5 791 491 149 494 897 802 509 804
1 5 457 791 494 96 775 897 804 479
1 5 475 794 897 775 91 497 805 476
1 5 794 499 802 897 497 150 507 805
1 5 897 802 509 804 805 507 100 510
1 5 775 897 804 479 476 805 510 34
1 5 471 9 472 774 806 514 807 898
1 5 774 472 91 473 898 807 515 808
1 5 262 774 473 146 595 898 808 271
1 5 270 806 898 595 151 511 809 266
1 5 806 514 807 898 511 108 512 809
1 5 898 807 515 808 809 512 152 513
1 5 595 898 808 271 266 809 513 164
1 5 473 91 476 778 808 515 810 899
1 5 778 476 34 477 899 810 519 811
1 5 478 778 477 92 812 899 811 520
1 5 271 808 899 812 164 513 813 518
1 5 808 515 810 899 513 152 516 813
1 5 899 810 519 811 813 516 109 517
1 5 812 899 811 520 518 813 517 153
1 5 263 146 478 781 596 271 812 900
1 5 781 478 92 481 900 812 520 814
1 5 482 781 481 33 815 900 814 523
1 5 272 596 900 815 154 267 816 522
1 5 596 271 812 900 267 164 518 816
1 5 900 812 520 814 816 518 153 521
1 5 815 900 814 523 522 816 521 110
1 5 265 151 266 598 817 529 818 901
1 5 598 266 164 267 901 818 530 819
1 5 268 598 267 154 820 901 819 531
1 5 528 817 901 820 12 524 821 527
1 5 817 529 818 901 524 103 525 821
1 5 901 818 530 819 821 525 155 526
1 5 820 901 819 531 527 821 526 106
1 5 511 108 512 809 822 535 823 902
1 5 809 512 152 513 902 823 536 824
1 5 266 809 513 164 818 902 824 530
1 5 529 822 902 818 103 532 825 525
1 5 822 535 823 902 532 11 533 825
1 5 902 823 536 824 825 533 104 534
1 5 818 902 824 530 525 825 534 155
1 5 513 152 516 813 824 536 826 903
1 5 813 516 109 517 903 826 540 827
1 5 518 813 517 153 828 903 827 541
1 5 530 824 903 828 155 534 829 539
1 5 824 536 826 903 534 104 537 829
1 5 903 826 540 827 829 537 37 538
1 5 828 903 827 541 539 829 538 105
1 5 267 164 518 816 819 530 828 904
1 5 816 518 153 521 904 828 541 830
1 5 522 816 521 110 831 904 830 544
1 5 531 819 904 831 106 526 832 543
1 5 819 530 828 904 526 155 539 832
1 5 904 828 541 830 832 539 105 542
1 5 831 904 830 544 543 832 542 36

boundary
576
1 3 3 177 609 288
1 3 4 324 637 325
1 3 22 201 665 359
1 3 20 387 691 388
1 3 21 225 717 380
1 3 19 434 738 435
1 3 40 282 604 283
1 3 111 275 599 166
1 3 41 167 545 168
1 3 51 317 632 318
1 3 117 312 628 178
1 3 52 179 551 180
1 3 60 354 660 355
1 3 122 347 655 190
1 3 61 191 557 192
1 3 71 381 686 382
1 3 128 378 683 202
1 3 72 203 563 204
1 3 79 412 713 413
1 3 133 409 709 214
1 3 70 215 569 216
1 3 82 429 734 430
1 3 137 427 731 226
1 3 83 227 575 228
1 3 177 40 283 609
1 3 609 283 111 167
1 3 288 609 167 41
1 3 324 51 318 637
1 3 637 318 117 179
1 3 325 637 179 52
1 3 201 60 355 665
1 3 665 355 122 191
1 3 359 665 191 61
1 3 387 71 382 691
1 3 691 382 128 203
1 3 388 691 203 72
1 3 225 79 413 717
1 3 717 413 133 215
1 3 380 717 215 70
1 3 434 82 430 738
1 3 738 430 137 227
1 3 435 738 227 83
1 3 282 14 281 604
1 3 604 281 39 275
1 3 283 604 275 111
1 3 275 39 274 599
1 3 599 274 15 273
1 3 166 599 273 38
1 3 167 111 166 545
1 3 545 166 38 165
1 3 168 545 165 2
1 3 317 13 316 632
1 3 632 316 50 312
1 3 318 632 312 117
1 3 312 50 311 628
1 3 628 311 14 282
1 3 178 628 282 40
1 3 179 117 178 551
1 3 551 178 40 177
1 3 180 551 177 3
1 3 354 23 353 660
1 3 660 353 59 347
1 3 355 660 347 122
1 3 347 59 346 655
1 3 655 346 1 345
1 3 190 655 345 58
1 3 191 122 190 557
1 3 557 190 58 189
1 3 192 557 189 0
1 3 381 21 380 686
1 3 686 380 70 378
1 3 382 686 378 128
1 3 378 70 216 683
1 3 683 216 23 354
1 3 202 683 354 60
1 3 203 128 202 563
1 3 563 202 60 201
1 3 204 563 201 22
1 3 412 3 288 713
1 3 713 288 41 409
1 3 413 713 409 133
1 3 409 41 168 709
1 3 709 168 2 408
1 3 214 709 408 78
1 3 215 133 214 569
1 3 569 214 78 213
1 3 216 569 213 23
1 3 429 4 325 734
1 3 734 325 52 427
1 3 430 734 427 137
1 3 427 52 180 731
1 3 731 180 3 412
1 3 226 731 412 79
1 3 227 137 226 575
1 3 575 226 79 225
1 3 228 575 225 21
8 3 345 1 351 656
8 3 451 6 257 755
8 3 365 5 487 782
8 3 471 9 514 806
8 3 273 15 279 600
8 3 15 274 601 279
8 3 18 290 616 293
8 3 14 311 629 287
8 3 13 317 634 322
8 3 17 308 644 331
8 3 192 0 197 561
8 3 240 581 237 7
8 3 1 346 657 351
8 3 408 2 173 710
8 3 204 22 209 567
8 3 21 381 688 233
8 3 28 375 698 394
8 3 29 416 722 397
8 3 228 21 233 579
8 3 4 429 735 328
8 3 31 426 745 441
8 3 240 7 245 585
8 3 28 455 760 460
8 3 5 366 783 487
8 3 29 371 787 492
8 3 9 495 795 472
8 3 264 10 269 597
8 3 9 472 807 514
8 3 34 477 811 519
8 3 12 524 821 527
8 3 189 58 198 558
8 3 193 123 362 668
8 3 348 67 368 672
8 3 249 62 258 588
8 3 253 147 498 792
8 3 484 101 503 796
8 3 237 87 246 582
8 3 241 142 468 767
8 3 453 95 474 771
8 3 359 61 200 666
8 3 360 126 364 681
8 3 196 66 361 671
8 3 238 754 451 87
8 3 456 758 452 141
8 3 463 763 239 89
8 3 463 89 248 765
8 3 465 145 470 780
8 3 244 94 467 770
8 3 261 90 270 594
8 3 265 151 529 817
8 3 511 108 535 822
8 3 165 38 174 546
8 3 169 112 295 612
8 3 276 47 301 617
8 3 42 298 620 291
8 3 116 300 624 305
8 3 45 292 627 309
8 3 59 353 661 352
8 3 124 356 676 369
8 3 67 349 673 368
8 3 213 78 222 570
8 3 217 134 419 719
8 3 410 46 294 723
8 3 63 370 786 488
8 3 148 489 800 504
8 3 101 485 797 503
8 3 39 281 605 280
8 3 113 284 621 302
8 3 47 277 618 301
8 3 50 316 633 315
8 3 118 319 648 336
8 3 48 313 645 306
8 3 51 324 638 323
8 3 119 326 652 341
8 3 56 320 649 340
8 3 82 434 739 433
8 3 138 436 751 447
8 3 57 431 748 344
8 3 44 304 647 329
8 3 121 335 651 339
8 3 55 330 654 343
8 3 80 421 725 417
8 3 136 422 728 424
8 3 73 418 730 400
8 3 81 423 747 439
8 3 140 444 750 446
8 3 85 440 753 449
8 3 388 72 212 693
8 3 390 131 396 707
8 3 208 69 377 697
8 3 64 371 701 392
8 3 132 398 705 402
8 3 75 393 708 406
8 3 88 462 764 461
8 3 144 464 779 480
8 3 96 458 776 479
8 3 64 375 790 493
8 3 149 494 804 509
8 3 102 490 801 508
8 3 71 387 692 386
8 3 130 389 706 404
8 3 76 384 703 403
8 3 435 83 236 740
8 3 437 139 443 752
8 3 232 76 403 744
8 3 92 481 814 520
8 3 153 521 830 541
8 3 109 517 827 540
8 3 98 500 799 496
8 3 150 502 803 507
8 3 91 497 805 476
8 3 91 476 810 515
8 3 152 516 826 536
8 3 108 512 823 535
8 3 103 532 825 525
8 3 155 534 829 539
8 3 106 526 832 543
8 3 482 93 272 815
8 3 522 154 531 831
8 3 268 107 528 820
8 3 58 345 656 198
8 3 198 656 348 123
8 3 656 351 67 348
8 3 62 365 782 258
8 3 258 782 484 147
8 3 782 487 101 484
8 3 0 189 558 197
8 3 197 558 193 66
8 3 558 198 123 193
8 3 66 193 668 361
8 3 361 668 249 6
8 3 668 362 62 249
8 3 123 348 672 362
8 3 362 672 365 62
8 3 672 368 5 365
8 3 6 249 588 257
8 3 257 588 253 95
8 3 588 258 147 253
8 3 95 253 792 474
8 3 474 792 495 9
8 3 792 498 98 495
8 3 147 484 796 498
8 3 498 796 500 98
8 3 796 503 8 500
8 3 87 451 755 246
8 3 246 755 453 142
8 3 755 257 95 453
8 3 61 192 561 200
8 3 200 561 196 126
8 3 561 197 66 196
8 3 581 238 87 237
8 3 239 141 238 581
8 3 89 239 581 240
8 3 89 240 585 248
8 3 248 585 244 145
8 3 585 245 94 244
8 3 7 237 582 245
8 3 245 582 241 94
8 3 582 246 142 241
8 3 94 241 767 467
8 3 467 767 261 10
8 3 767 468 90 261
8 3 142 453 771 468
8 3 468 771 471 90
8 3 771 474 9 471
8 3 22 359 666 209
8 3 209 666 360 69
8 3 666 200 126 360
8 3 69 360 681 377
8 3 377 681 376 28
8 3 681 364 65 376
8 3 126 196 671 364
8 3 364 671 252 65
8 3 671 361 6 252
8 3 754 252 6 451
8 3 452 65 252 754
8 3 141 452 754 238
8 3 758 376 65 452
8 3 455 28 376 758
8 3 88 455 758 456
8 3 763 456 141 239
8 3 462 88 456 763
8 3 27 462 763 463
8 3 27 463 765 466
8 3 466 765 465 97
8 3 765 248 145 465
8 3 97 465 780 483
8 3 483 780 482 33
8 3 780 470 93 482
8 3 145 244 770 470
8 3 470 770 264 93
8 3 770 467 10 264
8 3 90 471 806 270
8 3 270 806 511 151
8 3 806 514 108 511
8 3 10 261 594 269
8 3 269 594 265 107
8 3 594 270 151 265
8 3 107 265 817 528
8 3 528 817 524 12
8 3 817 529 103 524
8 3 151 511 822 529
8 3 529 822 532 103
8 3 822 535 11 532
8 3 38 273 600 174
8 3 174 600 276 112
8 3 600 279 47 276
8 3 290 42 291 616
8 3 616 291 116 292
8 3 293 616 292 45
8 3 346 59 352 657
8 3 657 352 124 349
8 3 351 657 349 67
8 3 78 408 710 222
8 3 222 710 410 134
8 3 710 173 46 410
8 3 366 63 488 783
8 3 783 488 148 485
8 3 487 783 485 101
8 3 2 165 546 173
8 3 173 546 169 46
8 3 546 174 112 169
8 3 46 169 612 294
8 3 294 612 290 18
8 3 612 295 42 290
8 3 112 276 617 295
8 3 295 617 298 42
8 3 617 301 24 298
8 3 298 24 299 620
8 3 620 299 43 300
8 3 291 620 300 116
8 3 300 43 303 624
8 3 624 303 25 304
8 3 305 624 304 44
8 3 292 116 305 627
8 3 627 305 44 308
8 3 309 627 308 17
8 3 353 23 221 661
8 3 661 221 68 356
8 3 352 661 356 124
8 3 356 68 373 676
8 3 676 373 29 370
8 3 369 676 370 63
8 3 349 124 369 673
8 3 673 369 63 366
8 3 368 673 366 5
8 3 23 213 570 221
8 3 221 570 217 68
8 3 570 222 134 217
8 3 68 217 719 373
8 3 373 719 416 29
8 3 719 419 80 416
8 3 134 410 723 419
8 3 419 723 421 80
8 3 723 294 18 421
8 3 370 29 492 786
8 3 786 492 102 489
8 3 488 786 489 148
8 3 489 102 508 800
8 3 800 508 35 505
8 3 504 800 505 99
8 3 485 148 504 797
8 3 797 504 99 501
8 3 503 797 501 8
8 3 274 39 280 601
8 3 601 280 113 277
8 3 279 601 277 47
8 3 311 50 315 629
8 3 629 315 118 313
8 3 287 629 313 48
8 3 281 14 287 605
8 3 605 287 48 284
8 3 280 605 284 113
8 3 284 48 306 621
8 3 621 306 25 303
8 3 302 621 303 43
8 3 277 113 302 618
8 3 618 302 43 299
8 3 301 618 299 24
8 3 316 13 322 633
8 3 633 322 56 319
8 3 315 633 319 118
8 3 319 56 340 648
8 3 648 340 26 337
8 3 336 648 337 53
8 3 313 118 336 645
8 3 645 336 53 334
8 3 306 645 334 25
8 3 317 51 323 634
8 3 634 323 119 320
8 3 322 634 320 56
8 3 429 82 433 735
8 3 735 433 138 431
8 3 328 735 431 57
8 3 324 4 328 638
8 3 638 328 57 326
8 3 323 638 326 119
8 3 326 57 344 652
8 3 652 344 16 342
8 3 341 652 342 54
8 3 320 119 341 649
8 3 649 341 54 338
8 3 340 649 338 26
8 3 434 19 438 739
8 3 739 438 86 436
8 3 433 739 436 138
8 3 436 86 450 751
8 3 751 450 32 448
8 3 447 751 448 84
8 3 431 138 447 748
8 3 748 447 84 445
8 3 344 748 445 16
8 3 308 44 329 644
8 3 644 329 121 330
8 3 331 644 330 55
8 3 416 80 417 722
8 3 722 417 136 418
8 3 397 722 418 73
8 3 426 81 439 745
8 3 745 439 140 440
8 3 441 745 440 85
8 3 304 25 334 647
8 3 647 334 53 335
8 3 329 647 335 121
8 3 335 53 337 651
8 3 651 337 26 338
8 3 339 651 338 54
8 3 330 121 339 654
8 3 654 339 54 342
8 3 343 654 342 16
8 3 421 18 293 725
8 3 725 293 45 422
8 3 417 725 422 136
8 3 422 45 309 728
8 3 728 309 17 423
8 3 424 728 423 81
8 3 418 136 424 730
8 3 730 424 81 426
8 3 400 730 426 31
8 3 423 17 331 747
8 3 747 331 55 444
8 3 439 747 444 140
8 3 444 55 343 750
8 3 750 343 16 445
8 3 446 750 445 84
8 3 440 140 446 753
8 3 753 446 84 448
8 3 449 753 448 32
8 3 72 204 567 212
8 3 212 567 208 131
8 3 567 209 69 208
8 3 375 64 392 698
8 3 698 392 132 393
8 3 394 698 393 75
8 3 455 88 461 760
8 3 760 461 144 458
8 3 460 760 458 96
8 3 371 64 493 787
8 3 787 493 149 490
8 3 492 787 490 102
8 3 20 388 693 391
8 3 391 693 390 77
8 3 693 212 131 390
8 3 77 390 707 407
8 3 407 707 406 30
8 3 707 396 75 406
8 3 131 208 697 396
8 3 396 697 394 75
8 3 697 377 28 394
8 3 371 29 397 701
8 3 701 397 73 398
8 3 392 701 398 132
8 3 398 73 400 705
8 3 705 400 31 401
8 3 402 705 401 74
8 3 393 132 402 708
8 3 708 402 74 405
8 3 406 708 405 30
8 3 462 27 466 764
8 3 764 466 97 464
8 3 461 764 464 144
8 3 464 97 483 779
8 3 779 483 33 481
8 3 480 779 481 92
8 3 458 144 480 776
8 3 776 480 92 477
8 3 479 776 477 34
8 3 375 28 460 790
8 3 790 460 96 494
8 3 493 790 494 149
8 3 494 96 479 804
8 3 804 479 34 510
8 3 509 804 510 100
8 3 490 149 509 801
8 3 801 509 100 506
8 3 508 801 506 35
8 3 381 71 386 688
8 3 688 386 130 384
8 3 233 688 384 76
8 3 83 228 579 236
8 3 236 579 232 139
8 3 579 233 76 232
8 3 477 92 520 811
8 3 811 520 153 517
8 3 519 811 517 109
8 3 387 20 391 692
8 3 692 391 77 389
8 3 386 692 389 130
8 3 389 77 407 706
8 3 706 407 30 405
8 3 404 706 405 74
8 3 384 130 404 703
8 3 703 404 74 401
8 3 403 703 401 31
8 3 19 435 740 438
8 3 438 740 437 86
8 3 740 236 139 437
8 3 86 437 752 450
8 3 450 752 449 32
8 3 752 443 85 449
8 3 139 232 744 443
8 3 443 744 441 85
8 3 744 403 31 441
8 3 481 33 523 814
8 3 814 523 110 521
8 3 520 814 521 153
8 3 521 110 544 830
8 3 830 544 36 542
8 3 541 830 542 105
8 3 517 153 541 827
8 3 827 541 105 538
8 3 540 827 538 37
8 3 495 98 496 795
8 3 795 496 150 497
8 3 472 795 497 91
8 3 472 91 515 807
8 3 807 515 152 512
8 3 514 807 512 108
8 3 524 103 525 821
8 3 821 525 155 526
8 3 527 821 526 106
8 3 500 8 501 799
8 3 799 501 99 502
8 3 496 799 502 150
8 3 502 99 505 803
8 3 803 505 35 506
8 3 507 803 506 100
8 3 497 150 507 805
8 3 805 507 100 510
8 3 476 805 510 34
8 3 476 34 519 810
8 3 810 519 109 516
8 3 515 810 516 152
8 3 516 109 540 826
8 3 826 540 37 537
8 3 536 826 537 104
8 3 512 152 536 823
8 3 823 536 104 533
8 3 535 823 533 11
8 3 532 11 533 825
8 3 825 533 104 534
8 3 525 825 534 155
8 3 534 104 537 829
8 3 829 537 37 538
8 3 539 829 538 105
8 3 526 155 539 832
8 3 832 539 105 542
8 3 543 832 542 36
8 3 93 264 597 272
8 3 272 597 268 154
8 3 597 269 107 268
8 3 33 482 815 523
8 3 523 815 522 110
8 3 815 272 154 522
8 3 110 522 831 544
8 3 544 831 543 36
8 3 831 531 106 543
8 3 154 268 820 531
8 3 531 820 527 106
8 3 820 528 12 527

vertices
905

nodes
FiniteElementSpace
FiniteElementCollection: H1_3D_P2
VDim: 3
Ordering: 0

-0.70710678
-0.67227043
-0.67227043
-0.70710678
-0.67227043
-0.57019239
-0.59335069
-0.57019239
-0.47240707
-0.48603889
-0.47240707
-0.38463884
-0.37864925
-0.37298049
-0.39717735
-0.37298049
-0.57019239
-0.59335069
-0.57019239
-0.84957113
-1
-0.91774188
-0.91774188
-0.84957113
-0.30722904
-0.3224644
-0.30722904
-0.68827279
-0.73185567
-0.68827279
-0.7835347
-0.73185567
-0.68827279
-0.54236453
-0.56723152
-0.54236453
-0.40974402
-0.42041877
-0.52262546
-0.38507892
-0.55214206
-0.68968861
-0.43871072
-0.31484672
-0.45790755
-0.58177154
-0.62123141
-0.34010476
-0.35982088
-0.65022874
-0.38507892
-0.52262546
-0.68968861
-0.31484672
-0.43871072
-0.58177154
-0.34010476
-0.62123141
-0.68968861
-0.76092078
-0.88365651
-0.81242433
-0.58177154
-0.62923259
-0.71006423
-0.66260318
-0.65022874
-0.62123141
-0.76892196
-0.82479877
-0.88365651
-0.95887094
-0.95887094
-0.71006423
-0.75769518
-0.75769518
-0.82479877
-0.89176735
-0.76092078
-0.81242433
-0.62923259
-0.66260318
-0.76092078
-0.88365651
-0.62923259
-0.71006423
-0.76892196
-0.58177154
-0.71006423
-0.62923259
-0.47922298
-0.5266352
-0.55479803
-0.5073858
-0.52129973
-0.53969479
-0.64954359
-0.61531866
-0.47922298
-0.5073858
-0.55479803
-0.52129973
-0.61531866
-0.38164404
-0.4025288
-0.41508139
-0.39419663
-0.42552816
-0.43533886
-0.49382514
-0.47605428
-0.53738376
-0.48066809
-0.34996282
-0.50502481
-0.63573008
-0.44830913
-0.53738376
-0.34996282
-0.48066809
-0.63573008
-0.44830913
-0.78667256
-0.63573008
-0.69507669
-0.79686037
-0.73751376
-0.64591789
-0.92126372
-0.79686037
-0.85828306
-0.85828306
-0.73387971
-0.78667256
-0.69507669
-0.73751376
-0.64591789
-0.78667256
-0.69507669
-0.79686037
-0.64591789
-0.64591789
-0.53049726
-0.59461919
-0.63243113
-0.5683092
-0.5170105
-0.53049726
-0.5683092
-0.63243113
-0.5170105
-0.43043351
-0.464582
-0.48493971
-0.45079122
-0.39836272
-0.49284645
-0.49284645
-0.71629522
-0.82757172
-0.71629522
-0.71629522
-0.58146419
-0.58146419
-0.45768661
-0.59744795
-0.53000461
-0.61353618
-0.68097952
-0.55094975
-0.48675727
-0.56428826
-0.62848074
-0.64675092
-0.50164677
-0.5151151
-0.66270934
-0.62962442
-0.54476291
-0.61353618
-0.69839769
-0.57762677
-0.49893563
-0.56428826
-0.64297941
-0.67866776
-0.52858344
-0.5151151
-0.66270934
-0.69839769
-0.73818058
-0.79954844
-0.75976556
-0.64297941
-0.67601265
-0.72690449
-0.69387125
-0.67866776
-0.66270934
-0.75148389
-0.77496904
-0.90069919
-0.90246011
-0.94006733
-0.93830641
-0.81082957
-0.81221604
-0.84292739
-0.84154092
-0.87127033
-0.84025844
-0.87441772
-0.908577
-0.80524596
-0.77379667
-0.83516453
-0.86661382
-0.73199933
-0.70568596
-0.7565778
-0.78289117
-0.80924655
-0.72799874
-0.75148389
-0.84025844
-0.8650831
-0.79954844
-0.83516453
-0.90069919
-0.78115627
-0.72690449
-0.7565778
-0.81082957
-0.87127033
-0.77496904
-0.75148389
-0.84025844
-0.57598197
-0.61384472
-0.63757524
-0.59971249
-0.52589849
-0.55598073
-0.5748867
-0.54480446
-0.54574606
-0.5561344
-0.61369104
-0.59877089
-0.58756112
-0.61384472
-0.65426054
-0.62797694
-0.53509603
-0.55598073
-0.58804169
-0.56715699
-0.56652274
-0.5561344
-0.61369104
-0.62861119
-0.47581502
-0.49811674
-0.51219815
-0.48989643
-0.42798083
-0.44406006
-0.45423891
-0.43815969
-0.44896761
-0.45482824
-0.48734856
-0.47908851
-0.44780297
-0.3790297
-0.46123134
-0.41038643
-0.34503379
-0.42140463
-0.35654263
-0.36752087
-0.39112813
-0.47465971
-0.54476291
-0.35489185
-0.43242284
-0.49893563
-0.37849911
-0.69839769
-0.64297941
-0.50445155
-0.44350992
-0.51504034
-0.57598197
-0.5957119
-0.4596894
-0.47057779
-0.60875081
-0.37296988
-0.31103788
-0.38157793
-0.3236669
-0.33240477
-0.31865556
-0.39018598
-0.45310834
-0.34114264
-0.48146618
-0.52562912
-0.58756112
-0.62178972
-0.39112813
-0.46123134
-0.35489185
-0.42140463
-0.36752087
-0.3790297
-0.44780297
-0.53000461
-0.34503379
-0.41038643
-0.48675727
-0.35654263
-0.50164677
-0.59744795
-0.68097952
-0.55094975
-0.62848074
-0.64675092
-0.45310834
-0.51504034
-0.58756112
-0.47057779
-0.60875081
-0.31865556
-0.38157793
-0.33240477
-0.31103788
-0.37296988
-0.44350992
-0.3236669
-0.4596894
-0.50445155
-0.57598197
-0.5957119
-0.68097952
-0.71659561
-0.77379667
-0.62848074
-0.65815405
-0.70568596
-0.64675092
-0.72799874
-0.80524596
-0.86661382
-0.83516453
-0.73199933
-0.78289117
-0.7565778
-0.8650831
-0.78115627
-0.62178972
-0.60875081
-0.68110655
-0.70005847
-0.57598197
-0.59971249
-0.63757524
-0.5957119
-0.66215464
-0.65875269
-0.69916851
-0.67799106
-0.72859738
-0.7534623
-0.72095995
-0.69722943
-0.77832722
-0.90246011
-0.81221604
-0.90069919
-0.93830641
-0.94006733
-0.81082957
-0.84154092
-0.84292739
-0.908577
-0.97943547
-0.97943547
-0.8750252
-0.8750252
-0.94588367
-0.72197197
-0.74578745
-0.74477543
-0.78072571
-0.80798912
-0.69916851
-0.72197197
-0.7534623
-0.72095995
-0.74477543
-0.74578745
-0.77832722
-0.80798912
-0.77061494
-0.77061494
-0.83765102
-0.71659561
-0.73818058
-0.65815405
-0.67601265
-0.75976556
-0.79954844
-0.69387125
-0.72690449
-0.65875269
-0.63757524
-0.67799106
-0.66215464
-0.68110655
-0.59971249
-0.61384472
-0.62797694
-0.65426054
-0.70005847
-0.69722943
-0.73818058
-0.67601265
-0.71659561
-0.77379667
-0.65815405
-0.70568596
-0.72799874
-0.80524596
-0.86661382
-0.73199933
-0.78289117
-0.80924655
-0.65426054
-0.67799106
-0.72095995
-0.68110655
-0.7534623
-0.61384472
-0.59971249
-0.63757524
-0.66215464
-0.65875269
-0.69916851
-0.72859738
-0.58756112
-0.65426054
-0.53509603
-0.58804169
-0.72095995
-0.67799106
-0.62208139
-0.64098736
-0.60694766
-0.69069963
-0.67124768
-0.69916851
-0.65875269
-0.6238749
-0.59181393
-0.65179573
-0.4968534
-0.50486012
-0.54923735
-0.5378475
-0.48263093
-0.50633705
-0.52182285
-0.51286684
-0.5606272
-0.54693336
-0.56101477
-0.53590426
-0.60838756
-0.59361458
-0.54858128
-0.52487517
-0.5788416
-0.52589849
-0.54480446
-0.5748867
-0.54574606
-0.59877089
-0.59181393
-0.6238749
-0.60694766
-0.65179573
-0.67124768
-0.64098736
-0.48263093
-0.49811674
-0.52182285
-0.50486012
-0.54923735
-0.47581502
-0.48989643
-0.51219815
-0.4968534
-0.5378475
-0.52487517
-0.54858128
-0.53590426
-0.5788416
-0.59361458
-0.56101477
-0.43288619
-0.44996043
-0.46113431
-0.46068888
-0.4956086
-0.47920357
-0.48938243
-0.47131316
-0.53052833
-0.51986887
-0.48049699
-0.46342275
-0.50920941
-0.38014665
-0.39000338
-0.39627968
-0.38642294
-0.4020887
-0.40603878
-0.42802466
-0.42249392
-0.38314144
-0.39358382
-0.40044576
-0.40998885
-0.4335554
-0.41147379
-0.41775008
-0.40672206
-0.45712196
-0.45001055
-0.4124127
-0.40197032
-0.44289915
-0.60549207
-0.57419885
-0.50838094
-0.58891222
-0.65473013
-0.55761901
-0.6215803
-0.6036256
-0.52184927
-0.58891222
-0.67068855
-0.57095752
-0.74897307
-0.67068855
-0.70709662
-0.76322647
-0.7268184
-0.68494195
-0.92038326
-0.85576438
-0.85733808
-0.89149736
-0.88992366
-0.82687848
-0.82020525
-0.76862264
-0.73974131
-0.79587116
-0.82475249
-0.74428856
-0.85012382
-0.82311968
-0.76322647
-0.79587116
-0.85576438
-0.76886703
-0.6067786
-0.55094023
-0.58491272
-0.60623097
-0.57225848
-0.5503926
-0.62091083
-0.56132857
-0.58491272
-0.62115111
-0.59756697
-0.56156886
-0.49400659
-0.45189793
-0.4710884
-0.48321853
-0.46402806
-0.44110987
-0.45451716
-0.4290947
-0.36203175
-0.44131799
-0.41589553
-0.46794552
-0.37300999
-0.45354127
-0.52184927
-0.42691374
-0.6215803
-0.67068855
-0.57095752
-0.52770065
-0.4651336
-0.5396643
-0.60223136
-0.50974595
-0.39167815
-0.32803584
-0.40149128
-0.3772739
-0.33677371
-0.41130441
-0.47602198
-0.38588195
-0.55162795
-0.61527026
-0.52033473
-0.46794552
-0.37300999
-0.44131799
-0.42691374
-0.45451716
-0.36203175
-0.4290947
-0.50838094
-0.41589553
-0.60549207
-0.57419885
-0.65473013
-0.55761901
-0.47602198
-0.5396643
-0.61527026
-0.52033473
-0.33677371
-0.40149128
-0.38588195
-0.32803584
-0.39167815
-0.4651336
-0.3772739
-0.52770065
-0.60223136
-0.50974595
-0.72738809
-0.65473013
-0.68737483
-0.73974131
-0.66708335
-0.82020525
-0.76862264
-0.82475249
-0.79587116
-0.74428856
-0.85012382
-0.82311968
-0.76886703
-0.61527026
-0.64492868
-0.69058251
-0.66092409
-0.60223136
-0.62893327
-0.6716306
-0.6067786
-0.69537601
-0.74102984
-0.71728443
-0.66837188
-0.76589476
-0.73919285
-0.68761024
-0.88453697
-0.85733808
