MFEM mesh v1.0

#
# MFEM Geometry Types (see mesh/geom.hpp):
#
# POINT       = 0
# SEGMENT     = 1
# TRIANGLE    = 2
# SQUARE      = 3
# TETRAHEDRON = 4
# CUBE        = 5
#

dimension
3

elements
448
1 5 16 133 437 136 141 438 665 441
1 5 17 145 443 148 153 444 666 447
1 5 20 157 449 160 165 450 667 453
1 5 21 169 455 172 177 456 668 459
1 5 24 181 461 184 189 462 669 465
1 5 26 193 467 196 201 468 670 471
1 5 29 205 473 208 213 474 671 477
1 5 31 217 479 134 142 480 672 439
1 5 90 218 483 223 143 481 673 486
1 5 34 135 488 229 144 440 674 490
1 5 39 137 442 140 237 492 675 495
1 5 91 219 482 138 238 497 676 493
1 5 126 220 487 226 239 499 677 503
1 5 94 139 491 231 240 494 678 506
1 5 43 254 508 146 154 509 679 445
1 5 96 256 513 264 155 511 680 516
1 5 32 147 518 221 156 446 681 484
1 5 40 149 448 152 244 520 682 498
1 5 97 257 512 150 271 524 683 521
1 5 127 259 517 267 272 526 684 530
1 5 92 151 519 224 245 522 685 501
1 5 45 263 534 158 166 515 686 451
1 5 101 284 537 288 167 535 687 540
1 5 53 159 542 295 168 452 688 544
1 5 41 161 454 164 249 532 689 548
1 5 99 266 536 162 282 529 690 546
1 5 128 285 541 291 302 551 691 555
1 5 104 163 545 297 303 547 692 558
1 5 59 315 560 170 178 561 693 457
1 5 106 317 565 325 179 563 694 568
1 5 51 171 570 286 180 458 695 538
1 5 50 173 460 176 281 573 696 550
1 5 107 318 564 174 336 577 697 574
1 5 129 320 569 328 337 579 698 583
1 5 102 175 572 289 306 575 699 553
1 5 67 349 587 182 190 588 700 463
1 5 111 351 592 359 191 590 701 595
1 5 70 183 597 366 192 464 702 599
1 5 75 185 466 188 370 601 703 604
1 5 112 352 591 186 371 605 704 602
1 5 130 354 596 362 372 607 705 611
1 5 115 187 600 368 373 603 706 614
1 5 79 387 616 194 202 617 707 469
1 5 117 389 621 397 203 619 708 624
1 5 82 195 626 403 204 470 709 628
1 5 83 197 472 200 407 630 710 633
1 5 118 390 620 198 408 634 711 631
1 5 131 392 625 400 409 636 712 639
1 5 121 199 629 405 410 632 713 641
1 5 71 374 608 206 214 642 714 475
1 5 116 376 612 381 215 644 715 648
1 5 74 207 615 385 216 476 716 651
1 5 85 209 478 212 413 653 717 656
1 5 122 416 645 210 429 657 718 654
1 5 132 418 649 423 430 659 719 662
1 5 125 211 652 427 431 655 720 664
1 5 133 31 134 437 438 142 439 665
1 5 437 134 90 135 665 439 143 440
1 5 136 437 135 34 441 665 440 144
1 5 141 438 665 441 39 137 442 140
1 5 438 142 439 665 137 91 138 442
1 5 665 439 143 440 442 138 126 139
1 5 441 665 440 144 140 442 139 94
1 5 145 43 146 443 444 154 445 666
1 5 443 146 96 147 666 445 155 446
1 5 148 443 147 32 447 666 446 156
1 5 153 444 666 447 40 149 448 152
1 5 444 154 445 666 149 97 150 448
1 5 666 445 155 446 448 150 127 151
1 5 447 666 446 156 152 448 151 92
1 5 157 45 158 449 450 166 451 667
1 5 449 158 101 159 667 451 167 452
1 5 160 449 159 53 453 667 452 168
1 5 165 450 667 453 41 161 454 164
1 5 450 166 451 667 161 99 162 454
1 5 667 451 167 452 454 162 128 163
1 5 453 667 452 168 164 454 163 104
1 5 169 59 170 455 456 178 457 668
1 5 455 170 106 171 668 457 179 458
1 5 172 455 171 51 459 668 458 180
1 5 177 456 668 459 50 173 460 176
1 5 456 178 457 668 173 107 174 460
1 5 668 457 179 458 460 174 129 175
1 5 459 668 458 180 176 460 175 102
1 5 181 67 182 461 462 190 463 669
1 5 461 182 111 183 669 463 191 464
1 5 184 461 183 70 465 669 464 192
1 5 189 462 669 465 75 185 466 188
1 5 462 190 463 669 185 112 186 466
1 5 669 463 191 464 466 186 130 187
1 5 465 669 464 192 188 466 187 115
1 5 193 79 194 467 468 202 469 670
1 5 467 194 117 195 670 469 203 470
1 5 196 467 195 82 471 670 470 204
1 5 201 468 670 471 83 197 472 200
1 5 468 202 469 670 197 118 198 472
1 5 670 469 203 470 472 198 131 199
1 5 471 670 470 204 200 472 199 121
1 5 205 71 206 473 474 214 475 671
1 5 473 206 116 207 671 475 215 476
1 5 208 473 207 74 477 671 476 216
1 5 213 474 671 477 85 209 478 212
1 5 474 214 475 671 209 122 210 478
1 5 671 475 215 476 478 210 132 211
1 5 477 671 476 216 212 478 211 125
1 5 217 17 148 479 480 153 447 672
1 5 479 148 32 218 672 447 156 481
1 5 134 479 218 90 439 672 481 143
1 5 142 480 672 439 91 219 482 138
1 5 480 153 447 672 219 40 152 482
1 5 672 447 156 481 482 152 92 220
1 5 439 672 481 143 138 482 220 126
1 5 218 32 221 483 481 156 484 673
1 5 483 221 20 222 673 484 165 485
1 5 223 483 222 33 486 673 485 227
1 5 143 481 673 486 126 220 487 226
1 5 481 156 484 673 220 92 224 487
1 5 673 484 165 485 487 224 41 225
1 5 486 673 485 227 226 487 225 93
1 5 135 90 223 488 440 143 486 674
1 5 488 223 33 228 674 486 227 489
1 5 229 488 228 19 490 674 489 232
1 5 144 440 674 490 94 139 491 231
1 5 440 143 486 674 139 126 226 491
1 5 674 486 227 489 491 226 93 230
1 5 490 674 489 232 231 491 230 42
1 5 137 91 138 442 492 238 493 675
1 5 442 138 126 139 675 493 239 494
1 5 140 442 139 94 495 675 494 240
1 5 237 492 675 495 4 233 496 236
1 5 492 238 493 675 233 35 234 496
1 5 675 493 239 494 496 234 95 235
1 5 495 675 494 240 236 496 235 38
1 5 219 40 152 482 497 244 498 676
1 5 482 152 92 220 676 498 245 499
1 5 138 482 220 126 493 676 499 239
1 5 238 497 676 493 35 241 500 234
1 5 497 244 498 676 241 5 242 500
1 5 676 498 245 499 500 242 36 243
1 5 493 676 499 239 234 500 243 95
1 5 220 92 224 487 499 245 501 677
1 5 487 224 41 225 677 501 249 502
1 5 226 487 225 93 503 677 502 250
1 5 239 499 677 503 95 243 504 248
1 5 499 245 501 677 243 36 246 504
1 5 677 501 249 502 504 246 8 247
1 5 503 677 502 250 248 504 247 37
1 5 139 126 226 491 494 239 503 678
1 5 491 226 93 230 678 503 250 505
1 5 231 491 230 42 506 678 505 253
1 5 240 494 678 506 38 235 507 252
1 5 494 239 503 678 235 95 248 507
1 5 678 503 250 505 507 248 37 251
1 5 506 678 505 253 252 507 251 7
1 5 254 18 255 508 509 260 510 679
1 5 508 255 44 256 679 510 261 511
1 5 146 508 256 96 445 679 511 155
1 5 154 509 679 445 97 257 512 150
1 5 509 260 510 679 257 49 258 512
1 5 679 510 261 511 512 258 98 259
1 5 445 679 511 155 150 512 259 127
1 5 256 44 262 513 511 261 514 680
1 5 513 262 21 263 680 514 177 515
1 5 264 513 263 45 516 680 515 166
1 5 155 511 680 516 127 259 517 267
1 5 511 261 514 680 259 98 265 517
1 5 680 514 177 515 517 265 50 266
1 5 516 680 515 166 267 517 266 99
1 5 147 96 264 518 446 155 516 681
1 5 518 264 45 157 681 516 166 450
1 5 221 518 157 20 484 681 450 165
1 5 156 446 681 484 92 151 519 224
1 5 446 155 516 681 151 127 267 519
1 5 681 516 166 450 519 267 99 161
1 5 484 681 450 165 224 519 161 41
1 5 149 97 150 448 520 271 521 682
1 5 448 150 127 151 682 521 272 522
1 5 152 448 151 92 498 682 522 245
1 5 244 520 682 498 5 268 523 242
1 5 520 271 521 682 268 46 269 523
1 5 682 521 272 522 523 269 100 270
1 5 498 682 522 245 242 523 270 36
1 5 257 49 258 512 524 276 525 683
1 5 512 258 98 259 683 525 277 526
1 5 150 512 259 127 521 683 526 272
1 5 271 524 683 521 46 273 527 269
1 5 524 276 525 683 273 6 274 527
1 5 683 525 277 526 527 274 47 275
1 5 521 683 526 272 269 527 275 100
1 5 259 98 265 517 526 277 528 684
1 5 517 265 50 266 684 528 281 529
1 5 267 517 266 99 530 684 529 282
1 5 272 526 684 530 100 275 531 280
1 5 526 277 528 684 275 47 278 531
1 5 684 528 281 529 531 278 9 279
1 5 530 684 529 282 280 531 279 48
1 5 151 127 267 519 522 272 530 685
1 5 519 267 99 161 685 530 282 532
1 5 224 519 161 41 501 685 532 249
1 5 245 522 685 501 36 270 533 246
1 5 522 272 530 685 270 100 280 533
1 5 685 530 282 532 533 280 48 283
1 5 501 685 532 249 246 533 283 8
1 5 263 21 172 534 515 177 459 686
1 5 534 172 51 284 686 459 180 535
1 5 158 534 284 101 451 686 535 167
1 5 166 515 686 451 99 266 536 162
1 5 515 177 459 686 266 50 176 536
1 5 686 459 180 535 536 176 102 285
1 5 451 686 535 167 162 536 285 128
1 5 284 51 286 537 535 180 538 687
1 5 537 286 23 287 687 538 292 539
1 5 288 537 287 52 540 687 539 293
1 5 167 535 687 540 128 285 541 291
1 5 535 180 538 687 285 102 289 541
1 5 687 538 292 539 541 289 57 290
1 5 540 687 539 293 291 541 290 103
1 5 159 101 288 542 452 167 540 688
1 5 542 288 52 294 688 540 293 543
1 5 295 542 294 22 544 688 543 298
1 5 168 452 688 544 104 163 545 297
1 5 452 167 540 688 163 128 291 545
1 5 688 540 293 543 545 291 103 296
1 5 544 688 543 298 297 545 296 58
1 5 161 99 162 454 532 282 546 689
1 5 454 162 128 163 689 546 302 547
1 5 164 454 163 104 548 689 547 303
1 5 249 532 689 548 8 283 549 301
1 5 532 282 546 689 283 48 299 549
1 5 689 546 302 547 549 299 105 300
1 5 548 689 547 303 301 549 300 56
1 5 266 50 176 536 529 281 550 690
1 5 536 176 102 285 690 550 306 551
1 5 162 536 285 128 546 690 551 302
1 5 282 529 690 546 48 279 552 299
1 5 529 281 550 690 279 9 304 552
1 5 690 550 306 551 552 304 54 305
1 5 546 690 551 302 299 552 305 105
1 5 285 102 289 541 551 306 553 691
1 5 541 289 57 290 691 553 310 554
1 5 291 541 290 103 555 691 554 311
1 5 302 551 691 555 105 305 556 309
1 5 551 306 553 691 305 54 307 556
1 5 691 553 310 554 556 307 11 308
1 5 555 691 554 311 309 556 308 55
1 5 163 128 291 545 547 302 555 692
1 5 545 291 103 296 692 555 311 557
1 5 297 545 296 58 558 692 557 314
1 5 303 547 692 558 56 300 559 313
1 5 547 302 555 692 300 105 309 559
1 5 692 555 311 557 559 309 55 312
1 5 558 692 557 314 313 559 312 10
1 5 315 2 316 560 561 321 562 693
1 5 560 316 60 317 693 562 322 563
1 5 170 560 317 106 457 693 563 179
1 5 178 561 693 457 107 318 564 174
1 5 561 321 562 693 318 65 319 564
1 5 693 562 322 563 564 319 108 320
1 5 457 693 563 179 174 564 320 129
1 5 317 60 323 565 563 322 566 694
1 5 565 323 3 324 694 566 329 567
1 5 325 565 324 61 568 694 567 330
1 5 179 563 694 568 129 320 569 328
1 5 563 322 566 694 320 108 326 569
1 5 694 566 329 567 569 326 66 327
1 5 568 694 567 330 328 569 327 109
1 5 171 106 325 570 458 179 568 695
1 5 570 325 61 331 695 568 330 571
1 5 286 570 331 23 538 695 571 292
1 5 180 458 695 538 102 175 572 289
1 5 458 179 568 695 175 129 328 572
1 5 695 568 330 571 572 328 109 332
1 5 538 695 571 292 289 572 332 57
1 5 173 107 174 460 573 336 574 696
1 5 460 174 129 175 696 574 337 575
1 5 176 460 175 102 550 696 575 306
1 5 281 573 696 550 9 333 576 304
1 5 573 336 574 696 333 62 334 576
1 5 696 574 337 575 576 334 110 335
1 5 550 696 575 306 304 576 335 54
1 5 318 65 319 564 577 341 578 697
1 5 564 319 108 320 697 578 342 579
1 5 174 564 320 129 574 697 579 337
1 5 336 577 697 574 62 338 580 334
1 5 577 341 578 697 338 0 339 580
1 5 697 578 342 579 580 339 63 340
1 5 574 697 579 337 334 580 340 110
1 5 320 108 326 569 579 342 581 698
1 5 569 326 66 327 698 581 346 582
1 5 328 569 327 109 583 698 582 347
1 5 337 579 698 583 110 340 584 345
1 5 579 342 581 698 340 63 343 584
1 5 698 581 346 582 584 343 1 344
1 5 583 698 582 347 345 584 344 64
1 5 175 129 328 572 575 337 583 699
1 5 572 328 109 332 699 583 347 585
1 5 289 572 332 57 553 699 585 310
1 5 306 575 699 553 54 335 586 307
1 5 575 337 583 699 335 110 345 586
1 5 699 583 347 585 586 345 64 348
1 5 553 699 585 310 307 586 348 11
1 5 349 25 350 587 588 355 589 700
1 5 587 350 68 351 700 589 356 590
1 5 182 587 351 111 463 700 590 191
1 5 190 588 700 463 112 352 591 186
1 5 588 355 589 700 352 76 353 591
1 5 700 589 356 590 591 353 113 354
1 5 463 700 590 191 186 591 354 130
1 5 351 68 357 592 590 356 593 701
1 5 592 357 13 358 701 593 363 594
1 5 359 592 358 69 595 701 594 364
1 5 191 590 701 595 130 354 596 362
1 5 590 356 593 701 354 113 360 596
1 5 701 593 363 594 596 360 77 361
1 5 595 701 594 364 362 596 361 114
1 5 183 111 359 597 464 191 595 702
1 5 597 359 69 365 702 595 364 598
1 5 366 597 365 12 599 702 598 369
1 5 192 464 702 599 115 187 600 368
1 5 464 191 595 702 187 130 362 600
1 5 702 595 364 598 600 362 114 367
1 5 599 702 598 369 368 600 367 78
1 5 185 112 186 466 601 371 602 703
1 5 466 186 130 187 703 602 372 603
1 5 188 466 187 115 604 703 603 373
1 5 370 601 703 604 29 205 473 208
1 5 601 371 602 703 205 71 206 473
1 5 703 602 372 603 473 206 116 207
1 5 604 703 603 373 208 473 207 74
1 5 352 76 353 591 605 377 606 704
1 5 591 353 113 354 704 606 378 607
1 5 186 591 354 130 602 704 607 372
1 5 371 605 704 602 71 374 608 206
1 5 605 377 606 704 374 30 375 608
1 5 704 606 378 607 608 375 72 376
1 5 602 704 607 372 206 608 376 116
1 5 354 113 360 596 607 378 609 705
1 5 596 360 77 361 705 609 382 610
1 5 362 596 361 114 611 705 610 383
1 5 372 607 705 611 116 376 612 381
1 5 607 378 609 705 376 72 379 612
1 5 705 609 382 610 612 379 15 380
1 5 611 705 610 383 381 612 380 73
1 5 187 130 362 600 603 372 611 706
1 5 600 362 114 367 706 611 383 613
1 5 368 600 367 78 614 706 613 386
1 5 373 603 706 614 74 207 615 385
1 5 603 372 611 706 207 116 381 615
1 5 706 611 383 613 615 381 73 384
1 5 614 706 613 386 385 615 384 14
1 5 387 27 388 616 617 393 618 707
1 5 616 388 80 389 707 618 394 619
1 5 194 616 389 117 469 707 619 203
1 5 202 617 707 469 118 390 620 198
1 5 617 393 618 707 390 84 391 620
1 5 707 618 394 619 620 391 119 392
1 5 469 707 619 203 198 620 392 131
1 5 389 80 395 621 619 394 622 708
1 5 621 395 29 396 708 622 213 623
1 5 397 621 396 81 624 708 623 401
1 5 203 619 708 624 131 392 625 400
1 5 619 394 622 708 392 119 398 625
1 5 708 622 213 623 625 398 85 399
1 5 624 708 623 401 400 625 399 120
1 5 195 117 397 626 470 203 624 709
1 5 626 397 81 402 709 624 401 627
1 5 403 626 402 28 628 709 627 406
1 5 204 470 709 628 121 199 629 405
1 5 470 203 624 709 199 131 400 629
1 5 709 624 401 627 629 400 120 404
1 5 628 709 627 406 405 629 404 86
1 5 197 118 198 472 630 408 631 710
1 5 472 198 131 199 710 631 409 632
1 5 200 472 199 121 633 710 632 410
1 5 407 630 710 633 5 242 523 268
1 5 630 408 631 710 242 36 270 523
1 5 710 631 409 632 523 270 100 269
1 5 633 710 632 410 268 523 269 46
1 5 390 84 391 620 634 411 635 711
1 5 620 391 119 392 711 635 412 636
1 5 198 620 392 131 631 711 636 409
1 5 408 634 711 631 36 246 533 270
1 5 634 411 635 711 246 8 283 533
1 5 711 635 412 636 533 283 48 280
1 5 631 711 636 409 270 533 280 100
1 5 392 119 398 625 636 412 637 712
1 5 625 398 85 399 712 637 413 638
1 5 400 625 399 120 639 712 638 414
1 5 409 636 712 639 100 280 531 275
1 5 636 412 637 712 280 48 279 531
1 5 712 637 413 638 531 279 9 278
1 5 639 712 638 414 275 531 278 47
1 5 199 131 400 629 632 409 639 713
1 5 629 400 120 404 713 639 414 640
1 5 405 629 404 86 641 713 640 415
1 5 410 632 713 641 46 269 527 273
1 5 632 409 639 713 269 100 275 527
1 5 713 639 414 640 527 275 47 274
1 5 641 713 640 415 273 527 274 6
1 5 374 30 375 608 642 419 643 714
1 5 608 375 72 376 714 643 420 644
1 5 206 608 376 116 475 714 644 215
1 5 214 642 714 475 122 416 645 210
1 5 642 419 643 714 416 87 417 645
1 5 714 643 420 644 645 417 123 418
1 5 475 714 644 215 210 645 418 132
1 5 376 72 379 612 644 420 646 715
1 5 612 379 15 380 715 646 424 647
1 5 381 612 380 73 648 715 647 425
1 5 215 644 715 648 132 418 649 423
1 5 644 420 646 715 418 123 421 649
1 5 715 646 424 647 649 421 88 422
1 5 648 715 647 425 423 649 422 124
1 5 207 116 381 615 476 215 648 716
1 5 615 381 73 384 716 648 425 650
1 5 385 615 384 14 651 716 650 428
1 5 216 476 716 651 125 211 652 427
1 5 476 215 648 716 211 132 423 652
1 5 716 648 425 650 652 423 124 426
1 5 651 716 650 428 427 652 426 89
1 5 209 122 210 478 653 429 654 717
1 5 478 210 132 211 717 654 430 655
1 5 212 478 211 125 656 717 655 431
1 5 413 653 717 656 9 304 576 333
1 5 653 429 654 717 304 54 335 576
1 5 717 654 430 655 576 335 110 334
1 5 656 717 655 431 333 576 334 62
1 5 416 87 417 645 657 432 658 718
1 5 645 417 123 418 718 658 433 659
1 5 210 645 418 132 654 718 659 430
1 5 429 657 718 654 54 307 586 335
1 5 657 432 658 718 307 11 348 586
1 5 718 658 433 659 586 348 64 345
1 5 654 718 659 430 335 586 345 110
1 5 418 123 421 649 659 433 660 719
1 5 649 421 88 422 719 660 434 661
1 5 423 649 422 124 662 719 661 435
1 5 430 659 719 662 110 345 584 340
1 5 659 433 660 719 345 64 344 584
1 5 719 660 434 661 584 344 1 343
1 5 662 719 661 435 340 584 343 63
1 5 211 132 423 652 655 430 662 720
1 5 652 423 124 426 720 662 435 663
1 5 427 652 426 89 664 720 663 436
1 5 431 655 720 664 62 334 580 338
1 5 655 430 662 720 334 110 340 580
1 5 720 662 435 663 580 340 63 339
1 5 664 720 663 436 338 580 339 0

boundary
480
53 3 136 437 133 16
53 3 148 443 145 17
53 3 160 449 157 20
53 3 172 455 169 21
53 3 217 17 153 480
53 3 254 18 260 509
53 3 136 16 141 441
53 3 20 222 485 165
53 3 4 233 496 236
53 3 18 255 510 260
53 3 315 2 321 561
53 3 160 20 165 453
53 3 23 287 539 292
53 3 8 283 549 301
53 3 2 316 562 321
53 3 3 324 567 329
53 3 365 12 369 598
53 3 384 14 428 650
53 3 184 461 181 24
53 3 196 467 193 26
53 3 349 25 355 588
53 3 184 24 189 465
53 3 25 350 589 355
53 3 387 27 393 617
53 3 196 26 201 471
53 3 27 388 618 393
53 3 29 396 623 213
53 3 374 30 419 642
53 3 208 29 213 477
53 3 30 375 643 419
53 3 134 479 217 31
53 3 223 483 218 90
53 3 229 488 135 34
53 3 146 508 254 43
53 3 264 513 256 96
53 3 221 518 147 32
53 3 158 534 263 45
53 3 288 537 284 101
53 3 295 542 159 53
53 3 170 560 315 59
53 3 325 565 317 106
53 3 286 570 171 51
53 3 133 31 142 438
53 3 137 91 238 492
53 3 219 40 244 497
53 3 33 228 489 227
53 3 93 230 505 250
53 3 41 225 502 249
53 3 295 53 168 544
53 3 297 104 303 558
53 3 164 41 249 548
53 3 145 43 154 444
53 3 149 97 271 520
53 3 257 49 276 524
53 3 229 34 144 490
53 3 231 94 240 506
53 3 140 39 237 495
53 3 35 241 500 234
53 3 95 243 504 248
53 3 38 235 507 252
53 3 193 79 202 468
53 3 197 118 408 630
53 3 390 84 411 634
53 3 44 262 514 261
53 3 98 265 528 277
53 3 49 258 525 276
53 3 169 59 178 456
53 3 173 107 336 573
53 3 318 65 341 577
53 3 182 587 349 67
53 3 359 592 351 111
53 3 366 597 183 70
53 3 194 616 387 79
53 3 397 621 389 117
53 3 403 626 195 82
53 3 366 70 192 599
53 3 368 115 373 614
53 3 188 75 370 604
53 3 81 402 627 401
53 3 120 404 640 414
53 3 85 399 638 413
53 3 385 74 216 651
53 3 427 125 431 664
53 3 212 85 413 656
53 3 52 294 543 293
53 3 103 296 557 311
53 3 57 290 554 310
53 3 48 279 552 299
53 3 105 305 556 309
53 3 56 300 559 313
53 3 181 67 190 462
53 3 185 112 371 601
53 3 352 76 377 605
53 3 80 395 622 394
53 3 119 398 637 412
53 3 84 391 635 411
53 3 205 71 214 474
53 3 209 122 429 653
53 3 416 87 432 657
53 3 60 323 566 322
53 3 108 326 581 342
53 3 65 319 578 341
53 3 358 69 364 594
53 3 361 114 383 610
53 3 367 78 386 613
53 3 380 73 425 647
53 3 422 124 435 661
53 3 426 89 436 663
53 3 61 331 571 330
53 3 109 332 585 347
53 3 66 327 582 346
53 3 68 357 593 356
53 3 113 360 609 378
53 3 76 353 606 377
53 3 72 379 646 420
53 3 123 421 660 433
53 3 87 417 658 432
53 3 403 82 204 628
53 3 405 121 410 641
53 3 200 83 407 633
53 3 437 134 31 133
53 3 135 90 134 437
53 3 34 135 437 136
53 3 479 148 17 217
53 3 218 32 148 479
53 3 90 218 479 134
53 3 483 221 32 218
53 3 222 20 221 483
53 3 33 222 483 223
53 3 488 223 90 135
53 3 228 33 223 488
53 3 19 228 488 229
53 3 443 146 43 145
53 3 147 96 146 443
53 3 32 147 443 148
53 3 449 158 45 157
53 3 159 101 158 449
53 3 53 159 449 160
53 3 508 255 18 254
53 3 256 44 255 508
53 3 96 256 508 146
53 3 513 262 44 256
53 3 263 21 262 513
53 3 45 263 513 264
53 3 518 264 96 147
53 3 157 45 264 518
53 3 20 157 518 221
53 3 534 172 21 263
53 3 284 51 172 534
53 3 101 284 534 158
53 3 537 286 51 284
53 3 287 23 286 537
53 3 52 287 537 288
53 3 542 288 101 159
53 3 294 52 288 542
53 3 22 294 542 295
53 3 455 170 59 169
53 3 171 106 170 455
53 3 51 171 455 172
53 3 560 316 2 315
53 3 317 60 316 560
53 3 106 317 560 170
53 3 565 323 60 317
53 3 324 3 323 565
53 3 61 324 565 325
53 3 570 325 106 171
53 3 331 61 325 570
53 3 23 331 570 286
53 3 31 217 480 142
53 3 142 480 219 91
53 3 480 153 40 219
53 3 222 33 227 485
53 3 485 227 93 225
53 3 165 485 225 41
53 3 53 160 453 168
53 3 168 453 164 104
53 3 453 165 41 164
53 3 16 133 438 141
53 3 141 438 137 39
53 3 438 142 91 137
53 3 39 137 492 237
53 3 237 492 233 4
53 3 492 238 35 233
53 3 91 219 497 238
53 3 238 497 241 35
53 3 497 244 5 241
53 3 228 19 232 489
53 3 489 232 42 230
53 3 227 489 230 93
53 3 230 42 253 505
53 3 505 253 7 251
53 3 250 505 251 37
53 3 225 93 250 502
53 3 502 250 37 247
53 3 249 502 247 8
53 3 22 295 544 298
53 3 298 544 297 58
53 3 544 168 104 297
53 3 58 297 558 314
53 3 314 558 313 10
53 3 558 303 56 313
53 3 104 164 548 303
53 3 303 548 301 56
53 3 548 249 8 301
53 3 43 254 509 154
53 3 154 509 257 97
53 3 509 260 49 257
53 3 17 145 444 153
53 3 153 444 149 40
53 3 444 154 97 149
53 3 40 149 520 244
53 3 244 520 268 5
53 3 520 271 46 268
53 3 97 257 524 271
53 3 271 524 273 46
53 3 524 276 6 273
53 3 34 136 441 144
53 3 144 441 140 94
53 3 441 141 39 140
53 3 19 229 490 232
53 3 232 490 231 42
53 3 490 144 94 231
53 3 42 231 506 253
53 3 253 506 252 7
53 3 506 240 38 252
53 3 94 140 495 240
53 3 240 495 236 38
53 3 495 237 4 236
53 3 233 35 234 496
53 3 496 234 95 235
53 3 236 496 235 38
53 3 79 387 617 202
53 3 202 617 390 118
53 3 617 393 84 390
53 3 241 5 242 500
53 3 500 242 36 243
53 3 234 500 243 95
53 3 243 36 246 504
53 3 504 246 8 247
53 3 248 504 247 37
53 3 235 95 248 507
53 3 507 248 37 251
53 3 252 507 251 7
53 3 26 193 468 201
53 3 201 468 197 83
53 3 468 202 118 197
53 3 83 197 630 407
53 3 407 630 242 5
53 3 630 408 36 242
53 3 118 390 634 408
53 3 408 634 246 36
53 3 634 411 8 246
53 3 255 44 261 510
53 3 510 261 98 258
53 3 260 510 258 49
53 3 59 315 561 178
53 3 178 561 318 107
53 3 561 321 65 318
53 3 461 182 67 181
53 3 183 111 182 461
53 3 70 183 461 184
53 3 467 194 79 193
53 3 195 117 194 467
53 3 82 195 467 196
53 3 70 184 465 192
53 3 192 465 188 115
53 3 465 189 75 188
53 3 396 81 401 623
53 3 623 401 120 399
53 3 213 623 399 85
53 3 74 208 477 216
53 3 216 477 212 125
53 3 477 213 85 212
53 3 262 21 177 514
53 3 514 177 50 265
53 3 261 514 265 98
53 3 265 50 281 528
53 3 528 281 9 278
53 3 277 528 278 47
53 3 258 98 277 525
53 3 525 277 47 274
53 3 276 525 274 6
53 3 21 169 456 177
53 3 177 456 173 50
53 3 456 178 107 173
53 3 50 173 573 281
53 3 281 573 333 9
53 3 573 336 62 333
53 3 107 318 577 336
53 3 336 577 338 62
53 3 577 341 0 338
53 3 587 350 25 349
53 3 351 68 350 587
53 3 111 351 587 182
53 3 592 357 68 351
53 3 358 13 357 592
53 3 69 358 592 359
53 3 597 359 111 183
53 3 365 69 359 597
53 3 12 365 597 366
53 3 616 388 27 387
53 3 389 80 388 616
53 3 117 389 616 194
53 3 621 395 80 389
53 3 396 29 395 621
53 3 81 396 621 397
53 3 626 397 117 195
53 3 402 81 397 626
53 3 28 402 626 403
53 3 12 366 599 369
53 3 369 599 368 78
53 3 599 192 115 368
53 3 78 368 614 386
53 3 386 614 385 14
53 3 614 373 74 385
53 3 115 188 604 373
53 3 373 604 208 74
53 3 604 370 29 208
53 3 402 28 406 627
53 3 627 406 86 404
53 3 401 627 404 120
53 3 404 86 415 640
53 3 640 415 6 274
53 3 414 640 274 47
53 3 399 120 414 638
53 3 638 414 47 278
53 3 413 638 278 9
53 3 14 385 651 428
53 3 428 651 427 89
53 3 651 216 125 427
53 3 89 427 664 436
53 3 436 664 338 0
53 3 664 431 62 338
53 3 125 212 656 431
53 3 431 656 333 62
53 3 656 413 9 333
53 3 287 52 293 539
53 3 539 293 103 290
53 3 292 539 290 57
53 3 294 22 298 543
53 3 543 298 58 296
53 3 293 543 296 103
53 3 296 58 314 557
53 3 557 314 10 312
53 3 311 557 312 55
53 3 290 103 311 554
53 3 554 311 55 308
53 3 310 554 308 11
53 3 283 48 299 549
53 3 549 299 105 300
53 3 301 549 300 56
53 3 67 349 588 190
53 3 190 588 352 112
53 3 588 355 76 352
53 3 388 80 394 618
53 3 618 394 119 391
53 3 393 618 391 84
53 3 71 374 642 214
53 3 214 642 416 122
53 3 642 419 87 416
53 3 279 9 304 552
53 3 552 304 54 305
53 3 299 552 305 105
53 3 305 54 307 556
53 3 556 307 11 308
53 3 309 556 308 55
53 3 300 105 309 559
53 3 559 309 55 312
53 3 313 559 312 10
53 3 24 181 462 189
53 3 189 462 185 75
53 3 462 190 112 185
53 3 75 185 601 370
53 3 370 601 205 29
53 3 601 371 71 205
53 3 112 352 605 371
53 3 371 605 374 71
53 3 605 377 30 374
53 3 395 29 213 622
53 3 622 213 85 398
53 3 394 622 398 119
53 3 398 85 413 637
53 3 637 413 9 279
53 3 412 637 279 48
53 3 391 119 412 635
53 3 635 412 48 283
53 3 411 635 283 8
53 3 29 205 474 213
53 3 213 474 209 85
53 3 474 214 122 209
53 3 85 209 653 413
53 3 413 653 304 9
53 3 653 429 54 304
53 3 122 416 657 429
53 3 429 657 307 54
53 3 657 432 11 307
53 3 316 60 322 562
53 3 562 322 108 319
53 3 321 562 319 65
53 3 69 365 598 364
53 3 364 598 367 114
53 3 598 369 78 367
53 3 73 384 650 425
53 3 425 650 426 124
53 3 650 428 89 426
53 3 323 3 329 566
53 3 566 329 66 326
53 3 322 566 326 108
53 3 326 66 346 581
53 3 581 346 1 343
53 3 342 581 343 63
53 3 319 108 342 578
53 3 578 342 63 339
53 3 341 578 339 0
53 3 13 358 594 363
53 3 363 594 361 77
53 3 594 364 114 361
53 3 77 361 610 382
53 3 382 610 380 15
53 3 610 383 73 380
53 3 114 367 613 383
53 3 383 613 384 73
53 3 613 386 14 384
53 3 15 380 647 424
53 3 424 647 422 88
53 3 647 425 124 422
53 3 88 422 661 434
53 3 434 661 343 1
53 3 661 435 63 343
53 3 124 426 663 435
53 3 435 663 339 63
53 3 663 436 0 339
53 3 324 61 330 567
53 3 567 330 109 327
53 3 329 567 327 66
53 3 350 68 356 589
53 3 589 356 113 353
53 3 355 589 353 76
53 3 375 72 420 643
53 3 643 420 123 417
53 3 419 643 417 87
53 3 331 23 292 571
53 3 571 292 57 332
53 3 330 571 332 109
53 3 332 57 310 585
53 3 585 310 11 348
53 3 347 585 348 64
53 3 327 109 347 582
53 3 582 347 64 344
53 3 346 582 344 1
53 3 357 13 363 593
53 3 593 363 77 360
53 3 356 593 360 113
53 3 360 77 382 609
53 3 609 382 15 379
53 3 378 609 379 72
53 3 353 113 378 606
53 3 606 378 72 375
53 3 377 606 375 30
53 3 379 15 424 646
53 3 646 424 88 421
53 3 420 646 421 123
53 3 421 88 434 660
53 3 660 434 1 344
53 3 433 660 344 64
53 3 417 123 433 658
53 3 658 433 64 348
53 3 432 658 348 11
53 3 82 196 471 204
53 3 204 471 200 121
53 3 471 201 83 200
53 3 28 403 628 406
53 3 406 628 405 86
53 3 628 204 121 405
53 3 86 405 641 415
53 3 415 641 273 6
53 3 641 410 46 273
53 3 121 200 633 410
53 3 410 633 268 46
53 3 633 407 5 268

vertices
721

nodes
FiniteElementSpace
FiniteElementCollection: H1_3D_P2
VDim: 3
Ordering: 0

0.11108439
0.1716001
0.11108439
0.1716001
-0.14433757
7.5894152e-19
0.11052157
-0.14433757
-2.1684043e-19
0.093042196
-5.8546917e-18
0.11052157
0.13575486
0.34802459
0.12307986
0.24764874
-0.14433757
2.1006417e-19
0.11052157
-0.14433757
8.6736174e-19
0.093042196
2.981556e-19
0.11052157
0.10703716
0.20621024
-4.8246997e-18
3.3203692e-18
0.14907545
0.099661134
0.14907545
-0.072168784
5.3871295e-19
-0.072168784
-0.14433757
-0.072168784
2.7105054e-19
-0.072168784
-0.14433757
-0.14433757
4.8450285e-19
3.2526065e-19
-0.14433757
0.055260787
0.10178189
0.046521098
0.055260787
0.10178189
0.046521098
0.11052157
0.093042196
0.10178189
0.055260787
5.8275867e-19
0.10178189
0.055260787
-3.0357661e-18
0.11052157
-2.7782681e-18
0.10206329
0.14134225
0.14106084
0.10206329
0.14134225
0.14106084
0.11108439
0.1716001
0.1566237
0.27711741
0.24188972
0.12139601
0.12436829
0.1983621
0.1853643
0.11137049
0.10334915
0.17764284
0.29783667
0.12941736
-7.5216526e-19
0.049830567
0.12436829
0.074537724
-2.0328791e-18
1.5517644e-18
0.096351665
0.12979851
0.12979851
0.20962442
0.11708212
-0.072168784
-0.072168784
4.0488175e-19
-0.072168784
-0.14433757
-0.072168784
0.050890943
0.055260787
0.10178189
0.046521098
0.050890943
0.050890943
0.10178189
0.055260787
-1.2265037e-18
0.050890943
0.12156207
0.10206329
0.14134225
0.14106084
0.12156207
0.19925671
0.14049599
0.23773975
0.21362701
0.11638325
0.1548663
0.062184145
-2.4055736e-19
0.048175833
0.11307509
0.064899255
0.11307509
0.16971147
0.16335327
0.10671689
-0.072168784
0.050890943
0.050890943
0.12156207
0.1770615
0.056537544
0.13821418
-0.10825318
-0.072168784
-0.10825318
-0.14433757
-0.10825318
-0.072168784
-0.10825318
-0.14433757
-0.14433757
-0.072168784
-0.072168784
-0.14433757
0.027630394
0.053075865
0.025445471
3.7438856e-19
0.027630394
0.053075865
0.025445471
4.446923e-19
3.4728351e-19
0.055260787
0.050890943
4.7179735e-19
0.023260549
0.04870602
0.025445471
7.250602e-19
0.023260549
0.04870602
0.025445471
-4.5062153e-19
5.9631119e-19
0.046521098
0.050890943
-3.2187252e-19
0.097552745
0.11181268
0.11167198
0.097412041
0.097552745
0.11181268
0.11167198
0.097412041
0.093042196
0.10206329
0.12156207
0.10178189
0.13183043
0.1779402
0.16032636
0.11421659
0.12192257
0.15877875
0.14672238
0.1098662
0.10519315
0.14855985
0.18815911
0.11888963
-2.7884325e-18
0.031092073
0.068360935
0.037268862
-1.1367182e-18
0.028268772
0.0607184
0.032449628
-3.4287894e-18
-4.9636131e-19
0.059360845
0.06971849
0.11201471
0.13961729
0.13311839
0.10551581
0.10471338
0.12564463
0.12246554
0.10153428
0.0980064
0.11872169
0.14654024
0.10904369
-0.036084392
-0.036084392
-0.036084392
-0.036084392
7.0303735e-19
-0.036084392
-0.072168784
3.650712e-19
-0.036084392
-0.072168784
-0.072168784
-0.10825318
-0.14433757
-0.10825318
-0.14433757
-0.14433757
-0.10825318
-0.072168784
-0.10825318
-0.14433757
-0.14433757
-0.072168784
-0.072168784
-0.14433757
-0.036084392
5.1499603e-19
-0.036084392
6.2172218e-19
3.3796615e-19
2.7105054e-20
-0.036084392
-0.072168784
5.4210109e-20
-0.072168784
-0.10825318
-0.14433757
-0.14433757
0.082891181
0.10615173
0.076336414
0.082891181
0.10615173
0.076336414
0.11052157
0.10178189
0.097412041
0.069781647
0.04870602
0.097412041
0.069781647
0.04870602
0.027630394
0.053075865
0.025445471
0.055260787
0.050890943
0.082891181
0.10615173
0.076336414
0.11052157
0.10178189
0.097412041
0.069781647
0.04870602
0.093042196
0.046521098
0.023260549
0.076336414
0.076336414
0.10615173
0.082891181
0.053075865
0.10615173
0.082891181
0.053075865
0.11052157
0.055260787
0.027630394
4.4045713e-19
0.027630394
-2.0023859e-18
-1.2400562e-18
0.04870602
0.025445471
-1.6263033e-18
0.050890943
-2.1311349e-18
0.097412041
0.076336414
0.10178189
0.10615173
0.082891181
0.053075865
0.11052157
0.055260787
0.027630394
-4.4452289e-18
-4.3164799e-18
0.10657384
0.12621332
0.13145216
0.10657384
0.12621332
0.13145216
0.11108439
0.14134225
0.15647117
0.15633047
0.13131145
0.15647117
0.15633047
0.13131145
0.1716001
0.14106084
0.12579121
0.12579121
0.097552745
0.11181268
0.11167198
0.10206329
0.12156207
0.10657384
0.12621332
0.13145216
0.11108439
0.14134225
0.15647117
0.15633047
0.13131145
0.1716001
0.14106084
0.12579121
0.18141697
0.24166382
0.23818706
0.15906942
0.2076913
0.20740063
0.19192654
0.25742858
0.312571
0.29495715
0.22057322
0.26778821
0.25573184
0.19534426
0.32293063
0.22775837
0.18882229
0.12857544
0.17152218
0.12290031
0.13258611
0.10150514
0.13243214
0.1659639
0.11387687
0.13672187
0.17371877
0.1766142
0.16335914
0.21805092
0.22300542
0.21650652
0.1701153
0.2727427
0.19949566
0.15422208
0.11722517
0.12624861
1.2841019e-18
0.024915284
0.056007356
6.556035e-19
0.024087916
0.052356688
2.4360668e-18
0.0490032
0.074745851
0.11201471
0.093276218
0.072263749
0.10471338
0.084806316
0.11872169
0.13672187
0.11180659
0.1214368
0.097348883
0.13943698
-6.3696878e-19
1.5246593e-20
0.053714243
0.060080021
6.6746196e-19
0.047348465
0.09469693
0.10742849
0.12016004
0.1214368
0.14975499
0.15396282
0.13943698
0.18403678
0.18966794
0.18648885
0.15078373
0.22863658
0.17435879
0.1402177
0.11189951
0.12008099
0.10742849
0.12988812
0.10439009
0.12016004
0.15538615
0.19061226
0.15234776
0.11408326
-0.10825318
-0.10825318
-0.072168784
-0.10825318
-0.14433757
-0.10825318
0.026537932
0.027630394
0.053075865
0.025445471
4.0954043e-19
0.026537932
0.02435301
0.023260549
0.04870602
0.025445471
1.3721934e-19
0.02435301
0.10461236
0.097552745
0.11181268
0.11167198
0.097412041
0.10461236
0.1460784
0.1268765
0.16835948
0.15352437
0.11204139
0.13432247
0.034180467
-1.9625753e-18
0.029680422
0.064539667
0.034859245
0.0303592
0.12256655
0.10836404
0.13263096
0.12779197
0.10352505
0.11358946
-0.036084392
-0.036084392
-0.036084392
-0.036084392
-0.036084392
5.3405427e-19
-0.036084392
-0.072168784
-0.036084392
-0.10825318
-0.10825318
-0.14433757
-0.10825318
-0.10825318
-0.072168784
-0.10825318
-0.14433757
-0.10825318
-0.036084392
4.7984416e-19
-0.036084392
-0.036084392
1.9608813e-19
-0.036084392
-0.072168784
-0.036084392
-0.10825318
-0.14433757
-0.10825318
0.079613797
0.082891181
0.10615173
0.076336414
0.079613797
0.07305903
0.097412041
0.069781647
0.04870602
0.07305903
0.02435301
0.02435301
0.027630394
0.053075865
0.025445471
0.026537932
0.082891181
0.10615173
0.076336414
0.079613797
0.097412041
0.069781647
0.04870602
0.07305903
0.023260549
0.02435301
0.07305903
0.076336414
0.07305903
0.079613797
0.10615173
0.082891181
0.053075865
0.079613797
0.026537932
0.027630394
-7.8096438e-19
0.026537932
0.04870602
0.025445471
-1.0384624e-18
0.02435301
0.097412041
0.076336414
0.07305903
0.10615173
0.082891181
0.053075865
0.079613797
0.027630394
-3.2238074e-18
0.026537932
0.119013
0.10657384
0.12621332
0.13145216
0.119013
0.14389131
0.15647117
0.15633047
0.13131145
0.14389131
0.11873159
0.12579121
0.11873159
0.097552745
0.11181268
0.11167198
0.10461236
0.10657384
0.12621332
0.13145216
0.119013
0.15647117
0.15633047
0.13131145
0.14389131
0.12579121
0.11873159
0.20980201
0.17024319
0.22467756
0.22279384
0.18323502
0.26657211
0.2901796
0.2753445
0.20795874
0.23156623
0.17457433
0.18017224
0.12573787
0.15912228
0.11696864
0.14919802
0.13992039
0.10769101
0.14789564
0.19070503
0.19200741
0.15666803
0.24539681
0.23611918
0.18272978
0.19656036
0.16287213
0.12006274
0.14367024
0.028003678
9.6985272e-19
0.0245016
0.054182022
0.026178344
0.084011034
0.0735048
0.10836404
0.089041267
0.078535032
0.1025414
0.12907933
0.10457773
0.0910776
-3.1086109e-19
0.026857122
0.056897132
0.030040011
3.4135428e-19
0.023674233
0.050531354
0.071022698
0.10106271
0.080571365
0.11379426
0.090120032
0.12907933
0.16173688
0.16528851
0.13769981
0.20633668
0.20149769
0.16044951
0.17022584
0.14721989
0.11456234
0.13134162
0.10106271
0.1186583
0.11713911
0.099543512
0.11379426
0.1377731
0.14263714
0.17299921
0.17148001
0.14111794
0.13321551
0.10923668
-0.10825318
0.026537932
0.02435301
0.10461236
0.14020043
0.032269834
0.11807801
-0.036084392
-0.036084392
-0.10825318
-0.10825318
-0.036084392
-0.036084392
-0.10825318
0.079613797
0.07305903
0.02435301
0.026537932
0.079613797
0.07305903
0.02435301
0.07305903
0.079613797
0.026537932
0.02435301
0.07305903
0.079613797
0.026537932
0.119013
0.14389131
0.11873159
0.10461236
0.119013
0.14389131
0.11873159
0.19651852
0.24906917
0.1668483
0.12844451
0.16995153
0.2140633
0.15139626
0.027091011
0.081273033
0.096809501
0.028448566
0.025265677
0.075797031
0.085345698
0.14718392
0.1833931
0.13750593
0.10910091
0.1282157
0.15705857
0.12517731
-0.12629537
-0.10825318
-0.12629537
-0.14433757
-0.12629537
-0.10825318
-0.12629537
-0.14433757
-0.14433757
-0.10825318
-0.10825318
-0.14433757
0.013815197
0.027084163
0.013268966
2.9222637e-19
0.013815197
0.027084163
0.013268966
3.7841197e-19
2.7867384e-19
0.027630394
0.026537932
3.919645e-19
0.011630274
0.02380678
0.012176505
7.9621097e-19
0.011630274
0.02380678
0.012176505
3.6676527e-19
7.3183647e-19
0.023260549
0.02435301
4.3113977e-19
0.09529747
0.10108255
0.1010122
0.095227118
0.09529747
0.10108255
0.1010122
0.095227118
0.093042196
0.097552745
0.10461236
0.097412041
0.1194338
0.13895441
0.13014749
0.11062687
0.11603483
0.13353847
0.12612091
0.10861727
0.10611516
0.12935346
0.14313941
0.11312899
-3.8065661e-18
0.017090234
0.035724665
0.018634431
-2.6956824e-18
0.016134917
0.033564539
0.017429622
-4.1267445e-18
-2.3755039e-18
0.03322515
0.036064053
0.10583792
0.11729063
0.11404118
0.10258847
0.10318522
0.11322102
0.11080153
0.10076572
0.098833767
0.11018938
0.12032228
0.10452043
-0.054126588
-0.036084392
-0.054126588
-0.072168784
-0.054126588
-0.036084392
-0.054126588
-0.072168784
-0.072168784
-0.036084392
-0.036084392
-0.072168784
-0.054126588
-0.036084392
-0.054126588
-0.072168784
-0.054126588
-0.036084392
-0.054126588
-0.072168784
-0.072168784
-0.036084392
-0.036084392
-0.072168784
-0.12629537
-0.10825318
-0.12629537
-0.14433757
-0.12629537
-0.10825318
-0.12629537
-0.14433757
-0.14433757
-0.10825318
-0.10825318
-0.14433757
-0.12629537
-0.10825318
-0.12629537
-0.14433757
-0.12629537
-0.10825318
-0.12629537
-0.14433757
-0.14433757
-0.10825318
-0.10825318
-0.14433757
-0.054126588
-0.036084392
-0.054126588
-0.072168784
-0.054126588
-0.036084392
-0.054126588
-0.072168784
-0.072168784
-0.036084392
-0.036084392
-0.072168784
-0.054126588
-0.036084392
-0.054126588
-0.072168784
-0.054126588
-0.036084392
-0.054126588
-0.072168784
-0.072168784
-0.036084392
-0.036084392
-0.072168784
-0.12629537
-0.10825318
-0.12629537
-0.14433757
-0.12629537
-0.10825318
-0.12629537
-0.14433757
-0.14433757
-0.10825318
-0.10825318
-0.14433757
0.069075984
0.081252489
0.066344831
0.054168326
0.069075984
0.081252489
0.066344831
0.054168326
0.055260787
0.082891181
0.079613797
0.053075865
0.063613678
0.074697722
0.060882525
0.049798481
0.063613678
0.074697722
0.060882525
0.049798481
0.050890943
0.076336414
0.07305903
0.04870602
0.012722736
0.024899241
0.012176505
6.2087515e-19
0.012722736
0.024899241
0.012176505
5.0292581e-19
5.0525515e-19
0.025445471
0.02435301
6.1854581e-19
0.013815197
0.027084163
0.013268966
4.6459757e-19
0.013815197
0.027084163
0.013268966
5.5078317e-19
5.5311251e-19
0.027630394
0.026537932
4.6226823e-19
0.069075984
0.081252489
0.066344831
0.054168326
0.069075984
0.081252489
0.066344831
0.054168326
0.055260787
0.082891181
0.079613797
0.053075865
0.063613678
0.074697722
0.060882525
0.049798481
0.063613678
0.074697722
0.060882525
0.049798481
0.050890943
0.076336414
0.07305903
0.04870602
0.012722736
0.024899241
0.012176505
3.8497647e-19
0.012722736
0.024899241
0.012176505
2.6702714e-19
3.7142395e-19
0.025445471
0.02435301
2.8057966e-19
0.058151372
0.071420339
0.060882525
0.047613559
0.058151372
0.071420339
0.060882525
0.047613559
0.046521098
0.069781647
0.07305903
0.04870602
0.063613678
0.077975106
0.066344831
0.051983404
0.063613678
0.077975106
0.066344831
0.051983404
0.050890943
0.076336414
0.079613797
0.053075865
0.012722736
0.025991702
0.013268966
5.116079e-19
0.012722736
0.025991702
0.013268966
-5.5141845e-19
1.3044307e-19
0.025445471
0.026537932
-1.7025362e-19
0.011630274
0.02380678
0.012176505
-6.2680438e-20
0.011630274
0.02380678
0.012176505
-4.9212614e-19
1.8973538e-19
0.023260549
0.02435301
-7.4454196e-19
0.058151372
0.071420339
0.060882525
0.047613559
0.058151372
0.071420339
0.060882525
0.047613559
0.046521098
0.069781647
0.07305903
0.04870602
0.063613678
0.077975106
0.066344831
0.051983404
0.063613678
0.077975106
0.066344831
0.051983404
0.050890943
0.076336414
0.079613797
0.053075865
0.012722736
0.025991702
0.013268966
-1.6144448e-18
0.012722736
0.025991702
0.013268966
-2.6774711e-18
-1.6788193e-18
0.025445471
0.026537932
-2.6130966e-18
0.10431857
0.11279342
0.11541284
0.10693799
0.10431857
0.11279342
0.11541284
0.10693799
0.10206329
0.10657384
0.119013
0.11181268
0.12650711
0.13767173
0.13760138
0.12643676
0.12650711
0.13767173
0.13760138
0.12643676
0.12156207
0.13145216
0.14389131
0.13131145
0.10672693
0.11520178
0.11244166
0.10396681
0.10672693
0.11520178
0.11244166
0.10396681
0.10178189
0.11167198
0.11873159
0.10615173
0.09529747
0.10108255
0.1010122
0.095227118
0.09529747
0.10108255
0.1010122
0.095227118
0.093042196
0.097552745
0.10461236
0.097412041
0.10431857
0.11279342
0.11541284
0.10693799
0.10431857
0.11279342
0.11541284
0.10693799
0.10206329
0.10657384
0.119013
0.11181268
0.12650711
0.13767173
0.13760138
0.12643676
0.12650711
0.13767173
0.13760138
0.12643676
0.12156207
0.13145216
0.14389131
0.13131145
0.10672693
0.11520178
0.11244166
0.10396681
0.10672693
0.11520178
0.11244166
0.10396681
0.10178189
0.11167198
0.11873159
0.10615173
0.16902033
0.19560949
0.19387111
0.16728195
0.15940152
0.18338086
0.182439
0.15845966
0.15259177
0.17583008
0.20316027
0.17314984
0.21872189
0.25237958
0.24357266
0.20991496
0.20547648
0.23593151
0.22851395
0.19805892
0.19370791
0.23049045
0.25782064
0.21426598
0.14086119
0.16745034
0.15157488
0.12498572
0.136207
0.16018634
0.14629309
0.12231375
0.12014282
0.15692537
0.17071132
0.12715665
0.11263586
0.12812252
0.12209434
0.10660767
0.10923689
0.12270658
0.11806776
0.10459807
0.10242714
0.11944561
0.13138349
0.1087786
0.14978271
0.17115222
0.17100689
0.14963737
0.14016389
0.15892359
0.15957477
0.14081508
0.13646407
0.15348253
0.17659328
0.15398838
0.19223107
0.21948343
0.21345525
0.18620288
0.17898566
0.20303535
0.19839654
0.17434684
