MFEM mesh v1.0

#
# MFEM Geometry Types (see mesh/geom.hpp):
#
# POINT       = 0
# SEGMENT     = 1
# TRIANGLE    = 2
# SQUARE      = 3
# TETRAHEDRON = 4
# CUBE        = 5
#

dimension
3

elements
512
1 5 0 125 425 128 133 426 665 429
1 5 1 137 431 126 134 432 666 427
1 5 2 145 436 138 143 437 667 433
1 5 3 153 441 146 151 442 668 438
1 5 5 127 446 163 136 428 669 449
1 5 6 139 451 161 135 434 670 447
1 5 7 147 455 169 144 439 671 452
1 5 8 155 459 174 152 444 672 456
1 5 10 162 463 186 168 448 673 466
1 5 11 170 468 184 167 453 674 464
1 5 12 175 472 192 173 457 675 469
1 5 13 180 476 197 178 461 676 473
1 5 15 185 480 209 191 465 677 483
1 5 16 193 485 207 190 470 678 481
1 5 17 198 489 215 196 474 679 486
1 5 18 203 493 220 201 478 680 490
1 5 25 129 430 132 234 497 681 500
1 5 26 140 435 130 235 502 682 498
1 5 27 148 440 141 241 506 683 503
1 5 28 156 445 149 246 510 684 507
1 5 30 131 450 166 237 499 685 516
1 5 31 142 454 164 236 504 686 514
1 5 32 150 458 171 242 508 687 518
1 5 33 158 462 176 247 512 688 521
1 5 35 165 467 189 257 515 689 529
1 5 36 172 471 187 256 519 690 527
1 5 37 177 475 194 260 522 691 531
1 5 38 182 479 199 263 525 692 534
1 5 40 188 484 212 271 528 693 542
1 5 41 195 488 210 270 532 694 540
1 5 42 200 492 217 274 535 695 544
1 5 43 205 496 222 277 538 696 547
1 5 50 230 501 233 299 553 697 556
1 5 51 238 505 231 300 558 698 554
1 5 52 243 509 239 306 562 699 559
1 5 53 248 513 244 311 566 700 563
1 5 55 232 517 255 302 555 701 572
1 5 56 240 520 253 301 560 702 570
1 5 57 245 523 258 307 564 703 574
1 5 58 250 526 261 312 568 704 577
1 5 60 254 530 269 322 571 705 585
1 5 61 259 533 267 321 575 706 583
1 5 62 262 536 272 325 578 707 587
1 5 63 265 539 275 328 581 708 590
1 5 65 268 543 283 336 584 709 598
1 5 66 273 546 281 335 588 710 596
1 5 67 276 549 286 339 591 711 600
1 5 68 279 552 289 342 594 712 603
1 5 75 295 557 298 364 609 713 612
1 5 76 303 561 296 365 614 714 610
1 5 77 308 565 304 371 618 715 615
1 5 78 313 569 309 376 622 716 619
1 5 80 297 573 320 367 611 717 628
1 5 81 305 576 318 366 616 718 626
1 5 82 310 579 323 372 620 719 630
1 5 83 315 582 326 377 624 720 633
1 5 85 319 586 334 387 627 721 641
1 5 86 324 589 332 386 631 722 639
1 5 87 327 592 337 390 634 723 643
1 5 88 330 595 340 393 637 724 646
1 5 90 333 599 348 401 640 725 654
1 5 91 338 602 346 400 644 726 652
1 5 92 341 605 351 404 647 727 656
1 5 93 344 608 354 407 650 728 659
1 5 125 1 126 425 426 134 427 665
1 5 425 126 6 127 665 427 135 428
1 5 128 425 127 5 429 665 428 136
1 5 133 426 665 429 25 129 430 132
1 5 426 134 427 665 129 26 130 430
1 5 665 427 135 428 430 130 31 131
1 5 429 665 428 136 132 430 131 30
1 5 137 2 138 431 432 143 433 666
1 5 431 138 7 139 666 433 144 434
1 5 126 431 139 6 427 666 434 135
1 5 134 432 666 427 26 140 435 130
1 5 432 143 433 666 140 27 141 435
1 5 666 433 144 434 435 141 32 142
1 5 427 666 434 135 130 435 142 31
1 5 145 3 146 436 437 151 438 667
1 5 436 146 8 147 667 438 152 439
1 5 138 436 147 7 433 667 439 144
1 5 143 437 667 433 27 148 440 141
1 5 437 151 438 667 148 28 149 440
1 5 667 438 152 439 440 149 33 150
1 5 433 667 439 144 141 440 150 32
1 5 153 4 154 441 442 159 443 668
1 5 441 154 9 155 668 443 160 444
1 5 146 441 155 8 438 668 444 152
1 5 151 442 668 438 28 156 445 149
1 5 442 159 443 668 156 29 157 445
1 5 668 443 160 444 445 157 34 158
1 5 438 668 444 152 149 445 158 33
1 5 127 6 161 446 428 135 447 669
1 5 446 161 11 162 669 447 167 448
1 5 163 446 162 10 449 669 448 168
1 5 136 428 669 449 30 131 450 166
1 5 428 135 447 669 131 31 164 450
1 5 669 447 167 448 450 164 36 165
1 5 449 669 448 168 166 450 165 35
1 5 139 7 169 451 434 144 452 670
1 5 451 169 12 170 670 452 173 453
1 5 161 451 170 11 447 670 453 167
1 5 135 434 670 447 31 142 454 164
1 5 434 144 452 670 142 32 171 454
1 5 670 452 173 453 454 171 37 172
1 5 447 670 453 167 164 454 172 36
1 5 147 8 174 455 439 152 456 671
1 5 455 174 13 175 671 456 178 457
1 5 169 455 175 12 452 671 457 173
1 5 144 439 671 452 32 150 458 171
1 5 439 152 456 671 150 33 176 458
1 5 671 456 178 457 458 176 38 177
1 5 452 671 457 173 171 458 177 37
1 5 155 9 179 459 444 160 460 672
1 5 459 179 14 180 672 460 183 461
1 5 174 459 180 13 456 672 461 178
1 5 152 444 672 456 33 158 462 176
1 5 444 160 460 672 158 34 181 462
1 5 672 460 183 461 462 181 39 182
1 5 456 672 461 178 176 462 182 38
1 5 162 11 184 463 448 167 464 673
1 5 463 184 16 185 673 464 190 465
1 5 186 463 185 15 466 673 465 191
1 5 168 448 673 466 35 165 467 189
1 5 448 167 464 673 165 36 187 467
1 5 673 464 190 465 467 187 41 188
1 5 466 673 465 191 189 467 188 40
1 5 170 12 192 468 453 173 469 674
1 5 468 192 17 193 674 469 196 470
1 5 184 468 193 16 464 674 470 190
1 5 167 453 674 464 36 172 471 187
1 5 453 173 469 674 172 37 194 471
1 5 674 469 196 470 471 194 42 195
1 5 464 674 470 190 187 471 195 41
1 5 175 13 197 472 457 178 473 675
1 5 472 197 18 198 675 473 201 474
1 5 192 472 198 17 469 675 474 196
1 5 173 457 675 469 37 177 475 194
1 5 457 178 473 675 177 38 199 475
1 5 675 473 201 474 475 199 43 200
1 5 469 675 474 196 194 475 200 42
1 5 180 14 202 476 461 183 477 676
1 5 476 202 19 203 676 477 206 478
1 5 197 476 203 18 473 676 478 201
1 5 178 461 676 473 38 182 479 199
1 5 461 183 477 676 182 39 204 479
1 5 676 477 206 478 479 204 44 205
1 5 473 676 478 201 199 479 205 43
1 5 185 16 207 480 465 190 481 677
1 5 480 207 21 208 677 481 213 482
1 5 209 480 208 20 483 677 482 214
1 5 191 465 677 483 40 188 484 212
1 5 465 190 481 677 188 41 210 484
1 5 677 481 213 482 484 210 46 211
1 5 483 677 482 214 212 484 211 45
1 5 193 17 215 485 470 196 486 678
1 5 485 215 22 216 678 486 219 487
1 5 207 485 216 21 481 678 487 213
1 5 190 470 678 481 41 195 488 210
1 5 470 196 486 678 195 42 217 488
1 5 678 486 219 487 488 217 47 218
1 5 481 678 487 213 210 488 218 46
1 5 198 18 220 489 474 201 490 679
1 5 489 220 23 221 679 490 224 491
1 5 215 489 221 22 486 679 491 219
1 5 196 474 679 486 42 200 492 217
1 5 474 201 490 679 200 43 222 492
1 5 679 490 224 491 492 222 48 223
1 5 486 679 491 219 217 492 223 47
1 5 203 19 225 493 478 206 494 680
1 5 493 225 24 226 680 494 229 495
1 5 220 493 226 23 490 680 495 224
1 5 201 478 680 490 43 205 496 222
1 5 478 206 494 680 205 44 227 496
1 5 680 494 229 495 496 227 49 228
1 5 490 680 495 224 222 496 228 48
1 5 129 26 130 430 497 235 498 681
1 5 430 130 31 131 681 498 236 499
1 5 132 430 131 30 500 681 499 237
1 5 234 497 681 500 50 230 501 233
1 5 497 235 498 681 230 51 231 501
1 5 681 498 236 499 501 231 56 232
1 5 500 681 499 237 233 501 232 55
1 5 140 27 141 435 502 241 503 682
1 5 435 141 32 142 682 503 242 504
1 5 130 435 142 31 498 682 504 236
1 5 235 502 682 498 51 238 505 231
1 5 502 241 503 682 238 52 239 505
1 5 682 503 242 504 505 239 57 240
1 5 498 682 504 236 231 505 240 56
1 5 148 28 149 440 506 246 507 683
1 5 440 149 33 150 683 507 247 508
1 5 141 440 150 32 503 683 508 242
1 5 241 506 683 503 52 243 509 239
1 5 506 246 507 683 243 53 244 509
1 5 683 507 247 508 509 244 58 245
1 5 503 683 508 242 239 509 245 57
1 5 156 29 157 445 510 251 511 684
1 5 445 157 34 158 684 511 252 512
1 5 149 445 158 33 507 684 512 247
1 5 246 510 684 507 53 248 513 244
1 5 510 251 511 684 248 54 249 513
1 5 684 511 252 512 513 249 59 250
1 5 507 684 512 247 244 513 250 58
1 5 131 31 164 450 499 236 514 685
1 5 450 164 36 165 685 514 256 515
1 5 166 450 165 35 516 685 515 257
1 5 237 499 685 516 55 232 517 255
1 5 499 236 514 685 232 56 253 517
1 5 685 514 256 515 517 253 61 254
1 5 516 685 515 257 255 517 254 60
1 5 142 32 171 454 504 242 518 686
1 5 454 171 37 172 686 518 260 519
1 5 164 454 172 36 514 686 519 256
1 5 236 504 686 514 56 240 520 253
1 5 504 242 518 686 240 57 258 520
1 5 686 518 260 519 520 258 62 259
1 5 514 686 519 256 253 520 259 61
1 5 150 33 176 458 508 247 521 687
1 5 458 176 38 177 687 521 263 522
1 5 171 458 177 37 518 687 522 260
1 5 242 508 687 518 57 245 523 258
1 5 508 247 521 687 245 58 261 523
1 5 687 521 263 522 523 261 63 262
1 5 518 687 522 260 258 523 262 62
1 5 158 34 181 462 512 252 524 688
1 5 462 181 39 182 688 524 266 525
1 5 176 462 182 38 521 688 525 263
1 5 247 512 688 521 58 250 526 261
1 5 512 252 524 688 250 59 264 526
1 5 688 524 266 525 526 264 64 265
1 5 521 688 525 263 261 526 265 63
1 5 165 36 187 467 515 256 527 689
1 5 467 187 41 188 689 527 270 528
1 5 189 467 188 40 529 689 528 271
1 5 257 515 689 529 60 254 530 269
1 5 515 256 527 689 254 61 267 530
1 5 689 527 270 528 530 267 66 268
1 5 529 689 528 271 269 530 268 65
1 5 172 37 194 471 519 260 531 690
1 5 471 194 42 195 690 531 274 532
1 5 187 471 195 41 527 690 532 270
1 5 256 519 690 527 61 259 533 267
1 5 519 260 531 690 259 62 272 533
1 5 690 531 274 532 533 272 67 273
1 5 527 690 532 270 267 533 273 66
1 5 177 38 199 475 522 263 534 691
1 5 475 199 43 200 691 534 277 535
1 5 194 475 200 42 531 691 535 274
1 5 260 522 691 531 62 262 536 272
1 5 522 263 534 691 262 63 275 536
1 5 691 534 277 535 536 275 68 276
1 5 531 691 535 274 272 536 276 67
1 5 182 39 204 479 525 266 537 692
1 5 479 204 44 205 692 537 280 538
1 5 199 479 205 43 534 692 538 277
1 5 263 525 692 534 63 265 539 275
1 5 525 266 537 692 265 64 278 539
1 5 692 537 280 538 539 278 69 279
1 5 534 692 538 277 275 539 279 68
1 5 188 41 210 484 528 270 540 693
1 5 484 210 46 211 693 540 284 541
1 5 212 484 211 45 542 693 541 285
1 5 271 528 693 542 65 268 543 283
1 5 528 270 540 693 268 66 281 543
1 5 693 540 284 541 543 281 71 282
1 5 542 693 541 285 283 543 282 70
1 5 195 42 217 488 532 274 544 694
1 5 488 217 47 218 694 544 288 545
1 5 210 488 218 46 540 694 545 284
1 5 270 532 694 540 66 273 546 281
1 5 532 274 544 694 273 67 286 546
1 5 694 544 288 545 546 286 72 287
1 5 540 694 545 284 281 546 287 71
1 5 200 43 222 492 535 277 547 695
1 5 492 222 48 223 695 547 291 548
1 5 217 492 223 47 544 695 548 288
1 5 274 535 695 544 67 276 549 286
1 5 535 277 547 695 276 68 289 549
1 5 695 547 291 548 549 289 73 290
1 5 544 695 548 288 286 549 290 72
1 5 205 44 227 496 538 280 550 696
1 5 496 227 49 228 696 550 294 551
1 5 222 496 228 48 547 696 551 291
1 5 277 538 696 547 68 279 552 289
1 5 538 280 550 696 279 69 292 552
1 5 696 550 294 551 552 292 74 293
1 5 547 696 551 291 289 552 293 73
1 5 230 51 231 501 553 300 554 697
1 5 501 231 56 232 697 554 301 555
1 5 233 501 232 55 556 697 555 302
1 5 299 553 697 556 75 295 557 298
1 5 553 300 554 697 295 76 296 557
1 5 697 554 301 555 557 296 81 297
1 5 556 697 555 302 298 557 297 80
1 5 238 52 239 505 558 306 559 698
1 5 505 239 57 240 698 559 307 560
1 5 231 505 240 56 554 698 560 301
1 5 300 558 698 554 76 303 561 296
1 5 558 306 559 698 303 77 304 561
1 5 698 559 307 560 561 304 82 305
1 5 554 698 560 301 296 561 305 81
1 5 243 53 244 509 562 311 563 699
1 5 509 244 58 245 699 563 312 564
1 5 239 509 245 57 559 699 564 307
1 5 306 562 699 559 77 308 565 304
1 5 562 311 563 699 308 78 309 565
1 5 699 563 312 564 565 309 83 310
1 5 559 699 564 307 304 565 310 82
1 5 248 54 249 513 566 316 567 700
1 5 513 249 59 250 700 567 317 568
1 5 244 513 250 58 563 700 568 312
1 5 311 566 700 563 78 313 569 309
1 5 566 316 567 700 313 79 314 569
1 5 700 567 317 568 569 314 84 315
1 5 563 700 568 312 309 569 315 83
1 5 232 56 253 517 555 301 570 701
1 5 517 253 61 254 701 570 321 571
1 5 255 517 254 60 572 701 571 322
1 5 302 555 701 572 80 297 573 320
1 5 555 301 570 701 297 81 318 573
1 5 701 570 321 571 573 318 86 319
1 5 572 701 571 322 320 573 319 85
1 5 240 57 258 520 560 307 574 702
1 5 520 258 62 259 702 574 325 575
1 5 253 520 259 61 570 702 575 321
1 5 301 560 702 570 81 305 576 318
1 5 560 307 574 702 305 82 323 576
1 5 702 574 325 575 576 323 87 324
1 5 570 702 575 321 318 576 324 86
1 5 245 58 261 523 564 312 577 703
1 5 523 261 63 262 703 577 328 578
1 5 258 523 262 62 574 703 578 325
1 5 307 564 703 574 82 310 579 323
1 5 564 312 577 703 310 83 326 579
1 5 703 577 328 578 579 326 88 327
1 5 574 703 578 325 323 579 327 87
1 5 250 59 264 526 568 317 580 704
1 5 526 264 64 265 704 580 331 581
1 5 261 526 265 63 577 704 581 328
1 5 312 568 704 577 83 315 582 326
1 5 568 317 580 704 315 84 329 582
1 5 704 580 331 581 582 329 89 330
1 5 577 704 581 328 326 582 330 88
1 5 254 61 267 530 571 321 583 705
1 5 530 267 66 268 705 583 335 584
1 5 269 530 268 65 585 705 584 336
1 5 322 571 705 585 85 319 586 334
1 5 571 321 583 705 319 86 332 586
1 5 705 583 335 584 586 332 91 333
1 5 585 705 584 336 334 586 333 90
1 5 259 62 272 533 575 325 587 706
1 5 533 272 67 273 706 587 339 588
1 5 267 533 273 66 583 706 588 335
1 5 321 575 706 583 86 324 589 332
1 5 575 325 587 706 324 87 337 589
1 5 706 587 339 588 589 337 92 338
1 5 583 706 588 335 332 589 338 91
1 5 262 63 275 536 578 328 590 707
1 5 536 275 68 276 707 590 342 591
1 5 272 536 276 67 587 707 591 339
1 5 325 578 707 587 87 327 592 337
1 5 578 328 590 707 327 88 340 592
1 5 707 590 342 591 592 340 93 341
1 5 587 707 591 339 337 592 341 92
1 5 265 64 278 539 581 331 593 708
1 5 539 278 69 279 708 593 345 594
1 5 275 539 279 68 590 708 594 342
1 5 328 581 708 590 88 330 595 340
1 5 581 331 593 708 330 89 343 595
1 5 708 593 345 594 595 343 94 344
1 5 590 708 594 342 340 595 344 93
1 5 268 66 281 543 584 335 596 709
1 5 543 281 71 282 709 596 349 597
1 5 283 543 282 70 598 709 597 350
1 5 336 584 709 598 90 333 599 348
1 5 584 335 596 709 333 91 346 599
1 5 709 596 349 597 599 346 96 347
1 5 598 709 597 350 348 599 347 95
1 5 273 67 286 546 588 339 600 710
1 5 546 286 72 287 710 600 353 601
1 5 281 546 287 71 596 710 601 349
1 5 335 588 710 596 91 338 602 346
1 5 588 339 600 710 338 92 351 602
1 5 710 600 353 601 602 351 97 352
1 5 596 710 601 349 346 602 352 96
1 5 276 68 289 549 591 342 603 711
1 5 549 289 73 290 711 603 356 604
1 5 286 549 290 72 600 711 604 353
1 5 339 591 711 600 92 341 605 351
1 5 591 342 603 711 341 93 354 605
1 5 711 603 356 604 605 354 98 355
1 5 600 711 604 353 351 605 355 97
1 5 279 69 292 552 594 345 606 712
1 5 552 292 74 293 712 606 359 607
1 5 289 552 293 73 603 712 607 356
1 5 342 594 712 603 93 344 608 354
1 5 594 345 606 712 344 94 357 608
1 5 712 606 359 607 608 357 99 358
1 5 603 712 607 356 354 608 358 98
1 5 295 76 296 557 609 365 610 713
1 5 557 296 81 297 713 610 366 611
1 5 298 557 297 80 612 713 611 367
1 5 364 609 713 612 100 360 613 363
1 5 609 365 610 713 360 101 361 613
1 5 713 610 366 611 613 361 106 362
1 5 612 713 611 367 363 613 362 105
1 5 303 77 304 561 614 371 615 714
1 5 561 304 82 305 714 615 372 616
1 5 296 561 305 81 610 714 616 366
1 5 365 614 714 610 101 368 617 361
1 5 614 371 615 714 368 102 369 617
1 5 714 615 372 616 617 369 107 370
1 5 610 714 616 366 361 617 370 106
1 5 308 78 309 565 618 376 619 715
1 5 565 309 83 310 715 619 377 620
1 5 304 565 310 82 615 715 620 372
1 5 371 618 715 615 102 373 621 369
1 5 618 376 619 715 373 103 374 621
1 5 715 619 377 620 621 374 108 375
1 5 615 715 620 372 369 621 375 107
1 5 313 79 314 569 622 381 623 716
1 5 569 314 84 315 716 623 382 624
1 5 309 569 315 83 619 716 624 377
1 5 376 622 716 619 103 378 625 374
1 5 622 381 623 716 378 104 379 625
1 5 716 623 382 624 625 379 109 380
1 5 619 716 624 377 374 625 380 108
1 5 297 81 318 573 611 366 626 717
1 5 573 318 86 319 717 626 386 627
1 5 320 573 319 85 628 717 627 387
1 5 367 611 717 628 105 362 629 385
1 5 611 366 626 717 362 106 383 629
1 5 717 626 386 627 629 383 111 384
1 5 628 717 627 387 385 629 384 110
1 5 305 82 323 576 616 372 630 718
1 5 576 323 87 324 718 630 390 631
1 5 318 576 324 86 626 718 631 386
1 5 366 616 718 626 106 370 632 383
1 5 616 372 630 718 370 107 388 632
1 5 718 630 390 631 632 388 112 389
1 5 626 718 631 386 383 632 389 111
1 5 310 83 326 579 620 377 633 719
1 5 579 326 88 327 719 633 393 634
1 5 323 579 327 87 630 719 634 390
1 5 372 620 719 630 107 375 635 388
1 5 620 377 633 719 375 108 391 635
1 5 719 633 393 634 635 391 113 392
1 5 630 719 634 390 388 635 392 112
1 5 315 84 329 582 624 382 636 720
1 5 582 329 89 330 720 636 396 637
1 5 326 582 330 88 633 720 637 393
1 5 377 624 720 633 108 380 638 391
1 5 624 382 636 720 380 109 394 638
1 5 720 636 396 637 638 394 114 395
1 5 633 720 637 393 391 638 395 113
1 5 319 86 332 586 627 386 639 721
1 5 586 332 91 333 721 639 400 640
1 5 334 586 333 90 641 721 640 401
1 5 387 627 721 641 110 384 642 399
1 5 627 386 639 721 384 111 397 642
1 5 721 639 400 640 642 397 116 398
1 5 641 721 640 401 399 642 398 115
1 5 324 87 337 589 631 390 643 722
1 5 589 337 92 338 722 643 404 644
1 5 332 589 338 91 639 722 644 400
1 5 386 631 722 639 111 389 645 397
1 5 631 390 643 722 389 112 402 645
1 5 722 643 404 644 645 402 117 403
1 5 639 722 644 400 397 645 403 116
1 5 327 88 340 592 634 393 646 723
1 5 592 340 93 341 723 646 407 647
1 5 337 592 341 92 643 723 647 404
1 5 390 634 723 643 112 392 648 402
1 5 634 393 646 723 392 113 405 648
1 5 723 646 407 647 648 405 118 406
1 5 643 723 647 404 402 648 406 117
1 5 330 89 343 595 637 396 649 724
1 5 595 343 94 344 724 649 410 650
1 5 340 595 344 93 646 724 650 407
1 5 393 637 724 646 113 395 651 405
1 5 637 396 649 724 395 114 408 651
1 5 724 649 410 650 651 408 119 409
1 5 646 724 650 407 405 651 409 118
1 5 333 91 346 599 640 400 652 725
1 5 599 346 96 347 725 652 414 653
1 5 348 599 347 95 654 725 653 415
1 5 401 640 725 654 115 398 655 413
1 5 640 400 652 725 398 116 411 655
1 5 725 652 414 653 655 411 121 412
1 5 654 725 653 415 413 655 412 120
1 5 338 92 351 602 644 404 656 726
1 5 602 351 97 352 726 656 418 657
1 5 346 602 352 96 652 726 657 414
1 5 400 644 726 652 116 403 658 411
1 5 644 404 656 726 403 117 416 658
1 5 726 656 418 657 658 416 122 417
1 5 652 726 657 414 411 658 417 121
1 5 341 93 354 605 647 407 659 727
1 5 605 354 98 355 727 659 421 660
1 5 351 605 355 97 656 727 660 418
1 5 404 647 727 656 117 406 661 416
1 5 647 407 659 727 406 118 419 661
1 5 727 659 421 660 661 419 123 420
1 5 656 727 660 418 416 661 420 122
1 5 344 94 357 608 650 410 662 728
1 5 608 357 99 358 728 662 424 663
1 5 354 608 358 98 659 728 663 421
1 5 407 650 728 659 118 409 664 419
1 5 650 410 662 728 409 119 422 664
1 5 728 662 424 663 664 422 124 423
1 5 659 728 663 421 419 664 423 123

boundary
384
1 3 0 128 425 125
1 3 1 126 431 137
1 3 2 138 436 145
1 3 3 146 441 153
1 3 5 163 446 127
1 3 6 161 451 139
1 3 7 169 455 147
1 3 8 174 459 155
1 3 10 186 463 162
1 3 11 184 468 170
1 3 12 192 472 175
1 3 13 197 476 180
1 3 15 209 480 185
1 3 16 207 485 193
1 3 17 215 489 198
1 3 18 220 493 203
6 3 100 360 613 363
6 3 101 368 617 361
6 3 102 373 621 369
6 3 103 378 625 374
6 3 105 362 629 385
6 3 106 370 632 383
6 3 107 375 635 388
6 3 108 380 638 391
6 3 110 384 642 399
6 3 111 389 645 397
6 3 112 392 648 402
6 3 113 395 651 405
6 3 115 398 655 413
6 3 116 403 658 411
6 3 117 406 661 416
6 3 118 409 664 419
5 3 0 133 429 128
5 3 5 136 449 163
5 3 10 168 466 186
5 3 15 191 483 209
5 3 25 234 500 132
5 3 30 237 516 166
5 3 35 257 529 189
5 3 40 271 542 212
5 3 50 299 556 233
5 3 55 302 572 255
5 3 60 322 585 269
5 3 65 336 598 283
5 3 75 364 612 298
5 3 80 367 628 320
5 3 85 387 641 334
5 3 90 401 654 348
3 3 4 154 443 159
3 3 9 179 460 160
3 3 14 202 477 183
3 3 19 225 494 206
3 3 29 157 511 251
3 3 34 181 524 252
3 3 39 204 537 266
3 3 44 227 550 280
3 3 54 249 567 316
3 3 59 264 580 317
3 3 64 278 593 331
3 3 69 292 606 345
3 3 79 314 623 381
3 3 84 329 636 382
3 3 89 343 649 396
3 3 94 357 662 410
2 3 0 125 426 133
2 3 25 129 497 234
2 3 50 230 553 299
2 3 75 295 609 364
2 3 1 137 432 134
2 3 26 140 502 235
2 3 51 238 558 300
2 3 76 303 614 365
2 3 2 145 437 143
2 3 27 148 506 241
2 3 52 243 562 306
2 3 77 308 618 371
2 3 3 153 442 151
2 3 28 156 510 246
2 3 53 248 566 311
2 3 78 313 622 376
4 3 20 214 482 208
4 3 45 285 541 211
4 3 70 350 597 282
4 3 95 415 653 347
4 3 21 213 487 216
4 3 46 284 545 218
4 3 71 349 601 287
4 3 96 414 657 352
4 3 22 219 491 221
4 3 47 288 548 223
4 3 72 353 604 290
4 3 97 418 660 355
4 3 23 224 495 226
4 3 48 291 551 228
4 3 73 356 607 293
4 3 98 421 663 358
1 3 128 5 127 425
1 3 425 127 6 126
1 3 125 425 126 1
1 3 126 6 139 431
1 3 431 139 7 138
1 3 137 431 138 2
1 3 138 7 147 436
1 3 436 147 8 146
1 3 145 436 146 3
1 3 146 8 155 441
1 3 441 155 9 154
1 3 153 441 154 4
1 3 163 10 162 446
1 3 446 162 11 161
1 3 127 446 161 6
1 3 161 11 170 451
1 3 451 170 12 169
1 3 139 451 169 7
1 3 169 12 175 455
1 3 455 175 13 174
1 3 147 455 174 8
1 3 174 13 180 459
1 3 459 180 14 179
1 3 155 459 179 9
1 3 186 15 185 463
1 3 463 185 16 184
1 3 162 463 184 11
1 3 184 16 193 468
1 3 468 193 17 192
1 3 170 468 192 12
1 3 192 17 198 472
1 3 472 198 18 197
1 3 175 472 197 13
1 3 197 18 203 476
1 3 476 203 19 202
1 3 180 476 202 14
1 3 209 20 208 480
1 3 480 208 21 207
1 3 185 480 207 16
1 3 207 21 216 485
1 3 485 216 22 215
1 3 193 485 215 17
1 3 215 22 221 489
1 3 489 221 23 220
1 3 198 489 220 18
1 3 220 23 226 493
1 3 493 226 24 225
1 3 203 493 225 19
6 3 360 101 361 613
6 3 613 361 106 362
6 3 363 613 362 105
6 3 368 102 369 617
6 3 617 369 107 370
6 3 361 617 370 106
6 3 373 103 374 621
6 3 621 374 108 375
6 3 369 621 375 107
6 3 378 104 379 625
6 3 625 379 109 380
6 3 374 625 380 108
6 3 362 106 383 629
6 3 629 383 111 384
6 3 385 629 384 110
6 3 370 107 388 632
6 3 632 388 112 389
6 3 383 632 389 111
6 3 375 108 391 635
6 3 635 391 113 392
6 3 388 635 392 112
6 3 380 109 394 638
6 3 638 394 114 395
6 3 391 638 395 113
6 3 384 111 397 642
6 3 642 397 116 398
6 3 399 642 398 115
6 3 389 112 402 645
6 3 645 402 117 403
6 3 397 645 403 116
6 3 392 113 405 648
6 3 648 405 118 406
6 3 402 648 406 117
6 3 395 114 408 651
6 3 651 408 119 409
6 3 405 651 409 118
6 3 398 116 411 655
6 3 655 411 121 412
6 3 413 655 412 120
6 3 403 117 416 658
6 3 658 416 122 417
6 3 411 658 417 121
6 3 406 118 419 661
6 3 661 419 123 420
6 3 416 661 420 122
6 3 409 119 422 664
6 3 664 422 124 423
6 3 419 664 423 123
5 3 133 25 132 429
5 3 429 132 30 136
5 3 128 429 136 5
5 3 136 30 166 449
5 3 449 166 35 168
5 3 163 449 168 10
5 3 168 35 189 466
5 3 466 189 40 191
5 3 186 466 191 15
5 3 191 40 212 483
5 3 483 212 45 214
5 3 209 483 214 20
5 3 234 50 233 500
5 3 500 233 55 237
5 3 132 500 237 30
5 3 237 55 255 516
5 3 516 255 60 257
5 3 166 516 257 35
5 3 257 60 269 529
5 3 529 269 65 271
5 3 189 529 271 40
5 3 271 65 283 542
5 3 542 283 70 285
5 3 212 542 285 45
5 3 299 75 298 556
5 3 556 298 80 302
5 3 233 556 302 55
5 3 302 80 320 572
5 3 572 320 85 322
5 3 255 572 322 60
5 3 322 85 334 585
5 3 585 334 90 336
5 3 269 585 336 65
5 3 336 90 348 598
5 3 598 348 95 350
5 3 283 598 350 70
5 3 364 100 363 612
5 3 612 363 105 367
5 3 298 612 367 80
5 3 367 105 385 628
5 3 628 385 110 387
5 3 320 628 387 85
5 3 387 110 399 641
5 3 641 399 115 401
5 3 334 641 401 90
5 3 401 115 413 654
5 3 654 413 120 415
5 3 348 654 415 95
3 3 154 9 160 443
3 3 443 160 34 157
3 3 159 443 157 29
3 3 179 14 183 460
3 3 460 183 39 181
3 3 160 460 181 34
3 3 202 19 206 477
3 3 477 206 44 204
3 3 183 477 204 39
3 3 225 24 229 494
3 3 494 229 49 227
3 3 206 494 227 44
3 3 157 34 252 511
3 3 511 252 59 249
3 3 251 511 249 54
3 3 181 39 266 524
3 3 524 266 64 264
3 3 252 524 264 59
3 3 204 44 280 537
3 3 537 280 69 278
3 3 266 537 278 64
3 3 227 49 294 550
3 3 550 294 74 292
3 3 280 550 292 69
3 3 249 59 317 567
3 3 567 317 84 314
3 3 316 567 314 79
3 3 264 64 331 580
3 3 580 331 89 329
3 3 317 580 329 84
3 3 278 69 345 593
3 3 593 345 94 343
3 3 331 593 343 89
3 3 292 74 359 606
3 3 606 359 99 357
3 3 345 606 357 94
3 3 314 84 382 623
3 3 623 382 109 379
3 3 381 623 379 104
3 3 329 89 396 636
3 3 636 396 114 394
3 3 382 636 394 109
3 3 343 94 410 649
3 3 649 410 119 408
3 3 396 649 408 114
3 3 357 99 424 662
3 3 662 424 124 422
3 3 410 662 422 119
2 3 125 1 134 426
2 3 426 134 26 129
2 3 133 426 129 25
2 3 129 26 235 497
2 3 497 235 51 230
2 3 234 497 230 50
2 3 230 51 300 553
2 3 553 300 76 295
2 3 299 553 295 75
2 3 295 76 365 609
2 3 609 365 101 360
2 3 364 609 360 100
2 3 137 2 143 432
2 3 432 143 27 140
2 3 134 432 140 26
2 3 140 27 241 502
2 3 502 241 52 238
2 3 235 502 238 51
2 3 238 52 306 558
2 3 558 306 77 303
2 3 300 558 303 76
2 3 303 77 371 614
2 3 614 371 102 368
2 3 365 614 368 101
2 3 145 3 151 437
2 3 437 151 28 148
2 3 143 437 148 27
2 3 148 28 246 506
2 3 506 246 53 243
2 3 241 506 243 52
2 3 243 53 311 562
2 3 562 311 78 308
2 3 306 562 308 77
2 3 308 78 376 618
2 3 618 376 103 373
2 3 371 618 373 102
2 3 153 4 159 442
2 3 442 159 29 156
2 3 151 442 156 28
2 3 156 29 251 510
2 3 510 251 54 248
2 3 246 510 248 53
2 3 248 54 316 566
2 3 566 316 79 313
2 3 311 566 313 78
2 3 313 79 381 622
2 3 622 381 104 378
2 3 376 622 378 103
4 3 214 45 211 482
4 3 482 211 46 213
4 3 208 482 213 21
4 3 285 70 282 541
4 3 541 282 71 284
4 3 211 541 284 46
4 3 350 95 347 597
4 3 597 347 96 349
4 3 282 597 349 71
4 3 415 120 412 653
4 3 653 412 121 414
4 3 347 653 414 96
4 3 213 46 218 487
4 3 487 218 47 219
4 3 216 487 219 22
4 3 284 71 287 545
4 3 545 287 72 288
4 3 218 545 288 47
4 3 349 96 352 601
4 3 601 352 97 353
4 3 287 601 353 72
4 3 414 121 417 657
4 3 657 417 122 418
4 3 352 657 418 97
4 3 219 47 223 491
4 3 491 223 48 224
4 3 221 491 224 23
4 3 288 72 290 548
4 3 548 290 73 291
4 3 223 548 291 48
4 3 353 97 355 604
4 3 604 355 98 356
4 3 290 604 356 73
4 3 418 122 420 660
4 3 660 420 123 421
4 3 355 660 421 98
4 3 224 48 228 495
4 3 495 228 49 229
4 3 226 495 229 24
4 3 291 73 293 551
4 3 551 293 74 294
4 3 228 551 294 49
4 3 356 98 358 607
4 3 607 358 99 359
4 3 293 607 359 74
4 3 421 123 423 663
4 3 663 423 124 424
4 3 358 663 424 99

vertices
729

nodes
FiniteElementSpace
FiniteElementCollection: H1_3D_P1
VDim: 3
Ordering: 0

0
0.25
0.5
0.75
1
0
0.25
0.5
0.75
1
0
0.25
0.5
0.75
1
0
0.25
0.5
0.75
1
0
0.25
0.5
0.75
1
0
0.25
0.5
0.75
1
0
0.231198
0.51296
0.675945
1
0
0.164363
0.43931
0.62428
1
0
0.185327
0.447132
0.647208
1
0
0.25
0.5
0.75
1
0
0.25
0.5
0.75
1
0
0.117411
0.462562
0.62372
1
0
0.261909
0.47584
0.762523
1
0
0.20312
0.416825
0.658145
1
0
0.25
0.5
0.75
1
0
0.25
0.5
0.75
1
0
0.207091
0.495663
0.661216
1
0
0.190492
0.437986
0.764388
1
0
0.230085
0.445514
0.629817
1
0
0.25
0.5
0.75
1
0
0.25
0.5
0.75
1
0
0.25
0.5
0.75
1
0
0.25
0.5
0.75
1
0
0.25
0.5
0.75
1
0
0.25
0.5
0.75
1
0.125
0.25
0.125
0
0.125
0.17746
0.0510163
0
0
0.25
0.254736
0
0.375
0.5
0.375
0.375
0.486687
0.363985
0.5
0.496272
0.625
0.75
0.625
0.625
0.737561
0.524536
0.75
0.749303
0.875
1
0.875
0.875
1
0.871129
1
1
0.25
0.125
0
0.246663
0.0244425
0
0.17453
0
0.5
0.375
0.439764
0.281479
0.413627
0.75
0.625
0.637687
0.553802
0.709579
1
0.875
1
0.786639
1
0.25
0.125
0
0.246509
0.125948
0
0.206354
0
0.5
0.375
0.410155
0.372911
0.420103
0.75
0.625
0.653079
0.625649
0.69016
1
0.875
1
0.820958
1
0.25
0.125
0
0.243182
0.125
0
0.25
0
0.5
0.375
0.521876
0.375
0.5
0.75
0.625
0.637452
0.625
0.75
1
0.875
1
0.875
1
0.125
0.136961
0.0707351
0
0
0.25
0.166138
0
0.375
0.432731
0.354234
0.5
0.439888
0.625
0.675077
0.52369
0.75
0.653266
0.875
1
0.828858
1
1
0.151209
0.0915219
0
0.199961
0
0.37968
0.331276
0.464992
0.748464
0.57039
0.650948
1
0.808055
1
0.200336
0.0413081
0
0.256499
0
0.461114
0.354206
0.445161
0.697931
0.556759
0.683551
1
0.868542
1
0.159566
0.125
0
0.25
0
0.493461
0.375
0.5
0.673699
0.625
0.75
1
0.875
1
0.125
0.166392
0.13329
0
0
0.25
0.160628
0
0.375
0.445586
0.295097
0.5
0.417403
0.625
0.75274
0.541848
0.75
0.712854
0.875
1
0.841584
1
1
0.160185
0.024821
0
0.226462
0
0.41316
0.296067
0.417912
0.73471
0.623331
0.66103
1
0.829221
1
0.238282
0.0491398
0
0.128197
0
0.437158
0.362275
0.429172
0.644396
0.588241
0.632496
1
0.749889
1
0.168709
0.125
0
0.25
0
0.451312
0.375
0.5
0.680046
0.625
0.75
1
0.875
1
0.125
0.25
0.125
0
0
0.25
0.161794
0
0.375
0.5
0.375
0.5
0.444987
0.625
0.75
0.625
0.75
0.729993
0.875
1
0.875
1
1
0.25
0.125
0
0.185808
0
0.5
0.375
0.469863
0.75
0.625
0.745539
1
0.875
1
0.25
0.125
0
0.253233
0
0.5
0.375
0.508768
0.75
0.625
0.719002
1
0.875
1
0.25
0.125
0
0.25
0
0.5
0.375
0.5
0.75
0.625
0.75
1
0.875
1
0.125
0.125
0.237162
0.111388
0
0.0876207
0.375
0.375
0.479573
0.337933
0.285145
0.625
0.625
0.727037
0.533962
0.573989
0.875
0.875
1
0.777422
0.842314
0.125
0.15085
0.0918836
0
0.101035
0.375
0.50919
0.385359
0.274242
0.625
0.744358
0.569384
0.533882
0.875
1
0.877669
0.827737
0.125
0.185748
0.136824
0
0.124316
0.375
0.477056
0.365716
0.304152
0.625
0.659804
0.550554
0.55851
0.875
1
0.84759
0.875296
0.125
0.156466
0.125
0
0.138668
0.375
0.488403
0.375
0.394796
0.625
0.692517
0.625
0.600675
0.875
1
0.875
0.823746
0.125
0.235478
0.113575
0
0.0259886
0.375
0.447137
0.301706
0.318541
0.625
0.707133
0.518539
0.535047
0.875
1
0.783787
0.80057
0.161529
0.10359
0
0.0298853
0.478331
0.253734
0.341235
0.674266
0.515219
0.565412
1
0.832191
0.833807
0.146266
0.122323
0
0.0429117
0.453822
0.323399
0.307663
0.642246
0.526134
0.571959
1
0.815774
0.862679
0.151221
0.125
0
0.0571774
0.498255
0.375
0.275472
0.647499
0.625
0.511935
1
0.875
0.805593
0.125
0.219688
0.036845
0
0.0916786
0.375
0.409416
0.262592
0.290146
0.625
0.693412
0.582033
0.60147
0.875
1
0.833777
0.850359
0.248278
0.0646916
0
0.0895847
0.494664
0.281601
0.300874
0.740563
0.560831
0.558715
1
0.890199
0.828396
0.238765
0.0593421
0
0.113059
0.428756
0.306573
0.359556
0.708924
0.514688
0.619993
1
0.805044
0.778842
0.205321
0.125
0
0.0861993
0.475236
0.375
0.301814
0.656037
0.625
0.549538
1
0.875
0.77423
0.125
0.215501
0.0530959
0
0.125
0.375
0.465455
0.274128
0.375
0.625
0.646533
0.599677
0.625
0.875
1
0.890534
0.875
0.200672
0.0458939
0
0.125
0.516266
0.385006
0.375
0.696686
0.608279
0.625
1
0.896848
0.875
0.178872
0.0902972
0
0.125
0.479587
0.326327
0.375
0.679694
0.568356
0.625
1
0.813924
0.875
0.251789
0.125
0
0.125
0.476453
0.375
0.375
0.734448
0.625
0.625
1
0.875
0.875
0.133738
0.388199
0.565673
0.87033
0.0773593
0.362345
0.623216
0.779828
0.12939
0.389653
0.578651
0.825932
0.0659472
0.360886
0.5399
0.818818
0.0834165
0.305916
0.521947
0.829347
0.0811653
0.316737
0.530944
0.767263
0.111136
0.355
0.538448
0.879469
0.0851245
0.377648
0.600958
0.794797
0.0611753
0.344847
0.615592
0.819125
0.125906
0.324607
0.577345
0.843807
0.0642765
0.323426
0.577446
0.813562
0.0987754
0.30225
0.572814
0.828544
0.0595459
0.291087
0.547738
0.896679
0.0551785
0.333582
0.587832
0.853171
0.102741
0.37723
0.517051
0.845986
0.12572
0.286359
0.617998
0.80539
0
0
0
0
0
0.25
0.25
0.25
0.25
0.25
0.5
0.5
0.5
0.5
0.5
0.75
0.75
0.75
0.75
0.75
1
1
1
1
1
0
0
0
0
0
0.25
0.154685
0.21715
0.180615
0.25
0.5
0.405633
0.447936
0.437368
0.5
0.75
0.726695
0.671232
0.762319
0.75
1
1
1
1
1
0
0
0
0
0
0.25
0.210227
0.260921
0.257792
0.25
0.5
0.398306
0.505854
0.405758
0.5
0.75
0.746176
0.672588
0.721987
0.75
1
1
1
1
1
0
0
0
0
0
0.25
0.174589
0.164235
0.249809
0.25
0.5
0.393889
0.452841
0.44955
0.5
0.75
0.656196
0.727142
0.697432
0.75
1
1
1
1
1
0
0
0
0
0
0.25
0.25
0.25
0.25
0.25
0.5
0.5
0.5
0.5
0.5
0.75
0.75
0.75
0.75
0.75
1
1
1
1
1
0
0.125
0.25
0.125
0
0.102878
0.147984
0.125
0
0
0.181908
0.25
0
0.125
0.25
0
0.0756627
0.185337
0
0.167808
0
0.125
0.25
0
0.0980839
0.125951
0
0.230999
0
0.125
0.25
0
0.125
0.175422
0
0.25
0.375
0.5
0.375
0.240869
0.436146
0.375
0.48157
0.5
0.375
0.5
0.249526
0.446453
0.482228
0.375
0.5
0.32811
0.410973
0.496084
0.375
0.5
0.375
0.416167
0.5
0.625
0.75
0.625
0.569893
0.71428
0.625
0.686883
0.75
0.625
0.75
0.517801
0.702668
0.736871
0.625
0.75
0.527764
0.738154
0.72779
0.625
0.75
0.625
0.694574
0.75
0.875
1
0.875
0.872792
1
0.875
1
1
0.875
1
0.8808
1
1
0.875
1
0.779855
1
1
0.875
1
0.875
1
1
0
0.112164
0.170523
0.125
0
0
0.230468
0.25
0
0.0748995
0.154029
0
0.240489
0
0.0672977
0.219229
0
0.185196
0
0.125
0.173311
0
0.25
0.383175
0.434201
0.375
0.487462
0.5
0.326864
0.410229
0.387378
0.304036
0.450449
0.460245
0.375
0.477314
0.5
0.599291
0.641715
0.625
0.689653
0.75
0.532342
0.646307
0.626621
0.59338
0.728318
0.744135
0.625
0.716926
0.75
0.864891
1
0.875
1
1
0.839636
1
1
0.890556
1
1
0.875
1
1
0
0.113677
0.23527
0.125
0
0
0.183959
0.25
0
0.0683147
0.146565
0
0.248957
0
0.129507
0.217305
0
0.215201
0
0.125
0.156697
0
0.25
0.316367
0.459833
0.375
0.469124
0.5
0.254673
0.385955
0.471219
0.268455
0.419923
0.381581
0.375
0.419487
0.5
0.578696
0.705613
0.625
0.71064
0.75
0.576077
0.641557
0.683878
0.603104
0.651174
0.75706
0.625
0.733961
0.75
0.8693
1
0.875
1
1
0.790767
1
1
0.784822
1
1
0.875
1
1
0
0.125
0.25
0.125
0
0
0.261022
0.25
0
0.125
0.25
0
0.210326
0
0.125
0.25
0
0.186722
0
0.125
0.25
0
0.25
0.375
0.5
0.375
0.448017
0.5
0.375
0.5
0.439934
0.375
0.5
0.473717
0.375
0.5
0.5
0.625
0.75
0.625
0.752481
0.75
0.625
0.75
0.698187
0.625
0.75
0.698262
0.625
0.75
0.75
0.875
1
0.875
1
1
0.875
1
1
0.875
1
1
0.875
1
1
0.125
0
0.0237014
0.251863
0.125
0.110973
0.125
0
0.0579631
0.135961
0.0591315
0.125
0
0.0964676
0.248323
0.0922622
0.125
0
0.125
0.238447
0.104976
0.375
0.349457
0.494275
0.375
0.321003
0.375
0.299447
0.427815
0.239873
0.375
0.276342
0.425952
0.256302
0.375
0.375
0.445367
0.303002
0.625
0.53726
0.70349
0.625
0.540951
0.625
0.608926
0.707769
0.607679
0.625
0.558293
0.702708
0.618176
0.625
0.625
0.749201
0.593785
0.875
0.798452
1
0.875
0.818396
0.875
0.825691
1
0.865041
0.875
0.897578
1
0.789079
0.875
0.875
1
0.891421
0
0.0816032
0.17675
0.125
0.095804
0
0.117191
0.178732
0.04058
0
0.0927741
0.24829
0.102099
0
0.125
0.206472
0.118878
0.297798
0.455118
0.375
0.332773
0.254339
0.385042
0.33303
0.324062
0.408463
0.356156
0.375
0.457058
0.339445
0.530736
0.65688
0.625
0.535638
0.580802
0.667626
0.51837
0.54244
0.704907
0.625178
0.625
0.712261
0.587999
0.878581
1
0.875
0.870478
0.831094
1
0.781408
0.864636
1
0.795308
0.875
1
0.838765
0
0.0680236
0.216542
0.125
0.0452005
0
0.0474953
0.227967
0.0538073
0
0.0337439
0.182887
0.138545
0
0.125
0.258402
0.037128
0.336349
0.393141
0.375
0.324439
0.303188
0.44329
0.361512
0.2741
0.499431
0.260229
0.375
0.50808
0.355884
0.567087
0.662182
0.625
0.52891
0.622816
0.729193
0.584984
0.569586
0.717911
0.509114
0.625
0.6821
0.630898
0.771414
1
0.875
0.87044
0.810999
1
0.86095
0.832794
1
0.85988
0.875
1
0.883838
0
0.054974
0.260564
0.125
0.125
0
0.0887192
0.176648
0.125
0
0.0931996
0.254661
0.125
0
0.125
0.219349
0.125
0.374473
0.49122
0.375
0.375
0.323414
0.469238
0.375
0.362559
0.380132
0.375
0.375
0.489057
0.375
0.585157
0.684294
0.625
0.625
0.632517
0.722298
0.625
0.54176
0.66824
0.625
0.625
0.729645
0.625
0.808178
1
0.875
0.875
0.871184
1
0.875
0.832238
1
0.875
0.875
1
0.875
0.0633876
0.124463
0.0815821
0.111893
0.334607
0.258361
0.325596
0.282925
0.530439
0.565164
0.595487
0.619861
0.873674
0.834288
0.873629
0.897645
0.129079
0.106719
0.111702
0.117564
0.358203
0.289002
0.363936
0.366951
0.606372
0.603335
0.548826
0.547528
0.805032
0.822816
0.862197
0.894203
0.0803051
0.0638696
0.0640689
0.0724852
0.386232
0.289665
0.363189
0.291181
0.527558
0.537821
0.565625
0.540896
0.886412
0.883317
0.824514
0.853659
0.0748389
0.0807585
0.0873546
0.0707447
0.359193
0.337377
0.353299
0.355205
0.524865
0.594415
0.619351
0.555124
0.810552
0.774114
0.840565
0.885322
0
0
0
0
0
0
0
0
0
0
0
0
0
0
0
0
0
0
0
0
0
0
0
0
0
0.25
0.25
0.25
0.25
0.25
0.25
0.197446
0.196643
0.259097
0.25
0.25
0.163167
0.222423
0.226195
0.25
0.25
0.242635
0.214151
0.175609
0.25
0.25
0.25
0.25
0.25
0.25
0.5
0.5
0.5
0.5
0.5
0.5
0.499739
0.476975
0.429991
0.5
0.5
0.443766
0.472264
0.385499
0.5
0.5
0.409722
0.452418
0.466465
0.5
0.5
0.5
0.5
0.5
0.5
0.75
0.75
0.75
0.75
0.75
0.75
0.674037
0.710448
0.671857
0.75
0.75
0.755559
0.661302
0.682155
0.75
0.75
0.73548
0.698477
0.75748
0.75
0.75
0.75
0.75
0.75
0.75
1
1
1
1
1
1
1
1
1
1
1
1
1
1
1
1
1
1
1
1
1
1
1
1
1
0
0
0
0
0.25
0.165846
0.182427
0.25
0.125
0.125
0.152439
0.125
0
0
0
0.25
0.231071
0.169963
0.125
0.0748854
0
0
0
0.25
0.201696
0.181882
0.125
0.0295581
0
0
0
0.25
0.25
0.211796
0.125
0.125
0
0
0
0.256641
0.240684
0.25
0.060356
0.125
0
0
0.180523
0.214489
0.124732
0
0
0.134245
0.197383
0.126947
0
0
0.25
0.20301
0.125
0
0
0
0.235982
0.155885
0.25
0.0826775
0.125
0
0
0.217939
0.239522
0.0479349
0
0
0.159936
0.237861
0.0579454
0
0
0.25
0.262943
0.125
0
0
0
0.212004
0.25
0.25
0.125
0.125
0
0
0.157807
0.25
0.125
0
0
0.214708
0.25
0.125
0
0
0.25
0.25
0.125
0.5
0.421185
0.462165
0.5
0.375
0.375
0.397298
0.375
0.5
0.47173
0.450339
0.375
0.345703
0.5
0.457397
0.486211
0.375
0.262351
0.5
0.5
0.435621
0.375
0.375
0.514309
0.507194
0.5
0.383567
0.375
0.446659
0.465585
0.28076
0.445242
0.450468
0.264341
0.5
0.460974
0.375
0.392582
0.430952
0.5
0.360344
0.375
0.458125
0.444012
0.367053
0.443647
0.397234
0.269718
0.5
0.463263
0.375
0.46961
0.5
0.5
0.375
0.375
0.405144
0.5
0.375
0.497301
0.5
0.375
0.5
0.5
0.375
0.75
0.675263
0.669141
0.75
0.625
0.625
0.622033
0.625
0.75
0.658052
0.692935
0.625
0.598548
0.75
0.709083
0.656111
0.625
0.512047
0.75
0.75
0.728124
0.625
0.625
0.678213
0.728361
0.75
0.550042
0.625
0.730042
0.677303
0.623724
0.701062
0.678126
0.584813
0.75
0.640314
0.625
0.723403
0.645591
0.75
0.568681
0.625
0.738127
0.736722
0.63066
0.648846
0.772479
0.526067
0.75
0.694908
0.625
0.671788
0.75
0.75
0.625
0.625
0.718605
0.75
0.625
0.760667
0.75
0.625
0.75
0.75
0.625
1
1
1
1
0.875
0.875
0.794967
0.875
1
1
1
0.875
0.821291
1
1
1
0.875
0.809855
1
1
1
0.875
0.875
1
1
1
0.83729
0.875
1
1
0.859509
1
1
0.866502
1
1
0.875
1
1
1
0.832301
0.875
1
1
0.851311
1
1
0.843734
1
1
0.875
1
1
1
0.875
0.875
1
1
0.875
1
1
0.875
1
1
0.875
0
0.125
0.114578
0.115847
0.125
0.169971
0
0.125
0.0542686
0.0617922
0.238018
0
0.125
0.0521854
0.106643
0.224452
0
0.125
0.125
0.0488049
0.268329
0
0.0490613
0.0617695
0.125
0.246329
0
0.0939787
0.0821662
0.146028
0
0.0388714
0.0369625
0.244832
0
0.125
0.112191
0.245167
0
0.0532212
0.0554286
0.125
0.161403
0
0.0776034
0.12536
0.218196
0
0.0761393
0.0530836
0.224572
0
0.125
0.0788058
0.225711
0
0.0697822
0.125
0.125
0.160924
0
0.064225
0.125
0.257191
0
0.124663
0.125
0.191583
0
0.125
0.125
0.147481
0.375
0.30203
0.294921
0.375
0.463293
0.375
0.319749
0.293273
0.461856
0.375
0.369177
0.337019
0.426369
0.375
0.375
0.35375
0.398721
0.326511
0.298463
0.375
0.488666
0.269758
0.311281
0.490261
0.33413
0.357235
0.4759
0.375
0.347067
0.432456
0.267916
0.300709
0.375
0.404012
0.368223
0.260077
0.416999
0.347303
0.31646
0.433887
0.375
0.347728
0.489999
0.367672
0.375
0.375
0.453121
0.363638
0.375
0.42261
0.387718
0.375
0.489307
0.375
0.375
0.453464
0.625
0.58847
0.555903
0.625
0.76178
0.625
0.54292
0.628718
0.656735
0.625
0.625047
0.536019
0.670228
0.625
0.625
0.578502
0.744014
0.610285
0.537014
0.625
0.756308
0.572228
0.602291
0.734742
0.500671
0.610507
0.642336
0.625
0.513352
0.711315
0.633295
0.606813
0.625
0.728599
0.622177
0.591749
0.680677
0.493676
0.553477
0.748265
0.625
0.522194
0.718894
0.52001
0.625
0.625
0.739479
0.599234
0.625
0.701029
0.597851
0.625
0.75207
0.625
0.625
0.771854
0.875
0.835408
0.808048
0.875
1
0.875
0.765083
0.807753
1
0.875
0.824211
0.790995
1
0.875
0.875
0.79343
1
0.849981
0.805127
0.875
1
0.766097
0.856249
1
0.769344
0.772729
1
0.875
0.773686
1
0.841629
0.848012
0.875
1
0.834159
0.861834
1
0.768787
0.84372
1
0.875
0.880512
1
0.812157
0.875
0.875
1
0.824405
0.875
1
0.866583
0.875
1
0.875
0.875
1
0.101141
0.061751
0.10753
0.12319
0.0572447
0.116182
0.0380173
0.0926143
0.0271557
0.106401
0.0750175
0.135446
0.0868754
0.0683007
0.0300412
0.0516963
0.384946
0.358846
0.316768
0.381903
0.330227
0.325143
0.36952
0.366577
0.386208
0.303478
0.354565
0.267019
0.382035
0.353736
0.320049
0.389114
0.5502
0.571635
0.556878
0.632011
0.602303
0.597032
0.567183
0.598348
0.5331
0.600137
0.549357
0.622268
0.583058
0.527221
0.63281
0.597347
0.828106
0.791863
0.79361
0.816324
0.831854
0.837313
0.877321
0.890947
0.87995
0.877657
0.867952
0.849849
0.822465
0.830187
0.821387
0.840242
