MFEM mesh v1.0

#
# MFEM Geometry Types (see mesh/geom.hpp):
#
# POINT       = 0
# SEGMENT     = 1
# TRIANGLE    = 2
# SQUARE      = 3
# TETRAHEDRON = 4
# CUBE        = 5
#

dimension
3

elements
384
1 5 3 115 377 118 123 378 573 381
1 5 15 127 383 130 135 384 574 387
1 5 16 139 389 142 147 390 575 393
1 5 18 151 395 154 159 396 576 399
1 5 0 163 401 166 171 402 577 405
1 5 5 175 407 178 183 408 578 411
1 5 27 187 413 116 124 414 579 379
1 5 78 189 418 197 125 416 580 421
1 5 30 117 423 202 126 380 581 424
1 5 35 119 382 122 208 426 582 429
1 5 79 190 417 120 209 431 583 427
1 5 109 192 422 200 210 433 584 437
1 5 82 121 425 203 211 428 585 440
1 5 39 225 442 128 136 443 586 385
1 5 84 226 446 231 137 444 587 449
1 5 42 129 451 236 138 386 588 452
1 5 47 131 388 134 238 454 589 457
1 5 85 227 445 132 239 458 590 455
1 5 110 228 450 234 240 460 591 464
1 5 88 133 453 237 241 456 592 467
1 5 29 196 469 140 148 420 593 391
1 5 90 255 473 261 149 471 594 476
1 5 40 141 478 229 150 392 595 447
1 5 38 143 394 146 224 439 596 459
1 5 81 199 472 144 221 436 597 481
1 5 111 257 477 264 271 485 598 489
1 5 86 145 480 232 245 482 599 462
1 5 41 230 493 152 160 448 600 397
1 5 94 282 497 288 161 495 601 500
1 5 57 153 502 295 162 398 602 504
1 5 49 155 400 158 253 466 603 508
1 5 87 233 496 156 250 463 604 506
1 5 112 284 501 291 302 511 605 515
1 5 97 157 505 297 303 507 606 518
1 5 63 315 520 164 172 521 607 403
1 5 99 317 525 325 173 523 608 528
1 5 66 165 530 332 174 404 609 532
1 5 70 167 406 170 335 534 610 537
1 5 100 318 524 168 336 538 611 535
1 5 113 320 529 328 337 540 612 544
1 5 103 169 533 334 338 536 613 547
1 5 67 339 541 176 184 549 614 409
1 5 104 341 545 346 185 551 615 555
1 5 43 177 548 242 186 410 616 461
1 5 46 179 412 182 252 559 617 468
1 5 105 350 552 180 364 563 618 560
1 5 114 352 556 357 365 565 619 569
1 5 89 181 558 244 248 561 620 465
1 5 115 27 116 377 378 124 379 573
1 5 377 116 78 117 573 379 125 380
1 5 118 377 117 30 381 573 380 126
1 5 123 378 573 381 35 119 382 122
1 5 378 124 379 573 119 79 120 382
1 5 573 379 125 380 382 120 109 121
1 5 381 573 380 126 122 382 121 82
1 5 127 39 128 383 384 136 385 574
1 5 383 128 84 129 574 385 137 386
1 5 130 383 129 42 387 574 386 138
1 5 135 384 574 387 47 131 388 134
1 5 384 136 385 574 131 85 132 388
1 5 574 385 137 386 388 132 110 133
1 5 387 574 386 138 134 388 133 88
1 5 139 29 140 389 390 148 391 575
1 5 389 140 90 141 575 391 149 392
1 5 142 389 141 40 393 575 392 150
1 5 147 390 575 393 38 143 394 146
1 5 390 148 391 575 143 81 144 394
1 5 575 391 149 392 394 144 111 145
1 5 393 575 392 150 146 394 145 86
1 5 151 41 152 395 396 160 397 576
1 5 395 152 94 153 576 397 161 398
1 5 154 395 153 57 399 576 398 162
1 5 159 396 576 399 49 155 400 158
1 5 396 160 397 576 155 87 156 400
1 5 576 397 161 398 400 156 112 157
1 5 399 576 398 162 158 400 157 97
1 5 163 63 164 401 402 172 403 577
1 5 401 164 99 165 577 403 173 404
1 5 166 401 165 66 405 577 404 174
1 5 171 402 577 405 70 167 406 170
1 5 402 172 403 577 167 100 168 406
1 5 577 403 173 404 406 168 113 169
1 5 405 577 404 174 170 406 169 103
1 5 175 67 176 407 408 184 409 578
1 5 407 176 104 177 578 409 185 410
1 5 178 407 177 43 411 578 410 186
1 5 183 408 578 411 46 179 412 182
1 5 408 184 409 578 179 105 180 412
1 5 578 409 185 410 412 180 114 181
1 5 411 578 410 186 182 412 181 89
1 5 187 4 188 413 414 193 415 579
1 5 413 188 28 189 579 415 194 416
1 5 116 413 189 78 379 579 416 125
1 5 124 414 579 379 79 190 417 120
1 5 414 193 415 579 190 36 191 417
1 5 579 415 194 416 417 191 80 192
1 5 379 579 416 125 120 417 192 109
1 5 189 28 195 418 416 194 419 580
1 5 418 195 17 196 580 419 201 420
1 5 197 418 196 29 421 580 420 148
1 5 125 416 580 421 109 192 422 200
1 5 416 194 419 580 192 80 198 422
1 5 580 419 201 420 422 198 37 199
1 5 421 580 420 148 200 422 199 81
1 5 117 78 197 423 380 125 421 581
1 5 423 197 29 139 581 421 148 390
1 5 202 423 139 16 424 581 390 147
1 5 126 380 581 424 82 121 425 203
1 5 380 125 421 581 121 109 200 425
1 5 581 421 148 390 425 200 81 143
1 5 424 581 390 147 203 425 143 38
1 5 119 79 120 382 426 209 427 582
1 5 382 120 109 121 582 427 210 428
1 5 122 382 121 82 429 582 428 211
1 5 208 426 582 429 1 204 430 207
1 5 426 209 427 582 204 31 205 430
1 5 582 427 210 428 430 205 83 206
1 5 429 582 428 211 207 430 206 34
1 5 190 36 191 417 431 215 432 583
1 5 417 191 80 192 583 432 216 433
1 5 120 417 192 109 427 583 433 210
1 5 209 431 583 427 31 212 434 205
1 5 431 215 432 583 212 2 213 434
1 5 583 432 216 433 434 213 32 214
1 5 427 583 433 210 205 434 214 83
1 5 192 80 198 422 433 216 435 584
1 5 422 198 37 199 584 435 220 436
1 5 200 422 199 81 437 584 436 221
1 5 210 433 584 437 83 214 438 219
1 5 433 216 435 584 214 32 217 438
1 5 584 435 220 436 438 217 7 218
1 5 437 584 436 221 219 438 218 33
1 5 121 109 200 425 428 210 437 585
1 5 425 200 81 143 585 437 221 439
1 5 203 425 143 38 440 585 439 224
1 5 211 428 585 440 34 206 441 223
1 5 428 210 437 585 206 83 219 441
1 5 585 437 221 439 441 219 33 222
1 5 440 585 439 224 223 441 222 6
1 5 225 16 142 442 443 147 393 586
1 5 442 142 40 226 586 393 150 444
1 5 128 442 226 84 385 586 444 137
1 5 136 443 586 385 85 227 445 132
1 5 443 147 393 586 227 38 146 445
1 5 586 393 150 444 445 146 86 228
1 5 385 586 444 137 132 445 228 110
1 5 226 40 229 446 444 150 447 587
1 5 446 229 19 230 587 447 235 448
1 5 231 446 230 41 449 587 448 160
1 5 137 444 587 449 110 228 450 234
1 5 444 150 447 587 228 86 232 450
1 5 587 447 235 448 450 232 48 233
1 5 449 587 448 160 234 450 233 87
1 5 129 84 231 451 386 137 449 588
1 5 451 231 41 151 588 449 160 396
1 5 236 451 151 18 452 588 396 159
1 5 138 386 588 452 88 133 453 237
1 5 386 137 449 588 133 110 234 453
1 5 588 449 160 396 453 234 87 155
1 5 452 588 396 159 237 453 155 49
1 5 131 85 132 388 454 239 455 589
1 5 388 132 110 133 589 455 240 456
1 5 134 388 133 88 457 589 456 241
1 5 238 454 589 457 5 178 411 183
1 5 454 239 455 589 178 43 186 411
1 5 589 455 240 456 411 186 89 182
1 5 457 589 456 241 183 411 182 46
1 5 227 38 146 445 458 224 459 590
1 5 445 146 86 228 590 459 245 460
1 5 132 445 228 110 455 590 460 240
1 5 239 458 590 455 43 242 461 186
1 5 458 224 459 590 242 6 243 461
1 5 590 459 245 460 461 243 44 244
1 5 455 590 460 240 186 461 244 89
1 5 228 86 232 450 460 245 462 591
1 5 450 232 48 233 591 462 249 463
1 5 234 450 233 87 464 591 463 250
1 5 240 460 591 464 89 244 465 248
1 5 460 245 462 591 244 44 246 465
1 5 591 462 249 463 465 246 9 247
1 5 464 591 463 250 248 465 247 45
1 5 133 110 234 453 456 240 464 592
1 5 453 234 87 155 592 464 250 466
1 5 237 453 155 49 467 592 466 253
1 5 241 456 592 467 46 182 468 252
1 5 456 240 464 592 182 89 248 468
1 5 592 464 250 466 468 248 45 251
1 5 467 592 466 253 252 468 251 8
1 5 196 17 254 469 420 201 470 593
1 5 469 254 50 255 593 470 258 471
1 5 140 469 255 90 391 593 471 149
1 5 148 420 593 391 81 199 472 144
1 5 420 201 470 593 199 37 256 472
1 5 593 470 258 471 472 256 91 257
1 5 391 593 471 149 144 472 257 111
1 5 255 50 259 473 471 258 474 594
1 5 473 259 20 260 594 474 265 475
1 5 261 473 260 51 476 594 475 266
1 5 149 471 594 476 111 257 477 264
1 5 471 258 474 594 257 91 262 477
1 5 594 474 265 475 477 262 54 263
1 5 476 594 475 266 264 477 263 92
1 5 141 90 261 478 392 149 476 595
1 5 478 261 51 267 595 476 266 479
1 5 229 478 267 19 447 595 479 235
1 5 150 392 595 447 86 145 480 232
1 5 392 149 476 595 145 111 264 480
1 5 595 476 266 479 480 264 92 268
1 5 447 595 479 235 232 480 268 48
1 5 143 81 144 394 439 221 481 596
1 5 394 144 111 145 596 481 271 482
1 5 146 394 145 86 459 596 482 245
1 5 224 439 596 459 6 222 483 243
1 5 439 221 481 596 222 33 269 483
1 5 596 481 271 482 483 269 93 270
1 5 459 596 482 245 243 483 270 44
1 5 199 37 256 472 436 220 484 597
1 5 472 256 91 257 597 484 274 485
1 5 144 472 257 111 481 597 485 271
1 5 221 436 597 481 33 218 486 269
1 5 436 220 484 597 218 7 272 486
1 5 597 484 274 485 486 272 52 273
1 5 481 597 485 271 269 486 273 93
1 5 257 91 262 477 485 274 487 598
1 5 477 262 54 263 598 487 278 488
1 5 264 477 263 92 489 598 488 279
1 5 271 485 598 489 93 273 490 277
1 5 485 274 487 598 273 52 275 490
1 5 598 487 278 488 490 275 10 276
1 5 489 598 488 279 277 490 276 53
1 5 145 111 264 480 482 271 489 599
1 5 480 264 92 268 599 489 279 491
1 5 232 480 268 48 462 599 491 249
1 5 245 482 599 462 44 270 492 246
1 5 482 271 489 599 270 93 277 492
1 5 599 489 279 491 492 277 53 280
1 5 462 599 491 249 246 492 280 9
1 5 230 19 281 493 448 235 494 600
1 5 493 281 55 282 600 494 285 495
1 5 152 493 282 94 397 600 495 161
1 5 160 448 600 397 87 233 496 156
1 5 448 235 494 600 233 48 283 496
1 5 600 494 285 495 496 283 95 284
1 5 397 600 495 161 156 496 284 112
1 5 282 55 286 497 495 285 498 601
1 5 497 286 22 287 601 498 292 499
1 5 288 497 287 56 500 601 499 293
1 5 161 495 601 500 112 284 501 291
1 5 495 285 498 601 284 95 289 501
1 5 601 498 292 499 501 289 61 290
1 5 500 601 499 293 291 501 290 96
1 5 153 94 288 502 398 161 500 602
1 5 502 288 56 294 602 500 293 503
1 5 295 502 294 21 504 602 503 298
1 5 162 398 602 504 97 157 505 297
1 5 398 161 500 602 157 112 291 505
1 5 602 500 293 503 505 291 96 296
1 5 504 602 503 298 297 505 296 62
1 5 155 87 156 400 466 250 506 603
1 5 400 156 112 157 603 506 302 507
1 5 158 400 157 97 508 603 507 303
1 5 253 466 603 508 8 251 509 301
1 5 466 250 506 603 251 45 299 509
1 5 603 506 302 507 509 299 98 300
1 5 508 603 507 303 301 509 300 60
1 5 233 48 283 496 463 249 510 604
1 5 496 283 95 284 604 510 306 511
1 5 156 496 284 112 506 604 511 302
1 5 250 463 604 506 45 247 512 299
1 5 463 249 510 604 247 9 304 512
1 5 604 510 306 511 512 304 58 305
1 5 506 604 511 302 299 512 305 98
1 5 284 95 289 501 511 306 513 605
1 5 501 289 61 290 605 513 310 514
1 5 291 501 290 96 515 605 514 311
1 5 302 511 605 515 98 305 516 309
1 5 511 306 513 605 305 58 307 516
1 5 605 513 310 514 516 307 12 308
1 5 515 605 514 311 309 516 308 59
1 5 157 112 291 505 507 302 515 606
1 5 505 291 96 296 606 515 311 517
1 5 297 505 296 62 518 606 517 314
1 5 303 507 606 518 60 300 519 313
1 5 507 302 515 606 300 98 309 519
1 5 606 515 311 517 519 309 59 312
1 5 518 606 517 314 313 519 312 11
1 5 315 14 316 520 521 321 522 607
1 5 520 316 64 317 607 522 322 523
1 5 164 520 317 99 403 607 523 173
1 5 172 521 607 403 100 318 524 168
1 5 521 321 522 607 318 71 319 524
1 5 607 522 322 523 524 319 101 320
1 5 403 607 523 173 168 524 320 113
1 5 317 64 323 525 523 322 526 608
1 5 525 323 13 324 608 526 329 527
1 5 325 525 324 65 528 608 527 330
1 5 173 523 608 528 113 320 529 328
1 5 523 322 526 608 320 101 326 529
1 5 608 526 329 527 529 326 72 327
1 5 528 608 527 330 328 529 327 102
1 5 165 99 325 530 404 173 528 609
1 5 530 325 65 331 609 528 330 531
1 5 332 530 331 1 532 609 531 207
1 5 174 404 609 532 103 169 533 334
1 5 404 173 528 609 169 113 328 533
1 5 609 528 330 531 533 328 102 333
1 5 532 609 531 207 334 533 333 34
1 5 167 100 168 406 534 336 535 610
1 5 406 168 113 169 610 535 337 536
1 5 170 406 169 103 537 610 536 338
1 5 335 534 610 537 5 175 407 178
1 5 534 336 535 610 175 67 176 407
1 5 610 535 337 536 407 176 104 177
1 5 537 610 536 338 178 407 177 43
1 5 318 71 319 524 538 342 539 611
1 5 524 319 101 320 611 539 343 540
1 5 168 524 320 113 535 611 540 337
1 5 336 538 611 535 67 339 541 176
1 5 538 342 539 611 339 23 340 541
1 5 611 539 343 540 541 340 68 341
1 5 535 611 540 337 176 541 341 104
1 5 320 101 326 529 540 343 542 612
1 5 529 326 72 327 612 542 347 543
1 5 328 529 327 102 544 612 543 348
1 5 337 540 612 544 104 341 545 346
1 5 540 343 542 612 341 68 344 545
1 5 612 542 347 543 545 344 24 345
1 5 544 612 543 348 346 545 345 69
1 5 169 113 328 533 536 337 544 613
1 5 533 328 102 333 613 544 348 546
1 5 334 533 333 34 547 613 546 223
1 5 338 536 613 547 43 177 548 242
1 5 536 337 544 613 177 104 346 548
1 5 613 544 348 546 548 346 69 349
1 5 547 613 546 223 242 548 349 6
1 5 339 23 340 541 549 353 550 614
1 5 541 340 68 341 614 550 354 551
1 5 176 541 341 104 409 614 551 185
1 5 184 549 614 409 105 350 552 180
1 5 549 353 550 614 350 76 351 552
1 5 614 550 354 551 552 351 106 352
1 5 409 614 551 185 180 552 352 114
1 5 341 68 344 545 551 354 553 615
1 5 545 344 24 345 615 553 358 554
1 5 346 545 345 69 555 615 554 359
1 5 185 551 615 555 114 352 556 357
1 5 551 354 553 615 352 106 355 556
1 5 615 553 358 554 556 355 77 356
1 5 555 615 554 359 357 556 356 107
1 5 177 104 346 548 410 185 555 616
1 5 548 346 69 349 616 555 359 557
1 5 242 548 349 6 461 616 557 243
1 5 186 410 616 461 89 181 558 244
1 5 410 185 555 616 181 114 357 558
1 5 616 555 359 557 558 357 107 360
1 5 461 616 557 243 244 558 360 44
1 5 179 105 180 412 559 364 560 617
1 5 412 180 114 181 617 560 365 561
1 5 182 412 181 89 468 617 561 248
1 5 252 559 617 468 8 361 562 251
1 5 559 364 560 617 361 73 362 562
1 5 617 560 365 561 562 362 108 363
1 5 468 617 561 248 251 562 363 45
1 5 350 76 351 552 563 369 564 618
1 5 552 351 106 352 618 564 370 565
1 5 180 552 352 114 560 618 565 365
1 5 364 563 618 560 73 366 566 362
1 5 563 369 564 618 366 25 367 566
1 5 618 564 370 565 566 367 74 368
1 5 560 618 565 365 362 566 368 108
1 5 352 106 355 556 565 370 567 619
1 5 556 355 77 356 619 567 374 568
1 5 357 556 356 107 569 619 568 375
1 5 365 565 619 569 108 368 570 373
1 5 565 370 567 619 368 74 371 570
1 5 619 567 374 568 570 371 26 372
1 5 569 619 568 375 373 570 372 75
1 5 181 114 357 558 561 365 569 620
1 5 558 357 107 360 620 569 375 571
1 5 244 558 360 44 465 620 571 246
1 5 248 561 620 465 45 363 572 247
1 5 561 365 569 620 363 108 373 572
1 5 620 569 375 571 572 373 75 376
1 5 465 620 571 246 247 572 376 9

boundary
416
1 3 3 115 378 123
1 3 1 331 530 332
1 3 27 187 414 124
1 3 79 190 431 209
1 3 35 119 426 208
1 3 65 324 525 325
1 3 99 317 520 164
1 3 66 165 401 166
1 3 115 27 124 378
1 3 378 124 79 119
1 3 123 378 119 35
1 3 331 65 325 530
1 3 530 325 99 165
1 3 332 530 165 66
1 3 187 4 193 414
1 3 414 193 36 190
1 3 124 414 190 79
1 3 190 36 215 431
1 3 431 215 2 212
1 3 209 431 212 31
1 3 119 79 209 426
1 3 426 209 31 204
1 3 208 426 204 1
1 3 324 13 323 525
1 3 525 323 64 317
1 3 325 525 317 99
1 3 317 64 316 520
1 3 520 316 14 315
1 3 164 520 315 63
1 3 165 99 164 401
1 3 401 164 63 163
1 3 166 401 163 0
32 3 118 377 115 3
32 3 130 383 127 15
32 3 142 389 139 16
32 3 154 395 151 18
32 3 118 3 123 381
32 3 225 16 147 443
32 3 166 0 171 405
32 3 4 188 415 193
32 3 1 204 430 207
32 3 130 15 135 387
32 3 17 254 470 201
32 3 20 260 475 265
32 3 6 222 483 243
32 3 154 18 159 399
32 3 19 281 494 235
32 3 22 287 499 292
32 3 8 251 509 301
32 3 315 14 321 521
32 3 14 316 522 321
32 3 13 324 527 329
32 3 339 23 353 549
32 3 23 340 550 353
32 3 24 345 554 358
32 3 8 361 562 251
32 3 116 413 187 27
32 3 197 418 189 78
32 3 202 423 117 30
32 3 128 442 225 39
32 3 231 446 226 84
32 3 236 451 129 42
32 3 140 469 196 29
32 3 261 473 255 90
32 3 229 478 141 40
32 3 202 30 126 424
32 3 203 82 211 440
32 3 122 35 208 429
32 3 127 39 136 384
32 3 131 85 239 454
32 3 227 38 224 458
32 3 332 66 174 532
32 3 334 103 338 547
32 3 170 70 335 537
32 3 152 493 230 41
32 3 288 497 282 94
32 3 295 502 153 57
32 3 56 294 503 293
32 3 96 296 517 311
32 3 61 290 514 310
32 3 28 195 419 194
32 3 80 198 435 216
32 3 36 191 432 215
32 3 50 259 474 258
32 3 91 262 487 274
32 3 37 256 484 220
32 3 31 212 434 205
32 3 83 214 438 219
32 3 34 206 441 223
32 3 64 323 526 322
32 3 101 326 542 343
32 3 71 319 539 342
32 3 65 331 531 330
32 3 102 333 546 348
32 3 72 327 543 347
32 3 236 42 138 452
32 3 237 88 241 467
32 3 134 47 238 457
32 3 163 63 172 402
32 3 167 100 336 534
32 3 318 71 342 538
32 3 51 267 479 266
32 3 92 268 491 279
32 3 54 263 488 278
32 3 33 218 486 269
32 3 93 273 490 277
32 3 44 270 492 246
32 3 55 286 498 285
32 3 95 289 513 306
32 3 48 283 510 249
32 3 45 247 512 299
32 3 98 305 516 309
32 3 60 300 519 313
32 3 69 349 557 359
32 3 107 360 571 375
32 3 77 356 568 374
32 3 73 366 566 362
32 3 108 368 570 373
32 3 45 363 572 247
32 3 295 57 162 504
32 3 297 97 303 518
32 3 158 49 253 508
32 3 175 67 184 408
32 3 179 105 364 559
32 3 350 76 369 563
32 3 68 344 553 354
32 3 106 355 567 370
32 3 76 351 564 369
32 3 377 116 27 115
32 3 117 78 116 377
32 3 30 117 377 118
32 3 413 188 4 187
32 3 189 28 188 413
32 3 78 189 413 116
32 3 418 195 28 189
32 3 196 17 195 418
32 3 29 196 418 197
32 3 423 197 78 117
32 3 139 29 197 423
32 3 16 139 423 202
32 3 383 128 39 127
32 3 129 84 128 383
32 3 42 129 383 130
32 3 389 140 29 139
32 3 141 90 140 389
32 3 40 141 389 142
32 3 30 118 381 126
32 3 126 381 122 82
32 3 381 123 35 122
32 3 39 225 443 136
32 3 136 443 227 85
32 3 443 147 38 227
32 3 66 166 405 174
32 3 174 405 170 103
32 3 405 171 70 170
32 3 442 142 16 225
32 3 226 40 142 442
32 3 84 226 442 128
32 3 446 229 40 226
32 3 230 19 229 446
32 3 41 230 446 231
32 3 451 231 84 129
32 3 151 41 231 451
32 3 18 151 451 236
32 3 469 254 17 196
32 3 255 50 254 469
32 3 90 255 469 140
32 3 473 259 50 255
32 3 260 20 259 473
32 3 51 260 473 261
32 3 478 261 90 141
32 3 267 51 261 478
32 3 19 267 478 229
32 3 16 202 424 147
32 3 147 424 203 38
32 3 424 126 82 203
32 3 38 203 440 224
32 3 224 440 223 6
32 3 440 211 34 223
32 3 82 122 429 211
32 3 211 429 207 34
32 3 429 208 1 207
32 3 15 127 384 135
32 3 135 384 131 47
32 3 384 136 85 131
32 3 47 131 454 238
32 3 238 454 178 5
32 3 454 239 43 178
32 3 85 227 458 239
32 3 239 458 242 43
32 3 458 224 6 242
32 3 1 332 532 207
32 3 207 532 334 34
32 3 532 174 103 334
32 3 34 334 547 223
32 3 223 547 242 6
32 3 547 338 43 242
32 3 103 170 537 338
32 3 338 537 178 43
32 3 537 335 5 178
32 3 395 152 41 151
32 3 153 94 152 395
32 3 57 153 395 154
32 3 287 56 293 499
32 3 499 293 96 290
32 3 292 499 290 61
32 3 493 281 19 230
32 3 282 55 281 493
32 3 94 282 493 152
32 3 497 286 55 282
32 3 287 22 286 497
32 3 56 287 497 288
32 3 502 288 94 153
32 3 294 56 288 502
32 3 21 294 502 295
32 3 294 21 298 503
32 3 503 298 62 296
32 3 293 503 296 96
32 3 296 62 314 517
32 3 517 314 11 312
32 3 311 517 312 59
32 3 290 96 311 514
32 3 514 311 59 308
32 3 310 514 308 12
32 3 188 28 194 415
32 3 415 194 80 191
32 3 193 415 191 36
32 3 254 50 258 470
32 3 470 258 91 256
32 3 201 470 256 37
32 3 195 17 201 419
32 3 419 201 37 198
32 3 194 419 198 80
32 3 198 37 220 435
32 3 435 220 7 217
32 3 216 435 217 32
32 3 191 80 216 432
32 3 432 216 32 213
32 3 215 432 213 2
32 3 259 20 265 474
32 3 474 265 54 262
32 3 258 474 262 91
32 3 262 54 278 487
32 3 487 278 10 275
32 3 274 487 275 52
32 3 256 91 274 484
32 3 484 274 52 272
32 3 220 484 272 7
32 3 204 31 205 430
32 3 430 205 83 206
32 3 207 430 206 34
32 3 316 64 322 522
32 3 522 322 101 319
32 3 321 522 319 71
32 3 324 65 330 527
32 3 527 330 102 327
32 3 329 527 327 72
32 3 212 2 213 434
32 3 434 213 32 214
32 3 205 434 214 83
32 3 214 32 217 438
32 3 438 217 7 218
32 3 219 438 218 33
32 3 206 83 219 441
32 3 441 219 33 222
32 3 223 441 222 6
32 3 323 13 329 526
32 3 526 329 72 326
32 3 322 526 326 101
32 3 326 72 347 542
32 3 542 347 24 344
32 3 343 542 344 68
32 3 319 101 343 539
32 3 539 343 68 340
32 3 342 539 340 23
32 3 331 1 207 531
32 3 531 207 34 333
32 3 330 531 333 102
32 3 333 34 223 546
32 3 546 223 6 349
32 3 348 546 349 69
32 3 327 102 348 543
32 3 543 348 69 345
32 3 347 543 345 24
32 3 42 130 387 138
32 3 138 387 134 88
32 3 387 135 47 134
32 3 63 315 521 172
32 3 172 521 318 100
32 3 521 321 71 318
32 3 18 236 452 159
32 3 159 452 237 49
32 3 452 138 88 237
32 3 49 237 467 253
32 3 253 467 252 8
32 3 467 241 46 252
32 3 88 134 457 241
32 3 241 457 183 46
32 3 457 238 5 183
32 3 0 163 402 171
32 3 171 402 167 70
32 3 402 172 100 167
32 3 70 167 534 335
32 3 335 534 175 5
32 3 534 336 67 175
32 3 100 318 538 336
32 3 336 538 339 67
32 3 538 342 23 339
32 3 260 51 266 475
32 3 475 266 92 263
32 3 265 475 263 54
32 3 222 33 269 483
32 3 483 269 93 270
32 3 243 483 270 44
32 3 281 55 285 494
32 3 494 285 95 283
32 3 235 494 283 48
32 3 251 45 299 509
32 3 509 299 98 300
32 3 301 509 300 60
32 3 345 69 359 554
32 3 554 359 107 356
32 3 358 554 356 77
32 3 361 73 362 562
32 3 562 362 108 363
32 3 251 562 363 45
32 3 267 19 235 479
32 3 479 235 48 268
32 3 266 479 268 92
32 3 268 48 249 491
32 3 491 249 9 280
32 3 279 491 280 53
32 3 263 92 279 488
32 3 488 279 53 276
32 3 278 488 276 10
32 3 218 7 272 486
32 3 486 272 52 273
32 3 269 486 273 93
32 3 273 52 275 490
32 3 490 275 10 276
32 3 277 490 276 53
32 3 270 93 277 492
32 3 492 277 53 280
32 3 246 492 280 9
32 3 286 22 292 498
32 3 498 292 61 289
32 3 285 498 289 95
32 3 289 61 310 513
32 3 513 310 12 307
32 3 306 513 307 58
32 3 283 95 306 510
32 3 510 306 58 304
32 3 249 510 304 9
32 3 247 9 304 512
32 3 512 304 58 305
32 3 299 512 305 98
32 3 305 58 307 516
32 3 516 307 12 308
32 3 309 516 308 59
32 3 300 98 309 519
32 3 519 309 59 312
32 3 313 519 312 11
32 3 349 6 243 557
32 3 557 243 44 360
32 3 359 557 360 107
32 3 360 44 246 571
32 3 571 246 9 376
32 3 375 571 376 75
32 3 356 107 375 568
32 3 568 375 75 372
32 3 374 568 372 26
32 3 366 25 367 566
32 3 566 367 74 368
32 3 362 566 368 108
32 3 368 74 371 570
32 3 570 371 26 372
32 3 373 570 372 75
32 3 363 108 373 572
32 3 572 373 75 376
32 3 247 572 376 9
32 3 57 154 399 162
32 3 162 399 158 97
32 3 399 159 49 158
32 3 67 339 549 184
32 3 184 549 350 105
32 3 549 353 76 350
32 3 21 295 504 298
32 3 298 504 297 62
32 3 504 162 97 297
32 3 62 297 518 314
32 3 314 518 313 11
32 3 518 303 60 313
32 3 97 158 508 303
32 3 303 508 301 60
32 3 508 253 8 301
32 3 5 175 408 183
32 3 183 408 179 46
32 3 408 184 105 179
32 3 46 179 559 252
32 3 252 559 361 8
32 3 559 364 73 361
32 3 105 350 563 364
32 3 364 563 366 73
32 3 563 369 25 366
32 3 340 68 354 550
32 3 550 354 106 351
32 3 353 550 351 76
32 3 344 24 358 553
32 3 553 358 77 355
32 3 354 553 355 106
32 3 355 77 374 567
32 3 567 374 26 371
32 3 370 567 371 74
32 3 351 106 370 564
32 3 564 370 74 367
32 3 369 564 367 25

vertices
621

nodes
FiniteElementSpace
FiniteElementCollection: H1_3D_P2
VDim: 3
Ordering: 0

-0.31000795
-3.1225023e-17
0.30998466
-1.3010426e-18
0.37298049
-0.26592163
2.9273459e-18
0.26568513
-0.22368927
5.0957502e-18
0.22229806
-0.18319635
-1.3010426e-18
-7.1557343e-18
-0.37298049
-0.30722904
5.9089018e-18
0.30721416
-0.24775119
-1.0842022e-19
0.2473562
-0.19368993
-3.008661e-18
-0.30722904
6.0986372e-18
-0.24775119
-7.3251409e-18
0.18649024
0.34009732
0.15360708
2.3039296e-18
0.15499233
0.28783489
0.13284256
-1.4148838e-17
-1.6263033e-17
0.34148257
0.28644964
4.4181239e-18
-0.15361452
2.9002408e-18
-0.12387559
-0.27749011
-0.13296081
4.011548e-18
-0.11184464
-0.24480545
-0.28657533
2.493665e-18
-0.23572023
0.27728518
0.1236781
0.24399159
0.11114903
0.23482713
-1.5585406e-18
-0.096844965
-0.22072056
1.8973538e-18
-0.091598175
-0.20344281
-2.1548518e-18
-0.18844314
-0.34149422
-0.18649024
-1.9190378e-17
-0.15500398
-0.28657533
-0.15361452
4.5129915e-18
-0.28796479
-0.34010476
-5.2854856e-19
-0.23572023
-0.12387559
-1.1146954e-18
-0.27749011
-6.1325185e-19
0.17004866
0.17074129
0.31396611
0.14322482
-5.9224544e-18
0.14391745
-0.13874506
-0.14328767
3.4558944e-18
-0.11786011
-0.26114778
-0.12240272
0.13864259
0.26063839
0.11741356
0.1219958
-0.11036028
1.6940659e-19
-0.09422157
-0.21208168
-0.10172141
-0.17074711
-0.31403478
-0.17005238
-7.3386935e-18
-0.1439824
-0.14328767
-0.26114778
-0.13874506
1.6991481e-18
-0.11786011
0.15698305
-0.13057389
0.13031919
-0.10604084
-0.15701739
-0.13057389
0.093245122
0.17826945
0.08502433
5.014435e-19
0.085370643
0.16386217
0.078491527
-1.1092743e-17
-8.7820376e-18
0.17861577
0.16351586
-1.8092624e-18
-0.23042178
-0.14617979
-0.20811758
-0.29235958
-0.2149315
-0.13693078
-0.19586084
-0.27386156
-0.29690219
-0.14845109
-0.13465947
-0.26931895
0.076803539
0.14612483
0.069321294
4.4045713e-18
0.07161241
0.13677201
0.065159596
3.9370091e-18
5.1635128e-18
0.14841595
0.13448089
3.1780676e-18
-0.18581339
-0.11711794
-0.16554042
-0.23423587
-0.17679017
-0.11195048
-0.15906126
-0.22390096
-0.24173571
-0.12086785
-0.10820056
-0.21640112
-0.32575109
-0.25612067
-0.16287554
-0.23250597
-0.30099978
-0.23552608
-0.15049989
-0.21597359
-0.29898637
-0.3277645
-0.16388225
-0.14949319
-0.27624848
-0.2149315
-0.13812424
-0.19944122
-0.25297661
-0.19586084
-0.12648831
-0.18360409
-0.25536354
-0.27386156
-0.13693078
-0.12768177
0.27973537
0.3565389
0.25507299
0.25611193
0.32772434
0.23547458
0.35723153
0.32703171
0.32365574
0.23041062
0.16182787
0.30020787
0.21483723
0.15010394
0.2968319
4.1064157e-18
-7.5216526e-19
0.077496165
0.14945489
0.071958723
-2.268693e-17
-2.3744028e-17
0.16286681
0.15045025
-1.0035646e-17
0.23248849
0.29890978
0.21587617
0.32573362
0.3009005
0.27676001
0.19926384
0.13838
0.27606738
0.13803369
0.066421282
-5.6107462e-18
3.6727349e-18
-0.07680726
-0.069372528
-0.071643833
-0.065286945
1.3959103e-18
-0.061937797
-0.13131032
2.9747797e-18
-0.058930057
-0.124217
1.1926224e-18
-0.26262065
-0.248434
-0.27624848
-0.13812424
-0.12648831
-0.25297661
-0.066480406
3.469447e-18
-0.061201362
3.7337212e-18
4.5536491e-18
-0.055922318
-0.11712368
3.7947076e-18
-0.11485237
-0.16776695
-0.23424736
-0.22970475
0.29224967
0.20796388
0.27354401
0.19547879
0.26896178
0.26232069
0.18551715
0.13116034
0.24773276
0.17612035
0.12386638
0.24109166
0.12054583
0.061839049
0.058706782
0.12741918
0.060997899
0.12615749
0.25483836
0.1829937
0.25231499
0.23314483
0.16672355
0.11657241
0.2285626
0.1142813
0.055574516
-8.3348042e-19
-0.055180139
1.3315358e-18
-0.053020421
-6.9456702e-19
-2.2836008e-18
-0.048422482
-0.10360262
-9.9272261e-19
-0.047110785
-0.10013121
-2.5817564e-18
-0.095533267
-0.14526745
-0.20720524
-0.14133235
-0.20026241
-0.19106653
-0.10678302
-0.15258211
-0.21356604
-0.10388112
-0.20776225
3.496552e-18
-0.050860703
1.0333802e-18
2.981556e-19
-0.045799087
-0.09665979
-1.7279472e-18
-0.092909872
-0.13739726
-0.19331958
-0.18581974
-0.35723735
-0.27973537
-0.17861868
-0.32706977
-0.25507857
-0.16353489
-0.35654263
-0.17827131
-0.093245122
-1.3173056e-17
-0.085373555
-0.085026191
-3.933621e-18
-0.078508694
-3.8421414e-18
-1.3264536e-17
-2.5207701e-17
-0.077501989
-1.0743766e-17
-0.071991198
-0.27694321
-0.30030505
-0.15015253
-0.1384716
-0.29690219
-0.23042178
-0.14845109
-0.3236669
-0.16183345
-0.07680726
5.3058144e-18
-0.071643833
2.7850443e-18
-1.412851e-18
3.7201687e-18
-0.26931895
-0.20811758
-0.13465947
-0.29235958
-0.14617979
-0.069372528
5.4294812e-19
-0.065286945
2.7426927e-18
3.1060698e-18
2.8553481e-18
-0.22970475
-0.17679017
-0.11485237
-0.248434
-0.124217
-0.24173571
-0.18581339
-0.12086785
-0.26262065
-0.13131032
-0.061937797
-4.2199181e-18
-0.058930057
-3.9691964e-18
2.9222637e-19
1.9905274e-18
0.089134726
0.089307883
0.17106581
0.081757929
-5.29565e-18
0.081931085
-0.21926968
-0.22267664
-0.14155528
-0.20198921
-0.28311057
-0.20539617
0.073062416
0.074207975
0.14144842
0.067240445
4.1707902e-18
0.068386003
-0.1756769
-0.18130178
-0.11453421
-0.16230084
-0.22906841
-0.16792572
-0.24431332
-0.31337544
-0.24582337
-0.15668772
-0.22423978
-0.22574984
-0.20718636
-0.26461255
-0.20539617
-0.13230627
-0.19152265
-0.18973246
0.26740418
0.26792365
0.34213162
0.24527379
0.24579326
0.2427418
0.31193181
0.22262392
0.1559659
0.22515591
0.080913935
1.6771252e-18
0.075051969
0.081433404
0.15665853
0.075225125
-1.6889837e-17
0.074727444
0.24430021
0.31331706
0.22567538
0.22418233
0.28848394
0.20705054
0.14424197
0.20757001
0.069016846
-3.1814557e-18
0.069190002
-0.073089894
-0.074225547
-0.067329737
-0.068465389
-0.065655162
2.185345e-18
-0.060433927
-0.12776366
-0.062108501
-0.19696549
-0.25552733
-0.1863255
-0.20718636
-0.13230627
-0.18973246
-0.26461255
-0.06906212
3.703228e-18
-0.063244154
-0.063840884
3.7642144e-18
-0.057426187
-0.12067034
-0.05856184
-0.17227856
-0.24134068
-0.17568552
0.21918725
0.28289684
0.20172134
0.20515801
0.19674051
0.25502672
0.18081875
0.12751336
0.18579957
0.065580171
0.060272916
0.061933189
0.13209559
0.063078747
0.06370959
0.26419119
0.18923624
0.19112877
0.24043879
0.17142195
0.1202194
0.17485862
0.057140649
0.058286207
-0.058558968
2.4902769e-19
-0.05410028
-0.055975239
-0.051801311
-1.6381617e-18
-0.047766634
-0.10186691
-0.050065603
-0.15540393
-0.1432999
-0.20373383
-0.15019681
-0.10936675
-0.15582169
-0.2187335
-0.16017453
2.4140439e-18
-0.051940562
-0.05339151
-3.4728351e-19
-0.046454936
-0.098395498
-0.048329895
-0.13936481
-0.196791
-0.14498969
-0.26792802
-0.34215356
-0.26740697
-0.17107678
-0.24530233
-0.089309338
-0.089135656
-8.5533387e-18
-0.081941125
-0.081767443
-0.081437772
-1.7975733e-17
-0.074746593
-0.075249946
-0.28862413
-0.22522879
-0.14431207
-0.20770741
-0.31198598
-0.24275018
-0.15599299
-0.22267664
-0.080916725
6.8609669e-19
-0.075076264
-0.074225547
-3.5117986e-18
-0.069235802
-0.06906212
-0.28311057
-0.21926968
-0.14155528
-0.20198921
-0.073089894
2.9243813e-18
-0.068465389
-0.067329737
3.2877584e-18
-0.063244154
-0.24134068
-0.1863255
-0.12067034
-0.17227856
-0.25552733
-0.19696549
-0.12776366
-0.18130178
-0.065655162
-1.838485e-18
-0.062108501
-0.060433927
2.4229377e-18
-0.057426187
0.085532906
-0.21233292
0.07072421
-0.17180131
-0.23503158
-0.19845941
0.25659872
0.23394885
0.077982952
0.078329265
0.23498779
0.21636296
0.072120985
-0.070777642
-0.063881832
-0.1916455
-0.19845941
-0.066153137
-0.060335171
-0.18100551
0.21217263
0.19127004
0.06375668
0.066047797
0.19814339
0.18032909
0.060109698
-0.057267104
-0.050933457
-0.15280037
-0.16405012
-0.054683375
-0.049197749
-0.14759325
-0.25661517
-0.08553839
-0.078343859
-0.2164681
-0.23398948
-0.077996495
-0.072156033
-0.21233292
-0.070777642
-0.066153137
-0.18100551
-0.1916455
-0.063881832
-0.060335171
0.046622561
0.091189924
0.044567363
-3.9979955e-19
0.044653941
0.087420394
0.042766453
-7.0388438e-18
-5.0415401e-18
0.091276502
0.087333816
-2.3971032e-18
-0.26882541
-0.22484573
-0.25581463
-0.29979431
-0.25978941
-0.21750478
-0.24772175
-0.29000638
-0.30206561
-0.22654921
-0.2158013
-0.28773507
0.038401769
0.074932978
0.036531208
5.1567366e-18
0.037103987
0.072466092
0.035362105
4.6671515e-18
5.5362073e-18
0.075505757
0.071893313
4.2876808e-18
-0.21678229
-0.18074515
-0.20495639
-0.24099353
-0.21151874
-0.17655155
-0.20043486
-0.23540206
-0.24474345
-0.18355759
-0.17373911
-0.23165214
-0.31787952
-0.2850322
-0.23840964
-0.27125696
-0.3061809
-0.27420351
-0.22963568
-0.26161308
-0.30449716
-0.31956326
-0.23967245
-0.22837287
-0.27108505
-0.24171742
-0.20331379
-0.23268142
-0.25998804
-0.23153598
-0.19499103
-0.22344309
-0.26064258
-0.27043051
-0.20282288
-0.19548194
0.2331128
0.27356977
0.22283682
0.18237985
0.22326971
0.26226118
0.21383226
0.17484079
0.182553
0.27382951
0.26200145
0.17466763
0.21256083
0.2489074
0.20228484
0.16593826
0.20439482
0.23961132
0.19495738
0.15974088
0.16678226
0.25017339
0.23834533
0.15889689
0.042512165
0.082969132
0.040456967
3.2051727e-18
0.040878964
0.07987044
0.038991476
-6.606857e-20
2.4733362e-19
0.083391129
0.079448443
2.8917705e-18
0.042685322
0.083650864
0.040965543
-1.3677888e-17
0.040716702
0.079881334
0.039164632
-2.0316932e-17
-2.000353e-17
0.083402024
0.080130175
-1.399129e-17
0.21342661
0.25095259
0.20482771
0.16730173
0.20358351
0.239644
0.19582316
0.15976267
0.16680405
0.25020607
0.24039052
0.16026035
0.19622882
0.23031524
0.18762992
0.1535435
0.18806281
0.22101917
0.18030246
0.14734611
0.15371665
0.23057498
0.22075943
0.14717295
0.039245763
0.076771748
0.037525984
-3.3373098e-18
0.037612563
0.073673055
0.036060493
-6.6085511e-18
-7.9790504e-18
0.076858326
0.073586477
-1.9668105e-18
-0.11521089
-0.074948577
-0.10963484
-0.14989715
-0.11133832
-0.072501594
-0.10616646
-0.14500319
-0.15103281
-0.075516403
-0.071933768
-0.14386754
-0.10405879
-0.067513845
-0.098482744
-0.13502769
-0.10099461
-0.065605784
-0.095822748
-0.13121157
-0.13670226
-0.068351132
-0.064768497
-0.12953699
-0.24280385
-0.20254154
-0.22979307
-0.27005538
-0.23565408
-0.19681735
-0.22358641
-0.26242314
-0.27340453
-0.2050534
-0.19430549
-0.25907399
-0.25075342
-0.21016383
-0.23962886
-0.28021844
-0.24171742
-0.20282288
-0.23153598
-0.27043051
-0.28141191
-0.21105893
-0.20192779
-0.26923705
-0.10746575
-0.070054611
-0.10269808
-0.14010922
-0.10359318
-0.067607628
-0.099229705
-0.13521526
-0.14070595
-0.070352977
-0.067309263
-0.13461853
-0.097930418
-0.063697723
-0.093162752
-0.12739545
-0.09486623
-0.061789662
-0.090502756
-0.12357932
-0.1285311
-0.064265549
-0.061221836
-0.12244367
-0.22850431
-0.19109317
-0.21737975
-0.25479089
-0.22135454
-0.18536899
-0.2111731
-0.24715865
-0.2570622
-0.19279665
-0.18366551
-0.24488734
0.19200885
0.22479893
0.18265604
0.14986596
0.18551994
0.21739828
0.17681052
0.14493218
0.15101151
0.22651727
0.21567994
0.14378663
0.17330323
0.2023522
0.16395043
0.13490147
0.16810111
0.19649569
0.1593917
0.13099713
0.13656174
0.20484261
0.19400528
0.12933685
0.034660647
0.067450733
0.032790086
2.1480756e-18
0.033620223
0.065498563
0.03187834
2.6817063e-18
3.0391542e-18
0.068280869
0.064668426
1.7906277e-18
0.035806205
0.069999207
0.034193002
4.1775665e-18
0.034508423
0.067532321
0.033023898
3.6879815e-18
4.0454294e-18
0.070314628
0.0672169
3.8201186e-18
0.17903103
0.20999762
0.17096501
0.13999841
0.17254211
0.20259696
0.16511949
0.13506464
0.14062926
0.21094388
0.2016507
0.1344338
0.16289899
0.19063918
0.15483297
0.12709279
0.15769687
0.18478267
0.15027425
0.12318845
0.12823834
0.19235752
0.18306433
0.12204289
0.032579798
0.063546393
0.030966595
3.2153371e-18
0.031539374
0.061594223
0.030054849
3.7489678e-18
3.5948078e-18
0.064119172
0.061021444
3.3694971e-18
-0.092906695
-0.060248382
-0.087838452
-0.12049676
-0.09065089
-0.058850515
-0.085900655
-0.11770103
-0.12237172
-0.061185862
-0.057913036
-0.11582607
-0.082770209
-0.053490725
-0.077701966
-0.10698145
-0.08115042
-0.052516869
-0.076400185
-0.10503374
-0.10928042
-0.05464021
-0.051367384
-0.10273477
-0.19313049
-0.16047218
-0.18130459
-0.2139629
-0.18935098
-0.15755061
-0.1782671
-0.21006747
-0.21856084
-0.16392063
-0.15410215
-0.20546954
-0.2062552
-0.17235794
-0.19591334
-0.22981059
-0.20099166
-0.16816434
-0.19139181
-0.22421912
-0.23271249
-0.17453437
-0.16598792
-0.22131723
-0.088395086
-0.057452648
-0.083962859
-0.1149053
-0.086139281
-0.056054781
-0.082025062
-0.11210956
-0.11635624
-0.058178122
-0.055329307
-0.11065861
-0.079530632
-0.051543012
-0.075098404
-0.10308602
-0.077910843
-0.050569155
-0.073796623
-0.10113831
-0.10496098
-0.052480491
-0.049631676
-0.099263352
-0.18557147
-0.15462904
-0.17522961
-0.20617205
-0.18179197
-0.15170747
-0.17219212
-0.20227662
-0.20992197
-0.15744147
-0.14889503
-0.1985267
-0.34936579
-0.31258268
-0.26202434
-0.29880744
-0.33495903
-0.29938437
-0.25121927
-0.28679394
-0.33462936
-0.34969546
-0.26227159
-0.25097202
-0.17468289
-0.13396401
-0.087341447
-0.12806033
-0.16747952
-0.12830759
-0.083739758
-0.12291169
-0.16731468
-0.17484773
-0.087423864
-0.08365734
-0.15893976
-0.12215666
-0.07946988
-0.11625298
-0.15309045
-0.11751579
-0.076545226
-0.11211989
-0.15224858
-0.15978163
-0.079890815
-0.076124291
-0.29448229
-0.26337481
-0.22086172
-0.25196919
-0.28278367
-0.25254611
-0.21208775
-0.24232531
-0.282454
-0.29481196
-0.22110897
-0.2118405
-0.32055227
-0.28618605
-0.24041421
-0.27478043
-0.30614552
-0.27298773
-0.22960914
-0.26276692
-0.30716992
-0.31952787
-0.23964591
-0.23037744
-0.16027614
-0.12265116
-0.080138068
-0.11776304
-0.15307276
-0.11699474
-0.076536379
-0.1126144
-0.15358496
-0.15976394
-0.079881969
-0.076792479
-0.14724114
-0.11287492
-0.073620572
-0.1079868
-0.14139183
-0.10823405
-0.070695917
-0.1038537
-0.141227
-0.14740598
-0.073702989
-0.0706135
-0.29173876
-0.25978941
-0.21880407
-0.25075342
-0.27848606
-0.24772175
-0.20886455
-0.23962886
-0.28021844
-0.29000638
-0.21750478
-0.21016383
-0.14586938
-0.11133832
-0.07293469
-0.10746575
-0.13924303
-0.10616646
-0.069621515
-0.10269808
-0.14010922
-0.14500319
-0.072501594
-0.070054611
-0.13554253
-0.10359318
-0.067771263
-0.09972061
-0.12999402
-0.099229705
-0.06499701
-0.095761326
-0.13032129
-0.13521526
-0.067607628
-0.065160645
-0.24889103
-0.22135454
-0.18666827
-0.21420477
-0.23779402
-0.2111731
-0.17834552
-0.20496644
-0.2395264
-0.24715865
-0.18536899
-0.1796448
-0.26523336
-0.23565408
-0.19892502
-0.22850431
-0.25198067
-0.22358641
-0.1889855
-0.21737975
-0.25479089
-0.26242314
-0.19681735
-0.19109317
-0.13261668
-0.10099461
-0.066308341
-0.097930418
-0.12599033
-0.095822748
-0.062995166
-0.093162752
-0.12739545
-0.13121157
-0.065605784
-0.063697723
-0.12444552
-0.09486623
-0.062222758
-0.091802043
-0.11889701
-0.090502756
-0.059448505
-0.08784276
-0.1197632
-0.12357932
-0.061789662
-0.059881601
0.13986768
0.13370209
0.13396182
0.12829936
0.17415906
0.1275365
0.087079528
0.16729083
0.12263689
0.083645417
1.4026866e-18
-3.5524562e-18
-1.2522535e-17
0.087339263
0.083731995
-8.1941967e-18
0.12805596
0.12289663
0.17467853
0.16746399
0.16042261
0.11773729
0.080211306
0.16024946
0.080124728
-8.5075989e-18
-3.8658584e-18
-0.19201815
-0.18272474
-0.18556387
-0.1769441
-0.14246242
-0.17343132
-0.21369363
-0.13810738
-0.16832434
-0.20716107
-0.28492484
-0.27621476
-0.29173876
-0.21880407
-0.20886455
-0.27848606
-0.17910958
-0.17116347
-0.14586938
-0.13924303
-0.13375233
-0.16321736
-0.2006285
-0.13261668
-0.19892502
-0.26750467
-0.26523336
0.11520531
0.10959362
0.11131196
0.10608631
0.14238371
0.10398194
0.071191855
0.13796465
0.10086067
0.068982327
3.6524061e-18
3.6744289e-18
4.7908183e-18
0.072910192
0.069555107
4.0538997e-18
0.10741862
0.102579
0.14582038
0.13911021
0.1335456
0.097739394
0.0667728
0.13240004
0.066200021
3.6964518e-18
3.316981e-18
-0.15484449
-0.14639742
-0.15108482
-0.14316776
-0.11373911
-0.13795035
-0.17060866
-0.11136738
-0.1352507
-0.16705108
-0.22747821
-0.22273477
-0.23872797
-0.17904598
-0.16986351
-0.22648469
-0.14732514
-0.1399381
-0.11936398
-0.11324234
-0.10899566
-0.13255105
-0.16349349
-0.1071207
-0.16068105
-0.21799132
-0.2142414
-0.33362265
-0.25021699
-0.32056997
-0.24042748
-0.21343389
-0.16681133
-0.20359443
-0.20485281
-0.16028498
-0.19585965
-0.19375497
-0.18686648
-0.29347558
-0.30718761
-0.23039071
-0.22010669
-0.30751728
-0.23063796
-0.32089964
-0.24067473
-0.19627174
-0.15375864
-0.18812486
-0.16044982
-0.1535938
-0.17997799
-0.14673779
-0.28141191
-0.21105893
-0.26923705
-0.20192779
-0.17910958
-0.14070595
-0.1726553
-0.17116347
-0.13461853
-0.16538284
-0.16620102
-0.15960221
-0.25008449
-0.25879458
-0.19409594
-0.18756337
-0.2570622
-0.19279665
-0.26750467
-0.2006285
-0.16321736
-0.1285311
-0.15811038
-0.13375233
-0.12939729
-0.15300341
-0.12504225
0.32635793
0.3647597
0.31197154
0.31257759
0.34968158
0.29936517
0.36510601
0.34933526
0.34831811
0.29758516
0.26123858
0.33458167
0.28615275
0.25093625
0.33356452
0.26201779
0.25119599
0.29879725
0.33460346
0.2867588
0.34935705
0.33492798
0.32084522
0.27472034
0.24063392
0.32049891
0.24037418
0.33187653
0.28319877
0.31948176
0.27294033
0.31779377
0.31543495
0.26881239
0.23657621
0.30438185
0.25972791
0.22828639
0.30202303
0.15771747
0.15219093
0.22955238
0.15303492
0.30708699
0.26268189
0.30606984
0.29332876
0.25064344
0.21999657
0.29164077
0.21873058
0.14666438
0.1213709
0.11697443
0.078858737
0.076095463
5.0076588e-18
3.420319e-18
0.07651746
4.6247999e-19
0.11257795
0.073332189
1.8329793e-18
0.12215011
0.1174939
0.15355439
0.11283769
0.076777195
-1.3462742e-17
0.038748082
0.076111805
0.037363722
-2.6955977e-17
-2.7484525e-17
0.079464785
0.076528354
-1.9788384e-17
0.11624425
0.15222361
0.11209117
0.15892957
0.15305671
0.14668617
0.10793808
0.073343084
0.14718385
0.073591924
0.035979362
-1.8417884e-17
-1.2092242e-17
0.28501691
0.31952534
0.27415243
0.33360809
0.3205207
0.30710878
0.26328794
0.23033158
0.3074333
0.19374041
0.22833541
0.18681861
0.23839435
0.22958506
0.27123658
0.30444722
0.26154605
0.31785914
0.30611342
0.29337233
0.25185553
0.22002925
0.2943677
0.22077577
0.17989681
0.29469222
0.25242345
0.29434591
0.28227566
0.24155896
0.21170675
0.28125851
0.14113783
0.21172309
0.17297501
0.14114873
0.21196648
0.14131099
0.28229745
