MFEM mesh v1.0

#
# MFEM Geometry Types (see mesh/geom.hpp):
#
# POINT       = 0
# SEGMENT     = 1
# TRIANGLE    = 2
# SQUARE      = 3
# TETRAHEDRON = 4
# CUBE        = 5
#

dimension
3

elements
512
1 5 18 135 453 138 143 454 701 457
1 5 20 147 459 150 155 460 702 463
1 5 22 159 465 162 167 466 703 469
1 5 23 171 471 174 179 472 704 475
1 5 24 183 477 186 191 478 705 481
1 5 26 195 483 198 203 484 706 487
1 5 28 207 489 210 215 490 707 493
1 5 29 219 495 222 227 496 708 499
1 5 30 231 501 136 144 502 709 455
1 5 89 233 506 241 145 504 710 509
1 5 33 137 511 246 146 456 711 512
1 5 38 139 458 142 248 514 712 517
1 5 90 234 505 140 249 518 713 515
1 5 127 236 510 244 250 520 714 524
1 5 93 141 513 247 251 516 715 527
1 5 32 240 529 148 156 508 716 461
1 5 95 265 533 271 157 531 717 536
1 5 44 149 538 275 158 462 718 539
1 5 41 151 464 154 263 526 719 543
1 5 92 243 532 152 261 523 720 541
1 5 128 267 537 274 277 545 721 549
1 5 98 153 540 276 278 542 722 552
1 5 43 270 554 160 168 535 723 467
1 5 100 289 557 293 169 555 724 560
1 5 52 161 562 300 170 468 725 564
1 5 49 163 470 166 288 551 726 568
1 5 97 273 556 164 286 548 727 566
1 5 129 290 561 296 304 570 728 574
1 5 103 165 565 302 305 567 729 577
1 5 58 316 579 172 180 580 730 473
1 5 105 318 584 326 181 582 731 587
1 5 50 173 589 291 182 474 732 558
1 5 48 175 476 178 285 592 733 569
1 5 106 319 583 176 334 595 734 593
1 5 130 321 588 329 335 597 735 601
1 5 101 177 591 294 307 594 736 572
1 5 34 252 521 184 192 605 737 479
1 5 94 254 525 259 193 607 738 611
1 5 37 185 528 262 194 480 739 613
1 5 70 187 482 190 361 615 740 618
1 5 110 347 608 188 362 620 741 616
1 5 131 349 612 354 363 622 742 626
1 5 113 189 614 356 364 617 743 629
1 5 36 258 546 196 204 610 744 485
1 5 99 280 550 284 205 632 745 636
1 5 47 197 553 287 206 486 746 638
1 5 73 199 488 202 377 628 747 642
1 5 112 353 633 200 374 625 748 640
1 5 132 379 637 383 388 645 749 649
1 5 117 201 639 384 389 641 750 652
1 5 46 283 571 208 216 635 751 491
1 5 104 306 575 310 217 654 752 658
1 5 55 209 578 314 218 492 753 661
1 5 78 211 494 214 400 651 754 665
1 5 116 382 655 212 397 648 755 663
1 5 133 401 659 404 413 668 756 672
1 5 121 213 662 408 414 664 757 675
1 5 61 336 598 220 228 677 758 497
1 5 109 338 602 343 229 679 759 683
1 5 53 221 604 308 230 498 760 656
1 5 77 223 500 226 396 687 761 667
1 5 123 426 680 224 440 691 762 688
1 5 134 428 684 433 441 693 763 697
1 5 119 225 686 402 417 689 764 670
1 5 135 30 136 453 454 144 455 701
1 5 453 136 89 137 701 455 145 456
1 5 138 453 137 33 457 701 456 146
1 5 143 454 701 457 38 139 458 142
1 5 454 144 455 701 139 90 140 458
1 5 701 455 145 456 458 140 127 141
1 5 457 701 456 146 142 458 141 93
1 5 147 32 148 459 460 156 461 702
1 5 459 148 95 149 702 461 157 462
1 5 150 459 149 44 463 702 462 158
1 5 155 460 702 463 41 151 464 154
1 5 460 156 461 702 151 92 152 464
1 5 702 461 157 462 464 152 128 153
1 5 463 702 462 158 154 464 153 98
1 5 159 43 160 465 466 168 467 703
1 5 465 160 100 161 703 467 169 468
1 5 162 465 161 52 469 703 468 170
1 5 167 466 703 469 49 163 470 166
1 5 466 168 467 703 163 97 164 470
1 5 703 467 169 468 470 164 129 165
1 5 469 703 468 170 166 470 165 103
1 5 171 58 172 471 472 180 473 704
1 5 471 172 105 173 704 473 181 474
1 5 174 471 173 50 475 704 474 182
1 5 179 472 704 475 48 175 476 178
1 5 472 180 473 704 175 106 176 476
1 5 704 473 181 474 476 176 130 177
1 5 475 704 474 182 178 476 177 101
1 5 183 34 184 477 478 192 479 705
1 5 477 184 94 185 705 479 193 480
1 5 186 477 185 37 481 705 480 194
1 5 191 478 705 481 70 187 482 190
1 5 478 192 479 705 187 110 188 482
1 5 705 479 193 480 482 188 131 189
1 5 481 705 480 194 190 482 189 113
1 5 195 36 196 483 484 204 485 706
1 5 483 196 99 197 706 485 205 486
1 5 198 483 197 47 487 706 486 206
1 5 203 484 706 487 73 199 488 202
1 5 484 204 485 706 199 112 200 488
1 5 706 485 205 486 488 200 132 201
1 5 487 706 486 206 202 488 201 117
1 5 207 46 208 489 490 216 491 707
1 5 489 208 104 209 707 491 217 492
1 5 210 489 209 55 493 707 492 218
1 5 215 490 707 493 78 211 494 214
1 5 490 216 491 707 211 116 212 494
1 5 707 491 217 492 494 212 133 213
1 5 493 707 492 218 214 494 213 121
1 5 219 61 220 495 496 228 497 708
1 5 495 220 109 221 708 497 229 498
1 5 222 495 221 53 499 708 498 230
1 5 227 496 708 499 77 223 500 226
1 5 496 228 497 708 223 123 224 500
1 5 708 497 229 498 500 224 134 225
1 5 499 708 498 230 226 500 225 119
1 5 231 19 232 501 502 237 503 709
1 5 501 232 31 233 709 503 238 504
1 5 136 501 233 89 455 709 504 145
1 5 144 502 709 455 90 234 505 140
1 5 502 237 503 709 234 39 235 505
1 5 709 503 238 504 505 235 91 236
1 5 455 709 504 145 140 505 236 127
1 5 233 31 239 506 504 238 507 710
1 5 506 239 21 240 710 507 245 508
1 5 241 506 240 32 509 710 508 156
1 5 145 504 710 509 127 236 510 244
1 5 504 238 507 710 236 91 242 510
1 5 710 507 245 508 510 242 40 243
1 5 509 710 508 156 244 510 243 92
1 5 137 89 241 511 456 145 509 711
1 5 511 241 32 147 711 509 156 460
1 5 246 511 147 20 512 711 460 155
1 5 146 456 711 512 93 141 513 247
1 5 456 145 509 711 141 127 244 513
1 5 711 509 156 460 513 244 92 151
1 5 512 711 460 155 247 513 151 41
1 5 139 90 140 458 514 249 515 712
1 5 458 140 127 141 712 515 250 516
1 5 142 458 141 93 517 712 516 251
1 5 248 514 712 517 24 183 477 186
1 5 514 249 515 712 183 34 184 477
1 5 712 515 250 516 477 184 94 185
1 5 517 712 516 251 186 477 185 37
1 5 234 39 235 505 518 255 519 713
1 5 505 235 91 236 713 519 256 520
1 5 140 505 236 127 515 713 520 250
1 5 249 518 713 515 34 252 521 184
1 5 518 255 519 713 252 25 253 521
1 5 713 519 256 520 521 253 35 254
1 5 515 713 520 250 184 521 254 94
1 5 236 91 242 510 520 256 522 714
1 5 510 242 40 243 714 522 260 523
1 5 244 510 243 92 524 714 523 261
1 5 250 520 714 524 94 254 525 259
1 5 520 256 522 714 254 35 257 525
1 5 714 522 260 523 525 257 27 258
1 5 524 714 523 261 259 525 258 36
1 5 141 127 244 513 516 250 524 715
1 5 513 244 92 151 715 524 261 526
1 5 247 513 151 41 527 715 526 263
1 5 251 516 715 527 37 185 528 262
1 5 516 250 524 715 185 94 259 528
1 5 715 524 261 526 528 259 36 195
1 5 527 715 526 263 262 528 195 26
1 5 240 21 264 529 508 245 530 716
1 5 529 264 42 265 716 530 268 531
1 5 148 529 265 95 461 716 531 157
1 5 156 508 716 461 92 243 532 152
1 5 508 245 530 716 243 40 266 532
1 5 716 530 268 531 532 266 96 267
1 5 461 716 531 157 152 532 267 128
1 5 265 42 269 533 531 268 534 717
1 5 533 269 23 270 717 534 179 535
1 5 271 533 270 43 536 717 535 168
1 5 157 531 717 536 128 267 537 274
1 5 531 268 534 717 267 96 272 537
1 5 717 534 179 535 537 272 48 273
1 5 536 717 535 168 274 537 273 97
1 5 149 95 271 538 462 157 536 718
1 5 538 271 43 159 718 536 168 466
1 5 275 538 159 22 539 718 466 167
1 5 158 462 718 539 98 153 540 276
1 5 462 157 536 718 153 128 274 540
1 5 718 536 168 466 540 274 97 163
1 5 539 718 466 167 276 540 163 49
1 5 151 92 152 464 526 261 541 719
1 5 464 152 128 153 719 541 277 542
1 5 154 464 153 98 543 719 542 278
1 5 263 526 719 543 26 195 483 198
1 5 526 261 541 719 195 36 196 483
1 5 719 541 277 542 483 196 99 197
1 5 543 719 542 278 198 483 197 47
1 5 243 40 266 532 523 260 544 720
1 5 532 266 96 267 720 544 281 545
1 5 152 532 267 128 541 720 545 277
1 5 261 523 720 541 36 258 546 196
1 5 523 260 544 720 258 27 279 546
1 5 720 544 281 545 546 279 45 280
1 5 541 720 545 277 196 546 280 99
1 5 267 96 272 537 545 281 547 721
1 5 537 272 48 273 721 547 285 548
1 5 274 537 273 97 549 721 548 286
1 5 277 545 721 549 99 280 550 284
1 5 545 281 547 721 280 45 282 550
1 5 721 547 285 548 550 282 29 283
1 5 549 721 548 286 284 550 283 46
1 5 153 128 274 540 542 277 549 722
1 5 540 274 97 163 722 549 286 551
1 5 276 540 163 49 552 722 551 288
1 5 278 542 722 552 47 197 553 287
1 5 542 277 549 722 197 99 284 553
1 5 722 549 286 551 553 284 46 207
1 5 552 722 551 288 287 553 207 28
1 5 270 23 174 554 535 179 475 723
1 5 554 174 50 289 723 475 182 555
1 5 160 554 289 100 467 723 555 169
1 5 168 535 723 467 97 273 556 164
1 5 535 179 475 723 273 48 178 556
1 5 723 475 182 555 556 178 101 290
1 5 467 723 555 169 164 556 290 129
1 5 289 50 291 557 555 182 558 724
1 5 557 291 14 292 724 558 297 559
1 5 293 557 292 51 560 724 559 298
1 5 169 555 724 560 129 290 561 296
1 5 555 182 558 724 290 101 294 561
1 5 724 558 297 559 561 294 56 295
1 5 560 724 559 298 296 561 295 102
1 5 161 100 293 562 468 169 560 725
1 5 562 293 51 299 725 560 298 563
1 5 300 562 299 15 564 725 563 303
1 5 170 468 725 564 103 165 565 302
1 5 468 169 560 725 165 129 296 565
1 5 725 560 298 563 565 296 102 301
1 5 564 725 563 303 302 565 301 57
1 5 163 97 164 470 551 286 566 726
1 5 470 164 129 165 726 566 304 567
1 5 166 470 165 103 568 726 567 305
1 5 288 551 726 568 28 207 489 210
1 5 551 286 566 726 207 46 208 489
1 5 726 566 304 567 489 208 104 209
1 5 568 726 567 305 210 489 209 55
1 5 273 48 178 556 548 285 569 727
1 5 556 178 101 290 727 569 307 570
1 5 164 556 290 129 566 727 570 304
1 5 286 548 727 566 46 283 571 208
1 5 548 285 569 727 283 29 222 571
1 5 727 569 307 570 571 222 53 306
1 5 566 727 570 304 208 571 306 104
1 5 290 101 294 561 570 307 572 728
1 5 561 294 56 295 728 572 311 573
1 5 296 561 295 102 574 728 573 312
1 5 304 570 728 574 104 306 575 310
1 5 570 307 572 728 306 53 308 575
1 5 728 572 311 573 575 308 16 309
1 5 574 728 573 312 310 575 309 54
1 5 165 129 296 565 567 304 574 729
1 5 565 296 102 301 729 574 312 576
1 5 302 565 301 57 577 729 576 315
1 5 305 567 729 577 55 209 578 314
1 5 567 304 574 729 209 104 310 578
1 5 729 574 312 576 578 310 54 313
1 5 577 729 576 315 314 578 313 17
1 5 316 12 317 579 580 322 581 730
1 5 579 317 59 318 730 581 323 582
1 5 172 579 318 105 473 730 582 181
1 5 180 580 730 473 106 319 583 176
1 5 580 322 581 730 319 64 320 583
1 5 730 581 323 582 583 320 107 321
1 5 473 730 582 181 176 583 321 130
1 5 318 59 324 584 582 323 585 731
1 5 584 324 4 325 731 585 330 586
1 5 326 584 325 60 587 731 586 331
1 5 181 582 731 587 130 321 588 329
1 5 582 323 585 731 321 107 327 588
1 5 731 585 330 586 588 327 65 328
1 5 587 731 586 331 329 588 328 108
1 5 173 105 326 589 474 181 587 732
1 5 589 326 60 332 732 587 331 590
1 5 291 589 332 14 558 732 590 297
1 5 182 474 732 558 101 177 591 294
1 5 474 181 587 732 177 130 329 591
1 5 732 587 331 590 591 329 108 333
1 5 558 732 590 297 294 591 333 56
1 5 175 106 176 476 592 334 593 733
1 5 476 176 130 177 733 593 335 594
1 5 178 476 177 101 569 733 594 307
1 5 285 592 733 569 29 219 495 222
1 5 592 334 593 733 219 61 220 495
1 5 733 593 335 594 495 220 109 221
1 5 569 733 594 307 222 495 221 53
1 5 319 64 320 583 595 339 596 734
1 5 583 320 107 321 734 596 340 597
1 5 176 583 321 130 593 734 597 335
1 5 334 595 734 593 61 336 598 220
1 5 595 339 596 734 336 13 337 598
1 5 734 596 340 597 598 337 62 338
1 5 593 734 597 335 220 598 338 109
1 5 321 107 327 588 597 340 599 735
1 5 588 327 65 328 735 599 344 600
1 5 329 588 328 108 601 735 600 345
1 5 335 597 735 601 109 338 602 343
1 5 597 340 599 735 338 62 341 602
1 5 735 599 344 600 602 341 5 342
1 5 601 735 600 345 343 602 342 63
1 5 177 130 329 591 594 335 601 736
1 5 591 329 108 333 736 601 345 603
1 5 294 591 333 56 572 736 603 311
1 5 307 594 736 572 53 221 604 308
1 5 594 335 601 736 221 109 343 604
1 5 736 601 345 603 604 343 63 346
1 5 572 736 603 311 308 604 346 16
1 5 252 25 253 521 605 350 606 737
1 5 521 253 35 254 737 606 351 607
1 5 184 521 254 94 479 737 607 193
1 5 192 605 737 479 110 347 608 188
1 5 605 350 606 737 347 71 348 608
1 5 737 606 351 607 608 348 111 349
1 5 479 737 607 193 188 608 349 131
1 5 254 35 257 525 607 351 609 738
1 5 525 257 27 258 738 609 355 610
1 5 259 525 258 36 611 738 610 204
1 5 193 607 738 611 131 349 612 354
1 5 607 351 609 738 349 111 352 612
1 5 738 609 355 610 612 352 72 353
1 5 611 738 610 204 354 612 353 112
1 5 185 94 259 528 480 193 611 739
1 5 528 259 36 195 739 611 204 484
1 5 262 528 195 26 613 739 484 203
1 5 194 480 739 613 113 189 614 356
1 5 480 193 611 739 189 131 354 614
1 5 739 611 204 484 614 354 112 199
1 5 613 739 484 203 356 614 199 73
1 5 187 110 188 482 615 362 616 740
1 5 482 188 131 189 740 616 363 617
1 5 190 482 189 113 618 740 617 364
1 5 361 615 740 618 7 357 619 360
1 5 615 362 616 740 357 66 358 619
1 5 740 616 363 617 619 358 114 359
1 5 618 740 617 364 360 619 359 69
1 5 347 71 348 608 620 368 621 741
1 5 608 348 111 349 741 621 369 622
1 5 188 608 349 131 616 741 622 363
1 5 362 620 741 616 66 365 623 358
1 5 620 368 621 741 365 6 366 623
1 5 741 621 369 622 623 366 67 367
1 5 616 741 622 363 358 623 367 114
1 5 349 111 352 612 622 369 624 742
1 5 612 352 72 353 742 624 373 625
1 5 354 612 353 112 626 742 625 374
1 5 363 622 742 626 114 367 627 372
1 5 622 369 624 742 367 67 370 627
1 5 742 624 373 625 627 370 8 371
1 5 626 742 625 374 372 627 371 68
1 5 189 131 354 614 617 363 626 743
1 5 614 354 112 199 743 626 374 628
1 5 356 614 199 73 629 743 628 377
1 5 364 617 743 629 69 359 630 376
1 5 617 363 626 743 359 114 372 630
1 5 743 626 374 628 630 372 68 375
1 5 629 743 628 377 376 630 375 9
1 5 258 27 279 546 610 355 631 744
1 5 546 279 45 280 744 631 380 632
1 5 196 546 280 99 485 744 632 205
1 5 204 610 744 485 112 353 633 200
1 5 610 355 631 744 353 72 378 633
1 5 744 631 380 632 633 378 115 379
1 5 485 744 632 205 200 633 379 132
1 5 280 45 282 550 632 380 634 745
1 5 550 282 29 283 745 634 227 635
1 5 284 550 283 46 636 745 635 216
1 5 205 632 745 636 132 379 637 383
1 5 632 380 634 745 379 115 381 637
1 5 745 634 227 635 637 381 77 382
1 5 636 745 635 216 383 637 382 116
1 5 197 99 284 553 486 205 636 746
1 5 553 284 46 207 746 636 216 490
1 5 287 553 207 28 638 746 490 215
1 5 206 486 746 638 117 201 639 384
1 5 486 205 636 746 201 132 383 639
1 5 746 636 216 490 639 383 116 211
1 5 638 746 490 215 384 639 211 78
1 5 199 112 200 488 628 374 640 747
1 5 488 200 132 201 747 640 388 641
1 5 202 488 201 117 642 747 641 389
1 5 377 628 747 642 9 375 643 387
1 5 628 374 640 747 375 68 385 643
1 5 747 640 388 641 643 385 118 386
1 5 642 747 641 389 387 643 386 76
1 5 353 72 378 633 625 373 644 748
1 5 633 378 115 379 748 644 392 645
1 5 200 633 379 132 640 748 645 388
1 5 374 625 748 640 68 371 646 385
1 5 625 373 644 748 371 8 390 646
1 5 748 644 392 645 646 390 74 391
1 5 640 748 645 388 385 646 391 118
1 5 379 115 381 637 645 392 647 749
1 5 637 381 77 382 749 647 396 648
1 5 383 637 382 116 649 749 648 397
1 5 388 645 749 649 118 391 650 395
1 5 645 392 647 749 391 74 393 650
1 5 749 647 396 648 650 393 10 394
1 5 649 749 648 397 395 650 394 75
1 5 201 132 383 639 641 388 649 750
1 5 639 383 116 211 750 649 397 651
1 5 384 639 211 78 652 750 651 400
1 5 389 641 750 652 76 386 653 399
1 5 641 388 649 750 386 118 395 653
1 5 750 649 397 651 653 395 75 398
1 5 652 750 651 400 399 653 398 11
1 5 283 29 222 571 635 227 499 751
1 5 571 222 53 306 751 499 230 654
1 5 208 571 306 104 491 751 654 217
1 5 216 635 751 491 116 382 655 212
1 5 635 227 499 751 382 77 226 655
1 5 751 499 230 654 655 226 119 401
1 5 491 751 654 217 212 655 401 133
1 5 306 53 308 575 654 230 656 752
1 5 575 308 16 309 752 656 405 657
1 5 310 575 309 54 658 752 657 406
1 5 217 654 752 658 133 401 659 404
1 5 654 230 656 752 401 119 402 659
1 5 752 656 405 657 659 402 82 403
1 5 658 752 657 406 404 659 403 120
1 5 209 104 310 578 492 217 658 753
1 5 578 310 54 313 753 658 406 660
1 5 314 578 313 17 661 753 660 409
1 5 218 492 753 661 121 213 662 408
1 5 492 217 658 753 213 133 404 662
1 5 753 658 406 660 662 404 120 407
1 5 661 753 660 409 408 662 407 83
1 5 211 116 212 494 651 397 663 754
1 5 494 212 133 213 754 663 413 664
1 5 214 494 213 121 665 754 664 414
1 5 400 651 754 665 11 398 666 412
1 5 651 397 663 754 398 75 410 666
1 5 754 663 413 664 666 410 122 411
1 5 665 754 664 414 412 666 411 81
1 5 382 77 226 655 648 396 667 755
1 5 655 226 119 401 755 667 417 668
1 5 212 655 401 133 663 755 668 413
1 5 397 648 755 663 75 394 669 410
1 5 648 396 667 755 394 10 415 669
1 5 755 667 417 668 669 415 79 416
1 5 663 755 668 413 410 669 416 122
1 5 401 119 402 659 668 417 670 756
1 5 659 402 82 403 756 670 421 671
1 5 404 659 403 120 672 756 671 422
1 5 413 668 756 672 122 416 673 420
1 5 668 417 670 756 416 79 418 673
1 5 756 670 421 671 673 418 1 419
1 5 672 756 671 422 420 673 419 80
1 5 213 133 404 662 664 413 672 757
1 5 662 404 120 407 757 672 422 674
1 5 408 662 407 83 675 757 674 425
1 5 414 664 757 675 81 411 676 424
1 5 664 413 672 757 411 122 420 676
1 5 757 672 422 674 676 420 80 423
1 5 675 757 674 425 424 676 423 2
1 5 336 13 337 598 677 429 678 758
1 5 598 337 62 338 758 678 430 679
1 5 220 598 338 109 497 758 679 229
1 5 228 677 758 497 123 426 680 224
1 5 677 429 678 758 426 87 427 680
1 5 758 678 430 679 680 427 124 428
1 5 497 758 679 229 224 680 428 134
1 5 338 62 341 602 679 430 681 759
1 5 602 341 5 342 759 681 434 682
1 5 343 602 342 63 683 759 682 435
1 5 229 679 759 683 134 428 684 433
1 5 679 430 681 759 428 124 431 684
1 5 759 681 434 682 684 431 88 432
1 5 683 759 682 435 433 684 432 125
1 5 221 109 343 604 498 229 683 760
1 5 604 343 63 346 760 683 435 685
1 5 308 604 346 16 656 760 685 405
1 5 230 498 760 656 119 225 686 402
1 5 498 229 683 760 225 134 433 686
1 5 760 683 435 685 686 433 125 436
1 5 656 760 685 405 402 686 436 82
1 5 223 123 224 500 687 440 688 761
1 5 500 224 134 225 761 688 441 689
1 5 226 500 225 119 667 761 689 417
1 5 396 687 761 667 10 437 690 415
1 5 687 440 688 761 437 84 438 690
1 5 761 688 441 689 690 438 126 439
1 5 667 761 689 417 415 690 439 79
1 5 426 87 427 680 691 445 692 762
1 5 680 427 124 428 762 692 446 693
1 5 224 680 428 134 688 762 693 441
1 5 440 691 762 688 84 442 694 438
1 5 691 445 692 762 442 3 443 694
1 5 762 692 446 693 694 443 85 444
1 5 688 762 693 441 438 694 444 126
1 5 428 124 431 684 693 446 695 763
1 5 684 431 88 432 763 695 450 696
1 5 433 684 432 125 697 763 696 451
1 5 441 693 763 697 126 444 698 449
1 5 693 446 695 763 444 85 447 698
1 5 763 695 450 696 698 447 0 448
1 5 697 763 696 451 449 698 448 86
1 5 225 134 433 686 689 441 697 764
1 5 686 433 125 436 764 697 451 699
1 5 402 686 436 82 670 764 699 421
1 5 417 689 764 670 79 439 700 418
1 5 689 441 697 764 439 126 449 700
1 5 764 697 451 699 700 449 86 452
1 5 670 764 699 421 418 700 452 1

boundary
448
46 3 365 6 366 623
46 3 371 8 390 646
46 3 394 10 415 669
46 3 442 3 443 694
46 3 12 317 581 322
46 3 13 337 678 429
46 3 138 453 135 18
46 3 150 459 147 20
46 3 162 465 159 22
46 3 174 471 171 23
46 3 231 19 237 502
46 3 138 18 143 457
46 3 19 232 503 237
46 3 150 20 155 463
46 3 21 264 530 245
46 3 316 12 322 580
46 3 162 22 167 469
46 3 14 292 559 297
46 3 4 325 586 330
46 3 252 25 350 605
46 3 186 24 191 481
46 3 25 253 606 350
46 3 198 26 203 487
46 3 27 279 631 355
46 3 336 13 429 677
46 3 210 28 215 493
46 3 16 309 657 405
46 3 5 342 682 434
46 3 357 66 358 619
46 3 359 114 372 630
46 3 367 67 370 627
46 3 375 68 385 643
46 3 386 118 395 653
46 3 391 74 393 650
46 3 398 75 410 666
46 3 411 122 420 676
46 3 416 79 418 673
46 3 51 299 563 298
46 3 102 301 576 312
46 3 56 295 573 311
46 3 54 313 660 406
46 3 120 407 674 422
46 3 82 403 671 421
46 3 437 84 438 690
46 3 439 126 449 700
46 3 444 85 447 698
46 3 87 427 692 445
46 3 124 431 695 446
46 3 62 341 681 430
46 3 60 332 590 331
46 3 108 333 603 345
46 3 65 328 600 344
46 3 35 257 609 351
46 3 111 352 624 369
46 3 71 348 621 368
46 3 45 282 634 380
46 3 115 381 647 392
46 3 72 378 644 373
46 3 219 61 228 496
46 3 223 123 440 687
46 3 426 87 445 691
46 3 63 346 685 435
46 3 125 436 699 451
46 3 88 432 696 450
46 3 64 320 596 339
46 3 107 327 599 340
46 3 59 324 585 323
46 3 136 501 231 30
46 3 241 506 233 89
46 3 246 511 137 33
46 3 31 239 507 238
46 3 91 242 522 256
46 3 39 235 519 255
46 3 42 269 534 268
46 3 96 272 547 281
46 3 40 266 544 260
46 3 171 58 180 472
46 3 175 106 334 592
46 3 319 64 339 595
46 3 148 529 240 32
46 3 271 533 265 95
46 3 275 538 149 44
46 3 160 554 270 43
46 3 293 557 289 100
46 3 300 562 161 52
46 3 275 44 158 539
46 3 276 98 278 552
46 3 154 41 263 543
46 3 300 52 170 564
46 3 302 103 305 577
46 3 166 49 288 568
46 3 172 579 316 58
46 3 326 584 318 105
46 3 291 589 173 50
46 3 135 30 144 454
46 3 139 90 249 514
46 3 234 39 255 518
46 3 246 33 146 512
46 3 247 93 251 527
46 3 142 38 248 517
46 3 262 37 194 613
46 3 356 113 364 629
46 3 190 70 361 618
46 3 183 34 192 478
46 3 187 110 362 615
46 3 347 71 368 620
46 3 287 47 206 638
46 3 384 117 389 652
46 3 202 73 377 642
46 3 314 55 218 661
46 3 408 121 414 675
46 3 214 78 400 665
46 3 66 365 623 358
46 3 358 623 367 114
46 3 623 366 67 367
46 3 7 357 619 360
46 3 360 619 359 69
46 3 619 358 114 359
46 3 69 359 630 376
46 3 376 630 375 9
46 3 630 372 68 375
46 3 114 367 627 372
46 3 372 627 371 68
46 3 627 370 8 371
46 3 68 371 646 385
46 3 385 646 391 118
46 3 646 390 74 391
46 3 75 394 669 410
46 3 410 669 416 122
46 3 669 415 79 416
46 3 292 51 298 559
46 3 559 298 102 295
46 3 297 559 295 56
46 3 309 54 406 657
46 3 657 406 120 403
46 3 405 657 403 82
46 3 9 375 643 387
46 3 387 643 386 76
46 3 643 385 118 386
46 3 76 386 653 399
46 3 399 653 398 11
46 3 653 395 75 398
46 3 118 391 650 395
46 3 395 650 394 75
46 3 650 393 10 394
46 3 11 398 666 412
46 3 412 666 411 81
46 3 666 410 122 411
46 3 81 411 676 424
46 3 424 676 423 2
46 3 676 420 80 423
46 3 122 416 673 420
46 3 420 673 419 80
46 3 673 418 1 419
46 3 299 15 303 563
46 3 563 303 57 301
46 3 298 563 301 102
46 3 301 57 315 576
46 3 576 315 17 313
46 3 312 576 313 54
46 3 295 102 312 573
46 3 573 312 54 309
46 3 311 573 309 16
46 3 313 17 409 660
46 3 660 409 83 407
46 3 406 660 407 120
46 3 407 83 425 674
46 3 674 425 2 423
46 3 422 674 423 80
46 3 403 120 422 671
46 3 671 422 80 419
46 3 421 671 419 1
46 3 84 442 694 438
46 3 438 694 444 126
46 3 694 443 85 444
46 3 429 678 427 87
46 3 678 430 124 427
46 3 337 62 430 678
46 3 325 60 331 586
46 3 586 331 108 328
46 3 330 586 328 65
46 3 253 35 351 606
46 3 606 351 111 348
46 3 350 606 348 71
46 3 279 45 380 631
46 3 631 380 115 378
46 3 355 631 378 72
46 3 61 336 677 228
46 3 228 677 426 123
46 3 677 429 87 426
46 3 342 63 435 682
46 3 682 435 125 432
46 3 434 682 432 88
46 3 10 437 690 415
46 3 415 690 439 79
46 3 690 438 126 439
46 3 79 439 700 418
46 3 418 700 452 1
46 3 700 449 86 452
46 3 126 444 698 449
46 3 449 698 448 86
46 3 698 447 0 448
46 3 445 692 443 3
46 3 692 446 85 443
46 3 427 124 446 692
46 3 446 695 447 85
46 3 695 450 0 447
46 3 431 88 450 695
46 3 430 681 431 124
46 3 681 434 88 431
46 3 341 5 434 681
46 3 332 14 297 590
46 3 590 297 56 333
46 3 331 590 333 108
46 3 333 56 311 603
46 3 603 311 16 346
46 3 345 603 346 63
46 3 328 108 345 600
46 3 600 345 63 342
46 3 344 600 342 5
46 3 257 27 355 609
46 3 609 355 72 352
46 3 351 609 352 111
46 3 352 72 373 624
46 3 624 373 8 370
46 3 369 624 370 67
46 3 348 111 369 621
46 3 621 369 67 366
46 3 368 621 366 6
46 3 282 29 227 634
46 3 634 227 77 381
46 3 380 634 381 115
46 3 381 77 396 647
46 3 647 396 10 393
46 3 392 647 393 74
46 3 378 115 392 644
46 3 644 392 74 390
46 3 373 644 390 8
46 3 29 219 496 227
46 3 227 496 223 77
46 3 496 228 123 223
46 3 77 223 687 396
46 3 396 687 437 10
46 3 687 440 84 437
46 3 123 426 691 440
46 3 440 691 442 84
46 3 691 445 3 442
46 3 346 16 405 685
46 3 685 405 82 436
46 3 435 685 436 125
46 3 436 82 421 699
46 3 699 421 1 452
46 3 451 699 452 86
46 3 432 125 451 696
46 3 696 451 86 448
46 3 450 696 448 0
46 3 322 581 320 64
46 3 581 323 107 320
46 3 317 59 323 581
46 3 339 596 337 13
46 3 596 340 62 337
46 3 320 107 340 596
46 3 340 599 341 62
46 3 599 344 5 341
46 3 327 65 344 599
46 3 323 585 327 107
46 3 585 330 65 327
46 3 324 4 330 585
46 3 453 136 30 135
46 3 137 89 136 453
46 3 33 137 453 138
46 3 232 31 238 503
46 3 503 238 91 235
46 3 237 503 235 39
46 3 264 42 268 530
46 3 530 268 96 266
46 3 245 530 266 40
46 3 58 316 580 180
46 3 180 580 319 106
46 3 580 322 64 319
46 3 501 232 19 231
46 3 233 31 232 501
46 3 89 233 501 136
46 3 506 239 31 233
46 3 240 21 239 506
46 3 32 240 506 241
46 3 511 241 89 137
46 3 147 32 241 511
46 3 20 147 511 246
46 3 239 21 245 507
46 3 507 245 40 242
46 3 238 507 242 91
46 3 242 40 260 522
46 3 522 260 27 257
46 3 256 522 257 35
46 3 235 91 256 519
46 3 519 256 35 253
46 3 255 519 253 25
46 3 269 23 179 534
46 3 534 179 48 272
46 3 268 534 272 96
46 3 272 48 285 547
46 3 547 285 29 282
46 3 281 547 282 45
46 3 266 96 281 544
46 3 544 281 45 279
46 3 260 544 279 27
46 3 23 171 472 179
46 3 179 472 175 48
46 3 472 180 106 175
46 3 48 175 592 285
46 3 285 592 219 29
46 3 592 334 61 219
46 3 106 319 595 334
46 3 334 595 336 61
46 3 595 339 13 336
46 3 459 148 32 147
46 3 149 95 148 459
46 3 44 149 459 150
46 3 465 160 43 159
46 3 161 100 160 465
46 3 52 161 465 162
46 3 44 150 463 158
46 3 158 463 154 98
46 3 463 155 41 154
46 3 52 162 469 170
46 3 170 469 166 103
46 3 469 167 49 166
46 3 529 264 21 240
46 3 265 42 264 529
46 3 95 265 529 148
46 3 533 269 42 265
46 3 270 23 269 533
46 3 43 270 533 271
46 3 538 271 95 149
46 3 159 43 271 538
46 3 22 159 538 275
46 3 554 174 23 270
46 3 289 50 174 554
46 3 100 289 554 160
46 3 557 291 50 289
46 3 292 14 291 557
46 3 51 292 557 293
46 3 562 293 100 161
46 3 299 51 293 562
46 3 15 299 562 300
46 3 22 275 539 167
46 3 167 539 276 49
46 3 539 158 98 276
46 3 49 276 552 288
46 3 288 552 287 28
46 3 552 278 47 287
46 3 98 154 543 278
46 3 278 543 198 47
46 3 543 263 26 198
46 3 15 300 564 303
46 3 303 564 302 57
46 3 564 170 103 302
46 3 57 302 577 315
46 3 315 577 314 17
46 3 577 305 55 314
46 3 103 166 568 305
46 3 305 568 210 55
46 3 568 288 28 210
46 3 471 172 58 171
46 3 173 105 172 471
46 3 50 173 471 174
46 3 579 317 12 316
46 3 318 59 317 579
46 3 105 318 579 172
46 3 584 324 59 318
46 3 325 4 324 584
46 3 60 325 584 326
46 3 589 326 105 173
46 3 332 60 326 589
46 3 14 332 589 291
46 3 30 231 502 144
46 3 144 502 234 90
46 3 502 237 39 234
46 3 18 135 454 143
46 3 143 454 139 38
46 3 454 144 90 139
46 3 38 139 514 248
46 3 248 514 183 24
46 3 514 249 34 183
46 3 90 234 518 249
46 3 249 518 252 34
46 3 518 255 25 252
46 3 33 138 457 146
46 3 146 457 142 93
46 3 457 143 38 142
46 3 37 186 481 194
46 3 194 481 190 113
46 3 481 191 70 190
46 3 20 246 512 155
46 3 155 512 247 41
46 3 512 146 93 247
46 3 41 247 527 263
46 3 263 527 262 26
46 3 527 251 37 262
46 3 93 142 517 251
46 3 251 517 186 37
46 3 517 248 24 186
46 3 26 262 613 203
46 3 203 613 356 73
46 3 613 194 113 356
46 3 73 356 629 377
46 3 377 629 376 9
46 3 629 364 69 376
46 3 113 190 618 364
46 3 364 618 360 69
46 3 618 361 7 360
46 3 34 252 605 192
46 3 192 605 347 110
46 3 605 350 71 347
46 3 24 183 478 191
46 3 191 478 187 70
46 3 478 192 110 187
46 3 70 187 615 361
46 3 361 615 357 7
46 3 615 362 66 357
46 3 110 347 620 362
46 3 362 620 365 66
46 3 620 368 6 365
46 3 47 198 487 206
46 3 206 487 202 117
46 3 487 203 73 202
46 3 55 210 493 218
46 3 218 493 214 121
46 3 493 215 78 214
46 3 28 287 638 215
46 3 215 638 384 78
46 3 638 206 117 384
46 3 78 384 652 400
46 3 400 652 399 11
46 3 652 389 76 399
46 3 117 202 642 389
46 3 389 642 387 76
46 3 642 377 9 387
46 3 17 314 661 409
46 3 409 661 408 83
46 3 661 218 121 408
46 3 83 408 675 425
46 3 425 675 424 2
46 3 675 414 81 424
46 3 121 214 665 414
46 3 414 665 412 81
46 3 665 400 11 412

vertices
765

nodes
FiniteElementSpace
FiniteElementCollection: H1_3D_P2
VDim: 3
Ordering: 0

0.25513258
0.13464912
0
0.25513258
0.42586599
0.34303776
0.13464912
-2.1684043e-18
0.13464912
-1.9515639e-18
0.13464912
1.0842022e-18
0.46850803
0.36407998
0.22229806
5.0957502e-18
0.17834803
-1.3010426e-18
-5.3329194e-18
0.2473562
-5.5429836e-18
0.25605782
-3.496552e-18
0.2473562
-3.2526065e-19
0.19040097
-1.8295912e-18
0.19444247
-1.2739376e-18
0.19040097
0.1236781
0.25170701
0.12802891
-5.4379515e-18
0.095200485
0.19242172
0.097221237
-1.0774259e-18
-2.82909e-18
0.21887858
0.22525015
-3.6862874e-18
0.25170701
0.1236781
-4.5197678e-18
0.19242172
0.095200485
-1.5517644e-18
0.21887858
-2.3852448e-18
0.23482713
0.11114903
7.995991e-19
0.1843745
0.089174016
-1.2874901e-18
0.20032305
1.8973538e-18
0.35793211
0.44718701
0.32408202
0.27724048
0.35355887
0.2606929
0.416294
0.38445187
0.067324562
0.13464912
0.067324562
-2.0599841e-18
-1.2468325e-18
0.16252505
0.1645458
-1.8905775e-18
0.13464912
0.067324562
-4.3368087e-19
0.16252505
-9.486769e-20
0.13464912
0.067324562
5.4210109e-19
0.15649858
-6.505213e-19
0.19489085
0.25513258
0.19489085
0.30960628
0.29908517
0.1258535
0.10943929
0.22206436
0.11262507
-3.2576887e-18
0.096210861
0.1258535
0.22206436
0.10943929
-3.0357661e-18
0.096210861
0.11741356
0.20960082
0.10016152
-2.4394549e-19
0.09218725
0.34100707
0.31758629
0.40037294
0.29238746
0.26896669
0.081262523
0.16353542
0.082272899
-1.568705e-18
0.067324562
0.16353542
0.081262523
-9.9272261e-19
0.067324562
0.15951181
0.078249289
-3.726945e-19
0.067324562
0.23606566
0.30434572
0.22779187
0.19489085
0.11103218
0.11103218
0.10480041
0.30498688
0.081767711
0.081767711
0.079755906
0.23192877
0.061839049
0.1247658
0.062926752
-5.3854355e-18
0.054719646
0.11023574
0.055516091
-3.0433894e-18
-4.0810047e-18
0.11655869
0.11844284
-4.3478201e-18
0.064014455
0.12694121
0.062926752
-5.0313757e-18
0.056312537
0.11182863
0.055516091
-3.3610267e-18
-4.6146355e-18
0.12032699
0.11844284
-3.7777669e-18
0.061839049
0.12054583
0.058706782
-1.3484765e-18
0.054719646
0.10711985
0.052400204
-1.3145951e-18
-2.9408984e-18
0.11655869
0.11110699
2.7782681e-19
0.30264415
0.34946959
0.2879171
0.24109166
0.26823244
0.31128659
0.25729385
0.2142397
0.23311739
0.3377592
0.32299697
0.22221397
0.047600243
0.095705673
0.048105431
-7.0134328e-19
0.040631262
0.081515117
0.040883856
-1.4077688e-18
-7.8604658e-19
0.088231504
0.088989286
-1.3230655e-18
0.048610619
0.096716049
0.048105431
-1.6906778e-18
0.04113645
0.082020305
0.040883856
-1.4416501e-18
-1.8600844e-18
0.089747068
0.088989286
-1.2722435e-18
0.047600243
0.093693868
0.046093625
-1.2807138e-18
0.040631262
0.080509215
0.039877953
-2.3378109e-19
-6.8440262e-19
0.088231504
0.085971578
-8.3009229e-19
0.23382072
0.27310358
0.22667059
0.18738774
0.19929535
0.23399722
0.19572029
0.16101843
0.17646301
0.25665307
0.25044773
0.17194316
0.18551715
0.2495316
0.18878026
0.16415894
0.22047147
0.16654827
0.23311739
0.23688569
0.25388241
0.19204336
0.12694121
0.22365726
0.16893761
0.11182863
0.24065398
-5.4904676e-18
-3.4719881e-18
-1.5771753e-18
0.10231989
0.10362152
-2.1675573e-18
0.14280073
0.19141135
0.14431629
0.20463978
0.20724304
0.1934321
0.14583186
0.096716049
0.20984631
0.10492316
-1.4535085e-18
-2.7579393e-18
0.25388241
0.18878026
0.22365726
0.16654827
0.23688569
0.2495316
0.18551715
0.1247658
0.22047147
0.16415894
0.11023574
-4.0081599e-18
-2.7105054e-18
0.10362152
-2.2937652e-18
0.1934321
0.14431629
0.20724304
0.19141135
0.14280073
0.095705673
0.20463978
0.10231989
-1.412851e-18
-1.8295912e-18
0.17612035
0.15720061
0.2285626
0.16672355
0.1142813
0.20496193
0.15024229
0.10248097
0.21131056
0.10565528
0.055574516
2.9476747e-18
0.050080762
8.2670416e-19
3.496552e-18
0.098493829
-7.6571778e-19
0.13828088
0.19698766
0.18136127
0.13376102
0.090680633
0.18933554
0.09466777
0.044587008
-1.2942663e-18
2.981556e-19
0.41322007
0.45784752
0.39409704
0.36694015
0.40833347
0.35267991
0.44240102
0.42377997
0.4365265
0.374974
0.33254455
0.39241241
0.33841967
0.29868717
0.40515893
0.30823474
0.27319004
0.24635525
0.29741339
0.28697678
0.32066023
0.35881943
0.31126278
0.39018699
0.37696591
0.34829832
0.30186533
0.26482979
0.36374482
0.27654018
0.21952046
0.12189379
0.16303023
0.12265157
0.17646301
0.17797857
0.16404061
0.12340935
0.082020305
0.17949414
-1.7296413e-18
0.033662281
0.067324562
0.033662281
-2.1141942e-18
-1.7076184e-18
0.074293542
0.074546136
-1.8143446e-18
0.10098684
0.13464912
0.10098684
0.14858708
0.14909227
0.13464912
0.10098684
0.067324562
0.14959746
0.074798731
0.033662281
-2.005774e-18
-1.9210707e-18
0.16404061
0.12265157
0.17797857
0.16303023
0.12189379
0.081515117
-5.4379515e-19
0.067324562
0.033662281
-1.1926224e-18
0.074546136
-7.1320174e-19
0.13464912
0.10098684
0.14909227
0.13464912
0.10098684
0.067324562
0.14858708
0.074293542
0.033662281
3.2526065e-19
4.9466724e-19
0.11963386
0.15800519
0.11737393
0.079002597
0.1674233
0.083711652
0.039124644
-5.116079e-19
-9.7578196e-19
0.067324562
0.033662281
8.1315163e-19
0.073540234
8.4703295e-20
0.13464912
0.10098684
0.14708047
0.13464912
0.10098684
0.067324562
0.14557385
0.072786925
0.033662281
2.7105054e-19
-3.2526065e-19
0.27283597
0.306976
0.26813725
0.33684313
0.3289523
0.30171545
0.26343852
0.22986032
0.32106146
0.24424238
0.19214522
0.16476999
0.19489085
0.16476999
0.21547826
0.21340981
0.22501171
0.25513258
0.22501171
0.28236943
0.27973915
0.25513258
0.22501171
0.19489085
0.27710887
0.21134136
0.16476999
0.0623829
0.058279347
0.11750077
0.059221421
-4.2144124e-18
0.055117868
0.063470603
0.060163496
0.11938492
0.059221421
-4.1962012e-18
0.055914314
0.060272916
0.058279347
0.11383284
0.055553493
-1.3315358e-18
0.053559925
0.29528063
0.2854383
0.33037809
0.27260547
0.22766568
0.26276314
0.047852837
0.044115752
0.088610395
0.044494643
-1.054556e-18
0.040757559
0.048358025
0.044873534
0.089368177
0.044494643
-1.5661639e-18
0.041010153
0.046846934
0.044115752
0.087101541
0.042985789
-7.5724745e-19
0.040254607
0.23024566
0.21655804
0.2535504
0.21119544
0.17420308
0.19750782
0.1871487
0.17483804
0.23500154
0.17766426
0.16535361
0.19041181
0.23876983
0.18049049
0.11938492
0.16774294
0.063470603
-4.4812278e-18
0.055914314
0.051159944
0.10297071
0.051810761
-1.8723663e-18
0.15347983
0.20594141
0.15543228
0.14355851
0.20854468
0.15738473
0.10427234
0.14507407
0.052461578
-2.4627483e-18
0.048358025
0.19041181
0.23876983
0.17766426
0.16774294
0.1871487
0.23500154
0.17483804
0.11750077
0.16535361
0.0623829
-3.3593327e-18
0.055117868
0.10427234
0.051810761
-2.5258522e-18
0.20854468
0.15543228
0.14507407
0.20594141
0.15347983
0.10297071
0.14355851
0.051159944
-2.0616782e-18
0.047852837
0.18081875
0.16666048
0.16067977
0.17142195
0.21676226
0.15848292
0.10838113
0.15372145
0.057140649
0.052827639
1.8871894e-18
0.051240483
0.10040686
0.049246914
-1.2976545e-18
0.20081372
0.14774074
0.1405408
0.1931616
0.14200165
0.096580799
0.13602095
0.047333885
-2.3378109e-19
0.045340317
0.40365855
0.39008011
0.43309049
0.37338847
0.35981003
0.38453552
0.41446945
0.35669684
0.31561586
0.34554979
0.28055357
0.25977265
0.25182455
0.25102658
0.29219508
0.24198222
0.34380019
0.38357645
0.33197134
0.3159615
0.37035536
0.3201425
0.28175848
0.30656405
0.23293786
0.22309553
0.13234726
0.17722079
0.13348393
0.12227268
0.17873635
0.1346206
0.089368177
0.12303046
-1.5915749e-18
0.041010153
0.037146771
0.074419839
0.037273068
-1.7609815e-18
0.033662281
0.11144031
0.14883968
0.1118192
0.10098684
0.14934487
0.1121981
0.074672434
0.10098684
0.037399365
-1.8677076e-18
0.033662281
0.17873635
0.13348393
0.12303046
0.17722079
0.13234726
0.088610395
0.12227268
-9.7832305e-19
0.040757559
0.074672434
0.037273068
-1.3171362e-18
0.033662281
0.14934487
0.1118192
0.10098684
0.14883968
0.11144031
0.074419839
0.10098684
0.037146771
-1.0926725e-19
0.033662281
0.12895737
0.12076382
0.16968323
0.12556748
0.084841615
0.1185039
0.041855826
-9.0293712e-19
0.039501299
0.073916888
0.036770117
2.8968527e-19
0.033662281
0.14783378
0.11031035
0.10098684
0.14632716
0.10918039
0.073163579
0.10098684
0.036393463
-1.2027868e-19
0.033662281
0.2967481
0.33289771
0.28970001
0.27048661
0.32500688
0.28265192
0.24734506
0.26578788
0.20583284
0.19393276
0.18203267
0.21444403
0.18024514
0.16476999
0.24892384
0.28105429
0.24657448
0.22501171
0.27842401
0.24422512
0.21237558
0.22501171
0.17845761
0.16476999
0.058750384
0.059692458
0.05691642
0.27902188
0.044305198
0.044684089
0.043550771
0.21387674
0.17625115
0.17907738
0.059692458
0.051485353
0.15445606
0.15640851
0.052136169
0.17907738
0.17625115
0.058750384
0.052136169
0.15640851
0.15445606
0.051485353
0.17074926
0.1625717
0.054190566
0.050203429
0.15061029
0.1448712
0.0482904
0.38173429
0.36504265
0.26618906
0.2465044
0.33788577
0.32605692
0.23746004
0.13291559
0.13405227
0.044684089
0.03720992
0.11162976
0.11200865
0.037336217
0.13405227
0.13291559
0.044305198
0.037336217
0.11200865
0.11162976
0.03720992
0.13065231
0.12726242
0.042420808
0.036958444
0.11087533
0.10974537
0.03658179
0.29322406
0.28617597
0.20851414
0.1811389
0.24774916
0.2453998
0.17935137
0.030919524
0.062110975
0.03119145
-5.3591775e-18
0.029139674
0.058514866
0.029375192
-4.1477086e-18
-4.7069621e-18
0.060059198
0.060566642
-4.799924e-18
0.032007227
0.063742529
0.031735302
-5.2871797e-18
0.030081748
0.059927977
0.029846229
-4.4054184e-18
-5.0788096e-18
0.062088975
0.061581531
-4.6137885e-18
0.030919524
0.061055982
0.030136458
-2.4225142e-18
0.029139674
0.057597884
0.02845821
-2.1362171e-18
-3.2187252e-18
0.060059198
0.058594668
-1.3400061e-18
0.27500017
0.29896239
0.26818614
0.24422393
0.25927784
0.28223009
0.25334378
0.23039153
0.24023679
0.29404122
0.28715125
0.23437867
0.023800121
0.04772654
0.023926418
-5.1330197e-19
0.022057876
0.044210475
0.022152599
-9.203013e-19
-5.5565361e-19
0.045857997
0.046079017
-8.7794965e-19
0.024305309
0.048484322
0.024179012
-1.7601345e-18
0.022436767
0.044778811
0.022342044
-1.7131241e-18
-1.8448378e-18
0.046742076
0.046521057
-1.6284208e-18
0.023800121
0.047223588
0.023423467
-1.2773257e-18
0.022057876
0.043833261
0.021775385
-7.2082504e-19
-9.7917009e-19
0.045857997
0.045198852
-1.0189806e-18
0.21211085
0.23203319
0.2088167
0.18889435
0.19651052
0.21521739
0.19403991
0.17533305
0.18343199
0.22518938
0.2220612
0.18079541
0.15459762
0.18633292
0.15595725
0.12422195
0.14569837
0.1755446
0.14687596
0.11702973
0.1201184
0.18017759
0.18169993
0.12113328
0.15731688
0.18959603
0.15867651
0.12639735
0.14805355
0.17837082
0.14923115
0.11891388
0.12214817
0.18322226
0.18474459
0.12316306
0.031463376
0.063198677
0.031735302
-5.4642095e-18
0.029610711
0.05945694
0.029846229
-4.414524e-18
-4.8928858e-18
0.061074087
0.061581531
-4.9858477e-18
0.027359823
0.054918757
0.027558934
-2.9362397e-18
0.025579972
0.051322648
0.025742676
-1.7247708e-18
-2.2031327e-18
0.052939795
0.05330161
-2.4578779e-18
0.13679911
0.16475627
0.13779467
0.10983751
0.12789986
0.15396795
0.12871338
0.1026453
0.10587959
0.15881938
0.15990483
0.10660322
0.13879023
0.16714561
0.13978578
0.11143041
0.1295269
0.1559204
0.13034042
0.10394693
0.10732685
0.16099028
0.16207572
0.10805048
0.027758046
0.055715203
0.027957157
-3.3648384e-18
0.02590538
0.051973465
0.026068085
-2.3151528e-18
-2.712623e-18
0.053663426
0.054025242
-2.9673682e-18
0.16003614
0.19122759
0.15867651
0.12748506
0.15040874
0.17978393
0.14923115
0.11985595
0.12417795
0.18626693
0.18474459
0.12316306
0.15731688
0.18796448
0.15595725
0.12530965
0.14805355
0.17695771
0.14687596
0.11797181
0.12214817
0.18322226
0.18169993
0.12113328
0.031463376
0.062654826
0.03119145
-4.2639639e-18
0.029610711
0.058985903
0.029375192
-3.5685498e-18
-4.1487674e-18
0.061074087
0.060566642
-3.6837463e-18
0.028156268
0.056113425
0.027957157
-3.5236571e-18
0.026230789
0.052298873
0.026068085
-2.6418958e-18
-3.2221133e-18
0.054387057
0.054025242
-2.9434395e-18
0.14078134
0.16834028
0.13978578
0.11222685
0.13115394
0.15689662
0.13034042
0.10459775
0.10877411
0.16316117
0.16207572
0.10805048
0.13879023
0.16595094
0.13779467
0.11063396
0.1295269
0.15494417
0.12871338
0.10329611
0.10732685
0.16099028
0.15990483
0.10660322
0.027758046
0.05531698
0.027558934
-2.8731358e-18
0.02590538
0.051648057
0.025742676
-2.1777217e-18
-2.6647657e-18
0.053663426
0.05330161
-2.3860918e-18
0.15459762
0.18316795
0.15068229
0.12211196
0.14569837
0.17279365
0.14229105
0.11519577
0.1201184
0.18017759
0.175784
0.11718934
0.14676696
0.17377115
0.14285162
0.11584743
0.13888373
0.16461609
0.13547641
0.10974406
0.11426028
0.17139041
0.16699682
0.11133121
0.029353391
0.057923716
0.028570325
1.8736369e-18
0.027776747
0.054872029
0.027095283
1.0825081e-18
5.3871295e-19
0.057130138
0.055665607
2.417432e-18
0.027359823
0.054139785
