MFEM mesh v1.0

#
# MFEM Geometry Types (see mesh/geom.hpp):
#
# POINT       = 0
# SEGMENT     = 1
# TRIANGLE    = 2
# SQUARE      = 3
# TETRAHEDRON = 4
# CUBE        = 5
#

dimension
3

elements
512
1 5 9 141 469 144 149 470 721 473
1 5 12 153 475 156 161 476 722 479
1 5 23 165 481 168 173 482 723 485
1 5 24 177 487 180 185 488 724 491
1 5 25 189 493 192 197 494 725 497
1 5 26 201 499 204 209 500 726 503
1 5 27 213 505 216 221 506 727 509
1 5 29 225 511 228 233 512 728 515
1 5 32 237 517 142 150 518 729 471
1 5 94 239 522 247 151 520 730 525
1 5 35 143 527 254 152 472 731 529
1 5 40 145 474 148 258 531 732 534
1 5 95 240 521 146 259 535 733 532
1 5 133 242 526 250 260 537 734 541
1 5 98 147 530 256 261 533 735 544
1 5 36 262 538 154 162 546 736 477
1 5 99 264 542 269 163 548 737 552
1 5 39 155 545 273 164 478 738 555
1 5 48 157 480 160 292 557 739 560
1 5 100 275 549 158 293 562 740 558
1 5 134 277 553 282 294 564 741 568
1 5 103 159 556 286 295 559 742 571
1 5 52 309 573 166 174 574 743 483
1 5 105 310 577 315 175 575 744 580
1 5 55 167 582 319 176 484 745 583
1 5 59 169 486 172 325 585 746 588
1 5 106 311 576 170 326 590 747 586
1 5 135 312 581 318 327 592 748 596
1 5 109 171 584 320 328 587 749 599
1 5 63 340 601 178 186 602 750 489
1 5 111 341 605 346 187 603 751 608
1 5 53 179 610 313 188 490 752 578
1 5 60 181 492 184 332 612 753 591
1 5 112 342 604 182 354 616 754 613
1 5 136 343 609 349 355 618 755 622
1 5 107 183 611 316 333 614 756 594
1 5 71 367 626 190 198 627 757 495
1 5 116 369 631 377 199 629 758 634
1 5 64 191 636 344 200 496 759 606
1 5 69 193 498 196 359 639 760 617
1 5 117 370 630 194 388 643 761 640
1 5 137 372 635 380 389 645 762 649
1 5 113 195 638 347 360 641 763 620
1 5 54 314 653 202 210 579 764 501
1 5 121 401 656 405 211 654 765 659
1 5 81 203 661 410 212 502 766 662
1 5 62 205 504 208 339 598 767 666
1 5 108 317 655 206 337 595 768 664
1 5 138 402 660 408 412 668 769 671
1 5 124 207 663 411 413 665 770 673
1 5 65 345 674 214 222 607 771 507
1 5 125 419 678 425 223 676 772 681
1 5 79 215 683 403 224 508 773 657
1 5 61 217 510 220 336 624 774 667
1 5 114 348 677 218 365 621 775 686
1 5 139 421 682 428 435 690 776 694
1 5 122 219 685 406 414 687 777 669
1 5 80 404 698 226 234 658 778 513
1 5 129 446 702 452 235 700 779 705
1 5 91 227 707 459 236 514 780 709
1 5 83 229 516 232 417 672 781 713
1 5 123 407 701 230 416 670 782 711
1 5 140 448 706 455 463 715 783 718
1 5 132 231 710 461 464 712 784 720
1 5 141 32 142 469 470 150 471 721
1 5 469 142 94 143 721 471 151 472
1 5 144 469 143 35 473 721 472 152
1 5 149 470 721 473 40 145 474 148
1 5 470 150 471 721 145 95 146 474
1 5 721 471 151 472 474 146 133 147
1 5 473 721 472 152 148 474 147 98
1 5 153 36 154 475 476 162 477 722
1 5 475 154 99 155 722 477 163 478
1 5 156 475 155 39 479 722 478 164
1 5 161 476 722 479 48 157 480 160
1 5 476 162 477 722 157 100 158 480
1 5 722 477 163 478 480 158 134 159
1 5 479 722 478 164 160 480 159 103
1 5 165 52 166 481 482 174 483 723
1 5 481 166 105 167 723 483 175 484
1 5 168 481 167 55 485 723 484 176
1 5 173 482 723 485 59 169 486 172
1 5 482 174 483 723 169 106 170 486
1 5 723 483 175 484 486 170 135 171
1 5 485 723 484 176 172 486 171 109
1 5 177 63 178 487 488 186 489 724
1 5 487 178 111 179 724 489 187 490
1 5 180 487 179 53 491 724 490 188
1 5 185 488 724 491 60 181 492 184
1 5 488 186 489 724 181 112 182 492
1 5 724 489 187 490 492 182 136 183
1 5 491 724 490 188 184 492 183 107
1 5 189 71 190 493 494 198 495 725
1 5 493 190 116 191 725 495 199 496
1 5 192 493 191 64 497 725 496 200
1 5 197 494 725 497 69 193 498 196
1 5 494 198 495 725 193 117 194 498
1 5 725 495 199 496 498 194 137 195
1 5 497 725 496 200 196 498 195 113
1 5 201 54 202 499 500 210 501 726
1 5 499 202 121 203 726 501 211 502
1 5 204 499 203 81 503 726 502 212
1 5 209 500 726 503 62 205 504 208
1 5 500 210 501 726 205 108 206 504
1 5 726 501 211 502 504 206 138 207
1 5 503 726 502 212 208 504 207 124
1 5 213 65 214 505 506 222 507 727
1 5 505 214 125 215 727 507 223 508
1 5 216 505 215 79 509 727 508 224
1 5 221 506 727 509 61 217 510 220
1 5 506 222 507 727 217 114 218 510
1 5 727 507 223 508 510 218 139 219
1 5 509 727 508 224 220 510 219 122
1 5 225 80 226 511 512 234 513 728
1 5 511 226 129 227 728 513 235 514
1 5 228 511 227 91 515 728 514 236
1 5 233 512 728 515 83 229 516 232
1 5 512 234 513 728 229 123 230 516
1 5 728 513 235 514 516 230 140 231
1 5 515 728 514 236 232 516 231 132
1 5 237 19 238 517 518 243 519 729
1 5 517 238 33 239 729 519 244 520
1 5 142 517 239 94 471 729 520 151
1 5 150 518 729 471 95 240 521 146
1 5 518 243 519 729 240 41 241 521
1 5 729 519 244 520 521 241 96 242
1 5 471 729 520 151 146 521 242 133
1 5 239 33 245 522 520 244 523 730
1 5 522 245 20 246 730 523 251 524
1 5 247 522 246 34 525 730 524 252
1 5 151 520 730 525 133 242 526 250
1 5 520 244 523 730 242 96 248 526
1 5 730 523 251 524 526 248 42 249
1 5 525 730 524 252 250 526 249 97
1 5 143 94 247 527 472 151 525 731
1 5 527 247 34 253 731 525 252 528
1 5 254 527 253 8 529 731 528 257
1 5 152 472 731 529 98 147 530 256
1 5 472 151 525 731 147 133 250 530
1 5 731 525 252 528 530 250 97 255
1 5 529 731 528 257 256 530 255 43
1 5 145 95 146 474 531 259 532 732
1 5 474 146 133 147 732 532 260 533
1 5 148 474 147 98 534 732 533 261
1 5 258 531 732 534 12 153 475 156
1 5 531 259 532 732 153 36 154 475
1 5 732 532 260 533 475 154 99 155
1 5 534 732 533 261 156 475 155 39
1 5 240 41 241 521 535 265 536 733
1 5 521 241 96 242 733 536 266 537
1 5 146 521 242 133 532 733 537 260
1 5 259 535 733 532 36 262 538 154
1 5 535 265 536 733 262 21 263 538
1 5 733 536 266 537 538 263 37 264
1 5 532 733 537 260 154 538 264 99
1 5 242 96 248 526 537 266 539 734
1 5 526 248 42 249 734 539 270 540
1 5 250 526 249 97 541 734 540 271
1 5 260 537 734 541 99 264 542 269
1 5 537 266 539 734 264 37 267 542
1 5 734 539 270 540 542 267 22 268
1 5 541 734 540 271 269 542 268 38
1 5 147 133 250 530 533 260 541 735
1 5 530 250 97 255 735 541 271 543
1 5 256 530 255 43 544 735 543 274
1 5 261 533 735 544 39 155 545 273
1 5 533 260 541 735 155 99 269 545
1 5 735 541 271 543 545 269 38 272
1 5 544 735 543 274 273 545 272 11
1 5 262 21 263 538 546 278 547 736
1 5 538 263 37 264 736 547 279 548
1 5 154 538 264 99 477 736 548 163
1 5 162 546 736 477 100 275 549 158
1 5 546 278 547 736 275 49 276 549
1 5 736 547 279 548 549 276 101 277
1 5 477 736 548 163 158 549 277 134
1 5 264 37 267 542 548 279 550 737
1 5 542 267 22 268 737 550 283 551
1 5 269 542 268 38 552 737 551 284
1 5 163 548 737 552 134 277 553 282
1 5 548 279 550 737 277 101 280 553
1 5 737 550 283 551 553 280 50 281
1 5 552 737 551 284 282 553 281 102
1 5 155 99 269 545 478 163 552 738
1 5 545 269 38 272 738 552 284 554
1 5 273 545 272 11 555 738 554 287
1 5 164 478 738 555 103 159 556 286
1 5 478 163 552 738 159 134 282 556
1 5 738 552 284 554 556 282 102 285
1 5 555 738 554 287 286 556 285 51
1 5 157 100 158 480 557 293 558 739
1 5 480 158 134 159 739 558 294 559
1 5 160 480 159 103 560 739 559 295
1 5 292 557 739 560 0 288 561 291
1 5 557 293 558 739 288 44 289 561
1 5 739 558 294 559 561 289 104 290
1 5 560 739 559 295 291 561 290 47
1 5 275 49 276 549 562 299 563 740
1 5 549 276 101 277 740 563 300 564
1 5 158 549 277 134 558 740 564 294
1 5 293 562 740 558 44 296 565 289
1 5 562 299 563 740 296 13 297 565
1 5 740 563 300 564 565 297 45 298
1 5 558 740 564 294 289 565 298 104
1 5 277 101 280 553 564 300 566 741
1 5 553 280 50 281 741 566 304 567
1 5 282 553 281 102 568 741 567 305
1 5 294 564 741 568 104 298 569 303
1 5 564 300 566 741 298 45 301 569
1 5 741 566 304 567 569 301 14 302
1 5 568 741 567 305 303 569 302 46
1 5 159 134 282 556 559 294 568 742
1 5 556 282 102 285 742 568 305 570
1 5 286 556 285 51 571 742 570 308
1 5 295 559 742 571 47 290 572 307
1 5 559 294 568 742 290 104 303 572
1 5 742 568 305 570 572 303 46 306
1 5 571 742 570 308 307 572 306 1
1 5 309 24 180 573 574 185 491 743
1 5 573 180 53 310 743 491 188 575
1 5 166 573 310 105 483 743 575 175
1 5 174 574 743 483 106 311 576 170
1 5 574 185 491 743 311 60 184 576
1 5 743 491 188 575 576 184 107 312
1 5 483 743 575 175 170 576 312 135
1 5 310 53 313 577 575 188 578 744
1 5 577 313 27 314 744 578 221 579
1 5 315 577 314 54 580 744 579 210
1 5 175 575 744 580 135 312 581 318
1 5 575 188 578 744 312 107 316 581
1 5 744 578 221 579 581 316 61 317
1 5 580 744 579 210 318 581 317 108
1 5 167 105 315 582 484 175 580 745
1 5 582 315 54 201 745 580 210 500
1 5 319 582 201 26 583 745 500 209
1 5 176 484 745 583 109 171 584 320
1 5 484 175 580 745 171 135 318 584
1 5 745 580 210 500 584 318 108 205
1 5 583 745 500 209 320 584 205 62
1 5 169 106 170 486 585 326 586 746
1 5 486 170 135 171 746 586 327 587
1 5 172 486 171 109 588 746 587 328
1 5 325 585 746 588 6 321 589 324
1 5 585 326 586 746 321 56 322 589
1 5 746 586 327 587 589 322 110 323
1 5 588 746 587 328 324 589 323 58
1 5 311 60 184 576 590 332 591 747
1 5 576 184 107 312 747 591 333 592
1 5 170 576 312 135 586 747 592 327
1 5 326 590 747 586 56 329 593 322
1 5 590 332 591 747 329 5 330 593
1 5 747 591 333 592 593 330 57 331
1 5 586 747 592 327 322 593 331 110
1 5 312 107 316 581 592 333 594 748
1 5 581 316 61 317 748 594 336 595
1 5 318 581 317 108 596 748 595 337
1 5 327 592 748 596 110 331 597 335
1 5 592 333 594 748 331 57 334 597
1 5 748 594 336 595 597 334 8 254
1 5 596 748 595 337 335 597 254 35
1 5 171 135 318 584 587 327 596 749
1 5 584 318 108 205 749 596 337 598
1 5 320 584 205 62 599 749 598 339
1 5 328 587 749 599 58 323 600 338
1 5 587 327 596 749 323 110 335 600
1 5 749 596 337 598 600 335 35 144
1 5 599 749 598 339 338 600 144 9
1 5 340 25 192 601 602 197 497 750
1 5 601 192 64 341 750 497 200 603
1 5 178 601 341 111 489 750 603 187
1 5 186 602 750 489 112 342 604 182
1 5 602 197 497 750 342 69 196 604
1 5 750 497 200 603 604 196 113 343
1 5 489 750 603 187 182 604 343 136
1 5 341 64 344 605 603 200 606 751
1 5 605 344 28 345 751 606 350 607
1 5 346 605 345 65 608 751 607 222
1 5 187 603 751 608 136 343 609 349
1 5 603 200 606 751 343 113 347 609
1 5 751 606 350 607 609 347 70 348
1 5 608 751 607 222 349 609 348 114
1 5 179 111 346 610 490 187 608 752
1 5 610 346 65 213 752 608 222 506
1 5 313 610 213 27 578 752 506 221
1 5 188 490 752 578 107 183 611 316
1 5 490 187 608 752 183 136 349 611
1 5 752 608 222 506 611 349 114 217
1 5 578 752 506 221 316 611 217 61
1 5 181 112 182 492 612 354 613 753
1 5 492 182 136 183 753 613 355 614
1 5 184 492 183 107 591 753 614 333
1 5 332 612 753 591 5 351 615 330
1 5 612 354 613 753 351 66 352 615
1 5 753 613 355 614 615 352 115 353
1 5 591 753 614 333 330 615 353 57
1 5 342 69 196 604 616 359 617 754
1 5 604 196 113 343 754 617 360 618
1 5 182 604 343 136 613 754 618 355
1 5 354 616 754 613 66 356 619 352
1 5 616 359 617 754 356 4 357 619
1 5 754 617 360 618 619 357 67 358
1 5 613 754 618 355 352 619 358 115
1 5 343 113 347 609 618 360 620 755
1 5 609 347 70 348 755 620 364 621
1 5 349 609 348 114 622 755 621 365
1 5 355 618 755 622 115 358 623 363
1 5 618 360 620 755 358 67 361 623
1 5 755 620 364 621 623 361 7 362
1 5 622 755 621 365 363 623 362 68
1 5 183 136 349 611 614 355 622 756
1 5 611 349 114 217 756 622 365 624
1 5 316 611 217 61 594 756 624 336
1 5 333 614 756 594 57 353 625 334
1 5 614 355 622 756 353 115 363 625
1 5 756 622 365 624 625 363 68 366
1 5 594 756 624 336 334 625 366 8
1 5 367 16 368 626 627 373 628 757
1 5 626 368 72 369 757 628 374 629
1 5 190 626 369 116 495 757 629 199
1 5 198 627 757 495 117 370 630 194
1 5 627 373 628 757 370 77 371 630
1 5 757 628 374 629 630 371 118 372
1 5 495 757 629 199 194 630 372 137
1 5 369 72 375 631 629 374 632 758
1 5 631 375 15 376 758 632 381 633
1 5 377 631 376 73 634 758 633 382
1 5 199 629 758 634 137 372 635 380
1 5 629 374 632 758 372 118 378 635
1 5 758 632 381 633 635 378 78 379
1 5 634 758 633 382 380 635 379 119
1 5 191 116 377 636 496 199 634 759
1 5 636 377 73 383 759 634 382 637
1 5 344 636 383 28 606 759 637 350
1 5 200 496 759 606 113 195 638 347
1 5 496 199 634 759 195 137 380 638
1 5 759 634 382 637 638 380 119 384
1 5 606 759 637 350 347 638 384 70
1 5 193 117 194 498 639 388 640 760
1 5 498 194 137 195 760 640 389 641
1 5 196 498 195 113 617 760 641 360
1 5 359 639 760 617 4 385 642 357
1 5 639 388 640 760 385 74 386 642
1 5 760 640 389 641 642 386 120 387
1 5 617 760 641 360 357 642 387 67
1 5 370 77 371 630 643 393 644 761
1 5 630 371 118 372 761 644 394 645
1 5 194 630 372 137 640 761 645 389
1 5 388 643 761 640 74 390 646 386
1 5 643 393 644 761 390 2 391 646
1 5 761 644 394 645 646 391 75 392
1 5 640 761 645 389 386 646 392 120
1 5 372 118 378 635 645 394 647 762
1 5 635 378 78 379 762 647 398 648
1 5 380 635 379 119 649 762 648 399
1 5 389 645 762 649 120 392 650 397
1 5 645 394 647 762 392 75 395 650
1 5 762 647 398 648 650 395 3 396
1 5 649 762 648 399 397 650 396 76
1 5 195 137 380 638 641 389 649 763
1 5 638 380 119 384 763 649 399 651
1 5 347 638 384 70 620 763 651 364
1 5 360 641 763 620 67 387 652 361
1 5 641 389 649 763 387 120 397 652
1 5 763 649 399 651 652 397 76 400
1 5 620 763 651 364 361 652 400 7
1 5 314 27 216 653 579 221 509 764
1 5 653 216 79 401 764 509 224 654
1 5 202 653 401 121 501 764 654 211
1 5 210 579 764 501 108 317 655 206
1 5 579 221 509 764 317 61 220 655
1 5 764 509 224 654 655 220 122 402
1 5 501 764 654 211 206 655 402 138
1 5 401 79 403 656 654 224 657 765
1 5 656 403 30 404 765 657 409 658
1 5 405 656 404 80 659 765 658 234
1 5 211 654 765 659 138 402 660 408
1 5 654 224 657 765 402 122 406 660
1 5 765 657 409 658 660 406 82 407
1 5 659 765 658 234 408 660 407 123
1 5 203 121 405 661 502 211 659 766
1 5 661 405 80 225 766 659 234 512
1 5 410 661 225 29 662 766 512 233
1 5 212 502 766 662 124 207 663 411
1 5 502 211 659 766 207 138 408 663
1 5 766 659 234 512 663 408 123 229
1 5 662 766 512 233 411 663 229 83
1 5 205 108 206 504 598 337 664 767
1 5 504 206 138 207 767 664 412 665
1 5 208 504 207 124 666 767 665 413
1 5 339 598 767 666 9 144 473 149
1 5 598 337 664 767 144 35 152 473
1 5 767 664 412 665 473 152 98 148
1 5 666 767 665 413 149 473 148 40
1 5 317 61 220 655 595 336 667 768
1 5 655 220 122 402 768 667 414 668
1 5 206 655 402 138 664 768 668 412
1 5 337 595 768 664 35 254 529 152
1 5 595 336 667 768 254 8 257 529
1 5 768 667 414 668 529 257 43 256
1 5 664 768 668 412 152 529 256 98
1 5 402 122 406 660 668 414 669 769
1 5 660 406 82 407 769 669 415 670
1 5 408 660 407 123 671 769 670 416
1 5 412 668 769 671 98 256 544 261
1 5 668 414 669 769 256 43 274 544
1 5 769 669 415 670 544 274 11 273
1 5 671 769 670 416 261 544 273 39
1 5 207 138 408 663 665 412 671 770
1 5 663 408 123 229 770 671 416 672
1 5 411 663 229 83 673 770 672 417
1 5 413 665 770 673 40 148 534 258
1 5 665 412 671 770 148 98 261 534
1 5 770 671 416 672 534 261 39 156
1 5 673 770 672 417 258 534 156 12
1 5 345 28 418 674 607 350 675 771
1 5 674 418 84 419 771 675 422 676
1 5 214 674 419 125 507 771 676 223
1 5 222 607 771 507 114 348 677 218
1 5 607 350 675 771 348 70 420 677
1 5 771 675 422 676 677 420 126 421
1 5 507 771 676 223 218 677 421 139
1 5 419 84 423 678 676 422 679 772
1 5 678 423 31 424 772 679 429 680
1 5 425 678 424 85 681 772 680 430
1 5 223 676 772 681 139 421 682 428
1 5 676 422 679 772 421 126 426 682
1 5 772 679 429 680 682 426 88 427
1 5 681 772 680 430 428 682 427 127
1 5 215 125 425 683 508 223 681 773
1 5 683 425 85 431 773 681 430 684
1 5 403 683 431 30 657 773 684 409
1 5 224 508 773 657 122 219 685 406
1 5 508 223 681 773 219 139 428 685
1 5 773 681 430 684 685 428 127 432
1 5 657 773 684 409 406 685 432 82
1 5 217 114 218 510 624 365 686 774
1 5 510 218 139 219 774 686 435 687
1 5 220 510 219 122 667 774 687 414
1 5 336 624 774 667 8 366 688 257
1 5 624 365 686 774 366 68 433 688
1 5 774 686 435 687 688 433 128 434
1 5 667 774 687 414 257 688 434 43
1 5 348 70 420 677 621 364 689 775
1 5 677 420 126 421 775 689 438 690
1 5 218 677 421 139 686 775 690 435
1 5 365 621 775 686 68 362 691 433
1 5 621 364 689 775 362 7 436 691
1 5 775 689 438 690 691 436 86 437
1 5 686 775 690 435 433 691 437 128
1 5 421 126 426 682 690 438 692 776
1 5 682 426 88 427 776 692 442 693
1 5 428 682 427 127 694 776 693 443
1 5 435 690 776 694 128 437 695 441
1 5 690 438 692 776 437 86 439 695
1 5 776 692 442 693 695 439 10 440
1 5 694 776 693 443 441 695 440 87
1 5 219 139 428 685 687 435 694 777
1 5 685 428 127 432 777 694 443 696
1 5 406 685 432 82 669 777 696 415
1 5 414 687 777 669 43 434 697 274
1 5 687 435 694 777 434 128 441 697
1 5 777 694 443 696 697 441 87 444
1 5 669 777 696 415 274 697 444 11
1 5 404 30 445 698 658 409 699 778
1 5 698 445 89 446 778 699 449 700
1 5 226 698 446 129 513 778 700 235
1 5 234 658 778 513 123 407 701 230
1 5 658 409 699 778 407 82 447 701
1 5 778 699 449 700 701 447 130 448
1 5 513 778 700 235 230 701 448 140
1 5 446 89 450 702 700 449 703 779
1 5 702 450 17 451 779 703 456 704
1 5 452 702 451 90 705 779 704 457
1 5 235 700 779 705 140 448 706 455
1 5 700 449 703 779 448 130 453 706
1 5 779 703 456 704 706 453 92 454
1 5 705 779 704 457 455 706 454 131
1 5 227 129 452 707 514 235 705 780
1 5 707 452 90 458 780 705 457 708
1 5 459 707 458 18 709 780 708 462
1 5 236 514 780 709 132 231 710 461
1 5 514 235 705 780 231 140 455 710
1 5 780 705 457 708 710 455 131 460
1 5 709 780 708 462 461 710 460 93
1 5 229 123 230 516 672 416 711 781
1 5 516 230 140 231 781 711 463 712
1 5 232 516 231 132 713 781 712 464
1 5 417 672 781 713 12 156 479 161
1 5 672 416 711 781 156 39 164 479
1 5 781 711 463 712 479 164 103 160
1 5 713 781 712 464 161 479 160 48
1 5 407 82 447 701 670 415 714 782
1 5 701 447 130 448 782 714 465 715
1 5 230 701 448 140 711 782 715 463
1 5 416 670 782 711 39 273 555 164
1 5 670 415 714 782 273 11 287 555
1 5 782 714 465 715 555 287 51 286
1 5 711 782 715 463 164 555 286 103
1 5 448 130 453 706 715 465 716 783
1 5 706 453 92 454 783 716 466 717
1 5 455 706 454 131 718 783 717 467
1 5 463 715 783 718 103 286 571 295
1 5 715 465 716 783 286 51 308 571
1 5 783 716 466 717 571 308 1 307
1 5 718 783 717 467 295 571 307 47
1 5 231 140 455 710 712 463 718 784
1 5 710 455 131 460 784 718 467 719
1 5 461 710 460 93 720 784 719 468
1 5 464 712 784 720 48 160 560 292
1 5 712 463 718 784 160 103 295 560
1 5 784 718 467 719 560 295 47 291
1 5 720 784 719 468 292 560 291 0

boundary
480
20 3 329 5 330 593
20 3 144 469 141 9
20 3 356 4 357 619
20 3 390 2 391 646
20 3 237 19 243 518
20 3 19 238 519 243
20 3 20 246 524 251
20 3 362 7 436 691
20 3 262 21 278 546
20 3 21 263 547 278
20 3 22 268 551 283
20 3 0 288 561 291
20 3 375 15 381 632
20 3 168 481 165 23
20 3 180 487 177 24
20 3 192 493 189 25
20 3 204 499 201 26
20 3 216 505 213 27
20 3 228 511 225 29
20 3 309 24 185 574
20 3 340 25 197 602
20 3 367 16 373 627
20 3 168 23 173 485
20 3 15 376 633 381
20 3 204 26 209 503
20 3 28 418 675 350
20 3 31 424 680 429
20 3 228 29 233 515
20 3 30 445 699 409
20 3 17 451 704 456
20 3 321 56 322 589
20 3 323 110 335 600
20 3 331 57 334 597
20 3 142 517 237 32
20 3 247 522 239 94
20 3 254 527 143 35
20 3 33 245 523 244
20 3 96 248 539 266
20 3 41 241 536 265
20 3 351 66 352 615
20 3 353 115 363 625
20 3 358 67 361 623
20 3 385 74 386 642
20 3 387 120 397 652
20 3 392 75 395 650
20 3 368 72 374 628
20 3 371 118 394 644
20 3 378 78 398 647
20 3 73 383 637 382
20 3 119 384 651 399
20 3 78 379 648 398
20 3 84 423 679 422
20 3 126 426 692 438
20 3 70 420 689 364
20 3 141 32 150 470
20 3 145 95 259 531
20 3 240 41 265 535
20 3 319 55 176 583
20 3 320 109 328 599
20 3 172 59 325 588
20 3 410 81 212 662
20 3 411 124 413 673
20 3 208 62 339 666
20 3 34 253 528 252
20 3 97 255 543 271
20 3 42 249 540 270
20 3 366 68 433 688
20 3 434 128 441 697
20 3 437 86 439 695
20 3 38 272 554 284
20 3 102 285 570 305
20 3 50 281 567 304
20 3 44 296 565 289
20 3 104 298 569 303
20 3 47 290 572 307
20 3 85 431 684 430
20 3 127 432 696 443
20 3 88 427 693 442
20 3 89 450 703 449
20 3 130 453 716 465
20 3 82 447 714 415
20 3 90 458 708 457
20 3 131 460 719 467
20 3 92 454 717 466
20 3 153 36 162 476
20 3 157 100 293 557
20 3 275 49 299 562
20 3 37 267 550 279
20 3 101 280 566 300
20 3 49 276 563 299
20 3 166 573 309 52
20 3 315 577 310 105
20 3 319 582 167 55
20 3 202 653 314 54
20 3 405 656 401 121
20 3 410 661 203 81
20 3 214 674 345 65
20 3 425 678 419 125
20 3 403 683 215 79
20 3 178 601 340 63
20 3 346 605 341 111
20 3 313 610 179 53
20 3 190 626 367 71
20 3 377 631 369 116
20 3 344 636 191 64
20 3 226 698 404 80
20 3 452 702 446 129
20 3 459 707 227 91
20 3 165 52 174 482
20 3 169 106 326 585
20 3 311 60 332 590
20 3 177 63 186 488
20 3 181 112 354 612
20 3 342 69 359 616
20 3 189 71 198 494
20 3 193 117 388 639
20 3 370 77 393 643
20 3 459 91 236 709
20 3 461 132 464 720
20 3 232 83 417 713
20 3 56 329 593 322
20 3 322 593 331 110
20 3 593 330 57 331
20 3 469 142 32 141
20 3 143 94 142 469
20 3 35 143 469 144
20 3 238 33 244 519
20 3 519 244 96 241
20 3 243 519 241 41
20 3 6 321 589 324
20 3 324 589 323 58
20 3 589 322 110 323
20 3 58 323 600 338
20 3 338 600 144 9
20 3 600 335 35 144
20 3 110 331 597 335
20 3 335 597 254 35
20 3 597 334 8 254
20 3 517 238 19 237
20 3 239 33 238 517
20 3 94 239 517 142
20 3 522 245 33 239
20 3 246 20 245 522
20 3 34 246 522 247
20 3 527 247 94 143
20 3 253 34 247 527
20 3 8 253 527 254
20 3 245 20 251 523
20 3 523 251 42 248
20 3 244 523 248 96
20 3 248 42 270 539
20 3 539 270 22 267
20 3 266 539 267 37
20 3 241 96 266 536
20 3 536 266 37 263
20 3 265 536 263 21
20 3 66 356 619 352
20 3 352 619 358 115
20 3 619 357 67 358
20 3 74 390 646 386
20 3 386 646 392 120
20 3 646 391 75 392
20 3 72 375 632 374
20 3 374 632 378 118
20 3 632 381 78 378
20 3 376 73 382 633
20 3 633 382 119 379
20 3 381 633 379 78
20 3 418 84 422 675
20 3 675 422 126 420
20 3 350 675 420 70
20 3 5 351 615 330
20 3 330 615 353 57
20 3 615 352 115 353
20 3 57 353 625 334
20 3 334 625 366 8
20 3 625 363 68 366
20 3 115 358 623 363
20 3 363 623 362 68
20 3 623 361 7 362
20 3 4 385 642 357
20 3 357 642 387 67
20 3 642 386 120 387
20 3 67 387 652 361
20 3 361 652 400 7
20 3 652 397 76 400
20 3 120 392 650 397
20 3 397 650 396 76
20 3 650 395 3 396
20 3 16 368 628 373
20 3 373 628 371 77
20 3 628 374 118 371
20 3 77 371 644 393
20 3 393 644 391 2
20 3 644 394 75 391
20 3 118 378 647 394
20 3 394 647 395 75
20 3 647 398 3 395
20 3 383 28 350 637
20 3 637 350 70 384
20 3 382 637 384 119
20 3 384 70 364 651
20 3 651 364 7 400
20 3 399 651 400 76
20 3 379 119 399 648
20 3 648 399 76 396
20 3 398 648 396 3
20 3 423 31 429 679
20 3 679 429 88 426
20 3 422 679 426 126
20 3 426 88 442 692
20 3 692 442 10 439
20 3 438 692 439 86
20 3 420 126 438 689
20 3 689 438 86 436
20 3 364 689 436 7
20 3 32 237 518 150
20 3 150 518 240 95
20 3 518 243 41 240
20 3 55 168 485 176
20 3 176 485 172 109
20 3 485 173 59 172
20 3 81 204 503 212
20 3 212 503 208 124
20 3 503 209 62 208
20 3 9 141 470 149
20 3 149 470 145 40
20 3 470 150 95 145
20 3 40 145 531 258
20 3 258 531 153 12
20 3 531 259 36 153
20 3 95 240 535 259
20 3 259 535 262 36
20 3 535 265 21 262
20 3 26 319 583 209
20 3 209 583 320 62
20 3 583 176 109 320
20 3 62 320 599 339
20 3 339 599 338 9
20 3 599 328 58 338
20 3 109 172 588 328
20 3 328 588 324 58
20 3 588 325 6 324
20 3 29 410 662 233
20 3 233 662 411 83
20 3 662 212 124 411
20 3 83 411 673 417
20 3 417 673 258 12
20 3 673 413 40 258
20 3 124 208 666 413
20 3 413 666 149 40
20 3 666 339 9 149
20 3 246 34 252 524
20 3 524 252 97 249
20 3 251 524 249 42
20 3 68 362 691 433
20 3 433 691 437 128
20 3 691 436 86 437
20 3 268 38 284 551
20 3 551 284 102 281
20 3 283 551 281 50
20 3 288 44 289 561
20 3 561 289 104 290
20 3 291 561 290 47
20 3 424 85 430 680
20 3 680 430 127 427
20 3 429 680 427 88
20 3 445 89 449 699
20 3 699 449 130 447
20 3 409 699 447 82
20 3 451 90 457 704
20 3 704 457 131 454
20 3 456 704 454 92
20 3 253 8 257 528
20 3 528 257 43 255
20 3 252 528 255 97
20 3 255 43 274 543
20 3 543 274 11 272
20 3 271 543 272 38
20 3 249 97 271 540
20 3 540 271 38 268
20 3 270 540 268 22
20 3 8 366 688 257
20 3 257 688 434 43
20 3 688 433 128 434
20 3 43 434 697 274
20 3 274 697 444 11
20 3 697 441 87 444
20 3 128 437 695 441
20 3 441 695 440 87
20 3 695 439 10 440
20 3 272 11 287 554
20 3 554 287 51 285
20 3 284 554 285 102
20 3 285 51 308 570
20 3 570 308 1 306
20 3 305 570 306 46
20 3 281 102 305 567
20 3 567 305 46 302
20 3 304 567 302 14
20 3 296 13 297 565
20 3 565 297 45 298
20 3 289 565 298 104
20 3 298 45 301 569
20 3 569 301 14 302
20 3 303 569 302 46
20 3 290 104 303 572
20 3 572 303 46 306
20 3 307 572 306 1
20 3 431 30 409 684
20 3 684 409 82 432
20 3 430 684 432 127
20 3 432 82 415 696
20 3 696 415 11 444
20 3 443 696 444 87
20 3 427 127 443 693
20 3 693 443 87 440
20 3 442 693 440 10
20 3 450 17 456 703
20 3 703 456 92 453
20 3 449 703 453 130
20 3 453 92 466 716
20 3 716 466 1 308
20 3 465 716 308 51
20 3 447 130 465 714
20 3 714 465 51 287
20 3 415 714 287 11
20 3 458 18 462 708
20 3 708 462 93 460
20 3 457 708 460 131
20 3 460 93 468 719
20 3 719 468 0 291
20 3 467 719 291 47
20 3 454 131 467 717
20 3 717 467 47 307
20 3 466 717 307 1
20 3 36 262 546 162
20 3 162 546 275 100
20 3 546 278 49 275
20 3 12 153 476 161
20 3 161 476 157 48
20 3 476 162 100 157
20 3 48 157 557 292
20 3 292 557 288 0
20 3 557 293 44 288
20 3 100 275 562 293
20 3 293 562 296 44
20 3 562 299 13 296
20 3 263 37 279 547
20 3 547 279 101 276
20 3 278 547 276 49
20 3 267 22 283 550
20 3 550 283 50 280
20 3 279 550 280 101
20 3 280 50 304 566
20 3 566 304 14 301
20 3 300 566 301 45
20 3 276 101 300 563
20 3 563 300 45 297
20 3 299 563 297 13
20 3 481 166 52 165
20 3 167 105 166 481
20 3 55 167 481 168
20 3 499 202 54 201
20 3 203 121 202 499
20 3 81 203 499 204
20 3 505 214 65 213
20 3 215 125 214 505
20 3 79 215 505 216
20 3 573 180 24 309
20 3 310 53 180 573
20 3 105 310 573 166
20 3 577 313 53 310
20 3 314 27 313 577
20 3 54 314 577 315
20 3 582 315 105 167
20 3 201 54 315 582
20 3 26 201 582 319
20 3 653 216 27 314
20 3 401 79 216 653
20 3 121 401 653 202
20 3 656 403 79 401
20 3 404 30 403 656
20 3 80 404 656 405
20 3 661 405 121 203
20 3 225 80 405 661
20 3 29 225 661 410
20 3 674 418 28 345
20 3 419 84 418 674
20 3 125 419 674 214
20 3 678 423 84 419
20 3 424 31 423 678
20 3 85 424 678 425
20 3 683 425 125 215
20 3 431 85 425 683
20 3 30 431 683 403
20 3 487 178 63 177
20 3 179 111 178 487
20 3 53 179 487 180
20 3 493 190 71 189
20 3 191 116 190 493
20 3 64 191 493 192
20 3 601 192 25 340
20 3 341 64 192 601
20 3 111 341 601 178
20 3 605 344 64 341
20 3 345 28 344 605
20 3 65 345 605 346
20 3 610 346 111 179
20 3 213 65 346 610
20 3 27 213 610 313
20 3 626 368 16 367
20 3 369 72 368 626
20 3 116 369 626 190
20 3 631 375 72 369
20 3 376 15 375 631
20 3 73 376 631 377
20 3 636 377 116 191
20 3 383 73 377 636
20 3 28 383 636 344
20 3 511 226 80 225
20 3 227 129 226 511
20 3 91 227 511 228
20 3 698 445 30 404
20 3 446 89 445 698
20 3 129 446 698 226
20 3 702 450 89 446
20 3 451 17 450 702
20 3 90 451 702 452
20 3 707 452 129 227
20 3 458 90 452 707
20 3 18 458 707 459
20 3 52 309 574 174
20 3 174 574 311 106
20 3 574 185 60 311
20 3 23 165 482 173
20 3 173 482 169 59
20 3 482 174 106 169
20 3 59 169 585 325
20 3 325 585 321 6
20 3 585 326 56 321
20 3 106 311 590 326
20 3 326 590 329 56
20 3 590 332 5 329
20 3 63 340 602 186
20 3 186 602 342 112
20 3 602 197 69 342
20 3 71 367 627 198
20 3 198 627 370 117
20 3 627 373 77 370
20 3 24 177 488 185
20 3 185 488 181 60
20 3 488 186 112 181
20 3 60 181 612 332
20 3 332 612 351 5
20 3 612 354 66 351
20 3 112 342 616 354
20 3 354 616 356 66
20 3 616 359 4 356
20 3 25 189 494 197
20 3 197 494 193 69
20 3 494 198 117 193
20 3 69 193 639 359
20 3 359 639 385 4
20 3 639 388 74 385
20 3 117 370 643 388
20 3 388 643 390 74
20 3 643 393 2 390
20 3 91 228 515 236
20 3 236 515 232 132
20 3 515 233 83 232
20 3 18 459 709 462
20 3 462 709 461 93
20 3 709 236 132 461
20 3 93 461 720 468
20 3 468 720 292 0
20 3 720 464 48 292
20 3 132 232 713 464
20 3 464 713 161 48
20 3 713 417 12 161

vertices
785

nodes
FiniteElementSpace
FiniteElementCollection: H1_3D_P2
VDim: 3
Ordering: 0

-0.28867513
-0.28867513
-0.28867513
-0.28867513
-0.28867513
-0.28867513
-0.28867513
-0.28867513
-0.28867513
-0.28867513
-0.28867513
-0.28867513
-0.28867513
-0.14433757
-0.14433757
-0.38463884
-0.37864925
-0.38463884
-0.37864925
-0.14433757
-0.14433757
-0.14433757
-0.14433757
-0.40974402
-0.42041877
-0.40974402
-0.42041877
-0.43275991
-0.42041877
-0.40974402
-0.42041877
-0.40974402
-0.21650635
-0.14433757
-0.21650635
-0.28867513
-0.21650635
-0.14433757
-0.21650635
-0.28867513
-0.28867513
-0.14433757
-0.14433757
-0.28867513
-0.21650635
-0.14433757
-0.21650635
-0.28867513
-0.28867513
-0.14433757
-0.14433757
-0.28867513
-0.41508139
-0.42658934
-0.42658934
-0.41508139
-0.28867513
-0.28867513
-0.28867513
-0.34920958
-0.35454695
-0.36071752
-0.35454695
-0.41508139
-0.41508139
-0.42658934
-0.28867513
-0.28867513
-0.28867513
-0.34920958
-0.35454695
-0.39419663
-0.38164404
-0.4025288
-0.28867513
-0.28867513
-0.28867513
-0.33366219
-0.33665699
-0.42658934
-0.41508139
-0.41508139
-0.35454695
-0.34920958
-0.41508139
-0.41508139
-0.28867513
-0.28867513
-0.34920958
-0.4025288
-0.38164404
-0.39419663
-0.33665699
-0.33366219
-0.21650635
-0.21650635
-0.14433757
-0.21650635
-0.28867513
-0.21650635
-0.21650635
-0.14433757
-0.21650635
-0.28867513
-0.21650635
-0.42083536
-0.35187826
-0.35763224
-0.35763224
-0.35187826
-0.28867513
-0.42083536
-0.35187826
-0.35187826
-0.35763224
-0.28867513
-0.39836272
-0.34143588
-0.33515959
-0.34560197
-0.28867513
-0.42083536
-0.35763224
-0.35187826
-0.35187826
-0.42083536
-0.35187826
-0.35187826
-0.28867513
-0.39836272
-0.34560197
-0.33515959
-0.34143588
-0.21650635
-0.21650635
-0.35475525
-0.35475525
-0.34351893
-0.35475525
-0.35475525
-0.34351893
-0.25259074
-0.21650635
-0.25259074
-0.28867513
-0.25259074
-0.21650635
-0.25259074
-0.28867513
-0.28867513
-0.21650635
-0.21650635
-0.28867513
-0.25259074
-0.21650635
-0.25259074
-0.28867513
-0.25259074
-0.21650635
-0.25259074
-0.28867513
-0.28867513
-0.21650635
-0.21650635
-0.28867513
-0.4124127
-0.41795838
-0.41795838
-0.4124127
-0.35054392
-0.35331676
-0.35331676
-0.35054392
-0.3794768
-0.38347983
-0.38779531
-0.38347983
-0.41775008
-0.41795838
-0.42371235
-0.42350405
-0.35321261
-0.35331676
-0.35619374
-0.35608959
-0.38748286
-0.38347983
-0.38779531
-0.39211079
-0.40197032
-0.39627968
-0.40672206
-0.4124127
-0.34532273
-0.3424774
-0.3476986
-0.35054392
-0.3794768
-0.36781626
-0.37094082
-0.38347983
-0.42350405
-0.42371235
-0.41795838
-0.41775008
-0.35608959
-0.35619374
-0.35331676
-0.35321261
-0.38748286
-0.39211079
-0.38779531
-0.38347983
-0.42967462
-0.42371235
-0.42371235
-0.42967462
-0.35917488
-0.35619374
-0.35619374
-0.35917488
-0.39673871
-0.39211079
-0.38779531
-0.39211079
-0.4124127
-0.40672206
-0.39627968
-0.40197032
-0.35054392
-0.3476986
-0.3424774
-0.34532273
-0.3794768
-0.38347983
-0.37094082
-0.36781626
-0.18042196
-0.14433757
-0.18042196
-0.18042196
-0.14433757
-0.18042196
-0.14433757
-0.14433757
-0.14433757
-0.18042196
-0.21650635
-0.14433757
-0.18042196
-0.21650635
-0.14433757
-0.21650635
-0.25259074
-0.28867513
-0.25259074
-0.28867513
-0.28867513
-0.28867513
-0.21650635
-0.21650635
-0.28867513
-0.18042196
-0.14433757
-0.18042196
-0.14433757
-0.14433757
-0.14433757
-0.18042196
-0.21650635
-0.14433757
-0.21650635
-0.25259074
-0.28867513
-0.28867513
-0.18042196
-0.14433757
-0.18042196
-0.14433757
-0.14433757
-0.14433757
-0.18042196
-0.21650635
-0.14433757
-0.21650635
-0.25259074
-0.28867513
-0.28867513
-0.25259074
-0.21650635
-0.25259074
-0.28867513
-0.28867513
-0.21650635
-0.21650635
-0.28867513
-0.18042196
-0.14433757
-0.18042196
-0.14433757
-0.14433757
-0.14433757
-0.18042196
-0.21650635
-0.14433757
-0.21650635
-0.25259074
-0.28867513
-0.28867513
-0.41775008
-0.42371235
-0.35321261
-0.35619374
-0.42967462
-0.42967462
-0.42371235
-0.35917488
-0.35917488
-0.35619374
-0.41775008
-0.35321261
-0.28867513
-0.28867513
-0.28867513
-0.28867513
-0.31894235
-0.3202767
-0.32171519
-0.3202767
-0.28867513
-0.28867513
-0.28867513
-0.32161104
-0.32315369
-0.28867513
-0.28867513
-0.32469633
-0.32315369
-0.28867513
-0.32161104
-0.4124127
-0.41795838
-0.35054392
-0.35331676
-0.41775008
-0.42350405
-0.42371235
-0.35321261
-0.35608959
-0.35619374
-0.38748286
-0.28867513
-0.28867513
-0.28867513
-0.3202767
-0.32171519
-0.28867513
-0.28867513
-0.28867513
-0.31894235
-0.3202767
-0.28867513
-0.28867513
-0.28867513
-0.32161104
-0.32315369
-0.28867513
-0.38642294
-0.38014665
-0.39000338
-0.33754904
-0.33441089
-0.33933926
-0.35615572
-0.35840182
-0.38314144
-0.39358382
-0.40044576
-0.33590829
-0.34112948
-0.34456045
-0.36064791
-0.37406539
-0.41147379
-0.35007446
-0.28867513
-0.28867513
-0.28867513
-0.31505551
-0.31609703
-0.28867513
-0.28867513
-0.28867513
-0.31116866
-0.31191736
-0.28867513
-0.28867513
-0.28867513
-0.31266606
-0.31713855
-0.28867513
-0.42371235
-0.35619374
-0.42350405
-0.41775008
-0.41795838
-0.35608959
-0.35321261
-0.35331676
-0.38748286
-0.4124127
-0.35054392
-0.32171519
-0.3202767
-0.32315369
-0.32161104
-0.3202767
-0.31894235
-0.41775008
-0.41795838
-0.35321261
-0.35331676
-0.38347983
-0.4124127
-0.4124127
-0.41795838
-0.35054392
-0.35054392
-0.35331676
-0.3794768
-0.38347983
-0.41775008
-0.35321261
-0.28867513
-0.28867513
-0.32171519
-0.28867513
-0.28867513
-0.3202767
-0.28867513
-0.28867513
-0.28867513
-0.31894235
-0.3202767
-0.28867513
-0.41147379
-0.40044576
-0.35007446
-0.34456045
-0.37406539
-0.39358382
-0.38314144
-0.39000338
-0.34112948
-0.33590829
-0.33933926
-0.36064791
-0.35840182
-0.38014665
-0.38642294
-0.33441089
-0.33754904
-0.35615572
-0.31609703
-0.31505551
-0.31713855
-0.31266606
-0.31191736
-0.31116866
-0.25259074
-0.25259074
-0.21650635
-0.25259074
-0.28867513
-0.25259074
-0.25259074
-0.25259074
-0.21650635
-0.25259074
-0.28867513
-0.25259074
-0.41518554
-0.38147831
-0.38563757
-0.38563757
-0.38147831
-0.35193034
-0.42073122
-0.38548134
-0.38563757
-0.38995305
-0.38979682
-0.35470318
-0.40434619
-0.37364653
-0.36937854
-0.37721033
-0.38147831
-0.34651066
-0.42073122
-0.38979682
-0.38995305
-0.38563757
-0.38548134
-0.35470318
-0.42669349
-0.39442475
-0.38995305
-0.38995305
-0.39442475
-0.35768431
-0.40434619
-0.38147831
-0.37721033
-0.36937854
-0.37364653
-0.34651066
-0.18042196
-0.18042196
-0.14433757
-0.18042196
-0.18042196
-0.18042196
-0.14433757
-0.18042196
-0.21650635
-0.18042196
-0.25259074
-0.25259074
-0.28867513
-0.25259074
-0.25259074
-0.21650635
-0.25259074
-0.28867513
-0.18042196
-0.14433757
-0.18042196
-0.18042196
-0.14433757
-0.18042196
-0.21650635
-0.18042196
-0.25259074
-0.28867513
-0.25259074
-0.18042196
-0.14433757
-0.18042196
-0.18042196
-0.14433757
-0.18042196
-0.21650635
-0.18042196
-0.25259074
-0.28867513
-0.25259074
-0.25259074
-0.21650635
-0.25259074
-0.28867513
-0.25259074
-0.18042196
-0.14433757
-0.18042196
-0.18042196
-0.14433757
-0.18042196
-0.21650635
-0.18042196
-0.25259074
-0.28867513
-0.25259074
-0.42073122
-0.38548134
-0.38995305
-0.35470318
-0.42669349
-0.39442475
-0.39442475
-0.38995305
-0.35768431
-0.42073122
-0.38548134
-0.35470318
-0.31960953
-0.32099595
-0.32099595
-0.31960953
-0.28867513
-0.32094387
-0.32238236
-0.32243444
-0.28867513
-0.32392501
-0.32392501
-0.32243444
-0.28867513
-0.32238236
-0.32094387
-0.28867513
-0.41518554
-0.38147831
-0.38563757
-0.35193034
-0.42073122
-0.38548134
-0.38979682
-0.38995305
-0.35470318
-0.42669349
-0.35768431
-0.32094387
-0.32099595
-0.32243444
-0.28867513
-0.31960953
-0.31960953
-0.32099595
-0.28867513
-0.32094387
-0.32238236
-0.32243444
-0.28867513
-0.32392501
-0.28867513
-0.38821316
-0.36198599
-0.35727877
-0.36467132
-0.33844415
-0.3917936
-0.35952487
-0.36735665
-0.3725031
-0.34023437
-0.40909792
-0.38077412
-0.34888653
-0.31699893
-0.31557627
-0.31818686
-0.28867513
-0.31311209
-0.31154301
-0.3140072
-0.28867513
-0.31229171
-0.31490231
-0.31661779
-0.28867513
-0.3193748
-0.28867513
-0.42669349
-0.38995305
-0.35768431
-0.42073122
-0.38979682
-0.38548134
-0.38563757
-0.35470318
-0.41518554
-0.38147831
-0.35193034
-0.32243444
-0.32099595
-0.32094387
-0.32392501
-0.32243444
-0.32238236
-0.32094387
-0.32099595
-0.31960953
-0.31960953
-0.42073122
-0.38548134
-0.38563757
-0.35470318
-0.41518554
-0.38147831
-0.38147831
-0.38563757
-0.35193034
-0.42073122
-0.38548134
-0.35470318
-0.32243444
-0.32243444
-0.28867513
-0.32094387
-0.32099595
-0.28867513
-0.31960953
-0.31960953
-0.32099595
-0.28867513
-0.32094387
-0.28867513
-0.40909792
-0.38077412
-0.3725031
-0.34888653
-0.3917936
-0.36735665
-0.35952487
-0.36467132
-0.34023437
-0.38821316
-0.35727877
-0.36198599
-0.33844415
-0.31818686
-0.31557627
-0.31699893
-0.3193748
-0.31661779
-0.31490231
-0.31229171
-0.3140072
-0.31154301
-0.31311209
-0.25259074
-0.25259074
-0.38355794
-0.3877172
-0.37542843
-0.3877172
-0.3921889
-0.37542843
-0.18042196
-0.18042196
-0.25259074
-0.25259074
-0.18042196
-0.18042196
-0.25259074
-0.18042196
-0.18042196
-0.25259074
-0.25259074
-0.18042196
-0.18042196
-0.25259074
-0.3877172
-0.3921889
-0.3877172
-0.32030274
-0.32168915
-0.32317972
-0.32168915
-0.38355794
-0.3877172
-0.3921889
-0.32168915
-0.32030274
-0.32168915
-0.32317972
-0.36332865
-0.36601399
-0.37899222
-0.3175929
-0.31355964
-0.31445475
-0.31878083
-0.3921889
-0.3877172
-0.38355794
-0.32168915
-0.32317972
-0.32168915
-0.32030274
-0.3877172
-0.38355794
-0.3877172
-0.32317972
-0.32168915
-0.32030274
-0.32168915
-0.37899222
-0.36601399
-0.36332865
-0.3175929
-0.31878083
-0.31445475
-0.31355964
-0.27063294
-0.25259074
-0.27063294
-0.28867513
-0.27063294
-0.25259074
-0.27063294
-0.28867513
-0.28867513
-0.25259074
-0.25259074
-0.28867513
-0.27063294
-0.25259074
-0.27063294
-0.28867513
-0.27063294
-0.25259074
-0.27063294
-0.28867513
-0.28867513
-0.25259074
-0.25259074
-0.28867513
-0.41107836
-0.41379912
-0.41379912
-0.41107836
-0.38047755
-0.38251813
-0.38251813
-0.38047755
-0.39461041
-0.39694551
-0.39937174
-0.39694551
-0.41908443
-0.41924065
-0.42211763
-0.42196141
-0.3864821
-0.38659927
-0.38875701
-0.38863984
-0.40395082
-0.40161571
-0.40422421
-0.40665044
-0.40585717
-0.40315826
-0.40837945
-0.41107836
-0.37656166
-0.37453748
-0.37845337
-0.38047755
-0.39461041
-0.38780843
-0.38988731
-0.39694551
-0.42196141
-0.42211763
-0.41924065
-0.41908443
-0.38863984
-0.38875701
-0.38659927
-0.3864821
-0.40395082
-0.40665044
-0.40422421
-0.40161571
-0.43121726
-0.42818405
-0.42818405
-0.43121726
-0.39558173
-0.39330682
-0.39330682
-0.39558173
-0.41474931
-0.41204969
-0.40944119
-0.41204969
-0.41107836
-0.40837945
-0.40315826
-0.40585717
-0.38047755
-0.37845337
-0.37453748
-0.37656166
-0.39461041
-0.39694551
-0.38988731
-0.38780843
-0.19846416
-0.18042196
-0.19846416
-0.21650635
-0.19846416
-0.18042196
-0.19846416
-0.21650635
-0.21650635
-0.18042196
-0.18042196
-0.21650635
-0.19846416
-0.18042196
-0.19846416
-0.21650635
-0.19846416
-0.18042196
-0.19846416
-0.21650635
-0.21650635
-0.18042196
-0.18042196
-0.21650635
-0.27063294
-0.25259074
-0.27063294
-0.28867513
-0.27063294
-0.25259074
-0.27063294
-0.28867513
-0.28867513
-0.25259074
-0.25259074
-0.28867513
-0.27063294
-0.25259074
-0.27063294
-0.28867513
-0.27063294
-0.25259074
-0.27063294
-0.28867513
-0.28867513
-0.25259074
-0.25259074
-0.28867513
-0.19846416
-0.18042196
-0.19846416
-0.21650635
-0.19846416
-0.18042196
-0.19846416
-0.21650635
-0.21650635
-0.18042196
-0.18042196
-0.21650635
-0.19846416
-0.18042196
-0.19846416
-0.21650635
-0.19846416
-0.18042196
-0.19846416
-0.21650635
-0.21650635
-0.18042196
-0.18042196
-0.21650635
-0.27063294
-0.25259074
-0.27063294
-0.28867513
-0.27063294
-0.25259074
-0.27063294
-0.28867513
-0.28867513
-0.25259074
-0.25259074
-0.28867513
-0.19846416
-0.18042196
-0.19846416
-0.21650635
-0.19846416
-0.18042196
-0.19846416
-0.21650635
-0.21650635
-0.18042196
-0.18042196
-0.21650635
-0.19846416
-0.18042196
-0.19846416
-0.21650635
-0.19846416
-0.18042196
-0.19846416
-0.21650635
-0.21650635
-0.18042196
-0.18042196
-0.21650635
-0.27063294
-0.25259074
-0.27063294
-0.28867513
-0.27063294
-0.25259074
-0.27063294
