MFEM mesh v1.0

#
# MFEM Geometry Types (see mesh/geom.hpp):
#
# POINT       = 0
# SEGMENT     = 1
# TRIANGLE    = 2
# SQUARE      = 3
# TETRAHEDRON = 4
# CUBE        = 5
#

dimension
3

elements
320
1 5 7 93 305 96 101 306 465 309
1 5 10 105 311 108 113 312 466 315
1 5 11 117 317 120 125 318 467 321
1 5 12 129 323 132 137 324 468 327
1 5 13 141 329 144 149 330 469 333
1 5 22 153 335 94 102 336 470 307
1 5 63 155 340 163 103 338 471 343
1 5 25 95 345 170 104 308 472 347
1 5 30 97 310 100 178 349 473 352
1 5 64 156 339 98 179 354 474 350
1 5 88 158 344 166 180 356 475 360
1 5 67 99 348 172 181 351 476 363
1 5 34 195 365 106 114 366 477 313
1 5 69 196 369 201 115 367 478 372
1 5 37 107 374 205 116 314 479 375
1 5 42 109 316 112 211 377 480 380
1 5 70 197 368 110 212 382 481 378
1 5 89 198 373 204 213 384 482 388
1 5 73 111 376 206 214 379 483 391
1 5 46 228 393 118 126 394 484 319
1 5 75 230 398 238 127 396 485 401
1 5 35 119 403 199 128 320 486 370
1 5 43 121 322 124 218 405 487 383
1 5 76 231 397 122 246 409 488 406
1 5 90 233 402 241 247 411 489 415
1 5 71 123 404 202 219 407 490 386
1 5 36 200 419 130 138 371 491 325
1 5 80 259 422 262 139 420 492 424
1 5 55 131 426 265 140 326 493 427
1 5 45 133 328 136 227 390 494 431
1 5 72 203 421 134 224 387 495 429
1 5 91 260 425 264 270 434 496 437
1 5 82 135 428 266 271 430 497 439
1 5 48 237 441 142 150 400 498 331
1 5 84 279 445 285 151 443 499 448
1 5 54 143 450 261 152 332 500 423
1 5 44 145 334 148 223 417 501 433
1 5 78 240 444 146 257 414 502 453
1 5 92 281 449 288 295 457 503 461
1 5 81 147 452 263 274 454 504 436
1 5 93 22 94 305 306 102 307 465
1 5 305 94 63 95 465 307 103 308
1 5 96 305 95 25 309 465 308 104
1 5 101 306 465 309 30 97 310 100
1 5 306 102 307 465 97 64 98 310
1 5 465 307 103 308 310 98 88 99
1 5 309 465 308 104 100 310 99 67
1 5 105 34 106 311 312 114 313 466
1 5 311 106 69 107 466 313 115 314
1 5 108 311 107 37 315 466 314 116
1 5 113 312 466 315 42 109 316 112
1 5 312 114 313 466 109 70 110 316
1 5 466 313 115 314 316 110 89 111
1 5 315 466 314 116 112 316 111 73
1 5 117 46 118 317 318 126 319 467
1 5 317 118 75 119 467 319 127 320
1 5 120 317 119 35 321 467 320 128
1 5 125 318 467 321 43 121 322 124
1 5 318 126 319 467 121 76 122 322
1 5 467 319 127 320 322 122 90 123
1 5 321 467 320 128 124 322 123 71
1 5 129 36 130 323 324 138 325 468
1 5 323 130 80 131 468 325 139 326
1 5 132 323 131 55 327 468 326 140
1 5 137 324 468 327 45 133 328 136
1 5 324 138 325 468 133 72 134 328
1 5 468 325 139 326 328 134 91 135
1 5 327 468 326 140 136 328 135 82
1 5 141 48 142 329 330 150 331 469
1 5 329 142 84 143 469 331 151 332
1 5 144 329 143 54 333 469 332 152
1 5 149 330 469 333 44 145 334 148
1 5 330 150 331 469 145 78 146 334
1 5 469 331 151 332 334 146 92 147
1 5 333 469 332 152 148 334 147 81
1 5 153 1 154 335 336 159 337 470
1 5 335 154 23 155 470 337 160 338
1 5 94 335 155 63 307 470 338 103
1 5 102 336 470 307 64 156 339 98
1 5 336 159 337 470 156 31 157 339
1 5 470 337 160 338 339 157 65 158
1 5 307 470 338 103 98 339 158 88
1 5 155 23 161 340 338 160 341 471
1 5 340 161 2 162 471 341 167 342
1 5 163 340 162 24 343 471 342 168
1 5 103 338 471 343 88 158 344 166
1 5 338 160 341 471 158 65 164 344
1 5 471 341 167 342 344 164 32 165
1 5 343 471 342 168 166 344 165 66
1 5 95 63 163 345 308 103 343 472
1 5 345 163 24 169 472 343 168 346
1 5 170 345 169 6 347 472 346 173
1 5 104 308 472 347 67 99 348 172
1 5 308 103 343 472 99 88 166 348
1 5 472 343 168 346 348 166 66 171
1 5 347 472 346 173 172 348 171 33
1 5 97 64 98 310 349 179 350 473
1 5 310 98 88 99 473 350 180 351
1 5 100 310 99 67 352 473 351 181
1 5 178 349 473 352 16 174 353 177
1 5 349 179 350 473 174 26 175 353
1 5 473 350 180 351 353 175 68 176
1 5 352 473 351 181 177 353 176 29
1 5 156 31 157 339 354 185 355 474
1 5 339 157 65 158 474 355 186 356
1 5 98 339 158 88 350 474 356 180
1 5 179 354 474 350 26 182 357 175
1 5 354 185 355 474 182 8 183 357
1 5 474 355 186 356 357 183 27 184
1 5 350 474 356 180 175 357 184 68
1 5 158 65 164 344 356 186 358 475
1 5 344 164 32 165 475 358 190 359
1 5 166 344 165 66 360 475 359 191
1 5 180 356 475 360 68 184 361 189
1 5 356 186 358 475 184 27 187 361
1 5 475 358 190 359 361 187 9 188
1 5 360 475 359 191 189 361 188 28
1 5 99 88 166 348 351 180 360 476
1 5 348 166 66 171 476 360 191 362
1 5 172 348 171 33 363 476 362 194
1 5 181 351 476 363 29 176 364 193
1 5 351 180 360 476 176 68 189 364
1 5 476 360 191 362 364 189 28 192
1 5 363 476 362 194 193 364 192 17
1 5 195 11 120 365 366 125 321 477
1 5 365 120 35 196 477 321 128 367
1 5 106 365 196 69 313 477 367 115
1 5 114 366 477 313 70 197 368 110
1 5 366 125 321 477 197 43 124 368
1 5 477 321 128 367 368 124 71 198
1 5 313 477 367 115 110 368 198 89
1 5 196 35 199 369 367 128 370 478
1 5 369 199 13 200 478 370 149 371
1 5 201 369 200 36 372 478 371 138
1 5 115 367 478 372 89 198 373 204
1 5 367 128 370 478 198 71 202 373
1 5 478 370 149 371 373 202 44 203
1 5 372 478 371 138 204 373 203 72
1 5 107 69 201 374 314 115 372 479
1 5 374 201 36 129 479 372 138 324
1 5 205 374 129 12 375 479 324 137
1 5 116 314 479 375 73 111 376 206
1 5 314 115 372 479 111 89 204 376
1 5 479 372 138 324 376 204 72 133
1 5 375 479 324 137 206 376 133 45
1 5 109 70 110 316 377 212 378 480
1 5 316 110 89 111 480 378 213 379
1 5 112 316 111 73 380 480 379 214
1 5 211 377 480 380 18 207 381 210
1 5 377 212 378 480 207 38 208 381
1 5 480 378 213 379 381 208 74 209
1 5 380 480 379 214 210 381 209 41
1 5 197 43 124 368 382 218 383 481
1 5 368 124 71 198 481 383 219 384
1 5 110 368 198 89 378 481 384 213
1 5 212 382 481 378 38 215 385 208
1 5 382 218 383 481 215 19 216 385
1 5 481 383 219 384 385 216 39 217
1 5 378 481 384 213 208 385 217 74
1 5 198 71 202 373 384 219 386 482
1 5 373 202 44 203 482 386 223 387
1 5 204 373 203 72 388 482 387 224
1 5 213 384 482 388 74 217 389 222
1 5 384 219 386 482 217 39 220 389
1 5 482 386 223 387 389 220 21 221
1 5 388 482 387 224 222 389 221 40
1 5 111 89 204 376 379 213 388 483
1 5 376 204 72 133 483 388 224 390
1 5 206 376 133 45 391 483 390 227
1 5 214 379 483 391 41 209 392 226
1 5 379 213 388 483 209 74 222 392
1 5 483 388 224 390 392 222 40 225
1 5 391 483 390 227 226 392 225 20
1 5 228 4 229 393 394 234 395 484
1 5 393 229 47 230 484 395 235 396
1 5 118 393 230 75 319 484 396 127
1 5 126 394 484 319 76 231 397 122
1 5 394 234 395 484 231 52 232 397
1 5 484 395 235 396 397 232 77 233
1 5 319 484 396 127 122 397 233 90
1 5 230 47 236 398 396 235 399 485
1 5 398 236 5 237 485 399 242 400
1 5 238 398 237 48 401 485 400 150
1 5 127 396 485 401 90 233 402 241
1 5 396 235 399 485 233 77 239 402
1 5 485 399 242 400 402 239 53 240
1 5 401 485 400 150 241 402 240 78
1 5 119 75 238 403 320 127 401 486
1 5 403 238 48 141 486 401 150 330
1 5 199 403 141 13 370 486 330 149
1 5 128 320 486 370 71 123 404 202
1 5 320 127 401 486 123 90 241 404
1 5 486 401 150 330 404 241 78 145
1 5 370 486 330 149 202 404 145 44
1 5 121 76 122 322 405 246 406 487
1 5 322 122 90 123 487 406 247 407
1 5 124 322 123 71 383 487 407 219
1 5 218 405 487 383 19 243 408 216
1 5 405 246 406 487 243 49 244 408
1 5 487 406 247 407 408 244 79 245
1 5 383 487 407 219 216 408 245 39
1 5 231 52 232 397 409 251 410 488
1 5 397 232 77 233 488 410 252 411
1 5 122 397 233 90 406 488 411 247
1 5 246 409 488 406 49 248 412 244
1 5 409 251 410 488 248 14 249 412
1 5 488 410 252 411 412 249 50 250
1 5 406 488 411 247 244 412 250 79
1 5 233 77 239 402 411 252 413 489
1 5 402 239 53 240 489 413 256 414
1 5 241 402 240 78 415 489 414 257
1 5 247 411 489 415 79 250 416 255
1 5 411 252 413 489 250 50 253 416
1 5 489 413 256 414 416 253 15 254
1 5 415 489 414 257 255 416 254 51
1 5 123 90 241 404 407 247 415 490
1 5 404 241 78 145 490 415 257 417
1 5 202 404 145 44 386 490 417 223
1 5 219 407 490 386 39 245 418 220
1 5 407 247 415 490 245 79 255 418
1 5 490 415 257 417 418 255 51 258
1 5 386 490 417 223 220 418 258 21
1 5 200 13 144 419 371 149 333 491
1 5 419 144 54 259 491 333 152 420
1 5 130 419 259 80 325 491 420 139
1 5 138 371 491 325 72 203 421 134
1 5 371 149 333 491 203 44 148 421
1 5 491 333 152 420 421 148 81 260
1 5 325 491 420 139 134 421 260 91
1 5 259 54 261 422 420 152 423 492
1 5 422 261 2 161 492 423 167 341
1 5 262 422 161 23 424 492 341 160
1 5 139 420 492 424 91 260 425 264
1 5 420 152 423 492 260 81 263 425
1 5 492 423 167 341 425 263 32 164
1 5 424 492 341 160 264 425 164 65
1 5 131 80 262 426 326 139 424 493
1 5 426 262 23 154 493 424 160 337
1 5 265 426 154 1 427 493 337 159
1 5 140 326 493 427 82 135 428 266
1 5 326 139 424 493 135 91 264 428
1 5 493 424 160 337 428 264 65 157
1 5 427 493 337 159 266 428 157 31
1 5 133 72 134 328 390 224 429 494
1 5 328 134 91 135 494 429 270 430
1 5 136 328 135 82 431 494 430 271
1 5 227 390 494 431 20 225 432 269
1 5 390 224 429 494 225 40 267 432
1 5 494 429 270 430 432 267 83 268
1 5 431 494 430 271 269 432 268 57
1 5 203 44 148 421 387 223 433 495
1 5 421 148 81 260 495 433 274 434
1 5 134 421 260 91 429 495 434 270
1 5 224 387 495 429 40 221 435 267
1 5 387 223 433 495 221 21 272 435
1 5 495 433 274 434 435 272 56 273
1 5 429 495 434 270 267 435 273 83
1 5 260 81 263 425 434 274 436 496
1 5 425 263 32 164 496 436 190 358
1 5 264 425 164 65 437 496 358 186
1 5 270 434 496 437 83 273 438 276
1 5 434 274 436 496 273 56 275 438
1 5 496 436 190 358 438 275 9 187
1 5 437 496 358 186 276 438 187 27
1 5 135 91 264 428 430 270 437 497
1 5 428 264 65 157 497 437 186 355
1 5 266 428 157 31 439 497 355 185
1 5 271 430 497 439 57 268 440 277
1 5 430 270 437 497 268 83 276 440
1 5 497 437 186 355 440 276 27 183
1 5 439 497 355 185 277 440 183 8
1 5 237 5 278 441 400 242 442 498
1 5 441 278 58 279 498 442 282 443
1 5 142 441 279 84 331 498 443 151
1 5 150 400 498 331 78 240 444 146
1 5 400 242 442 498 240 53 280 444
1 5 498 442 282 443 444 280 85 281
1 5 331 498 443 151 146 444 281 92
1 5 279 58 283 445 443 282 446 499
1 5 445 283 0 284 499 446 289 447
1 5 285 445 284 59 448 499 447 290
1 5 151 443 499 448 92 281 449 288
1 5 443 282 446 499 281 85 286 449
1 5 499 446 289 447 449 286 62 287
1 5 448 499 447 290 288 449 287 86
1 5 143 84 285 450 332 151 448 500
1 5 450 285 59 291 500 448 290 451
1 5 261 450 291 2 423 500 451 167
1 5 152 332 500 423 81 147 452 263
1 5 332 151 448 500 147 92 288 452
1 5 500 448 290 451 452 288 86 292
1 5 423 500 451 167 263 452 292 32
1 5 145 78 146 334 417 257 453 501
1 5 334 146 92 147 501 453 295 454
1 5 148 334 147 81 433 501 454 274
1 5 223 417 501 433 21 258 455 272
1 5 417 257 453 501 258 51 293 455
1 5 501 453 295 454 455 293 87 294
1 5 433 501 454 274 272 455 294 56
1 5 240 53 280 444 414 256 456 502
1 5 444 280 85 281 502 456 298 457
1 5 146 444 281 92 453 502 457 295
1 5 257 414 502 453 51 254 458 293
1 5 414 256 456 502 254 15 296 458
1 5 502 456 298 457 458 296 60 297
1 5 453 502 457 295 293 458 297 87
1 5 281 85 286 449 457 298 459 503
1 5 449 286 62 287 503 459 302 460
1 5 288 449 287 86 461 503 460 303
1 5 295 457 503 461 87 297 462 301
1 5 457 298 459 503 297 60 299 462
1 5 503 459 302 460 462 299 3 300
1 5 461 503 460 303 301 462 300 61
1 5 147 92 288 452 454 295 461 504
1 5 452 288 86 292 504 461 303 463
1 5 263 452 292 32 436 504 463 190
1 5 274 454 504 436 56 294 464 275
1 5 454 295 461 504 294 87 301 464
1 5 504 461 303 463 464 301 61 304
1 5 436 504 463 190 275 464 304 9

boundary
320
58 3 153 1 159 336
58 3 96 7 101 309
58 3 6 169 345 170
58 3 2 162 342 167
58 3 16 174 353 177
58 3 291 2 167 451
58 3 108 311 105 10
58 3 120 317 117 11
58 3 132 323 129 12
58 3 144 329 141 13
58 3 195 11 125 366
58 3 228 4 234 394
58 3 108 10 113 315
58 3 18 207 381 210
58 3 4 229 395 234
58 3 19 243 408 216
58 3 132 12 137 327
58 3 20 225 432 269
58 3 5 278 442 242
58 3 21 258 455 272
58 3 93 22 102 306
58 3 97 64 179 349
58 3 156 31 185 354
58 3 26 182 357 175
58 3 68 184 361 189
58 3 29 176 364 193
58 3 40 221 435 267
58 3 83 273 438 276
58 3 57 268 440 277
58 3 170 25 104 347
58 3 172 67 181 363
58 3 100 30 178 352
58 3 24 162 340 163
58 3 63 155 335 94
58 3 25 95 305 96
58 3 106 365 195 34
58 3 201 369 196 69
58 3 205 374 107 37
58 3 118 393 228 46
58 3 238 398 230 75
58 3 199 403 119 35
58 3 130 419 200 36
58 3 262 422 259 80
58 3 265 426 131 55
58 3 142 441 237 48
58 3 285 445 279 84
58 3 261 450 143 54
58 3 24 169 346 168
58 3 66 171 362 191
58 3 32 165 359 190
58 3 284 59 290 447
58 3 287 86 303 460
58 3 292 32 190 463
58 3 47 236 399 235
58 3 77 239 413 252
58 3 52 232 410 251
58 3 58 283 446 282
58 3 85 286 459 298
58 3 53 280 456 256
58 3 105 34 114 312
58 3 109 70 212 377
58 3 197 43 218 382
58 3 117 46 126 318
58 3 121 76 246 405
58 3 231 52 251 409
58 3 205 37 116 375
58 3 206 73 214 391
58 3 112 42 211 380
58 3 265 55 140 427
58 3 266 82 271 439
58 3 136 45 227 431
58 3 38 215 385 208
58 3 74 217 389 222
58 3 41 209 392 226
58 3 49 248 412 244
58 3 79 250 416 255
58 3 39 245 418 220
58 3 51 254 458 293
58 3 87 297 462 301
58 3 56 294 464 275
58 3 22 153 336 102
58 3 102 336 156 64
58 3 336 159 31 156
58 3 174 26 175 353
58 3 353 175 68 176
58 3 177 353 176 29
58 3 225 40 267 432
58 3 432 267 83 268
58 3 269 432 268 57
58 3 7 93 306 101
58 3 101 306 97 30
58 3 306 102 64 97
58 3 30 97 349 178
58 3 178 349 174 16
58 3 349 179 26 174
58 3 64 156 354 179
58 3 179 354 182 26
58 3 354 185 8 182
58 3 182 8 183 357
58 3 357 183 27 184
58 3 175 357 184 68
58 3 184 27 187 361
58 3 361 187 9 188
58 3 189 361 188 28
58 3 176 68 189 364
58 3 364 189 28 192
58 3 193 364 192 17
58 3 221 21 272 435
58 3 435 272 56 273
58 3 267 435 273 83
58 3 273 56 275 438
58 3 438 275 9 187
58 3 276 438 187 27
58 3 268 83 276 440
58 3 440 276 27 183
58 3 277 440 183 8
58 3 25 96 309 104
58 3 104 309 100 67
58 3 309 101 30 100
58 3 6 170 347 173
58 3 173 347 172 33
58 3 347 104 67 172
58 3 33 172 363 194
58 3 194 363 193 17
58 3 363 181 29 193
58 3 67 100 352 181
58 3 181 352 177 29
58 3 352 178 16 177
58 3 169 24 163 345
58 3 345 163 63 95
58 3 170 345 95 25
58 3 311 106 34 105
58 3 107 69 106 311
58 3 37 107 311 108
58 3 317 118 46 117
58 3 119 75 118 317
58 3 35 119 317 120
58 3 323 130 36 129
58 3 131 80 130 323
58 3 55 131 323 132
58 3 329 142 48 141
58 3 143 84 142 329
58 3 54 143 329 144
58 3 162 2 161 340
58 3 340 161 23 155
58 3 163 340 155 63
58 3 155 23 154 335
58 3 335 154 1 153
58 3 94 335 153 22
58 3 95 63 94 305
58 3 305 94 22 93
58 3 96 305 93 7
58 3 365 120 11 195
58 3 196 35 120 365
58 3 69 196 365 106
58 3 369 199 35 196
58 3 200 13 199 369
58 3 36 200 369 201
58 3 374 201 69 107
58 3 129 36 201 374
58 3 12 129 374 205
58 3 393 229 4 228
58 3 230 47 229 393
58 3 75 230 393 118
58 3 398 236 47 230
58 3 237 5 236 398
58 3 48 237 398 238
58 3 403 238 75 119
58 3 141 48 238 403
58 3 13 141 403 199
58 3 419 144 13 200
58 3 259 54 144 419
58 3 80 259 419 130
58 3 422 261 54 259
58 3 161 2 261 422
58 3 23 161 422 262
58 3 426 262 80 131
58 3 154 23 262 426
58 3 1 154 426 265
58 3 441 278 5 237
58 3 279 58 278 441
58 3 84 279 441 142
58 3 445 283 58 279
58 3 284 0 283 445
58 3 59 284 445 285
58 3 450 285 84 143
58 3 291 59 285 450
58 3 2 291 450 261
58 3 162 24 168 342
58 3 342 168 66 165
58 3 167 342 165 32
58 3 59 291 451 290
58 3 290 451 292 86
58 3 451 167 32 292
58 3 229 47 235 395
58 3 395 235 77 232
58 3 234 395 232 52
58 3 278 58 282 442
58 3 442 282 85 280
58 3 242 442 280 53
58 3 169 6 173 346
58 3 346 173 33 171
58 3 168 346 171 66
58 3 171 33 194 362
58 3 362 194 17 192
58 3 191 362 192 28
58 3 165 66 191 359
58 3 359 191 28 188
58 3 190 359 188 9
58 3 0 284 447 289
58 3 289 447 287 62
58 3 447 290 86 287
58 3 62 287 460 302
58 3 302 460 300 3
58 3 460 303 61 300
58 3 86 292 463 303
58 3 303 463 304 61
58 3 463 190 9 304
58 3 236 5 242 399
58 3 399 242 53 239
58 3 235 399 239 77
58 3 239 53 256 413
58 3 413 256 15 253
58 3 252 413 253 50
58 3 232 77 252 410
58 3 410 252 50 249
58 3 251 410 249 14
58 3 283 0 289 446
58 3 446 289 62 286
58 3 282 446 286 85
58 3 286 62 302 459
58 3 459 302 3 299
58 3 298 459 299 60
58 3 280 85 298 456
58 3 456 298 60 296
58 3 256 456 296 15
58 3 34 195 366 114
58 3 114 366 197 70
58 3 366 125 43 197
58 3 10 105 312 113
58 3 113 312 109 42
58 3 312 114 70 109
58 3 42 109 377 211
58 3 211 377 207 18
58 3 377 212 38 207
58 3 70 197 382 212
58 3 212 382 215 38
58 3 382 218 19 215
58 3 46 228 394 126
58 3 126 394 231 76
58 3 394 234 52 231
58 3 11 117 318 125
58 3 125 318 121 43
58 3 318 126 76 121
58 3 43 121 405 218
58 3 218 405 243 19
58 3 405 246 49 243
58 3 76 231 409 246
58 3 246 409 248 49
58 3 409 251 14 248
58 3 37 108 315 116
58 3 116 315 112 73
58 3 315 113 42 112
58 3 55 132 327 140
58 3 140 327 136 82
58 3 327 137 45 136
58 3 12 205 375 137
58 3 137 375 206 45
58 3 375 116 73 206
58 3 45 206 391 227
58 3 227 391 226 20
58 3 391 214 41 226
58 3 73 112 380 214
58 3 214 380 210 41
58 3 380 211 18 210
58 3 1 265 427 159
58 3 159 427 266 31
58 3 427 140 82 266
58 3 31 266 439 185
58 3 185 439 277 8
58 3 439 271 57 277
58 3 82 136 431 271
58 3 271 431 269 57
58 3 431 227 20 269
58 3 207 38 208 381
58 3 381 208 74 209
58 3 210 381 209 41
58 3 215 19 216 385
58 3 385 216 39 217
58 3 208 385 217 74
58 3 217 39 220 389
58 3 389 220 21 221
58 3 222 389 221 40
58 3 209 74 222 392
58 3 392 222 40 225
58 3 226 392 225 20
58 3 243 49 244 408
58 3 408 244 79 245
58 3 216 408 245 39
58 3 248 14 249 412
58 3 412 249 50 250
58 3 244 412 250 79
58 3 250 50 253 416
58 3 416 253 15 254
58 3 255 416 254 51
58 3 245 79 255 418
58 3 418 255 51 258
58 3 220 418 258 21
58 3 258 51 293 455
58 3 455 293 87 294
58 3 272 455 294 56
58 3 254 15 296 458
58 3 458 296 60 297
58 3 293 458 297 87
58 3 297 60 299 462
58 3 462 299 3 300
58 3 301 462 300 61
58 3 294 87 301 464
58 3 464 301 61 304
58 3 275 464 304 9

vertices
505

nodes
FiniteElementSpace
FiniteElementCollection: H1_3D_P2
VDim: 3
Ordering: 0

0.25513258
0.11108439
0.1716001
0.25513258
0.42586599
0.34303776
0.11052157
0.093042196
0.11108439
0.1716001
0.13575486
0.34802459
0.12307986
0.24764874
0.46850803
0.36407998
0.093042196
0.11052157
0.14590394
0.42529438
0.12755235
0.27585809
0.10206329
0.14134225
0.14106084
0.10178189
0.10206329
0.14134225
0.14106084
0.10178189
0.093042196
0.11108439
0.1716001
0.11052157
0.24188972
0.29783667
0.1853643
0.12941736
0.28559916
0.35057624
0.20170522
0.13672814
0.1408294
0.38665948
0.26175342
0.1253161
0.38694529
0.38445187
0.29534325
0.4469012
0.416294
0.31996904
0.44718701
0.35355887
0.20962442
0.11708212
0.2237291
0.11931837
0.29908517
0.21336634
0.30960628
0.21336634
0.25513258
0.12156207
0.10206329
0.14134225
0.14106084
0.10178189
0.12156207
0.21362701
0.26374444
0.32420645
0.19353476
0.13307275
0.24365219
0.34114427
0.41692324
0.40037294
0.30765615
0.38343512
0.16335327
0.21667676
0.11820025
0.17152373
0.2543548
0.30434572
0.21336634
0.26666769
0.12156207
0.2286396
0.36228969
0.1674385
0.26051124
0.097552745
0.11181268
0.11167198
0.097412041
0.097552745
0.11181268
0.11167198
0.097412041
0.093042196
0.10206329
0.12156207
0.10178189
0.18882229
0.22775837
0.17152218
0.13258611
0.20228692
0.24619202
0.18085618
0.13695108
0.13829213
0.25281708
0.22113331
0.13124505
0.36748494
0.36404478
0.31949047
0.32293063
0.40179136
0.38960647
0.34324807
0.35543297
0.36734203
0.40193426
0.35171698
0.31102156
0.15422208
0.17435879
0.1402177
0.12008099
0.15942543
0.18048663
0.14281937
0.12175817
0.12419798
0.18944953
0.16539589
0.11764118
0.271496
0.27484902
0.23198961
0.22863658
0.28470478
0.28408369
0.238594
0.23921509
0.25470108
0.3014997
0.25743302
0.21315059
0.10657384
0.12621332
0.13145216
0.10657384
0.12621332
0.13145216
0.11108439
0.14134225
0.15647117
0.15633047
0.13131145
0.15647117
0.15633047
0.13131145
0.1716001
0.14106084
0.12579121
0.10615173
0.12579121
0.10615173
0.11052157
0.097552745
0.11181268
0.11167198
0.097412041
0.093042196
0.10206329
0.12156207
0.10178189
0.10657384
0.12621332
0.13145216
0.11108439
0.14134225
0.15647117
0.15633047
0.13131145
0.1716001
0.14106084
0.12579121
0.10615173
0.11052157
0.29495715
0.25573184
0.32520196
0.27642303
0.2727427
0.21650652
0.19949566
0.29297994
0.22764409
0.21108718
0.12624861
0.12919443
0.21575155
0.26462567
0.19019017
0.14131604
0.14336667
0.2746718
0.2361459
0.13490045
0.35544677
0.38793531
0.29711421
0.40597693
0.33739134
0.31321717
0.23878166
0.22267871
0.26880576
0.19761999
0.16462878
0.13214024
0.12643422
0.40640564
0.40515893
0.36279807
0.43205513
0.42377997
0.38133132
0.4365265
0.39241241
0.36374482
0.31919051
0.31824376
0.37696591
0.33060751
0.33497292
0.34829832
0.43609779
0.41516816
0.36700568
0.43191222
0.37286241
0.45770461
0.44240102
0.39986456
0.45784752
0.40833347
0.39018699
0.34202451
0.35170208
0.35881943
0.31381259
0.29791357
0.18648885
0.19205763
0.19061226
0.15234776
0.19413843
0.15439037
0.11408326
0.11464232
0.18661448
0.14542105
0.12343536
0.16948112
0.11875931
0.2497936
0.19762642
0.22020293
0.1976646
0.15643299
0.11520138
0.32106146
0.27671998
0.3289523
0.28242848
0.30171545
0.27710887
0.23424946
0.23386057
0.27973915
0.23424946
0.23693879
0.25513258
0.21336634
0.19248322
0.19248322
0.29331836
0.24519839
0.26358947
0.33684313
0.28813698
0.306976
0.28236943
0.23424946
0.24001701
0.25513258
0.21336634
0.19248322
0.10461236
0.097552745
0.11181268
0.11167198
0.097412041
0.10461236
0.18017224
0.19555461
0.23697519
0.17618918
0.13476859
0.19157155
0.3434877
0.38463815
0.37682562
0.33136927
0.3391818
0.37251972
0.14721989
0.15682375
0.17742271
0.14151854
0.12091958
0.1511224
0.2517428
0.27810039
0.27946636
0.23529181
0.23392584
0.26164939
0.119013
0.10657384
0.12621332
0.13145216
0.119013
0.14389131
0.15647117
0.15633047
0.13131145
0.14389131
0.11873159
0.12579121
0.10615173
0.11873159
0.097552745
0.11181268
0.11167198
0.097412041
0.10461236
0.10657384
0.12621332
0.13145216
0.119013
0.15647117
0.15633047
0.13131145
0.14389131
0.12579121
0.10615173
0.11873159
0.2753445
0.31007956
0.26607743
0.30081249
0.23611918
0.28286132
0.22207531
0.20529142
0.25203356
0.16287213
0.12772152
0.1701408
0.20901924
0.25540885
0.18552317
0.13913356
0.20297086
0.34032437
0.37168414
0.28676862
0.32628049
0.30309855
0.23321287
0.21688294
0.26794794
0.16202711
0.13066734
0.17740947
0.38460185
0.41923038
0.41446945
0.37206469
0.40669322
0.34099429
0.37035536
0.32489901
0.32660834
0.35596941
0.29549323
0.31397643
0.41894458
0.40238732
0.35512688
0.40155173
0.44487987
0.43309049
0.39059794
0.42878459
0.38357645
0.33631601
0.3433375
0.37094454
0.29130917
0.33245962
0.20149769
0.18927324
0.20985086
0.17148001
0.19237535
0.15336907
0.1742644
0.13321551
0.11436279
0.13451635
0.18355055
0.14412021
0.12259677
0.15502492
0.24450434
0.19484202
0.21820404
0.19590152
0.15541168
0.17704879
0.11492185
0.13581719
0.29795524
0.32500688
0.27957423
0.306518
0.25548472
0.27842401
0.23424946
0.23539968
0.25833897
0.21223641
0.19248322
0.21553861
0.28870103
0.2418962
0.27155598
0.33289771
0.28528273
0.31508075
0.28105429
0.23424946
0.2384779
0.26119322
0.19248322
0.21884081
0.10461236
0.18587189
0.35800371
0.14917115
0.2566961
0.119013
0.14389131
0.11873159
0.10461236
0.119013
0.14389131
0.11873159
0.2880785
0.24407637
0.16650647
0.1972712
0.31354649
0.25999075
0.17377514
0.39564754
0.34848185
0.30473483
0.38703573
0.4177389
0.36345698
0.32321803
0.20567427
0.17287221
0.13386593
0.15307366
0.21402745
0.1756566
0.13516677
0.30223662
0.25691184
0.21388751
0.26660269
0.31079937
0.2597661
0.21718971
0.09529747
0.10108255
0.1010122
0.095227118
0.09529747
0.10108255
0.1010122
0.095227118
0.093042196
0.097552745
0.10461236
0.097412041
0.16228858
0.18449727
0.15637917
0.13417049
0.16692337
0.19071325
0.16032024
0.13653036
0.1370235
0.19218845
0.18302207
0.13367735
0.35775476
0.35548632
0.33320916
0.33547761
0.37599009
0.37132093
0.34859275
0.35326192
0.35768331
0.37606154
0.35074571
0.33105621
0.13865097
0.15072098
0.13365044
0.12158042
0.14051087
0.15299745
0.13504536
0.12255878
0.12363892
0.15552292
0.14819552
0.12050029
0.25957237
0.2616194
0.24018969
0.23814266
0.26640074
0.26739824
0.24531097
0.24431346
0.25117491
0.27479819
0.25421945
0.23128121
0.10431857
0.11279342
0.11541284
0.10693799
0.10431857
0.11279342
0.11541284
0.10693799
0.10206329
0.10657384
0.119013
0.11181268
0.12650711
0.13767173
0.13760138
0.12643676
0.12650711
0.13767173
0.13760138
0.12643676
0.12156207
0.13145216
0.14389131
0.13131145
0.10672693
0.11520178
0.11244166
0.10396681
0.10672693
0.11520178
0.11244166
0.10396681
0.10178189
0.11167198
0.11873159
0.10615173
0.09529747
0.10108255
0.1010122
0.095227118
0.09529747
0.10108255
0.1010122
0.095227118
0.093042196
0.097552745
0.10461236
0.097412041
0.10431857
0.11279342
0.11541284
0.10693799
0.10431857
0.11279342
0.11541284
0.10693799
0.10206329
0.10657384
0.119013
0.11181268
0.12650711
0.13767173
0.13760138
0.12643676
0.12650711
0.13767173
0.13760138
0.12643676
0.12156207
0.13145216
0.14389131
0.13131145
0.10672693
0.11520178
0.11244166
0.10396681
0.10672693
0.11520178
0.11244166
0.10396681
0.10178189
0.11167198
0.11873159
0.10615173
0.26842344
0.28515083
0.25155143
0.23482405
0.28144832
0.29907903
0.26252684
0.24489614
0.2473534
0.30251836
0.2817115
0.23236678
0.23467942
0.24592551
0.21780742
0.20656133
0.24360537
0.2550769
0.22468389
0.21321236
0.21738016
0.26090464
0.24009777
0.20239354
0.15046977
0.16719716
0.14456037
0.12783298
0.15371712
0.17134782
0.14711399
0.12948329
0.13033121
0.17385568
0.1646893
0.12698506
0.17155816
0.19692923
0.16426131
0.13889024
0.17619295
0.20314522
0.16820238
0.14125011
0.14209804
0.20565308
0.19442138
0.13804232
0.2944732
0.31300723
0.27350226
0.25496823
0.30749808
0.32693543
0.28447767
0.26504032
0.26920812
0.33276316
0.30717949
0.25080043
0.25253131
0.26422829
0.23156037
0.21986339
0.26145726
0.27337968
0.23843684
0.22651442
0.23239275
0.28159582
0.25601215
0.21398506
0.15696446
0.17549849
0.14966761
0.13113359
0.16021181
0.17964915
0.15222124
0.13278389
0.1339866
0.18318967
0.17195797
0.12993088
0.39667546
0.39550374
0.37432332
0.37549503
0.41058232
0.40743896
0.38623658
0.38937994
0.39443978
0.41281801
0.3901247
0.3704352
0.35197117
0.35189618
0.32961902
0.32969402
0.36189084
0.36027327
0.3375451
0.33916266
0.34643063
0.36743138
0.34473807
0.32242605
0.30866357
0.30749185
0.28411797
0.28528968
0.32119541
0.31805205
0.29379808
0.29694144
0.30442911
0.32542987
0.30011403
0.27780201
0.39422542
0.38715554
0.36397634
0.37104622
0.41246075
0.40299015
0.37935993
0.38883053
0.39631821
0.41036797
0.37977772
0.36355855
0.42448918
0.41937417
0.39814985
0.40326486
0.43839605
0.43130939
0.41006311
0.41714977
0.42441773
0.4384675
0.41221606
0.39599689
0.37181051
0.36865037
0.34547117
0.34863131
0.38173017
0.37702746
0.35339724
0.35809995
0.36757605
0.38596463
0.35971319
0.33915521
0.33372726
0.32861225
0.30347818
0.30859319
0.34625911
0.33917245
0.31315829
0.32024495
0.3307989
0.34918747
0.31859723
0.29803924
0.20093541
0.2090021
0.18792824
0.17986154
0.20576242
0.21387479
0.19154849
0.18343612
0.18740691
0.21929091
0.20358598
0.17589075
0.17492106
0.17898443
0.16191389
0.15785052
0.17733456
0.18107272
0.16312064
0.15938248
0.16437458
0.18788104
0.17217611
0.15285841
0.12864991
0.1367166
0.12364938
0.11558269
0.12957986
0.13769223
0.12411436
0.11600199
0.11736165
0.14086812
0.13354072
0.11422302
0.14237077
0.15527392
0.13644029
0.12353714
0.14423067
0.15755038
0.13783521
0.12451549
0.12587516
0.16072627
0.15209803
0.12217747
0.21058942
0.21874748
0.19516875
0.1870107
0.21541643
0.22362016
0.198789
0.19058527
0.19557738
0.23042848
0.21193915
0.18201859
0.17974807
0.18316102
0.16432739
0.16091444
0.18216157
0.18524931
0.16553414
0.1624464
0.16845981
0.19344983
0.1749605
0.15490103
0.13050981
0.13866786
0.12457933
0.11642128
0.13143976
0.13964349
0.12504431
0.11684058
0.11847978
0.14346979
0.13484156
0.11478208
0.30726688
0.30857288
0.28640213
0.28509614
0.31319935
0.31356781
0.29085149
0.29048303
0.29842148
0.32204476
0.30009593
0.27715769
0.26553739
0.26610235
0.24467264
0.24410768
0.26850363
0.26824304
0.24615576
0.24641635
0.25589391
0.27814711
0.25619828
0.23463012
0.22080702
0.22211301
0.20142434
0.20011834
0.2242212
0.22458966
0.20313143
0.20276297
0.21138751
0.23364071
0.21306196
0.1914938
0.2732291
0.27317709
0.25043224
0.25048425
0.28005747
0.27895593
0.25555351
0.25665505
0.26527959
0.28800698
0.26412604
0.24185972
0.31913183
0.31856275
0.29530085
0.29586992
0.3250643
0.32355769
0.2997502
0.30125681
0.31073437
0.33346176
0.30865868
0.28639236
0.27146986
0.27038373
0.24763888
0.24872502
0.2744361
0.27252441
0.249122
0.25103368
0.26205035
0.28385561
0.25905253
0.23770835
0.22763538
0.22706631
0.20483852
0.2054076
0.23104956
0.22954295
0.20654561
0.20805222
0.21843984
0.2402451
0.21636416
0.19501997
0.099808019
0.10821252
0.099808019
0.10821252
0.11668737
0.11661702
0.10814217
0.11668737
0.11661702
0.10814217
0.099596963
0.099596963
0.093042196
0.097552745
0.10461236
0.097412041
0.099808019
0.10821252
0.10206329
0.11181268
0.11668737
0.11661702
0.10814217
0.12156207
0.11167198
0.099596963
0.10178189
0.21535601
0.2039653
0.22418584
0.21142354
0.22069269
0.1925746
0.17584721
0.22905425
0.19866124
0.18103054
0.13100173
0.13300682
0.13956077
0.19892076
0.18872172
0.13585983
0.23301568
0.21888178
0.25828076
0.24158361
0.23741581
0.20474789
0.18621386
0.22488645
0.17852268
0.13501191
0.1321589
0.37721511
0.35376624
0.39328621
0.36741467
0.35259452
0.33031737
0.33148908
0.3642713
0.34154313
0.34468649
0.31038365
0.32510168
0.37700076
0.39321476
0.36526171
0.34730738
0.4093573
0.38106309
0.40942875
0.38321605
0.37594808
0.35276888
0.3578839
0.35700334
0.33730867
0.33981971
0.317614
0.16979319
0.16078934
0.17313664
0.16329693
0.16885603
0.15178549
0.14371879
0.1714093
0.15345721
0.14534484
0.11858156
0.11928038
0.12475704
0.15812459
0.15014677
0.12133888
0.1764801
0.16580452
0.19149214
0.17895467
0.17396257
0.15512894
0.14697089
0.1664172
0.14216896
0.11997921
0.11792072
0.28341963
0.26329591
0.28980004
0.26808123
0.26460191
0.2431722
0.24186621
0.26844969
0.24636241
0.24599395
0.2191305
0.22353821
0.25822725
0.28140259
0.25917274
0.23657046
0.29618046
0.27286654
0.30457792
0.28177503
0.27229747
0.24955262
0.2501217
0.25897213
0.2369429
0.22794593
0.21491368
0.10882912
0.11864886
0.12261316
0.10882912
0.11864886
0.12261316
0.11108439
0.12621332
0.13377778
0.1363972
0.12523258
0.13377778
0.1363972
0.12523258
0.14134225
0.10657384
0.119013
0.10882912
0.11864886
0.12261316
0.11108439
0.12621332
0.13377778
0.1363972
0.12523258
0.14134225
0.13145216
0.14890671
0.15018124
0.14890671
0.15018124
0.15647117
0.16403564
0.16396529
0.15011089
0.16403564
0.16396529
0.15011089
0.1716001
0.15633047
0.14869565
0.13618614
0.14869565
0.13618614
0.14106084
0.14389131
0.13131145
0.14890671
0.15018124
0.15647117
0.16403564
0.16396529
0.15011089
0.1716001
0.15633047
0.14869565
0.13618614
0.14106084
0.12502152
0.12502152
0.13342602
0.1222614
0.13342602
0.1222614
0.12579121
0.11815639
0.10833665
0.11815639
0.10833665
0.11052157
0.11873159
0.10615173
0.12502152
0.13342602
0.1222614
0.12579121
0.11815639
0.10833665
0.11052157
0.099808019
0.10821252
0.11668737
0.11661702
0.10814217
0.099596963
0.09529747
0.10108255
0.1010122
0.095227118
0.093042196
0.097552745
0.10461236
0.097412041
0.099808019
0.10693799
0.10821252
0.10206329
0.11181268
0.11668737
0.11661702
0.10814217
0.12156207
0.11167198
0.10672693
0.099596963
0.10178189
0.10882912
0.11864886
0.12261316
0.11108439
0.12621332
0.13377778
0.1363972
0.12523258
0.14134225
0.10431857
0.11279342
0.11541284
0.10657384
0.119013
0.10882912
0.11864886
0.12261316
0.11108439
0.12621332
0.13377778
0.1363972
0.12523258
0.14134225
0.13145216
0.12650711
0.14890671
0.15018124
0.15647117
0.16403564
0.16396529
0.15011089
0.1716001
0.15633047
0.14869565
0.13618614
0.14106084
0.13767173
0.13760138
0.12643676
0.14389131
0.13131145
0.14890671
0.15018124
0.15647117
0.16403564
0.16396529
0.15011089
0.1716001
0.15633047
0.14869565
0.13618614
0.14106084
0.12502152
0.13342602
0.1222614
0.12579121
0.11815639
0.10833665
0.11052157
0.11520178
0.11244166
0.10396681
0.11873159
0.10615173
0.12502152
0.13342602
0.1222614
0.12579121
0.11815639
0.10833665
0.11052157
0.32149087
0.29913756
0.3387108
0.31363015
0.27678425
0.26553817
0.2885495
0.27707796
0.31764076
0.29444549
0.35593072
0.32812273
0.30031474
0.28861776
0.27125023
0.25443094
0.26346884
0.26019572
0.23207763
0.22631285
0.2687812
0.23838819
0.23307584
0.19242998
0.19737047
0.24805496
0.2081893
0.27250675
0.28792063
0.27736668
0.24469875
0.23983882
0.2248597
0.20231097
0.18118389
0.18589894
0.1585471
0.16166511
0.12466423
0.12595975
0.16832363
0.12845797
0.19061399
0.16478312
0.12725526
0.24184552
0.22634003
0.24577737
0.21083453
0.19139719
0.137017
0.18082774
0.2093612
0.17214345
0.14360999
0.1446353
0.21238539
0.20012103
0.1402248
0.25067535
0.27511242
0.23379827
0.28013548
0.26001726
0.25413893
0.21692118
0.19658051
0.23989904
0.18785667
0.16345915
0.13902209
0.13581429
0.37315065
0.34261531
0.35453774
0.31207998
0.30015756
0.32052296
0.34086363
0.29545308
0.34788557
0.31991349
0.39037057
0.40661484
0.3571079
0.41563565
0.37980972
0.36925577
0.32384522
0.31169735
0.34398379
0.29194142
0.2703832
0.28154465
0.28595215
0.25100932
0.24660181
0.20725147
0.28253107
0.24531332
0.23316545
0.26396934
0.21978082
0.3318967
0.29058255
0.30815786
0.29453763
0.25731988
0.2533648
0.27233193
0.23599727
0.22024344
0.21219196
0.19966261
0.19532904
0.17982355
0.16790112
0.12855078
0.18379982
0.15477486
0.13443419
0.17559231
0.13140379
0.20004409
0.183167
0.17101913
0.16332795
0.14609056
0.1298463
0.12699328
0.41613581
0.41551246
0.39488039
0.42787844
0.42549797
0.40505849
0.43119624
0.40981419
0.3948054
0.37362497
0.37369996
0.40344093
0.38223855
0.38385612
0.38843214
0.42564275
0.40117038
0.43962107
0.43548349
0.4152366
0.44185675
0.41912471
0.41207646
0.39085213
0.39401227
0.39639267
0.37669801
0.37409835
0.35236955
0.38138388
0.35941861
0.36705009
0.35339129
0.33111413
0.3300924
0.35932684
0.33659866
0.33669043
0.34566804
0.30679351
0.31405402
0.35222563
0.33079063
0.38866942
0.36646766
0.37366063
0.36526239
0.34208319
0.34328846
0.35092859
0.32775326
0.32131453
0.3068685
0.31567159
0.28349462
0.29141761
0.30935563
0.32447467
0.29934061
0.4254284
0.39471152
0.38762486
0.36399464
0.3710813
0.43069608
0.41882476
0.39474352
0.42752118
0.39429373
0.4414995
0.43103468
0.40835995
0.43940671
0.40877774
0.39930164
0.3752204
0.38427871
0.37814876
0.36106628
0.35879096
0.45136369
0.44546901
0.4254147
0.45251726
0.42843523
0.42071198
0.39946571
0.40416842
0.40435321
0.45230291
0.4432446
0.42197638
0.45129224
0.42326175
0.46310632
0.45545452
0.4355928
0.46317777
0.43774575
0.42934751
0.40807928
0.41432458
0.41231374
0.39523125
0.39164984
0.39595496
0.37351671
0.38027118
0.37119794
0.34756772
0.34988649
0.35618915
0.32857505
0.38540455
0.36132331
0.3675686
0.36720076
0.34751979
0.4032405
0.38056577
0.38688172
0.37713349
0.35305225
0.35648452
0.36144971
0.33917026
0.33099678
0.33583556
0.31689082
0.33327776
0.30256088
0.3072636
0.34973265
0.32283839
0.32783882
0.34208085
0.3089413
0.31518659
0.29461137
0.28688583
0.21506713
0.21980005
0.19805664
0.19399327
0.20121192
0.19747376
0.20776257
0.22453298
0.2043672
0.20095425
0.19066544
0.18104614
0.18262378
0.18110618
0.16397559
0.18198772
0.16467169
0.146845
0.14735566
0.1735683
0.15387972
0.18420142
0.19325689
0.18286927
0.16536779
0.14786631
0.14278163
0.1436175
0.12971441
0.13003962
0.11258382
0.11272359
0.13419114
0.11450255
0.14445336
0.13036483
0.11286336
0.16831211
0.17651584
0.15680067
0.14859694
0.12067804
0.15982685
0.13923014
0.12549385
0.15404929
0.12301606
0.19415985
0.1708197
0.18508252
0.17906911
0.15847239
0.15022298
0.17050243
0.14477063
0.13236971
0.12137686
0.11903884
0.2292659
0.23235364
0.20752248
0.20443474
0.22849285
0.20240926
0.21611574
0.26282585
0.23399882
0.24714897
0.23676135
0.21067776
0.20791523
0.22196601
0.19623422
0.18457507
0.18577906
0.18375081
0.16606389
0.14837696
0.18733761
0.16674089
0.16397836
0.1763527
0.15592234
0.21069685
0.1873567
0.19678306
0.18463235
0.16675998
0.14888762
0.14528922
0.13069004
0.11300312
0.14061912
0.12550928
0.11725987
0.13549198
0.11506162
0.14612509
0.13101525
0.11314289
0.33204961
0.30950835
0.3366526
0.31362175
0.32303417
0.31007332
0.28790258
0.28733761
0.31336116
0.29064484
0.29090543
0.30040031
0.30437731
0.34125559
0.31773515
0.32697959
0.31664901
0.2933871
0.29447324
0.30303059
0.28100136
0.28809702
0.2662968
0.29006973
0.26766793
0.27776644
0.26612072
0.24469102
0.24486709
0.26677829
0.24469102
0.24558065
0.25513258
0.23424946
0.2238079
0.22361345
0.2238079
0.22438301
0.21336634
0.25762541
0.23616923
0.29204244
0.26903906
0.27908158
0.26743586
0.24469102
0.24629421
0.25513258
0.23424946
0.2238079
0.22515256
0.21336634
0.22304849
0.2246436
0.20292478
0.20235982
0.20292478
0.20318537
0.19248322
0.18204166
0.18204166
0.21471306
0.2262387
0.20292478
0.20401092
0.19248322
0.18204166
0.27765186
0.27614525
0.25274283
0.25424944
0.28473477
0.26067479
0.26907933
0.3066437
0.28243717
0.2910097
0.27999303
0.25593304
0.25837719
0.26512858
0.2435473
0.23446375
0.34585857
0.32184854
0.33092501
0.31993686
0.29612937
0.29804105
0.30566086
0.32855263
0.30419956
0.31294006
0.35046156
0.32596194
0.33487042
0.32322471
0.29887163
0.30160887
0.30829114
0.28670986
0.27740234
0.29401515
0.27041019
0.28039672
0.26809343
0.24469102
0.24700778
0.25513258
0.23424946
0.2238079
0.22592212
0.21336634
0.2746651
0.25060512
0.25334235
0.26047966
0.23924746
0.29598785
0.27178132
0.28171186
0.268751
0.24469102
0.24772134
0.25513258
0.23424946
0.2238079
0.22669168
0.21336634
0.22783381
0.20292478
0.20483646
0.19248322
0.18204166
0.2320196
0.2082527
0.21801526
0.22942891
0.20292478
0.20566201
0.19248322
0.18204166
0.098154835
0.09529747
0.10108255
0.1010122
0.095227118
0.098154835
0.15933388
0.16460597
0.18760526
0.15834971
0.13535042
0.16362181
0.34548196
0.36687243
0.36340362
0.34090096
0.34436976
0.36229142
0.1361507
0.13958092
0.15185922
0.1343479
0.1220696
0.13777811
0.24988103
0.26298655
0.26450882
0.24275033
0.24122806
0.25585585
0.1098657
0.10431857
0.11279342
0.11541284
0.10693799
0.1098657
0.13205425
0.12650711
0.13767173
0.13760138
0.12643676
0.13205425
0.1095843
0.10672693
0.11520178
0.11244166
0.10396681
0.1095843
0.098154835
0.09529747
0.10108255
0.1010122
0.095227118
0.098154835
0.1098657
0.10431857
0.11279342
0.11541284
0.10693799
0.1098657
0.13205425
0.12650711
0.13767173
0.13760138
0.12643676
0.13205425
0.1095843
0.10672693
0.11520178
0.11244166
0.10396681
0.1095843
0.25998744
0.27493588
0.29211493
0.25703914
0.23986009
0.27198758
0.22624342
0.2391424
0.2505012
0.22124566
0.20988685
0.23414463
0.14751507
0.15209344
0.16927249
0.14583718
0.12865813
0.15041555
0.16790974
0.17387556
0.20003723
0.16623185
0.14007018
0.17219767
0.28398773
0.30098564
0.31997133
0.27898996
0.26000428
0.29598788
0.24204584
0.25699429
0.26880399
0.23499861
0.2231889
0.24994705
0.15331604
0.15858814
0.17757382
0.15094443
0.13195874
0.15621652
0.38549939
0.40362889
0.40147135
0.38027995
0.38243749
0.39840945
0.3407951
0.356931
0.35608473
0.33358206
0.33442834
0.34971797
0.29639077
0.31492949
0.31277195
0.28895802
0.29111556
0.30749674
0.37910088
0.40334309
0.39507285
0.37166814
0.37993838
0.39591034
0.41131951
0.43144262
0.42534178
0.40410648
0.41020731
0.42422958
0.35864084
0.37677034
0.37283891
0.3494342
0.35336563
0.36756371
0.31860272
0.33999319
0.33389235
0.30831823
0.31441907
0.3297087
0.19443182
0.20334891
0.21143845
0.18973836
0.18164883
0.19865545
0.16841747
0.17612781
0.18002858
0.16251726
0.1586165
0.1702276
0.12614965
0.12911489
0.13720442
0.12388187
0.11579234
0.12684711
0.13940553
0.14330072
0.15641215
0.13713775
0.12402632
0.14103294
0.20287909
0.21300293
0.22118382
0.19697887
0.18879798
0.20710272
0.17203773
0.18095482
0.18420516
0.16493076
0.16168042
0.17384786
0.12754457
0.13097479
0.13915568
0.12481182
0.11663093
0.12824203
0.29683451
0.31023312
0.31107034
0.28862681
0.28778958
0.30202542
0.25510502
0.26702051
0.26717269
0.2454142
0.24526202
0.25732969
0.21111568
0.22251411
0.22335134
0.20227788
0.20144066
0.21367631
0.26183067
0.27664328
0.27606651
0.25299288
0.25356965
0.26780549
0.30721634
0.32209806
