MFEM mesh v1.0

#
# MFEM Geometry Types (see mesh/geom.hpp):
#
# POINT       = 0
# SEGMENT     = 1
# TRIANGLE    = 2
# SQUARE      = 3
# TETRAHEDRON = 4
# CUBE        = 5
#

dimension
3

elements
512
1 5 18 147 485 150 155 486 741 489
1 5 20 159 491 162 167 492 742 495
1 5 22 171 497 174 179 498 743 501
1 5 23 183 503 186 191 504 744 507
1 5 25 195 509 198 203 510 745 513
1 5 27 207 515 210 215 516 746 519
1 5 9 219 521 222 227 522 747 525
1 5 32 231 527 234 239 528 748 531
1 5 34 243 533 148 156 534 749 487
1 5 99 245 538 253 157 536 750 541
1 5 37 149 543 260 158 488 751 545
1 5 42 151 490 154 268 547 752 550
1 5 100 246 537 152 269 552 753 548
1 5 139 248 542 256 270 554 754 558
1 5 103 153 546 262 271 549 755 561
1 5 46 285 563 160 168 564 756 493
1 5 105 287 568 295 169 566 757 571
1 5 49 161 573 299 170 494 758 574
1 5 54 163 496 166 301 576 759 579
1 5 106 288 567 164 302 580 760 577
1 5 140 290 572 298 303 582 761 586
1 5 109 165 575 300 304 578 762 589
1 5 48 294 591 172 180 570 763 499
1 5 111 317 594 321 181 592 764 597
1 5 60 173 599 328 182 500 765 601
1 5 57 175 502 178 316 588 766 605
1 5 108 297 593 176 314 585 767 603
1 5 141 318 598 324 332 607 768 611
1 5 114 177 602 330 333 604 769 614
1 5 66 345 616 184 192 617 770 505
1 5 116 347 621 355 193 619 771 624
1 5 58 185 626 319 194 506 772 595
1 5 56 187 508 190 313 629 773 606
1 5 117 348 620 188 366 633 774 630
1 5 142 350 625 358 367 635 775 639
1 5 112 189 628 322 336 631 776 609
1 5 50 305 583 196 204 643 777 511
1 5 110 307 587 312 205 645 778 649
1 5 53 197 590 315 206 512 779 651
1 5 78 199 514 202 393 653 780 656
1 5 121 379 646 200 394 658 781 654
1 5 143 381 650 386 395 660 782 664
1 5 124 201 652 388 396 655 783 667
1 5 52 311 608 208 216 648 784 517
1 5 115 335 612 339 217 670 785 674
1 5 63 209 615 343 218 518 786 677
1 5 81 211 520 214 408 666 787 681
1 5 123 385 671 212 406 663 788 679
1 5 144 410 675 414 420 683 789 687
1 5 128 213 678 418 421 680 790 690
1 5 87 433 692 220 228 693 791 523
1 5 130 434 696 438 229 694 792 699
1 5 89 221 701 445 230 524 793 703
1 5 93 223 526 226 453 705 794 708
1 5 131 435 695 224 454 710 795 706
1 5 145 436 700 441 455 712 796 716
1 5 134 225 704 447 456 707 797 719
1 5 76 403 684 232 240 721 798 529
1 5 129 423 688 427 241 723 799 727
1 5 84 233 691 431 242 530 800 697
1 5 94 235 532 238 459 731 801 711
1 5 136 468 724 236 479 734 802 732
1 5 146 470 728 475 480 736 803 739
1 5 132 237 730 439 460 733 804 714
1 5 147 34 148 485 486 156 487 741
1 5 485 148 99 149 741 487 157 488
1 5 150 485 149 37 489 741 488 158
1 5 155 486 741 489 42 151 490 154
1 5 486 156 487 741 151 100 152 490
1 5 741 487 157 488 490 152 139 153
1 5 489 741 488 158 154 490 153 103
1 5 159 46 160 491 492 168 493 742
1 5 491 160 105 161 742 493 169 494
1 5 162 491 161 49 495 742 494 170
1 5 167 492 742 495 54 163 496 166
1 5 492 168 493 742 163 106 164 496
1 5 742 493 169 494 496 164 140 165
1 5 495 742 494 170 166 496 165 109
1 5 171 48 172 497 498 180 499 743
1 5 497 172 111 173 743 499 181 500
1 5 174 497 173 60 501 743 500 182
1 5 179 498 743 501 57 175 502 178
1 5 498 180 499 743 175 108 176 502
1 5 743 499 181 500 502 176 141 177
1 5 501 743 500 182 178 502 177 114
1 5 183 66 184 503 504 192 505 744
1 5 503 184 116 185 744 505 193 506
1 5 186 503 185 58 507 744 506 194
1 5 191 504 744 507 56 187 508 190
1 5 504 192 505 744 187 117 188 508
1 5 744 505 193 506 508 188 142 189
1 5 507 744 506 194 190 508 189 112
1 5 195 50 196 509 510 204 511 745
1 5 509 196 110 197 745 511 205 512
1 5 198 509 197 53 513 745 512 206
1 5 203 510 745 513 78 199 514 202
1 5 510 204 511 745 199 121 200 514
1 5 745 511 205 512 514 200 143 201
1 5 513 745 512 206 202 514 201 124
1 5 207 52 208 515 516 216 517 746
1 5 515 208 115 209 746 517 217 518
1 5 210 515 209 63 519 746 518 218
1 5 215 516 746 519 81 211 520 214
1 5 516 216 517 746 211 123 212 520
1 5 746 517 217 518 520 212 144 213
1 5 519 746 518 218 214 520 213 128
1 5 219 87 220 521 522 228 523 747
1 5 521 220 130 221 747 523 229 524
1 5 222 521 221 89 525 747 524 230
1 5 227 522 747 525 93 223 526 226
1 5 522 228 523 747 223 131 224 526
1 5 747 523 229 524 526 224 145 225
1 5 525 747 524 230 226 526 225 134
1 5 231 76 232 527 528 240 529 748
1 5 527 232 129 233 748 529 241 530
1 5 234 527 233 84 531 748 530 242
1 5 239 528 748 531 94 235 532 238
1 5 528 240 529 748 235 136 236 532
1 5 748 529 241 530 532 236 146 237
1 5 531 748 530 242 238 532 237 132
1 5 243 5 244 533 534 249 535 749
1 5 533 244 35 245 749 535 250 536
1 5 148 533 245 99 487 749 536 157
1 5 156 534 749 487 100 246 537 152
1 5 534 249 535 749 246 43 247 537
1 5 749 535 250 536 537 247 101 248
1 5 487 749 536 157 152 537 248 139
1 5 245 35 251 538 536 250 539 750
1 5 538 251 6 252 750 539 257 540
1 5 253 538 252 36 541 750 540 258
1 5 157 536 750 541 139 248 542 256
1 5 536 250 539 750 248 101 254 542
1 5 750 539 257 540 542 254 44 255
1 5 541 750 540 258 256 542 255 102
1 5 149 99 253 543 488 157 541 751
1 5 543 253 36 259 751 541 258 544
1 5 260 543 259 19 545 751 544 263
1 5 158 488 751 545 103 153 546 262
1 5 488 157 541 751 153 139 256 546
1 5 751 541 258 544 546 256 102 261
1 5 545 751 544 263 262 546 261 45
1 5 151 100 152 490 547 269 548 752
1 5 490 152 139 153 752 548 270 549
1 5 154 490 153 103 550 752 549 271
1 5 268 547 752 550 7 264 551 267
1 5 547 269 548 752 264 38 265 551
1 5 752 548 270 549 551 265 104 266
1 5 550 752 549 271 267 551 266 41
1 5 246 43 247 537 552 275 553 753
1 5 537 247 101 248 753 553 276 554
1 5 152 537 248 139 548 753 554 270
1 5 269 552 753 548 38 272 555 265
1 5 552 275 553 753 272 2 273 555
1 5 753 553 276 554 555 273 39 274
1 5 548 753 554 270 265 555 274 104
1 5 248 101 254 542 554 276 556 754
1 5 542 254 44 255 754 556 280 557
1 5 256 542 255 102 558 754 557 281
1 5 270 554 754 558 104 274 559 279
1 5 554 276 556 754 274 39 277 559
1 5 754 556 280 557 559 277 3 278
1 5 558 754 557 281 279 559 278 40
1 5 153 139 256 546 549 270 558 755
1 5 546 256 102 261 755 558 281 560
1 5 262 546 261 45 561 755 560 284
1 5 271 549 755 561 41 266 562 283
1 5 549 270 558 755 266 104 279 562
1 5 755 558 281 560 562 279 40 282
1 5 561 755 560 284 283 562 282 8
1 5 285 21 286 563 564 291 565 756
1 5 563 286 47 287 756 565 292 566
1 5 160 563 287 105 493 756 566 169
1 5 168 564 756 493 106 288 567 164
1 5 564 291 565 756 288 55 289 567
1 5 756 565 292 566 567 289 107 290
1 5 493 756 566 169 164 567 290 140
1 5 287 47 293 568 566 292 569 757
1 5 568 293 23 294 757 569 191 570
1 5 295 568 294 48 571 757 570 180
1 5 169 566 757 571 140 290 572 298
1 5 566 292 569 757 290 107 296 572
1 5 757 569 191 570 572 296 56 297
1 5 571 757 570 180 298 572 297 108
1 5 161 105 295 573 494 169 571 758
1 5 573 295 48 171 758 571 180 498
1 5 299 573 171 22 574 758 498 179
1 5 170 494 758 574 109 165 575 300
1 5 494 169 571 758 165 140 298 575
1 5 758 571 180 498 575 298 108 175
1 5 574 758 498 179 300 575 175 57
1 5 163 106 164 496 576 302 577 759
1 5 496 164 140 165 759 577 303 578
1 5 166 496 165 109 579 759 578 304
1 5 301 576 759 579 25 195 509 198
1 5 576 302 577 759 195 50 196 509
1 5 759 577 303 578 509 196 110 197
1 5 579 759 578 304 198 509 197 53
1 5 288 55 289 567 580 308 581 760
1 5 567 289 107 290 760 581 309 582
1 5 164 567 290 140 577 760 582 303
1 5 302 580 760 577 50 305 583 196
1 5 580 308 581 760 305 26 306 583
1 5 760 581 309 582 583 306 51 307
1 5 577 760 582 303 196 583 307 110
1 5 290 107 296 572 582 309 584 761
1 5 572 296 56 297 761 584 313 585
1 5 298 572 297 108 586 761 585 314
1 5 303 582 761 586 110 307 587 312
1 5 582 309 584 761 307 51 310 587
1 5 761 584 313 585 587 310 28 311
1 5 586 761 585 314 312 587 311 52
1 5 165 140 298 575 578 303 586 762
1 5 575 298 108 175 762 586 314 588
1 5 300 575 175 57 589 762 588 316
1 5 304 578 762 589 53 197 590 315
1 5 578 303 586 762 197 110 312 590
1 5 762 586 314 588 590 312 52 207
1 5 589 762 588 316 315 590 207 27
1 5 294 23 186 591 570 191 507 763
1 5 591 186 58 317 763 507 194 592
1 5 172 591 317 111 499 763 592 181
1 5 180 570 763 499 108 297 593 176
1 5 570 191 507 763 297 56 190 593
1 5 763 507 194 592 593 190 112 318
1 5 499 763 592 181 176 593 318 141
1 5 317 58 319 594 592 194 595 764
1 5 594 319 11 320 764 595 325 596
1 5 321 594 320 59 597 764 596 326
1 5 181 592 764 597 141 318 598 324
1 5 592 194 595 764 318 112 322 598
1 5 764 595 325 596 598 322 64 323
1 5 597 764 596 326 324 598 323 113
1 5 173 111 321 599 500 181 597 765
1 5 599 321 59 327 765 597 326 600
1 5 328 599 327 10 601 765 600 331
1 5 182 500 765 601 114 177 602 330
1 5 500 181 597 765 177 141 324 602
1 5 765 597 326 600 602 324 113 329
1 5 601 765 600 331 330 602 329 65
1 5 175 108 176 502 588 314 603 766
1 5 502 176 141 177 766 603 332 604
1 5 178 502 177 114 605 766 604 333
1 5 316 588 766 605 27 207 515 210
1 5 588 314 603 766 207 52 208 515
1 5 766 603 332 604 515 208 115 209
1 5 605 766 604 333 210 515 209 63
1 5 297 56 190 593 585 313 606 767
1 5 593 190 112 318 767 606 336 607
1 5 176 593 318 141 603 767 607 332
1 5 314 585 767 603 52 311 608 208
1 5 585 313 606 767 311 28 334 608
1 5 767 606 336 607 608 334 61 335
1 5 603 767 607 332 208 608 335 115
1 5 318 112 322 598 607 336 609 768
1 5 598 322 64 323 768 609 340 610
1 5 324 598 323 113 611 768 610 341
1 5 332 607 768 611 115 335 612 339
1 5 607 336 609 768 335 61 337 612
1 5 768 609 340 610 612 337 14 338
1 5 611 768 610 341 339 612 338 62
1 5 177 141 324 602 604 332 611 769
1 5 602 324 113 329 769 611 341 613
1 5 330 602 329 65 614 769 613 344
1 5 333 604 769 614 63 209 615 343
1 5 604 332 611 769 209 115 339 615
1 5 769 611 341 613 615 339 62 342
1 5 614 769 613 344 343 615 342 13
1 5 345 24 346 616 617 351 618 770
1 5 616 346 67 347 770 618 352 619
1 5 184 616 347 116 505 770 619 193
1 5 192 617 770 505 117 348 620 188
1 5 617 351 618 770 348 72 349 620
1 5 770 618 352 619 620 349 118 350
1 5 505 770 619 193 188 620 350 142
1 5 347 67 353 621 619 352 622 771
1 5 621 353 12 354 771 622 359 623
1 5 355 621 354 68 624 771 623 360
1 5 193 619 771 624 142 350 625 358
1 5 619 352 622 771 350 118 356 625
1 5 771 622 359 623 625 356 73 357
1 5 624 771 623 360 358 625 357 119
1 5 185 116 355 626 506 193 624 772
1 5 626 355 68 361 772 624 360 627
1 5 319 626 361 11 595 772 627 325
1 5 194 506 772 595 112 189 628 322
1 5 506 193 624 772 189 142 358 628
1 5 772 624 360 627 628 358 119 362
1 5 595 772 627 325 322 628 362 64
1 5 187 117 188 508 629 366 630 773
1 5 508 188 142 189 773 630 367 631
1 5 190 508 189 112 606 773 631 336
1 5 313 629 773 606 28 363 632 334
1 5 629 366 630 773 363 69 364 632
1 5 773 630 367 631 632 364 120 365
1 5 606 773 631 336 334 632 365 61
1 5 348 72 349 620 633 371 634 774
1 5 620 349 118 350 774 634 372 635
1 5 188 620 350 142 630 774 635 367
1 5 366 633 774 630 69 368 636 364
1 5 633 371 634 774 368 29 369 636
1 5 774 634 372 635 636 369 70 370
1 5 630 774 635 367 364 636 370 120
1 5 350 118 356 625 635 372 637 775
1 5 625 356 73 357 775 637 376 638
1 5 358 625 357 119 639 775 638 377
1 5 367 635 775 639 120 370 640 375
1 5 635 372 637 775 370 70 373 640
1 5 775 637 376 638 640 373 15 374
1 5 639 775 638 377 375 640 374 71
1 5 189 142 358 628 631 367 639 776
1 5 628 358 119 362 776 639 377 641
1 5 322 628 362 64 609 776 641 340
1 5 336 631 776 609 61 365 642 337
1 5 631 367 639 776 365 120 375 642
1 5 776 639 377 641 642 375 71 378
1 5 609 776 641 340 337 642 378 14
1 5 305 26 306 583 643 382 644 777
1 5 583 306 51 307 777 644 383 645
1 5 196 583 307 110 511 777 645 205
1 5 204 643 777 511 121 379 646 200
1 5 643 382 644 777 379 79 380 646
1 5 777 644 383 645 646 380 122 381
1 5 511 777 645 205 200 646 381 143
1 5 307 51 310 587 645 383 647 778
1 5 587 310 28 311 778 647 387 648
1 5 312 587 311 52 649 778 648 216
1 5 205 645 778 649 143 381 650 386
1 5 645 383 647 778 381 122 384 650
1 5 778 647 387 648 650 384 80 385
1 5 649 778 648 216 386 650 385 123
1 5 197 110 312 590 512 205 649 779
1 5 590 312 52 207 779 649 216 516
1 5 315 590 207 27 651 779 516 215
1 5 206 512 779 651 124 201 652 388
1 5 512 205 649 779 201 143 386 652
1 5 779 649 216 516 652 386 123 211
1 5 651 779 516 215 388 652 211 81
1 5 199 121 200 514 653 394 654 780
1 5 514 200 143 201 780 654 395 655
1 5 202 514 201 124 656 780 655 396
1 5 393 653 780 656 30 389 657 392
1 5 653 394 654 780 389 74 390 657
1 5 780 654 395 655 657 390 125 391
1 5 656 780 655 396 392 657 391 77
1 5 379 79 380 646 658 400 659 781
1 5 646 380 122 381 781 659 401 660
1 5 200 646 381 143 654 781 660 395
1 5 394 658 781 654 74 397 661 390
1 5 658 400 659 781 397 31 398 661
1 5 781 659 401 660 661 398 75 399
1 5 654 781 660 395 390 661 399 125
1 5 381 122 384 650 660 401 662 782
1 5 650 384 80 385 782 662 405 663
1 5 386 650 385 123 664 782 663 406
1 5 395 660 782 664 125 399 665 404
1 5 660 401 662 782 399 75 402 665
1 5 782 662 405 663 665 402 33 403
1 5 664 782 663 406 404 665 403 76
1 5 201 143 386 652 655 395 664 783
1 5 652 386 123 211 783 664 406 666
1 5 388 652 211 81 667 783 666 408
1 5 396 655 783 667 77 391 668 407
1 5 655 395 664 783 391 125 404 668
1 5 783 664 406 666 668 404 76 231
1 5 667 783 666 408 407 668 231 32
1 5 311 28 334 608 648 387 669 784
1 5 608 334 61 335 784 669 411 670
1 5 208 608 335 115 517 784 670 217
1 5 216 648 784 517 123 385 671 212
1 5 648 387 669 784 385 80 409 671
1 5 784 669 411 670 671 409 126 410
1 5 517 784 670 217 212 671 410 144
1 5 335 61 337 612 670 411 672 785
1 5 612 337 14 338 785 672 415 673
1 5 339 612 338 62 674 785 673 416
1 5 217 670 785 674 144 410 675 414
1 5 670 411 672 785 410 126 412 675
1 5 785 672 415 673 675 412 85 413
1 5 674 785 673 416 414 675 413 127
1 5 209 115 339 615 518 217 674 786
1 5 615 339 62 342 786 674 416 676
1 5 343 615 342 13 677 786 676 419
1 5 218 518 786 677 128 213 678 418
1 5 518 217 674 786 213 144 414 678
1 5 786 674 416 676 678 414 127 417
1 5 677 786 676 419 418 678 417 86
1 5 211 123 212 520 666 406 679 787
1 5 520 212 144 213 787 679 420 680
1 5 214 520 213 128 681 787 680 421
1 5 408 666 787 681 32 231 527 234
1 5 666 406 679 787 231 76 232 527
1 5 787 679 420 680 527 232 129 233
1 5 681 787 680 421 234 527 233 84
1 5 385 80 409 671 663 405 682 788
1 5 671 409 126 410 788 682 424 683
1 5 212 671 410 144 679 788 683 420
1 5 406 663 788 679 76 403 684 232
1 5 663 405 682 788 403 33 422 684
1 5 788 682 424 683 684 422 82 423
1 5 679 788 683 420 232 684 423 129
1 5 410 126 412 675 683 424 685 789
1 5 675 412 85 413 789 685 428 686
1 5 414 675 413 127 687 789 686 429
1 5 420 683 789 687 129 423 688 427
1 5 683 424 685 789 423 82 425 688
1 5 789 685 428 686 688 425 17 426
1 5 687 789 686 429 427 688 426 83
1 5 213 144 414 678 680 420 687 790
1 5 678 414 127 417 790 687 429 689
1 5 418 678 417 86 690 790 689 432
1 5 421 680 790 690 84 233 691 431
1 5 680 420 687 790 233 129 427 691
1 5 790 687 429 689 691 427 83 430
1 5 690 790 689 432 431 691 430 16
1 5 433 32 234 692 693 239 531 791
1 5 692 234 84 434 791 531 242 694
1 5 220 692 434 130 523 791 694 229
1 5 228 693 791 523 131 435 695 224
1 5 693 239 531 791 435 94 238 695
1 5 791 531 242 694 695 238 132 436
1 5 523 791 694 229 224 695 436 145
1 5 434 84 431 696 694 242 697 792
1 5 696 431 16 437 792 697 442 698
1 5 438 696 437 88 699 792 698 443
1 5 229 694 792 699 145 436 700 441
1 5 694 242 697 792 436 132 439 700
1 5 792 697 442 698 700 439 95 440
1 5 699 792 698 443 441 700 440 133
1 5 221 130 438 701 524 229 699 793
1 5 701 438 88 444 793 699 443 702
1 5 445 701 444 4 703 793 702 448
1 5 230 524 793 703 134 225 704 447
1 5 524 229 699 793 225 145 441 704
1 5 793 699 443 702 704 441 133 446
1 5 703 793 702 448 447 704 446 96
1 5 223 131 224 526 705 454 706 794
1 5 526 224 145 225 794 706 455 707
1 5 226 526 225 134 708 794 707 456
1 5 453 705 794 708 1 449 709 452
1 5 705 454 706 794 449 90 450 709
1 5 794 706 455 707 709 450 135 451
1 5 708 794 707 456 452 709 451 92
1 5 435 94 238 695 710 459 711 795
1 5 695 238 132 436 795 711 460 712
1 5 224 695 436 145 706 795 712 455
1 5 454 710 795 706 90 457 713 450
1 5 710 459 711 795 457 7 264 713
1 5 795 711 460 712 713 264 38 458
1 5 706 795 712 455 450 713 458 135
1 5 436 132 439 700 712 460 714 796
1 5 700 439 95 440 796 714 463 715
1 5 441 700 440 133 716 796 715 464
1 5 455 712 796 716 135 458 717 462
1 5 712 460 714 796 458 38 272 717
1 5 796 714 463 715 717 272 2 461
1 5 716 796 715 464 462 717 461 91
1 5 225 145 441 704 707 455 716 797
1 5 704 441 133 446 797 716 464 718
1 5 447 704 446 96 719 797 718 467
1 5 456 707 797 719 92 451 720 466
1 5 707 455 716 797 451 135 462 720
1 5 797 716 464 718 720 462 91 465
1 5 719 797 718 467 466 720 465 0
1 5 403 33 422 684 721 471 722 798
1 5 684 422 82 423 798 722 472 723
1 5 232 684 423 129 529 798 723 241
1 5 240 721 798 529 136 468 724 236
1 5 721 471 722 798 468 97 469 724
1 5 798 722 472 723 724 469 137 470
1 5 529 798 723 241 236 724 470 146
1 5 423 82 425 688 723 472 725 799
1 5 688 425 17 426 799 725 476 726
1 5 427 688 426 83 727 799 726 477
1 5 241 723 799 727 146 470 728 475
1 5 723 472 725 799 470 137 473 728
1 5 799 725 476 726 728 473 98 474
1 5 727 799 726 477 475 728 474 138
1 5 233 129 427 691 530 241 727 800
1 5 691 427 83 430 800 727 477 729
1 5 431 691 430 16 697 800 729 442
1 5 242 530 800 697 132 237 730 439
1 5 530 241 727 800 237 146 475 730
1 5 800 727 477 729 730 475 138 478
1 5 697 800 729 442 439 730 478 95
1 5 235 136 236 532 731 479 732 801
1 5 532 236 146 237 801 732 480 733
1 5 238 532 237 132 711 801 733 460
1 5 459 731 801 711 7 267 551 264
1 5 731 479 732 801 267 41 266 551
1 5 801 732 480 733 551 266 104 265
1 5 711 801 733 460 264 551 265 38
1 5 468 97 469 724 734 481 735 802
1 5 724 469 137 470 802 735 482 736
1 5 236 724 470 146 732 802 736 480
1 5 479 734 802 732 41 283 562 266
1 5 734 481 735 802 283 8 282 562
1 5 802 735 482 736 562 282 40 279
1 5 732 802 736 480 266 562 279 104
1 5 470 137 473 728 736 482 737 803
1 5 728 473 98 474 803 737 483 738
1 5 475 728 474 138 739 803 738 484
1 5 480 736 803 739 104 279 559 274
1 5 736 482 737 803 279 40 278 559
1 5 803 737 483 738 559 278 3 277
1 5 739 803 738 484 274 559 277 39
1 5 237 146 475 730 733 480 739 804
1 5 730 475 138 478 804 739 484 740
1 5 439 730 478 95 714 804 740 463
1 5 460 733 804 714 38 265 555 272
1 5 733 480 739 804 265 104 274 555
1 5 804 739 484 740 555 274 39 273
1 5 714 804 740 463 272 555 273 2

boundary
512
50 3 150 485 147 18
50 3 243 5 249 534
50 3 1 449 709 452
50 3 150 18 155 489
50 3 5 244 535 249
50 3 6 252 540 257
50 3 222 9 227 525
50 3 327 10 331 600
50 3 361 11 325 627
50 3 342 13 419 676
50 3 444 4 448 702
50 3 430 16 442 729
50 3 162 491 159 20
50 3 174 497 171 22
50 3 186 503 183 23
50 3 285 21 291 564
50 3 162 20 167 495
50 3 21 286 565 291
50 3 345 24 351 617
50 3 174 22 179 501
50 3 24 346 618 351
50 3 28 363 632 334
50 3 305 26 382 643
50 3 198 25 203 513
50 3 26 306 644 382
50 3 30 389 657 392
50 3 210 27 215 519
50 3 222 521 219 9
50 3 28 334 669 387
50 3 433 32 239 693
50 3 403 33 471 721
50 3 33 422 722 471
50 3 148 533 243 34
50 3 253 538 245 99
50 3 260 543 149 37
50 3 147 34 156 486
50 3 151 100 269 547
50 3 246 43 275 552
50 3 92 451 720 466
50 3 135 458 717 462
50 3 90 457 713 450
50 3 437 88 443 698
50 3 440 133 464 715
50 3 446 96 467 718
50 3 343 63 218 677
50 3 418 128 421 690
50 3 214 81 408 681
50 3 220 692 433 87
50 3 438 696 434 130
50 3 445 701 221 89
50 3 260 37 158 545
50 3 262 103 271 561
50 3 154 42 268 550
50 3 36 259 544 258
50 3 102 261 560 281
50 3 44 255 557 280
50 3 69 368 636 364
50 3 120 370 640 375
50 3 61 365 642 337
50 3 74 397 661 390
50 3 125 399 665 404
50 3 77 391 668 407
50 3 61 337 672 411
50 3 126 412 685 424
50 3 80 409 682 405
50 3 231 76 240 528
50 3 235 136 479 731
50 3 468 97 481 734
50 3 82 425 725 472
50 3 137 473 737 482
50 3 97 469 735 481
50 3 35 251 539 250
50 3 101 254 556 276
50 3 43 247 553 275
50 3 320 59 326 596
50 3 323 113 341 610
50 3 329 65 344 613
50 3 354 68 360 623
50 3 357 119 377 638
50 3 362 64 340 641
50 3 338 62 416 673
50 3 413 127 429 686
50 3 417 86 432 689
50 3 426 83 477 726
50 3 474 138 484 738
50 3 478 95 463 740
50 3 445 89 230 703
50 3 447 134 456 719
50 3 226 93 453 708
50 3 299 49 170 574
50 3 300 109 304 589
50 3 166 54 301 579
50 3 315 53 206 651
50 3 388 124 396 667
50 3 202 78 393 656
50 3 160 563 285 46
50 3 295 568 287 105
50 3 299 573 161 49
50 3 172 591 294 48
50 3 321 594 317 111
50 3 328 599 173 60
50 3 184 616 345 66
50 3 355 621 347 116
50 3 319 626 185 58
50 3 159 46 168 492
50 3 163 106 302 576
50 3 288 55 308 580
50 3 47 293 569 292
50 3 107 296 584 309
50 3 55 289 581 308
50 3 183 66 192 504
50 3 187 117 366 629
50 3 348 72 371 633
50 3 51 310 647 383
50 3 122 384 662 401
50 3 79 380 659 400
50 3 328 60 182 601
50 3 330 114 333 614
50 3 178 57 316 605
50 3 67 353 622 352
50 3 118 356 637 372
50 3 72 349 634 371
50 3 195 50 204 510
50 3 199 121 394 653
50 3 379 79 400 658
50 3 219 87 228 522
50 3 223 131 454 705
50 3 435 94 459 710
50 3 485 148 34 147
50 3 149 99 148 485
50 3 37 149 485 150
50 3 533 244 5 243
50 3 245 35 244 533
50 3 99 245 533 148
50 3 538 251 35 245
50 3 252 6 251 538
50 3 36 252 538 253
50 3 543 253 99 149
50 3 259 36 253 543
50 3 19 259 543 260
50 3 34 243 534 156
50 3 156 534 246 100
50 3 534 249 43 246
50 3 452 709 451 92
50 3 709 450 135 451
50 3 449 90 450 709
50 3 88 444 702 443
50 3 443 702 446 133
50 3 702 448 96 446
50 3 63 210 519 218
50 3 218 519 214 128
50 3 519 215 81 214
50 3 521 220 87 219
50 3 221 130 220 521
50 3 89 221 521 222
50 3 18 147 486 155
50 3 155 486 151 42
50 3 486 156 100 151
50 3 42 151 547 268
50 3 268 547 264 7
50 3 547 269 38 264
50 3 100 246 552 269
50 3 269 552 272 38
50 3 552 275 2 272
50 3 466 720 465 0
50 3 720 462 91 465
50 3 451 135 462 720
50 3 462 717 461 91
50 3 717 272 2 461
50 3 458 38 272 717
50 3 450 713 458 135
50 3 713 264 38 458
50 3 457 7 264 713
50 3 16 437 698 442
50 3 442 698 440 95
50 3 698 443 133 440
50 3 95 440 715 463
50 3 463 715 461 2
50 3 715 464 91 461
50 3 133 446 718 464
50 3 464 718 465 91
50 3 718 467 0 465
50 3 13 343 677 419
50 3 419 677 418 86
50 3 677 218 128 418
50 3 86 418 690 432
50 3 432 690 431 16
50 3 690 421 84 431
50 3 128 214 681 421
50 3 421 681 234 84
50 3 681 408 32 234
50 3 692 234 32 433
50 3 434 84 234 692
50 3 130 434 692 220
50 3 696 431 84 434
50 3 437 16 431 696
50 3 88 437 696 438
50 3 701 438 130 221
50 3 444 88 438 701
50 3 4 444 701 445
50 3 37 150 489 158
50 3 158 489 154 103
50 3 489 155 42 154
50 3 252 36 258 540
50 3 540 258 102 255
50 3 257 540 255 44
50 3 363 69 364 632
50 3 632 364 120 365
50 3 334 632 365 61
50 3 389 74 390 657
50 3 657 390 125 391
50 3 392 657 391 77
50 3 334 61 411 669
50 3 669 411 126 409
50 3 387 669 409 80
50 3 76 403 721 240
50 3 240 721 468 136
50 3 721 471 97 468
50 3 422 82 472 722
50 3 722 472 137 469
50 3 471 722 469 97
50 3 19 260 545 263
50 3 263 545 262 45
50 3 545 158 103 262
50 3 45 262 561 284
50 3 284 561 283 8
50 3 561 271 41 283
50 3 103 154 550 271
50 3 271 550 267 41
50 3 550 268 7 267
50 3 259 19 263 544
50 3 544 263 45 261
50 3 258 544 261 102
50 3 261 45 284 560
50 3 560 284 8 282
50 3 281 560 282 40
50 3 255 102 281 557
50 3 557 281 40 278
50 3 280 557 278 3
50 3 368 29 369 636
50 3 636 369 70 370
50 3 364 636 370 120
50 3 370 70 373 640
50 3 640 373 15 374
50 3 375 640 374 71
50 3 365 120 375 642
50 3 642 375 71 378
50 3 337 642 378 14
50 3 397 31 398 661
50 3 661 398 75 399
50 3 390 661 399 125
50 3 399 75 402 665
50 3 665 402 33 403
50 3 404 665 403 76
50 3 391 125 404 668
50 3 668 404 76 231
50 3 407 668 231 32
50 3 337 14 415 672
50 3 672 415 85 412
50 3 411 672 412 126
50 3 412 85 428 685
50 3 685 428 17 425
50 3 424 685 425 82
50 3 409 126 424 682
50 3 682 424 82 422
50 3 405 682 422 33
50 3 32 231 528 239
50 3 239 528 235 94
50 3 528 240 136 235
50 3 94 235 731 459
50 3 459 731 267 7
50 3 731 479 41 267
50 3 136 468 734 479
50 3 479 734 283 41
50 3 734 481 8 283
50 3 425 17 476 725
50 3 725 476 98 473
50 3 472 725 473 137
50 3 473 98 483 737
50 3 737 483 3 278
50 3 482 737 278 40
50 3 469 137 482 735
50 3 735 482 40 282
50 3 481 735 282 8
50 3 244 35 250 535
50 3 535 250 101 247
50 3 249 535 247 43
50 3 59 327 600 326
50 3 326 600 329 113
50 3 600 331 65 329
50 3 68 361 627 360
50 3 360 627 362 119
50 3 627 325 64 362
50 3 62 342 676 416
50 3 416 676 417 127
50 3 676 419 86 417
50 3 83 430 729 477
50 3 477 729 478 138
50 3 729 442 95 478
50 3 251 6 257 539
50 3 539 257 44 254
50 3 250 539 254 101
50 3 254 44 280 556
50 3 556 280 3 277
50 3 276 556 277 39
50 3 247 101 276 553
50 3 553 276 39 273
50 3 275 553 273 2
50 3 11 320 596 325
50 3 325 596 323 64
50 3 596 326 113 323
50 3 64 323 610 340
50 3 340 610 338 14
50 3 610 341 62 338
50 3 113 329 613 341
50 3 341 613 342 62
50 3 613 344 13 342
50 3 12 354 623 359
50 3 359 623 357 73
50 3 623 360 119 357
50 3 73 357 638 376
50 3 376 638 374 15
50 3 638 377 71 374
50 3 119 362 641 377
50 3 377 641 378 71
50 3 641 340 14 378
50 3 14 338 673 415
50 3 415 673 413 85
50 3 673 416 127 413
50 3 85 413 686 428
50 3 428 686 426 17
50 3 686 429 83 426
50 3 127 417 689 429
50 3 429 689 430 83
50 3 689 432 16 430
50 3 17 426 726 476
50 3 476 726 474 98
50 3 726 477 138 474
50 3 98 474 738 483
50 3 483 738 277 3
50 3 738 484 39 277
50 3 138 478 740 484
50 3 484 740 273 39
50 3 740 463 2 273
50 3 89 222 525 230
50 3 230 525 226 134
50 3 525 227 93 226
50 3 49 162 495 170
50 3 170 495 166 109
50 3 495 167 54 166
50 3 53 198 513 206
50 3 206 513 202 124
50 3 513 203 78 202
50 3 4 445 703 448
50 3 448 703 447 96
50 3 703 230 134 447
50 3 96 447 719 467
50 3 467 719 466 0
50 3 719 456 92 466
50 3 134 226 708 456
50 3 456 708 452 92
50 3 708 453 1 452
50 3 22 299 574 179
50 3 179 574 300 57
50 3 574 170 109 300
50 3 57 300 589 316
50 3 316 589 315 27
50 3 589 304 53 315
50 3 109 166 579 304
50 3 304 579 198 53
50 3 579 301 25 198
50 3 27 315 651 215
50 3 215 651 388 81
50 3 651 206 124 388
50 3 81 388 667 408
50 3 408 667 407 32
50 3 667 396 77 407
50 3 124 202 656 396
50 3 396 656 392 77
50 3 656 393 30 392
50 3 491 160 46 159
50 3 161 105 160 491
50 3 49 161 491 162
50 3 497 172 48 171
50 3 173 111 172 497
50 3 60 173 497 174
50 3 503 184 66 183
50 3 185 116 184 503
50 3 58 185 503 186
50 3 563 286 21 285
50 3 287 47 286 563
50 3 105 287 563 160
50 3 568 293 47 287
50 3 294 23 293 568
50 3 48 294 568 295
50 3 573 295 105 161
50 3 171 48 295 573
50 3 22 171 573 299
50 3 591 186 23 294
50 3 317 58 186 591
50 3 111 317 591 172
50 3 594 319 58 317
50 3 320 11 319 594
50 3 59 320 594 321
50 3 599 321 111 173
50 3 327 59 321 599
50 3 10 327 599 328
50 3 616 346 24 345
50 3 347 67 346 616
50 3 116 347 616 184
50 3 621 353 67 347
50 3 354 12 353 621
50 3 68 354 621 355
50 3 626 355 116 185
50 3 361 68 355 626
50 3 11 361 626 319
50 3 46 285 564 168
50 3 168 564 288 106
50 3 564 291 55 288
50 3 20 159 492 167
50 3 167 492 163 54
50 3 492 168 106 163
50 3 54 163 576 301
50 3 301 576 195 25
50 3 576 302 50 195
50 3 106 288 580 302
50 3 302 580 305 50
50 3 580 308 26 305
50 3 286 47 292 565
50 3 565 292 107 289
50 3 291 565 289 55
50 3 66 345 617 192
50 3 192 617 348 117
50 3 617 351 72 348
50 3 306 51 383 644
50 3 644 383 122 380
50 3 382 644 380 79
50 3 293 23 191 569
50 3 569 191 56 296
50 3 292 569 296 107
50 3 296 56 313 584
50 3 584 313 28 310
50 3 309 584 310 51
50 3 289 107 309 581
50 3 581 309 51 306
50 3 308 581 306 26
50 3 23 183 504 191
50 3 191 504 187 56
50 3 504 192 117 187
50 3 56 187 629 313
50 3 313 629 363 28
50 3 629 366 69 363
50 3 117 348 633 366
50 3 366 633 368 69
50 3 633 371 29 368
50 3 310 28 387 647
50 3 647 387 80 384
50 3 383 647 384 122
50 3 384 80 405 662
50 3 662 405 33 402
50 3 401 662 402 75
50 3 380 122 401 659
50 3 659 401 75 398
50 3 400 659 398 31
50 3 60 174 501 182
50 3 182 501 178 114
50 3 501 179 57 178
50 3 10 328 601 331
50 3 331 601 330 65
50 3 601 182 114 330
50 3 65 330 614 344
50 3 344 614 343 13
50 3 614 333 63 343
50 3 114 178 605 333
50 3 333 605 210 63
50 3 605 316 27 210
50 3 346 67 352 618
50 3 618 352 118 349
50 3 351 618 349 72
50 3 353 12 359 622
50 3 622 359 73 356
50 3 352 622 356 118
50 3 356 73 376 637
50 3 637 376 15 373
50 3 372 637 373 70
50 3 349 118 372 634
50 3 634 372 70 369
50 3 371 634 369 29
50 3 50 305 643 204
50 3 204 643 379 121
50 3 643 382 79 379
50 3 25 195 510 203
50 3 203 510 199 78
50 3 510 204 121 199
50 3 78 199 653 393
50 3 393 653 389 30
50 3 653 394 74 389
50 3 121 379 658 394
50 3 394 658 397 74
50 3 658 400 31 397
50 3 87 433 693 228
50 3 228 693 435 131
50 3 693 239 94 435
50 3 9 219 522 227
50 3 227 522 223 93
50 3 522 228 131 223
50 3 93 223 705 453
50 3 453 705 449 1
50 3 705 454 90 449
50 3 131 435 710 454
50 3 454 710 457 90
50 3 710 459 7 457

vertices
805

nodes
FiniteElementSpace
FiniteElementCollection: H1_3D_P2
VDim: 3
Ordering: 0

0.25513258
0.13464912
0.1716001
0.11108439
0.34303776
0.1716001
0.11108439
0.11052157
0.093042196
0.17834803
0.46713824
0.14916884
0.46713824
0.34802459
0.13575486
0.34802459
0.24764874
0.12307986
0.11052157
0.093042196
6.0986372e-18
-6.9117888e-18
0.27788281
0.11530805
0.27788281
-7.3251409e-18
1.9380114e-18
0.20621024
0.10703716
0.20621024
-4.8246997e-18
3.3203692e-18
0.14907545
0.099661134
0.14106084
0.14134225
0.10206329
0.10178189
0.14106084
0.14134225
0.10206329
0.10178189
0.11052157
0.1716001
0.11108439
0.093042196
-4.0657581e-19
0.057654025
0.19659543
0.1389414
-2.6935648e-18
0.05351858
0.1566237
0.10310512
-6.1325185e-19
-2.4868887e-18
0.11117261
0.24204652
0.13223844
0.30815354
0.37251052
0.12139601
0.24188972
0.27711741
0.14246185
0.40758141
0.19659543
0.37251052
0.30815354
0.1566237
0.27711741
0.24188972
0.24204652
0.40758141
-7.5216526e-19
0.049830567
0.12436829
0.074537724
-6.0749203e-18
2.6291903e-18
0.10334915
0.17764284
0.11137049
0.1853643
0.1983621
0.12941736
0.29783667
0.16371174
0.29534325
0.2606929
0.12258535
0.21336634
0.19489085
0.15649858
0.12979851
0.20962442
0.29908517
0.096351665
0.11708212
0.12156207
0.14106084
0.14134225
0.10206329
0.10178189
0.12156207
0.098297715
-1.5500703e-18
0.055586303
0.17660956
0.12102326
0.078311849
0.25237448
0.12681723
0.27502163
0.32481397
0.19925671
0.25237448
0.17660956
0.32481397
0.27502163
0.19925671
-1.722865e-18
0.051674574
0.14049599
0.088821421
0.062184145
0.11638325
0.21362701
0.23773975
0.1548663
0.2295275
0.14314854
0.16971147
0.2543548
0.22779187
0.16797584
0.11307509
0.10671689
0.16335327
0.12156207
0.088304782
0.2258156
0.2258156
0.070247997
0.1770615
0.19875167
0.13821418
0.12579121
0.13131145
0.11167198
0.10615173
0.12579121
0.13131145
0.11167198
0.10615173
0.11052157
0.14106084
0.12156207
0.10178189
2.8460307e-18
0.049148857
0.11861956
0.069470702
-1.0816611e-18
0.044152391
0.10466402
0.060511631
2.7426927e-18
-9.7832305e-19
0.093301248
0.12998233
0.23723912
0.22448496
0.3124425
0.32519667
0.20932804
0.20121258
0.27531478
0.28343024
0.25996467
0.1866025
0.23909504
0.34866224
0.15595174
0.22448496
0.19230646
0.12377325
0.14389108
0.20121258
0.17631641
0.11899492
0.11324033
0.1866025
0.23909504
0.12952784
-5.0093529e-18
0.039155925
0.090708484
0.051552559
-3.8988927e-18
0.035123999
0.079534709
0.04441071
-6.7000306e-18
-2.2082149e-18
0.074279923
0.095963269
0.18141697
0.1779402
0.23818706
0.24166382
0.15906942
0.15877875
0.20740063
0.2076913
0.19192654
0.14855985
0.18815911
0.25742858
0.17102989
0.19661962
0.2451102
0.21952046
0.14982356
0.17095011
0.21327177
0.19214522
0.1674233
0.15343014
0.21413958
0.24424238
0.13672187
0.13961729
0.1766142
0.17371877
0.1214368
0.12564463
0.15396282
0.14975499
0.13943698
0.11872169
0.14654024
0.18403678
0.15633047
0.15647117
0.13145216
0.15633047
0.15647117
0.13145216
0.1716001
0.14134225
0.12621332
0.10657384
0.11181268
0.12621332
0.10657384
0.11181268
0.11108439
0.10206329
0.097552745
0.097412041
0.097552745
0.097412041
0.093042196
0.12579121
0.13131145
0.11167198
0.10615173
0.11052157
0.14106084
0.12156207
0.10178189
0.15633047
0.15647117
0.13145216
0.1716001
0.14134225
0.12621332
0.10657384
0.11181268
0.11108439
0.10206329
0.097552745
0.097412041
0.093042196
-3.6591823e-18
0.028827013
0.07797587
-2.0184795e-18
0.027793151
0.071945542
-4.6993388e-18
0.056620164
0.086481038
0.15595174
0.14744657
0.083379454
0.14389108
0.13245717
0.20841211
0.18153489
-3.9691964e-18
-2.1218175e-18
0.083308316
0.11206419
-3.7777669e-19
0.02675929
0.065915215
-2.7443867e-19
0.054552442
0.08027787
0.13183043
0.11746777
0.10910488
0.16661663
0.15465768
0.22412838
0.19230646
0.17631641
0.14070364
0.22866119
0.28026401
0.13463954
0.20874174
0.25041861
0.14581534
0.29158758
0.38764589
0.41982438
0.34130152
0.36619769
0.43735982
0.21253615
0.30096569
0.11421659
0.16032636
0.12410662
0.12857544
0.18882229
0.22057322
0.13910835
0.25845568
0.29495715
0.312571
0.377803
0.23723912
0.32519667
0.3124425
0.20932804
0.28343024
0.27531478
0.25996467
0.34866224
0.41982438
0.38764589
0.28026401
0.36619769
0.34130152
0.25041861
0.43735982
0.29158758
0.22866119
0.20874174
0.13183043
0.1779402
0.16032636
0.16661663
0.21253615
0.18141697
0.24166382
0.23818706
0.22412838
0.30096569
0.312571
0.29495715
0.22057322
0.377803
0.25845568
0.18882229
4.5316263e-19
0.025837287
0.060961285
2.2836008e-18
0.052596577
0.077511861
0.12192257
0.105372
0.10519315
0.13323213
-2.7884325e-18
0.031092073
0.068360935
0.037268862
-5.44981e-18
-1.2375151e-18
0.066216071
0.081679572
1.2841019e-18
0.024915284
0.056007356
2.9747797e-18
0.05075257
0.074745851
0.11201471
0.093276218
0.10150514
0.13243214
0.11180659
0.16335914
0.1098662
0.14672238
0.11888963
0.12290031
0.17152218
0.19534426
0.13258611
0.22775837
0.25573184
0.26778821
0.32293063
0.1659639
0.21805092
0.10551581
0.13311839
0.11387687
0.11722517
0.15422208
0.1701153
0.12624861
0.19949566
0.21650652
0.22300542
0.2727427
0.15639359
0.2139448
0.13647353
0.18423157
0.271496
0.26243537
0.18966794
0.23198961
0.22655323
0.22863658
0.27484902
0.31919051
0.30186533
0.27671998
0.26343852
0.32106146
0.12861724
0.1452806
0.18143335
0.16476999
0.14557385
0.13286695
0.18336376
0.21134136
0.11655346
0.15451834
0.12016004
0.15538615
0.19248322
0.19067109
0.19061226
0.23386057
0.23424946
0.22501171
0.27710887
0.10471338
0.10153428
0.12246554
0.0980064
0.10904369
0.11189951
0.1402177
0.15078373
0.12008099
0.17435879
0.18648885
0.10742849
0.12988812
0.09469693
0.10439009
0.11408326
0.15234776
0.11873159
0.12579121
0.13131145
0.11167198
0.10615173
0.11873159
0.05930978
8.8218481e-19
0.046650624
0.11164179
0.064991166
0.052332011
0.27484081
0.22328358
0.21284877
0.29387864
0.30431345
0.24232141
0.1741291
0.14992141
0.21284877
0.18431144
0.12138408
0.16010375
0.045354242
-4.4541228e-18
0.037139962
0.085121596
0.047981635
0.039767355
0.20980201
0.17024319
0.16835948
0.22279384
0.22467756
0.18323502
0.20807004
0.16042672
0.18378486
0.22919098
0.20583284
0.18154767
0.15666803
0.12907933
0.13263096
0.16528851
0.16173688
0.13769981
0.14389131
0.15633047
0.15647117
0.13145216
0.14389131
0.119013
0.12621332
0.10657384
0.11181268
0.119013
0.10461236
0.097552745
0.097412041
0.10461236
0.12579121
0.13131145
0.11167198
0.10615173
0.11873159
0.15633047
0.15647117
0.13145216
0.14389131
0.12621332
0.10657384
0.11181268
0.119013
0.097552745
0.097412041
0.10461236
0.038987935
-2.8388309e-18
0.028310082
0.074960706
0.035972771
0.1169638
0.084930246
0.14992141
0.13995187
0.10791831
0.17792934
0.1949735
0.15699603
-3.045507e-18
0.041654158
0.097686253
0.056032095
-1.1981281e-18
0.027276221
0.068930379
0.032957607
0.081828662
0.13786076
0.12496247
0.098872822
0.19537251
0.16809628
0.13606273
0.1741291
0.18431144
0.16010375
0.21048383
0.13767159
0.21870146
0.26534131
0.19252908
0.35004419
0.3644737
0.39301103
0.30830815
0.18957639
0.25675092
0.26254703
0.11660575
0.16832139
0.1460784
0.13160749
0.19878202
0.23549592
0.17457433
0.31812934
0.33938434
0.26657211
0.27484081
0.22328358
0.30431345
0.29387864
0.24232141
0.35004419
0.39301103
0.3644737
0.26534131
0.30830815
0.21048383
0.21870146
0.19252908
0.13786076
0.18957639
0.16832139
0.1460784
0.19537251
0.26254703
0.25675092
0.20980201
0.33938434
0.31812934
0.23549592
0.26657211
0.19878202
0.17457433
3.7692966e-20
0.026298288
0.06343825
0.030480643
0.078894865
0.1268765
0.11141988
0.091441928
0.1439449
0.11930206
-3.3436626e-18
0.033108036
0.073947822
0.040839786
0.034180467
8.6863229e-19
0.025376285
0.058484321
0.028003678
0.076128856
0.11696864
0.099324107
0.084011034
0.14789564
0.12251936
0.1025414
0.11204139
0.15352437
0.13432247
0.12573787
0.18017224
0.20795874
0.15912228
0.2753445
0.2901796
0.23156623
0.14919802
0.19200741
0.19070503
0.10769101
0.13992039
0.12256655
0.12006274
0.16287213
0.18272978
0.14367024
0.23611918
0.24539681
0.19656036
0.18516919
0.14643356
0.19908818
0.16035255
0.2427204
0.20633668
0.2517428
0.2444943
0.20811059
0.28215035
0.29795524
0.28265192
0.24499588
0.1392204
0.15811535
0.19735256
0.17845761
0.15502529
0.12651349
0.1377731
0.16937495
0.1355359
0.17299921
0.21223641
0.20861216
0.17350078
0.25548472
0.24422512
0.2078414
0.10836404
0.10352505
0.12779197
0.11358946
0.11456234
0.14721989
0.16044951
0.13134162
0.20149769
0.17022584
0.11379426
0.1186583
0.14263714
0.10106271
0.099543512
0.11713911
0.10923668
0.13321551
0.14111794
0.17148001
0.11873159
0.055820895
0.25858111
0.16711643
0.042560798
0.19651852
0.19480885
0.14718392
0.14389131
0.119013
0.10461236
0.11873159
0.14389131
0.119013
0.10461236
0.037480353
0.11244106
0.16746269
0.048843126
0.034465189
0.10339557
0.14652938
0.16711643
0.20150645
0.32917617
0.22606171
0.15309107
0.1835517
0.28744013
0.25858111
0.32917617
0.20150645
0.15309107
0.22606171
0.28744013
0.1835517
0.031719125
0.095157375
0.12768239
0.036973911
0.02924216
0.087726481
0.11092173
0.14020043
0.1668483
0.24906917
0.16995153
0.12844451
0.15139626
0.2140633
0.17276087
0.22541549
0.26357311
0.16828648
0.14794422
0.19080568
0.22641864
0.11807801
0.13750593
0.1833931
0.1282157
0.10910091
0.12517731
0.15705857
0.11815639
0.1222614
0.11244166
0.10833665
0.11815639
0.1222614
0.11244166
0.10833665
0.11052157
0.12579121
0.11873159
0.10615173
4.472334e-18
0.02965489
0.064390241
0.034735351
1.8124387e-18
0.027910448
0.060406031
0.032495583
4.420665e-18
1.8641078e-18
0.057565337
0.067230934
0.25756096
0.25603996
0.30001874
0.30153974
0.24162412
0.24093235
0.28144728
0.28213906
0.26892374
0.23026135
0.26671096
0.31475506
0.1356299
0.16504042
0.14895117
0.11954065
0.13158087
0.15851892
0.14425025
0.1173122
0.11427419
0.15293658
0.17062276
0.12257866
-6.1672469e-18
0.022677121
0.0484534
0.025776279
-5.5770767e-18
0.021280399
0.045271216
0.023990817
-7.0125858e-18
-4.7317378e-18
0.04395752
0.049767097
0.1938136
0.19560949
0.22573292
0.22393703
0.18108487
0.18338086
0.21059804
0.20830205
0.19906839
0.17583008
0.20316027
0.23317069
0.17468896
0.18954996
0.21379525
0.19893425
0.16392501
0.17761779
0.20032085
0.18662807
0.17288567
0.1657283
0.20143945
0.21267665
0.14289866
0.14669495
0.1651934
0.16139711
0.13425816
0.13813163
0.1544604
0.15058693
0.14425621
0.1329006
0.15192598
0.16772783
0.14869565
0.15011089
0.13760138
0.13618614
0.14869565
0.15011089
0.13760138
0.13618614
0.14106084
0.15633047
0.14389131
0.13131145
0.12650711
0.12523258
0.11541284
0.11668737
0.12650711
0.12523258
0.11541284
0.11668737
0.12156207
0.13145216
0.119013
0.11181268
0.10672693
0.10814217
0.1010122
0.099596963
0.10672693
0.10814217
0.1010122
0.099596963
0.10178189
0.11167198
0.10461236
0.097412041
0.11815639
0.1222614
0.11244166
0.10833665
0.11815639
0.1222614
0.11244166
0.10833665
0.11052157
0.12579121
0.11873159
0.10615173
0.14869565
0.15011089
0.13760138
0.13618614
0.14869565
0.15011089
0.13760138
0.13618614
0.14106084
0.15633047
0.14389131
0.13131145
0.12650711
0.12523258
0.11541284
0.11668737
0.12650711
0.12523258
0.11541284
0.11668737
0.12156207
0.13145216
0.119013
0.11181268
0.10672693
0.10814217
0.1010122
0.099596963
0.10672693
0.10814217
0.1010122
0.099596963
0.10178189
0.11167198
0.10461236
0.097412041
-2.0328791e-18
0.019493967
0.044068396
0.024574429
-1.908577e-18
0.018740177
0.042065489
0.023325312
-6.9244943e-19
-3.2490066e-18
0.038234144
0.047899741
