MFEM mesh v1.0

#
# MFEM Geometry Types (see mesh/geom.hpp):
#
# POINT       = 0
# SEGMENT     = 1
# TRIANGLE    = 2
# SQUARE      = 3
# TETRAHEDRON = 4
# CUBE        = 5
#

dimension
3

elements
448
1 5 0 123 409 126 131 410 629 413
1 5 6 135 415 138 143 416 630 419
1 5 8 147 421 150 155 422 631 425
1 5 9 159 427 162 167 428 632 431
1 5 14 171 433 174 179 434 633 437
1 5 14 171 434 179 187 439 634 442
1 5 24 191 444 194 199 445 635 448
1 5 28 203 450 124 132 451 636 411
1 5 82 205 455 213 133 453 637 458
1 5 31 125 460 220 134 412 638 462
1 5 36 127 414 130 224 464 639 467
1 5 83 206 454 128 225 468 640 465
1 5 116 208 459 216 226 470 641 474
1 5 86 129 463 222 227 466 642 477
1 5 32 228 471 136 144 479 643 417
1 5 87 230 475 235 145 481 644 485
1 5 35 137 478 239 146 418 645 488
1 5 44 139 420 142 254 490 646 493
1 5 88 241 482 140 255 494 647 491
1 5 117 243 486 248 256 496 648 500
1 5 91 141 489 252 257 492 649 503
1 5 40 258 497 148 156 505 650 423
1 5 92 259 501 264 157 506 651 510
1 5 43 149 504 268 158 424 652 513
1 5 52 151 426 154 284 515 653 518
1 5 93 270 507 152 285 520 654 516
1 5 118 271 511 274 286 522 655 526
1 5 96 153 514 278 287 517 656 529
1 5 56 301 531 160 168 532 657 429
1 5 98 303 536 311 169 534 658 539
1 5 41 161 541 262 170 430 659 508
1 5 53 163 432 166 291 544 660 521
1 5 99 304 535 164 322 548 661 545
1 5 119 306 540 314 323 550 662 554
1 5 94 165 543 272 292 546 663 524
1 5 64 335 558 172 180 559 664 435
1 5 103 337 563 345 181 561 665 566
1 5 67 173 568 352 182 436 666 570
1 5 68 175 438 178 356 572 667 575
1 5 104 338 562 176 357 576 668 573
1 5 120 340 567 348 358 578 669 581
1 5 107 177 571 354 359 574 670 583
1 5 64 335 559 180 188 584 671 440
1 5 104 338 576 357 189 586 672 589
1 5 68 175 572 356 190 441 673 591
1 5 75 183 443 186 373 593 674 596
1 5 108 365 587 184 374 597 675 594
1 5 121 367 590 371 375 599 676 602
1 5 110 185 592 372 376 595 677 604
1 5 72 377 600 192 200 606 678 446
1 5 111 379 603 383 201 608 679 611
1 5 74 193 605 384 202 447 680 613
1 5 80 195 449 198 397 615 681 618
1 5 112 385 609 196 398 620 682 616
1 5 122 387 612 391 399 622 683 625
1 5 114 197 614 392 400 617 684 627
1 5 123 28 124 409 410 132 411 629
1 5 409 124 82 125 629 411 133 412
1 5 126 409 125 31 413 629 412 134
1 5 131 410 629 413 36 127 414 130
1 5 410 132 411 629 127 83 128 414
1 5 629 411 133 412 414 128 116 129
1 5 413 629 412 134 130 414 129 86
1 5 135 32 136 415 416 144 417 630
1 5 415 136 87 137 630 417 145 418
1 5 138 415 137 35 419 630 418 146
1 5 143 416 630 419 44 139 420 142
1 5 416 144 417 630 139 88 140 420
1 5 630 417 145 418 420 140 117 141
1 5 419 630 418 146 142 420 141 91
1 5 147 40 148 421 422 156 423 631
1 5 421 148 92 149 631 423 157 424
1 5 150 421 149 43 425 631 424 158
1 5 155 422 631 425 52 151 426 154
1 5 422 156 423 631 151 93 152 426
1 5 631 423 157 424 426 152 118 153
1 5 425 631 424 158 154 426 153 96
1 5 159 56 160 427 428 168 429 632
1 5 427 160 98 161 632 429 169 430
1 5 162 427 161 41 431 632 430 170
1 5 167 428 632 431 53 163 432 166
1 5 428 168 429 632 163 99 164 432
1 5 632 429 169 430 432 164 119 165
1 5 431 632 430 170 166 432 165 94
1 5 171 64 172 433 434 180 435 633
1 5 433 172 103 173 633 435 181 436
1 5 174 433 173 67 437 633 436 182
1 5 179 434 633 437 68 175 438 178
1 5 434 180 435 633 175 104 176 438
1 5 633 435 181 436 438 176 120 177
1 5 437 633 436 182 178 438 177 107
1 5 171 64 180 434 439 188 440 634
1 5 434 180 104 175 634 440 189 441
1 5 179 434 175 68 442 634 441 190
1 5 187 439 634 442 75 183 443 186
1 5 439 188 440 634 183 108 184 443
1 5 634 440 189 441 443 184 121 185
1 5 442 634 441 190 186 443 185 110
1 5 191 72 192 444 445 200 446 635
1 5 444 192 111 193 635 446 201 447
1 5 194 444 193 74 448 635 447 202
1 5 199 445 635 448 80 195 449 198
1 5 445 200 446 635 195 112 196 449
1 5 635 446 201 447 449 196 122 197
1 5 448 635 447 202 198 449 197 114
1 5 203 1 204 450 451 209 452 636
1 5 450 204 29 205 636 452 210 453
1 5 124 450 205 82 411 636 453 133
1 5 132 451 636 411 83 206 454 128
1 5 451 209 452 636 206 37 207 454
1 5 636 452 210 453 454 207 84 208
1 5 411 636 453 133 128 454 208 116
1 5 205 29 211 455 453 210 456 637
1 5 455 211 5 212 637 456 217 457
1 5 213 455 212 30 458 637 457 218
1 5 133 453 637 458 116 208 459 216
1 5 453 210 456 637 208 84 214 459
1 5 637 456 217 457 459 214 38 215
1 5 458 637 457 218 216 459 215 85
1 5 125 82 213 460 412 133 458 638
1 5 460 213 30 219 638 458 218 461
1 5 220 460 219 4 462 638 461 223
1 5 134 412 638 462 86 129 463 222
1 5 412 133 458 638 129 116 216 463
1 5 638 458 218 461 463 216 85 221
1 5 462 638 461 223 222 463 221 39
1 5 127 83 128 414 464 225 465 639
1 5 414 128 116 129 639 465 226 466
1 5 130 414 129 86 467 639 466 227
1 5 224 464 639 467 6 135 415 138
1 5 464 225 465 639 135 32 136 415
1 5 639 465 226 466 415 136 87 137
1 5 467 639 466 227 138 415 137 35
1 5 206 37 207 454 468 231 469 640
1 5 454 207 84 208 640 469 232 470
1 5 128 454 208 116 465 640 470 226
1 5 225 468 640 465 32 228 471 136
1 5 468 231 469 640 228 7 229 471
1 5 640 469 232 470 471 229 33 230
1 5 465 640 470 226 136 471 230 87
1 5 208 84 214 459 470 232 472 641
1 5 459 214 38 215 641 472 236 473
1 5 216 459 215 85 474 641 473 237
1 5 226 470 641 474 87 230 475 235
1 5 470 232 472 641 230 33 233 475
1 5 641 472 236 473 475 233 17 234
1 5 474 641 473 237 235 475 234 34
1 5 129 116 216 463 466 226 474 642
1 5 463 216 85 221 642 474 237 476
1 5 222 463 221 39 477 642 476 240
1 5 227 466 642 477 35 137 478 239
1 5 466 226 474 642 137 87 235 478
1 5 642 474 237 476 478 235 34 238
1 5 477 642 476 240 239 478 238 16
1 5 228 7 229 471 479 244 480 643
1 5 471 229 33 230 643 480 245 481
1 5 136 471 230 87 417 643 481 145
1 5 144 479 643 417 88 241 482 140
1 5 479 244 480 643 241 45 242 482
1 5 643 480 245 481 482 242 89 243
1 5 417 643 481 145 140 482 243 117
1 5 230 33 233 475 481 245 483 644
1 5 475 233 17 234 644 483 249 484
1 5 235 475 234 34 485 644 484 250
1 5 145 481 644 485 117 243 486 248
1 5 481 245 483 644 243 89 246 486
1 5 644 483 249 484 486 246 46 247
1 5 485 644 484 250 248 486 247 90
1 5 137 87 235 478 418 145 485 645
1 5 478 235 34 238 645 485 250 487
1 5 239 478 238 16 488 645 487 253
1 5 146 418 645 488 91 141 489 252
1 5 418 145 485 645 141 117 248 489
1 5 645 485 250 487 489 248 90 251
1 5 488 645 487 253 252 489 251 47
1 5 139 88 140 420 490 255 491 646
1 5 420 140 117 141 646 491 256 492
1 5 142 420 141 91 493 646 492 257
1 5 254 490 646 493 8 147 421 150
1 5 490 255 491 646 147 40 148 421
1 5 646 491 256 492 421 148 92 149
1 5 493 646 492 257 150 421 149 43
1 5 241 45 242 482 494 260 495 647
1 5 482 242 89 243 647 495 261 496
1 5 140 482 243 117 491 647 496 256
1 5 255 494 647 491 40 258 497 148
1 5 494 260 495 647 258 9 162 497
1 5 647 495 261 496 497 162 41 259
1 5 491 647 496 256 148 497 259 92
1 5 243 89 246 486 496 261 498 648
1 5 486 246 46 247 648 498 265 499
1 5 248 486 247 90 500 648 499 266
1 5 256 496 648 500 92 259 501 264
1 5 496 261 498 648 259 41 262 501
1 5 648 498 265 499 501 262 19 263
1 5 500 648 499 266 264 501 263 42
1 5 141 117 248 489 492 256 500 649
1 5 489 248 90 251 649 500 266 502
1 5 252 489 251 47 503 649 502 269
1 5 257 492 649 503 43 149 504 268
1 5 492 256 500 649 149 92 264 504
1 5 649 500 266 502 504 264 42 267
1 5 503 649 502 269 268 504 267 18
1 5 258 9 162 497 505 167 431 650
1 5 497 162 41 259 650 431 170 506
1 5 148 497 259 92 423 650 506 157
1 5 156 505 650 423 93 270 507 152
1 5 505 167 431 650 270 53 166 507
1 5 650 431 170 506 507 166 94 271
1 5 423 650 506 157 152 507 271 118
1 5 259 41 262 501 506 170 508 651
1 5 501 262 19 263 651 508 275 509
1 5 264 501 263 42 510 651 509 276
1 5 157 506 651 510 118 271 511 274
1 5 506 170 508 651 271 94 272 511
1 5 651 508 275 509 511 272 54 273
1 5 510 651 509 276 274 511 273 95
1 5 149 92 264 504 424 157 510 652
1 5 504 264 42 267 652 510 276 512
1 5 268 504 267 18 513 652 512 279
1 5 158 424 652 513 96 153 514 278
1 5 424 157 510 652 153 118 274 514
1 5 652 510 276 512 514 274 95 277
1 5 513 652 512 279 278 514 277 55
1 5 151 93 152 426 515 285 516 653
1 5 426 152 118 153 653 516 286 517
1 5 154 426 153 96 518 653 517 287
1 5 284 515 653 518 10 280 519 283
1 5 515 285 516 653 280 48 281 519
1 5 653 516 286 517 519 281 97 282
1 5 518 653 517 287 283 519 282 51
1 5 270 53 166 507 520 291 521 654
1 5 507 166 94 271 654 521 292 522
1 5 152 507 271 118 516 654 522 286
1 5 285 520 654 516 48 288 523 281
1 5 520 291 521 654 288 11 289 523
1 5 654 521 292 522 523 289 49 290
1 5 516 654 522 286 281 523 290 97
1 5 271 94 272 511 522 292 524 655
1 5 511 272 54 273 655 524 296 525
1 5 274 511 273 95 526 655 525 297
1 5 286 522 655 526 97 290 527 295
1 5 522 292 524 655 290 49 293 527
1 5 655 524 296 525 527 293 21 294
1 5 526 655 525 297 295 527 294 50
1 5 153 118 274 514 517 286 526 656
1 5 514 274 95 277 656 526 297 528
1 5 278 514 277 55 529 656 528 300
1 5 287 517 656 529 51 282 530 299
1 5 517 286 526 656 282 97 295 530
1 5 656 526 297 528 530 295 50 298
1 5 529 656 528 300 299 530 298 20
1 5 301 2 302 531 532 307 533 657
1 5 531 302 57 303 657 533 308 534
1 5 160 531 303 98 429 657 534 169
1 5 168 532 657 429 99 304 535 164
1 5 532 307 533 657 304 62 305 535
1 5 657 533 308 534 535 305 100 306
1 5 429 657 534 169 164 535 306 119
1 5 303 57 309 536 534 308 537 658
1 5 536 309 12 310 658 537 315 538
1 5 311 536 310 58 539 658 538 316
1 5 169 534 658 539 119 306 540 314
1 5 534 308 537 658 306 100 312 540
1 5 658 537 315 538 540 312 63 313
1 5 539 658 538 316 314 540 313 101
1 5 161 98 311 541 430 169 539 659
1 5 541 311 58 317 659 539 316 542
1 5 262 541 317 19 508 659 542 275
1 5 170 430 659 508 94 165 543 272
1 5 430 169 539 659 165 119 314 543
1 5 659 539 316 542 543 314 101 318
1 5 508 659 542 275 272 543 318 54
1 5 163 99 164 432 544 322 545 660
1 5 432 164 119 165 660 545 323 546
1 5 166 432 165 94 521 660 546 292
1 5 291 544 660 521 11 319 547 289
1 5 544 322 545 660 319 59 320 547
1 5 660 545 323 546 547 320 102 321
1 5 521 660 546 292 289 547 321 49
1 5 304 62 305 535 548 327 549 661
1 5 535 305 100 306 661 549 328 550
1 5 164 535 306 119 545 661 550 323
1 5 322 548 661 545 59 324 551 320
1 5 548 327 549 661 324 3 325 551
1 5 661 549 328 550 551 325 60 326
1 5 545 661 550 323 320 551 326 102
1 5 306 100 312 540 550 328 552 662
1 5 540 312 63 313 662 552 332 553
1 5 314 540 313 101 554 662 553 333
1 5 323 550 662 554 102 326 555 331
1 5 550 328 552 662 326 60 329 555
1 5 662 552 332 553 555 329 13 330
1 5 554 662 553 333 331 555 330 61
1 5 165 119 314 543 546 323 554 663
1 5 543 314 101 318 663 554 333 556
1 5 272 543 318 54 524 663 556 296
1 5 292 546 663 524 49 321 557 293
1 5 546 323 554 663 321 102 331 557
1 5 663 554 333 556 557 331 61 334
1 5 524 663 556 296 293 557 334 21
1 5 335 15 336 558 559 341 560 664
1 5 558 336 65 337 664 560 342 561
1 5 172 558 337 103 435 664 561 181
1 5 180 559 664 435 104 338 562 176
1 5 559 341 560 664 338 69 339 562
1 5 664 560 342 561 562 339 105 340
1 5 435 664 561 181 176 562 340 120
1 5 337 65 343 563 561 342 564 665
1 5 563 343 23 344 665 564 349 565
1 5 345 563 344 66 566 665 565 350
1 5 181 561 665 566 120 340 567 348
1 5 561 342 564 665 340 105 346 567
1 5 665 564 349 565 567 346 70 347
1 5 566 665 565 350 348 567 347 106
1 5 173 103 345 568 436 181 566 666
1 5 568 345 66 351 666 566 350 569
1 5 352 568 351 22 570 666 569 355
1 5 182 436 666 570 107 177 571 354
1 5 436 181 566 666 177 120 348 571
1 5 666 566 350 569 571 348 106 353
1 5 570 666 569 355 354 571 353 71
1 5 175 104 176 438 572 357 573 667
1 5 438 176 120 177 667 573 358 574
1 5 178 438 177 107 575 667 574 359
1 5 356 572 667 575 0 123 409 126
1 5 572 357 573 667 123 28 124 409
1 5 667 573 358 574 409 124 82 125
1 5 575 667 574 359 126 409 125 31
1 5 338 69 339 562 576 360 577 668
1 5 562 339 105 340 668 577 361 578
1 5 176 562 340 120 573 668 578 358
1 5 357 576 668 573 28 203 450 124
1 5 576 360 577 668 203 1 204 450
1 5 668 577 361 578 450 204 29 205
1 5 573 668 578 358 124 450 205 82
1 5 340 105 346 567 578 361 579 669
1 5 567 346 70 347 669 579 362 580
1 5 348 567 347 106 581 669 580 363
1 5 358 578 669 581 82 205 455 213
1 5 578 361 579 669 205 29 211 455
1 5 669 579 362 580 455 211 5 212
1 5 581 669 580 363 213 455 212 30
1 5 177 120 348 571 574 358 581 670
1 5 571 348 106 353 670 581 363 582
1 5 354 571 353 71 583 670 582 364
1 5 359 574 670 583 31 125 460 220
1 5 574 358 581 670 125 82 213 460
1 5 670 581 363 582 460 213 30 219
1 5 583 670 582 364 220 460 219 4
1 5 335 15 341 559 584 368 585 671
1 5 559 341 69 338 671 585 369 586
1 5 180 559 338 104 440 671 586 189
1 5 188 584 671 440 108 365 587 184
1 5 584 368 585 671 365 76 366 587
1 5 671 585 369 586 587 366 109 367
1 5 440 671 586 189 184 587 367 121
1 5 338 69 360 576 586 369 588 672
1 5 576 360 1 203 672 588 209 451
1 5 357 576 203 28 589 672 451 132
1 5 189 586 672 589 121 367 590 371
1 5 586 369 588 672 367 109 370 590
1 5 672 588 209 451 590 370 37 206
1 5 589 672 451 132 371 590 206 83
1 5 175 104 357 572 441 189 589 673
1 5 572 357 28 123 673 589 132 410
1 5 356 572 123 0 591 673 410 131
1 5 190 441 673 591 110 185 592 372
1 5 441 189 589 673 185 121 371 592
1 5 673 589 132 410 592 371 83 127
1 5 591 673 410 131 372 592 127 36
1 5 183 108 184 443 593 374 594 674
1 5 443 184 121 185 674 594 375 595
1 5 186 443 185 110 596 674 595 376
1 5 373 593 674 596 24 191 444 194
1 5 593 374 594 674 191 72 192 444
1 5 674 594 375 595 444 192 111 193
1 5 596 674 595 376 194 444 193 74
1 5 365 76 366 587 597 380 598 675
1 5 587 366 109 367 675 598 381 599
1 5 184 587 367 121 594 675 599 375
1 5 374 597 675 594 72 377 600 192
1 5 597 380 598 675 377 25 378 600
1 5 675 598 381 599 600 378 73 379
1 5 594 675 599 375 192 600 379 111
1 5 367 109 370 590 599 381 601 676
1 5 590 370 37 206 676 601 231 468
1 5 371 590 206 83 602 676 468 225
1 5 375 599 676 602 111 379 603 383
1 5 599 381 601 676 379 73 382 603
1 5 676 601 231 468 603 382 7 228
1 5 602 676 468 225 383 603 228 32
1 5 185 121 371 592 595 375 602 677
1 5 592 371 83 127 677 602 225 464
1 5 372 592 127 36 604 677 464 224
1 5 376 595 677 604 74 193 605 384
1 5 595 375 602 677 193 111 383 605
1 5 677 602 225 464 605 383 32 135
1 5 604 677 464 224 384 605 135 6
1 5 377 25 378 600 606 388 607 678
1 5 600 378 73 379 678 607 389 608
1 5 192 600 379 111 446 678 608 201
1 5 200 606 678 446 112 385 609 196
1 5 606 388 607 678 385 81 386 609
1 5 678 607 389 608 609 386 113 387
1 5 446 678 608 201 196 609 387 122
1 5 379 73 382 603 608 389 610 679
1 5 603 382 7 228 679 610 244 479
1 5 383 603 228 32 611 679 479 144
1 5 201 608 679 611 122 387 612 391
1 5 608 389 610 679 387 113 390 612
1 5 679 610 244 479 612 390 45 241
1 5 611 679 479 144 391 612 241 88
1 5 193 111 383 605 447 201 611 680
1 5 605 383 32 135 680 611 144 416
1 5 384 605 135 6 613 680 416 143
1 5 202 447 680 613 114 197 614 392
1 5 447 201 611 680 197 122 391 614
1 5 680 611 144 416 614 391 88 139
1 5 613 680 416 143 392 614 139 44
1 5 195 112 196 449 615 398 616 681
1 5 449 196 122 197 681 616 399 617
1 5 198 449 197 114 618 681 617 400
1 5 397 615 681 618 26 393 619 396
1 5 615 398 616 681 393 77 394 619
1 5 681 616 399 617 619 394 115 395
1 5 618 681 617 400 396 619 395 79
1 5 385 81 386 609 620 404 621 682
1 5 609 386 113 387 682 621 405 622
1 5 196 609 387 122 616 682 622 399
1 5 398 620 682 616 77 401 623 394
1 5 620 404 621 682 401 27 402 623
1 5 682 621 405 622 623 402 78 403
1 5 616 682 622 399 394 623 403 115
1 5 387 113 390 612 622 405 624 683
1 5 612 390 45 241 683 624 260 494
1 5 391 612 241 88 625 683 494 255
1 5 399 622 683 625 115 403 626 407
1 5 622 405 624 683 403 78 406 626
1 5 683 624 260 494 626 406 9 258
1 5 625 683 494 255 407 626 258 40
1 5 197 122 391 614 617 399 625 684
1 5 614 391 88 139 684 625 255 490
1 5 392 614 139 44 627 684 490 254
1 5 400 617 684 627 79 395 628 408
1 5 617 399 625 684 395 115 407 628
1 5 684 625 255 490 628 407 40 147
1 5 627 684 490 254 408 628 147 8

boundary
416
61 3 126 0 131 413
61 3 1 204 452 209
61 3 5 212 457 217
61 3 138 6 143 419
61 3 7 229 480 244
61 3 17 234 484 249
61 3 162 427 159 9
61 3 150 8 155 425
61 3 8 147 422 155
61 3 19 263 509 275
61 3 10 280 519 283
61 3 9 159 428 167
61 3 2 302 533 307
61 3 12 310 538 315
61 3 11 319 547 289
61 3 174 433 171 14
61 3 174 14 179 437
61 3 15 336 560 341
61 3 23 344 565 349
61 3 335 15 368 584
61 3 179 14 187 442
61 3 15 341 585 368
61 3 377 25 388 606
61 3 194 24 199 448
61 3 25 378 607 388
61 3 26 393 619 396
61 3 220 31 134 462
61 3 222 86 227 477
61 3 130 36 224 467
61 3 29 211 456 210
61 3 84 214 472 232
61 3 37 207 469 231
61 3 65 343 564 342
61 3 105 346 579 361
61 3 69 339 577 360
61 3 69 360 588 369
61 3 109 370 601 381
61 3 76 366 598 380
61 3 30 219 461 218
61 3 85 221 476 237
61 3 38 215 473 236
61 3 34 238 487 250
61 3 90 251 502 266
61 3 46 247 499 265
61 3 42 267 512 276
61 3 95 277 528 297
61 3 54 273 525 296
61 3 58 317 542 316
61 3 101 318 556 333
61 3 63 313 553 332
61 3 239 35 146 488
61 3 252 91 257 503
61 3 142 44 254 493
61 3 268 43 158 513
61 3 278 96 287 529
61 3 154 52 284 518
61 3 33 233 483 245
61 3 89 246 498 261
61 3 45 242 495 260
61 3 160 531 301 56
61 3 311 536 303 98
61 3 262 541 161 41
61 3 73 382 610 389
61 3 113 390 624 405
61 3 81 386 621 404
61 3 40 258 505 156
61 3 93 270 520 285
61 3 52 151 515 284
61 3 191 72 200 445
61 3 195 112 398 615
61 3 385 81 404 620
61 3 384 74 202 613
61 3 392 114 400 627
61 3 198 80 397 618
61 3 77 401 623 394
61 3 115 403 626 407
61 3 79 395 628 408
61 3 48 288 523 281
61 3 97 290 527 295
61 3 51 282 530 299
61 3 59 324 551 320
61 3 102 326 555 331
61 3 49 321 557 293
61 3 56 301 532 168
61 3 99 304 548 322
61 3 53 163 544 291
61 3 57 309 537 308
61 3 100 312 552 328
61 3 62 305 549 327
61 3 172 558 335 64
61 3 345 563 337 103
61 3 352 568 173 67
61 3 171 64 188 439
61 3 183 108 374 593
61 3 365 76 380 597
61 3 352 67 182 570
61 3 354 107 359 583
61 3 178 68 356 575
61 3 356 68 190 591
61 3 372 110 376 604
61 3 186 75 373 596
61 3 66 351 569 350
61 3 106 353 582 363
61 3 70 347 580 362
61 3 31 126 413 134
61 3 134 413 130 86
61 3 413 131 36 130
61 3 4 220 462 223
61 3 223 462 222 39
61 3 462 134 86 222
61 3 39 222 477 240
61 3 240 477 239 16
61 3 477 227 35 239
61 3 86 130 467 227
61 3 227 467 138 35
61 3 467 224 6 138
61 3 204 29 210 452
61 3 452 210 84 207
61 3 209 452 207 37
61 3 336 65 342 560
61 3 560 342 105 339
61 3 341 560 339 69
61 3 341 69 369 585
61 3 585 369 109 366
61 3 368 585 366 76
61 3 211 5 217 456
61 3 456 217 38 214
61 3 210 456 214 84
61 3 214 38 236 472
61 3 472 236 17 233
61 3 232 472 233 33
61 3 207 84 232 469
61 3 469 232 33 229
61 3 231 469 229 7
61 3 343 23 349 564
61 3 564 349 70 346
61 3 342 564 346 105
61 3 346 70 362 579
61 3 579 362 5 211
61 3 361 579 211 29
61 3 339 105 361 577
61 3 577 361 29 204
61 3 360 577 204 1
61 3 360 1 209 588
61 3 588 209 37 370
61 3 369 588 370 109
61 3 370 37 231 601
61 3 601 231 7 382
61 3 381 601 382 73
61 3 366 109 381 598
61 3 598 381 73 378
61 3 380 598 378 25
61 3 212 30 218 457
61 3 457 218 85 215
61 3 217 457 215 38
61 3 234 34 250 484
61 3 484 250 90 247
61 3 249 484 247 46
61 3 263 42 276 509
61 3 509 276 95 273
61 3 275 509 273 54
61 3 310 58 316 538
61 3 538 316 101 313
61 3 315 538 313 63
61 3 219 4 223 461
61 3 461 223 39 221
61 3 218 461 221 85
61 3 221 39 240 476
61 3 476 240 16 238
61 3 237 476 238 34
61 3 215 85 237 473
61 3 473 237 34 234
61 3 236 473 234 17
61 3 238 16 253 487
61 3 487 253 47 251
61 3 250 487 251 90
61 3 251 47 269 502
61 3 502 269 18 267
61 3 266 502 267 42
61 3 247 90 266 499
61 3 499 266 42 263
61 3 265 499 263 19
61 3 267 18 279 512
61 3 512 279 55 277
61 3 276 512 277 95
61 3 277 55 300 528
61 3 528 300 20 298
61 3 297 528 298 50
61 3 273 95 297 525
61 3 525 297 50 294
61 3 296 525 294 21
61 3 317 19 275 542
61 3 542 275 54 318
61 3 316 542 318 101
61 3 318 54 296 556
61 3 556 296 21 334
61 3 333 556 334 61
61 3 313 101 333 553
61 3 553 333 61 330
61 3 332 553 330 13
61 3 35 138 419 146
61 3 146 419 142 91
61 3 419 143 44 142
61 3 43 150 425 158
61 3 158 425 154 96
61 3 425 155 52 154
61 3 16 239 488 253
61 3 253 488 252 47
61 3 488 146 91 252
61 3 47 252 503 269
61 3 269 503 268 18
61 3 503 257 43 268
61 3 91 142 493 257
61 3 257 493 150 43
61 3 493 254 8 150
61 3 18 268 513 279
61 3 279 513 278 55
61 3 513 158 96 278
61 3 55 278 529 300
61 3 300 529 299 20
61 3 529 287 51 299
61 3 96 154 518 287
61 3 287 518 283 51
61 3 518 284 10 283
61 3 229 33 245 480
61 3 480 245 89 242
61 3 244 480 242 45
61 3 427 160 56 159
61 3 161 98 160 427
61 3 41 161 427 162
61 3 378 73 389 607
61 3 607 389 113 386
61 3 388 607 386 81
61 3 233 17 249 483
61 3 483 249 46 246
61 3 245 483 246 89
61 3 246 46 265 498
61 3 498 265 19 262
61 3 261 498 262 41
61 3 242 89 261 495
61 3 495 261 41 162
61 3 260 495 162 9
61 3 531 302 2 301
61 3 303 57 302 531
61 3 98 303 531 160
61 3 536 309 57 303
61 3 310 12 309 536
61 3 58 310 536 311
61 3 541 311 98 161
61 3 317 58 311 541
61 3 19 317 541 262
61 3 382 7 244 610
61 3 610 244 45 390
61 3 389 610 390 113
61 3 390 45 260 624
61 3 624 260 9 406
61 3 405 624 406 78
61 3 386 113 405 621
61 3 621 405 78 402
61 3 404 621 402 27
61 3 147 40 156 422
61 3 422 156 93 151
61 3 155 422 151 52
61 3 72 377 606 200
61 3 200 606 385 112
61 3 606 388 81 385
61 3 74 194 448 202
61 3 202 448 198 114
61 3 448 199 80 198
61 3 393 77 394 619
61 3 619 394 115 395
61 3 396 619 395 79
61 3 258 9 167 505
61 3 505 167 53 270
61 3 156 505 270 93
61 3 270 53 291 520
61 3 520 291 11 288
61 3 285 520 288 48
61 3 151 93 285 515
61 3 515 285 48 280
61 3 284 515 280 10
61 3 24 191 445 199
61 3 199 445 195 80
61 3 445 200 112 195
61 3 80 195 615 397
61 3 397 615 393 26
61 3 615 398 77 393
61 3 112 385 620 398
61 3 398 620 401 77
61 3 620 404 27 401
61 3 6 384 613 143
61 3 143 613 392 44
61 3 613 202 114 392
61 3 44 392 627 254
61 3 254 627 408 8
61 3 627 400 79 408
61 3 114 198 618 400
61 3 400 618 396 79
61 3 618 397 26 396
61 3 401 27 402 623
61 3 623 402 78 403
61 3 394 623 403 115
61 3 403 78 406 626
61 3 626 406 9 258
61 3 407 626 258 40
61 3 395 115 407 628
61 3 628 407 40 147
61 3 408 628 147 8
61 3 280 48 281 519
61 3 519 281 97 282
61 3 283 519 282 51
61 3 319 59 320 547
61 3 547 320 102 321
61 3 289 547 321 49
61 3 288 11 289 523
61 3 523 289 49 290
61 3 281 523 290 97
61 3 290 49 293 527
61 3 527 293 21 294
61 3 295 527 294 50
61 3 282 97 295 530
61 3 530 295 50 298
61 3 299 530 298 20
61 3 324 3 325 551
61 3 551 325 60 326
61 3 320 551 326 102
61 3 326 60 329 555
61 3 555 329 13 330
61 3 331 555 330 61
61 3 321 102 331 557
61 3 557 331 61 334
61 3 293 557 334 21
61 3 159 56 168 428
61 3 428 168 99 163
61 3 167 428 163 53
61 3 301 2 307 532
61 3 532 307 62 304
61 3 168 532 304 99
61 3 304 62 327 548
61 3 548 327 3 324
61 3 322 548 324 59
61 3 163 99 322 544
61 3 544 322 59 319
61 3 291 544 319 11
61 3 302 57 308 533
61 3 533 308 100 305
61 3 307 533 305 62
61 3 309 12 315 537
61 3 537 315 63 312
61 3 308 537 312 100
61 3 312 63 332 552
61 3 552 332 13 329
61 3 328 552 329 60
61 3 305 100 328 549
61 3 549 328 60 325
61 3 327 549 325 3
61 3 433 172 64 171
61 3 173 103 172 433
61 3 67 173 433 174
61 3 64 335 584 188
61 3 188 584 365 108
61 3 584 368 76 365
61 3 558 336 15 335
61 3 337 65 336 558
61 3 103 337 558 172
61 3 563 343 65 337
61 3 344 23 343 563
61 3 66 344 563 345
61 3 568 345 103 173
61 3 351 66 345 568
61 3 22 351 568 352
61 3 14 171 439 187
61 3 187 439 183 75
61 3 439 188 108 183
61 3 75 183 593 373
61 3 373 593 191 24
61 3 593 374 72 191
61 3 108 365 597 374
61 3 374 597 377 72
61 3 597 380 25 377
61 3 67 174 437 182
61 3 182 437 178 107
61 3 437 179 68 178
61 3 68 179 442 190
61 3 190 442 186 110
61 3 442 187 75 186
61 3 22 352 570 355
61 3 355 570 354 71
61 3 570 182 107 354
61 3 71 354 583 364
61 3 364 583 220 4
61 3 583 359 31 220
61 3 107 178 575 359
61 3 359 575 126 31
61 3 575 356 0 126
61 3 0 356 591 131
61 3 131 591 372 36
61 3 591 190 110 372
61 3 36 372 604 224
61 3 224 604 384 6
61 3 604 376 74 384
61 3 110 186 596 376
61 3 376 596 194 74
61 3 596 373 24 194
61 3 344 66 350 565
61 3 565 350 106 347
61 3 349 565 347 70
61 3 351 22 355 569
61 3 569 355 71 353
61 3 350 569 353 106
61 3 353 71 364 582
61 3 582 364 4 219
61 3 363 582 219 30
61 3 347 106 363 580
61 3 580 363 30 212
61 3 362 580 212 5

vertices
685

nodes
FiniteElementSpace
FiniteElementCollection: H1_3D_P2
VDim: 3
Ordering: 0

0
0.13464912
0.25513258
0.25513258
-2.1684043e-18
0.11052157
-2.1684043e-18
0.13464912
-1.9515639e-18
0.13464912
1.0842022e-18
0.13464912
0.1716001
0.1716001
-1.3010426e-18
0.17834803
-1.9651164e-19
0.11052157
-2.5072175e-19
0.11052157
2.1006417e-19
0.11052157
-3.2526065e-19
0.14907545
-5.502326e-18
0.19040097
0
0.19444247
0.067324562
0.12258535
0.055260787
-1.0842022e-18
0.067324562
0.12258535
0.055260787
-1.182458e-18
-1.0842022e-18
0.13464912
0.11052157
-1.182458e-18
0.067324562
0.12258535
0.055260787
-1.1011428e-18
-2.0599841e-18
0.13464912
0.11052157
-2.236167e-19
0.067324562
0.12258535
0.055260787
6.4713317e-19
-4.3368087e-19
0.13464912
0.11052157
-2.0328791e-20
0.19489085
0.21336634
0.14106084
0.19489085
0.21336634
0.14106084
0.25513258
0.1716001
0.089174016
0.16371174
0.074537724
-8.1315163e-19
-6.505213e-19
0.15649858
0.12979851
-1.2468325e-18
0.095200485
0.16252505
-3.8353652e-18
-3.4016843e-18
0.1843745
0.097221237
0.1645458
-9.7578196e-19
-2.751163e-18
0.19242172
0.061292674
0.067324562
0.12258535
0.055260787
-1.1333301e-18
0.061292674
0.067324562
0.12258535
0.055260787
-1.1418004e-18
0.061292674
0.067324562
0.12258535
0.055260787
-2.2700483e-19
0.061292674
0.16797584
0.19489085
0.21336634
0.14106084
0.16797584
0.08185587
0.078249289
0.14314854
0.064899255
-9.486769e-19
0.09218725
0.15951181
-2.2429432e-18
0.081262523
0.096210861
0.16353542
-2.4055736e-18
0.082272899
0.061292674
0.061292674
0.061292674
0.16797584
0.071574272
0.079755906
0.081767711
0.033662281
0.064308618
0.030646337
-5.4210109e-19
0.033662281
0.064308618
0.030646337
-1.1087661e-18
-5.4210109e-19
0.067324562
0.061292674
-1.1087661e-18
0.033662281
0.064308618
0.030646337
-1.6754312e-18
0.033662281
0.064308618
0.030646337
-1.6008923e-18
-2.1141942e-18
0.067324562
0.061292674
-1.1621292e-18
0.033662281
0.064308618
0.030646337
-1.5263534e-18
0.033662281
0.064308618
0.030646337
-3.3034285e-19
-1.1926224e-18
0.067324562
0.061292674
-6.6407383e-19
0.16476999
0.18143335
0.1452806
0.12861724
0.16476999
0.18143335
0.1452806
0.12861724
0.13464912
0.19489085
0.16797584
0.12258535
0.044587008
0.085514943
0.040927935
-1.0570971e-18
0.039124644
0.07491178
0.035787136
-7.995991e-19
-9.7578196e-19
0.083711652
0.076715071
-8.8091427e-19
0.046093625
0.085971578
0.039877953
-2.8223138e-18
-2.3513635e-18
0.090680633
0.079002597
-1.4467323e-18
0.047600243
0.088231504
0.040631262
-4.6688456e-18
0.048105431
0.088989286
0.040883856
-2.5783683e-18
-4.1267445e-18
0.095705673
0.081515117
-3.1204694e-18
0.10098684
0.12861724
0.091939012
0.10098684
0.12861724
0.091939012
0.13464912
0.12258535
0.11655346
0.082891181
0.058276731
0.11655346
0.082891181
0.058276731
0.11052157
0.055260787
0.027630394
-1.6263033e-18
0.027630394
-1.157894e-18
-1.6754312e-18
-1.6263033e-18
0.067324562
0.061292674
-1.157894e-18
0.10098684
0.12861724
0.091939012
0.13464912
0.12258535
0.11655346
0.082891181
0.058276731
0.11052157
0.055260787
0.027630394
-6.8948482e-19
-6.8948482e-19
0.10098684
0.12861724
0.091939012
0.13464912
0.12258535
0.11655346
0.082891181
0.058276731
0.11052157
0.055260787
0.027630394
-6.8270856e-19
-2.1006417e-19
-2.005774e-18
0.067324562
0.061292674
-1.1214716e-18
0.10098684
0.091939012
0.13464912
0.12258535
0.11655346
0.082891181
0.058276731
0.11052157
0.055260787
0.027630394
-6.7593229e-19
-2.3716923e-19
0.10098684
0.091939012
0.11655346
0.082891181
0.058276731
0.11052157
0.055260787
0.027630394
-1.2366681e-19
-1.3552527e-19
0.033662281
0.064308618
0.030646337
8.6566767e-19
3.2526065e-19
0.067324562
0.061292674
2.1006417e-19
0.10098684
0.12861724
0.091939012
0.13464912
0.12258535
0.11655346
0.082891181
0.058276731
0.11052157
0.055260787
0.027630394
4.2859867e-19
9.486769e-20
0.22501171
0.23424946
0.19067109
0.22501171
0.23424946
0.19067109
0.25513258
0.21336634
0.19248322
0.15633047
0.15451834
0.19248322
0.15633047
0.15451834
0.1716001
0.14106084
0.12579121
0.12579121
0.16476999
0.18143335
0.1452806
0.19489085
0.16797584
0.22501171
0.23424946
0.19067109
0.25513258
0.21336634
0.19248322
0.15633047
0.15451834
0.1716001
0.14106084
0.12579121
0.13376102
0.17102989
0.1227838
0.11737393
0.14982356
0.10736141
0.1674233
0.15343014
0.15639359
0.11180659
0.078196797
0.13647353
0.097348883
0.068236764
0.13943698
0.06971849
0.037268862
-5.6920614e-19
0.032449628
-1.0977547e-18
-7.8604658e-19
-3.2526065e-19
0.072786925
0.066433473
-1.0164395e-18
0.14557385
0.13286695
0.12016004
0.060080021
-1.7076184e-18
0.13828088
0.17194316
0.11963386
0.18136127
0.15800519
0.14708047
0.073540234
-1.6635727e-18
-4.4520052e-18
0.093693868
0.080509215
-3.0391542e-18
0.14280073
0.17646301
0.12189379
0.18738774
0.16101843
0.14858708
0.074293542
-3.0018848e-18
0.14431629
0.17797857
0.12265157
0.19141135
0.16303023
0.14909227
0.074546136
-2.2327788e-18
0.048610619
0.089747068
0.04113645
-4.8789098e-19
-1.3755815e-18
0.096716049
0.082020305
-1.6906778e-18
0.14583186
0.17949414
0.12340935
0.1934321
0.16404061
0.14959746
0.074798731
-1.4636729e-18
0.032154309
0.033662281
0.064308618
0.030646337
-8.2543361e-19
0.032154309
0.032154309
0.033662281
0.064308618
0.030646337
-1.6381617e-18
0.032154309
0.032154309
0.033662281
0.064308618
0.030646337
-9.2834811e-19
0.032154309
0.15502529
0.16476999
0.18143335
0.1452806
0.12861724
0.15502529
0.042757471
0.041855826
0.080213361
0.038357535
-9.2834811e-19
0.03745589
0.045340317
0.084841615
0.039501299
-1.8990479e-18
0.042985789
0.044115752
0.047852837
0.088610395
0.040757559
-3.6236069e-18
0.044494643
0.096462927
0.10098684
0.12861724
0.091939012
0.096462927
0.087415096
0.11655346
0.082891181
0.058276731
0.087415096
0.029138365
0.027630394
-1.3920986e-18
0.029138365
0.033662281
0.064308618
0.030646337
-1.3920986e-18
0.10098684
0.12861724
0.091939012
0.096462927
0.11655346
0.082891181
0.058276731
0.087415096
0.027630394
-9.2368943e-19
0.029138365
0.10098684
0.12861724
0.091939012
0.096462927
0.11655346
0.082891181
0.058276731
0.087415096
0.027630394
-6.8609669e-19
0.029138365
0.033662281
0.064308618
0.030646337
-1.5636228e-18
0.10098684
0.12861724
0.091939012
0.096462927
0.11655346
0.082891181
0.058276731
0.087415096
0.027630394
-6.7932042e-19
0.029138365
0.10098684
0.091939012
0.096462927
0.11655346
0.082891181
0.058276731
0.087415096
0.027630394
-3.9979955e-19
0.029138365
0.033662281
0.064308618
0.030646337
2.6766241e-19
0.032154309
0.10098684
0.12861724
0.091939012
0.096462927
0.11655346
0.082891181
0.058276731
0.087415096
0.027630394
1.5246593e-19
0.029138365
0.2078414
0.22501171
0.23424946
0.19067109
0.2078414
0.17350078
0.19248322
0.15633047
0.15451834
0.17350078
0.1355359
0.12579121
0.1355359
0.16476999
0.18143335
0.1452806
0.15502529
0.22501171
0.23424946
0.19067109
0.2078414
0.19248322
0.15633047
0.15451834
0.17350078
0.12579121
0.1355359
0.12827241
0.12556748
0.16042672
0.11507261
0.11236767
0.1172952
0.14643356
0.10457773
0.07321678
0.10235515
0.039098398
0.034859245
-8.3348042e-19
0.034118382
0.036393463
0.069610199
0.033216737
-6.7085009e-19
0.10918039
0.1392204
0.09965021
0.12651349
0.090120032
0.063256747
0.030040011
-1.362029e-18
0.13602095
0.16968323
0.1185039
0.12895737
0.14632716
0.073163579
0.11031035
-9.9441668e-19
0.036770117
0.046846934
0.087101541
0.040254607
-3.7455797e-18
0.1405408
0.17420308
0.12076382
0.13234726
0.14783378
0.073916888
0.11144031
-2.3327287e-18
0.037146771
0.14355851
0.17722079
0.12227268
0.13348393
0.14883968
0.074419839
0.1118192
-2.6173318e-18
0.037273068
0.048358025
0.089368177
0.041010153
-1.5331296e-18
0.044873534
0.14507407
0.17873635
0.12303046
0.1346206
0.14934487
0.074672434
0.1121981
-1.8482259e-18
0.037399365
0.032154309
0.032154309
0.032154309
0.15502529
0.040106681
0.042420808
0.044305198
0.096462927
0.087415096
0.029138365
0.032154309
0.096462927
0.087415096
0.029138365
0.096462927
0.087415096
0.029138365
0.032154309
0.096462927
0.087415096
0.029138365
0.096462927
0.087415096
0.029138365
0.032154309
0.096462927
0.087415096
0.029138365
0.2078414
0.17350078
0.1355359
0.15502529
0.2078414
0.17350078
0.1355359
0.12032004
0.10982517
0.03660839
0.0348051
0.1044153
0.094885121
0.031628374
0.12726242
0.10974537
0.03658179
0.043550771
0.13065231
0.11087533
0.036958444
0.13291559
0.11162976
0.03720992
0.044684089
0.13405227
0.11200865
0.037336217
0.01683114
0.032908295
0.016077154
-2.7105054e-19
0.01683114
0.032908295
0.016077154
-6.8376735e-19
-2.7105054e-19
0.033662281
0.032154309
-6.8376735e-19
0.01683114
0.032908295
0.016077154
-1.9219178e-18
0.01683114
0.032908295
0.016077154
-1.876178e-18
-2.1412993e-18
0.033662281
0.032154309
-1.6567964e-18
0.01683114
0.032908295
0.016077154
-1.7389586e-18
0.01683114
0.032908295
0.016077154
-1.0604852e-18
-1.5720932e-18
0.033662281
0.032154309
-1.2273507e-18
0.14970955
0.15989764
0.14182126
0.13163318
0.14970955
0.15989764
0.14182126
0.13163318
0.13464912
0.16476999
0.15502529
0.12861724
0.022293504
0.04367224
0.021378736
-1.1790699e-18
0.020927913
0.040981253
0.02005334
-9.5206503e-19
-1.1384123e-18
0.043221417
0.041432076
-9.9272261e-19
0.022670158
0.043880562
0.021210404
-2.1252057e-18
-1.826203e-18
0.044963662
0.042138317
-1.4374149e-18
0.023800121
0.045857997
0.022057876
-5.0855858e-18
0.023926418
0.046079017
0.022152599
-3.8751757e-18
-4.8145353e-18
0.04772654
0.044210475
-4.1462263e-18
0.084155702
0.098724885
0.080385772
0.06581659
0.084155702
0.098724885
0.080385772
0.06581659
0.067324562
0.10098684
0.096462927
0.064308618
0.076615843
0.089677054
0.072845913
0.059784703
0.076615843
0.089677054
0.072845913
0.059784703
0.061292674
0.091939012
0.087415096
0.058276731
0.015323169
0.029892351
0.014569183
-1.3552527e-18
0.015323169
0.029892351
0.014569183
-1.2504324e-18
-1.0964842e-18
0.030646337
0.029138365
-1.509201e-18
0.01683114
0.032908295
0.016077154
-1.0964842e-18
0.01683114
0.032908295
0.016077154
-1.509201e-18
-1.3552527e-18
0.033662281
0.032154309
-1.2504324e-18
0.084155702
0.098724885
0.080385772
0.06581659
0.084155702
0.098724885
0.080385772
0.06581659
0.067324562
0.10098684
0.096462927
0.064308618
0.076615843
0.089677054
0.072845913
0.059784703
0.076615843
0.089677054
0.072845913
0.059784703
0.061292674
0.091939012
0.087415096
0.058276731
0.015323169
0.029892351
0.014569183
-1.1456121e-18
0.015323169
0.029892351
0.014569183
-1.0407917e-18
-1.1456121e-18
0.030646337
0.029138365
-1.0407917e-18
0.084155702
0.098724885
0.080385772
0.06581659
0.084155702
0.098724885
0.080385772
0.06581659
0.067324562
0.10098684
0.096462927
0.064308618
0.076615843
0.089677054
0.072845913
0.059784703
0.076615843
0.089677054
0.072845913
0.059784703
0.061292674
0.091939012
0.087415096
0.058276731
0.015323169
0.029892351
0.014569183
-9.3597141e-19
0.015323169
0.029892351
0.014569183
-9.2411295e-19
-1.1722936e-18
0.030646337
0.029138365
-6.8779075e-19
0.01683114
0.032908295
0.016077154
-1.8304382e-18
0.01683114
0.032908295
0.016077154
-1.7846984e-18
-2.0328791e-18
0.033662281
0.032154309
-1.5822575e-18
0.084155702
0.098724885
0.080385772
0.06581659
0.084155702
0.098724885
0.080385772
0.06581659
0.067324562
0.10098684
0.096462927
0.064308618
0.076615843
0.089677054
0.072845913
0.059784703
0.076615843
0.089677054
0.072845913
0.059784703
0.061292674
0.091939012
0.087415096
0.058276731
0.015323169
0.029892351
0.014569183
-9.1225448e-19
0.015323169
0.029892351
0.014569183
-9.0039602e-19
-1.131636e-18
0.030646337
0.029138365
-6.8101449e-19
0.084155702
0.098724885
0.080385772
0.06581659
0.084155702
0.098724885
0.080385772
0.06581659
0.067324562
0.10098684
0.096462927
0.064308618
0.076615843
0.089677054
0.072845913
0.059784703
0.076615843
0.089677054
0.072845913
0.059784703
0.061292674
0.091939012
0.087415096
0.058276731
0.015323169
0.029892351
0.014569183
-8.8853756e-19
0.015323169
0.029892351
0.014569183
-5.3193669e-19
-8.8260833e-19
0.030646337
0.029138365
-5.3786592e-19
0.01683114
0.032908295
0.016077154
-3.8201186e-19
0.01683114
0.032908295
0.016077154
2.9646153e-19
-5.4210109e-20
0.033662281
0.032154309
-3.1340219e-20
0.084155702
0.098724885
0.080385772
0.06581659
0.084155702
0.098724885
0.080385772
0.06581659
0.067324562
0.10098684
0.096462927
0.064308618
0.076615843
0.089677054
0.072845913
0.059784703
0.076615843
0.089677054
0.072845913
0.059784703
0.061292674
0.091939012
0.087415096
0.058276731
0.015323169
0.029892351
0.014569183
-1.7533582e-19
0.015323169
0.029892351
0.014569183
1.8126505e-19
-8.4703295e-21
0.030646337
0.029138365
1.439956e-20
0.20995128
0.21642656
0.19463737
0.1881621
0.20995128
0.21642656
0.19463737
0.1881621
0.19489085
0.22501171
0.2078414
0.18143335
0.17932347
0.18208594
0.16400956
0.16124709
0.17932347
0.18208594
0.16400956
0.16124709
0.16797584
0.19067109
0.17350078
0.15451834
0.13393297
0.14040825
0.12604468
0.11956941
0.13393297
0.14040825
0.12604468
0.11956941
0.12258535
0.1452806
0.1355359
0.11655346
0.14970955
0.15989764
0.14182126
0.13163318
0.14970955
0.15989764
0.14182126
0.13163318
0.13464912
0.16476999
0.15502529
0.12861724
0.20995128
0.21642656
0.19463737
0.1881621
0.20995128
0.21642656
0.19463737
0.1881621
0.19489085
0.22501171
0.2078414
0.18143335
0.17932347
0.18208594
0.16400956
0.16124709
0.17932347
0.18208594
0.16400956
0.16124709
0.16797584
0.19067109
0.17350078
0.15451834
0.13393297
0.14040825
0.12604468
0.11956941
0.13393297
0.14040825
0.12604468
0.11956941
0.12258535
0.1452806
0.1355359
0.11655346
0.11146752
0.13101672
0.10689368
0.087344479
0.10463957
0.12294376
0.1002667
0.081962507
0.086442834
0.12966425
0.12429623
0.082864152
0.10231984
0.1200395
0.097745996
0.080026333
0.095893839
0.11244889
0.091520975
0.074965926
0.07928547
0.11892821
0.11356018
0.075706788
0.020463967
0.040013167
0.019549199
-6.9117888e-19
0.019178768
0.037482963
0.018304195
-8.5719734e-19
-8.4703295e-19
0.039642735
0.037853394
-7.0134328e-19
0.019562322
0.038290267
0.018727945
-7.250602e-19
0.018196731
0.035599281
0.01740255
-4.9805537e-19
-4.8789098e-19
0.037759053
0.036130495
-7.352246e-19
0.097811611
0.1148708
0.093639725
0.076580534
0.090983656
0.10679784
0.087012749
0.071198562
0.075518107
0.11327716
0.10839148
0.07226099
0.08946784
0.10485828
0.085295955
0.069905518
0.083041841
0.097267665
0.079070934
0.06484511
0.069003873
0.10350581
0.098620133
0.065746755
0.017893568
0.034952759
0.017059191
-1.0232158e-18
0.016608368
0.032422555
0.015814187
-1.1892343e-18
-9.8255822e-19
0.034501936
0.032873378
-1.2298918e-18
0.11335079
0.13164169
0.10605202
0.087761124
0.089927324
0.13489099
0.12641495
0.084276634
0.098753247
0.11412463
0.091454474
0.076083088
0.078625943
0.11793891
0.10946288
0.072975252
0.019750649
0.038041544
0.018290895
-1.2205745e-18
-1.0486268e-18
0.039312971
0.036487626
-6.5983867e-19
0.023046813
0.044539707
0.021492895
-3.111999e-18
0.023423467
0.045198852
0.021775385
-4.0987924e-18
-3.9268447e-18
0.04647028
0.04326828
-3.2839467e-18
0.11523406
0.13361912
0.10746447
0.089079414
0.11711733
0.13559656
0.10887693
0.090397704
0.092940559
0.13941084
0.12980484
0.08653656
0.099694882
0.1149721
0.091925292
0.07664807
0.10063652
0.11581958
0.09239611
0.077213051
0.08013256
0.12019884
0.11059284
0.073728561
0.019938976
0.038324035
0.018385058
-1.953258e-18
0.020127304
0.038606526
0.018479222
-2.6859415e-18
-2.6410487e-18
0.04006628
0.03686428
-1.9981507e-18
0.11900061
0.13757399
0.11028938
0.091715995
0.11963209
0.13823705
0.11076299
0.092158034
0.095453079
0.14317962
0.13263142
0.08842095
0.10157815
0.11666705
0.092866928
0.077778033
0.1018939
0.11695122
0.093024799
0.077967478
0.08138882
0.12208323
0.11153504
0.074356691
0.020315631
0.038889016
0.018573386
-3.418625e-18
0.020378779
0.038983739
0.01860496
-2.8689006e-18
-3.4779173e-18
0.04069441
0.037178345
-2.8096083e-18
0.024052715
0.046300037
0.022247322
