MFEM mesh v1.0

#
# MFEM Geometry Types (see mesh/geom.hpp):
#
# POINT       = 0
# SEGMENT     = 1
# TRIANGLE    = 2
# SQUARE      = 3
# TETRAHEDRON = 4
# CUBE        = 5
#

dimension
3

elements
384
1 5 8 111 365 114 119 366 557 369
1 5 10 123 371 126 131 372 558 375
1 5 9 135 377 138 143 378 559 381
1 5 21 147 383 150 155 384 560 387
1 5 16 159 389 162 167 390 561 393
1 5 15 171 395 174 179 396 562 399
1 5 26 183 401 112 120 402 563 367
1 5 75 185 406 193 121 404 564 409
1 5 29 113 411 200 122 368 565 413
1 5 34 115 370 118 204 415 566 418
1 5 76 186 405 116 205 419 567 416
1 5 105 188 410 196 206 421 568 425
1 5 79 117 414 202 207 417 569 428
1 5 30 208 422 124 132 430 570 373
1 5 80 210 426 215 133 432 571 436
1 5 33 125 429 218 134 374 572 438
1 5 42 127 376 130 234 440 573 443
1 5 81 220 433 128 235 445 574 441
1 5 106 222 437 227 236 447 575 451
1 5 84 129 439 229 237 442 576 454
1 5 32 214 456 136 144 435 577 379
1 5 86 252 460 258 145 458 578 463
1 5 48 137 465 265 146 380 579 467
1 5 45 139 382 142 250 453 580 471
1 5 83 226 459 140 247 450 581 469
1 5 107 254 464 261 272 474 582 478
1 5 89 141 468 267 273 470 583 481
1 5 54 285 483 148 156 484 584 385
1 5 91 287 488 295 157 486 585 491
1 5 57 149 493 300 158 386 586 494
1 5 58 151 388 154 302 496 587 499
1 5 92 288 487 152 303 500 588 497
1 5 108 290 492 298 304 502 589 505
1 5 95 153 495 301 305 498 590 507
1 5 62 311 508 160 168 509 591 391
1 5 96 312 512 317 169 510 592 515
1 5 65 161 517 324 170 392 593 519
1 5 69 163 394 166 332 521 594 524
1 5 97 313 511 164 333 526 595 522
1 5 109 314 516 320 334 528 596 532
1 5 100 165 520 326 335 523 597 535
1 5 56 294 537 172 180 490 598 397
1 5 102 347 541 353 181 539 599 544
1 5 63 173 546 315 182 398 600 513
1 5 61 175 400 178 310 506 601 527
1 5 94 297 540 176 309 504 602 549
1 5 110 349 545 356 361 552 603 555
1 5 98 177 548 318 338 550 604 530
1 5 111 26 112 365 366 120 367 557
1 5 365 112 75 113 557 367 121 368
1 5 114 365 113 29 369 557 368 122
1 5 119 366 557 369 34 115 370 118
1 5 366 120 367 557 115 76 116 370
1 5 557 367 121 368 370 116 105 117
1 5 369 557 368 122 118 370 117 79
1 5 123 30 124 371 372 132 373 558
1 5 371 124 80 125 558 373 133 374
1 5 126 371 125 33 375 558 374 134
1 5 131 372 558 375 42 127 376 130
1 5 372 132 373 558 127 81 128 376
1 5 558 373 133 374 376 128 106 129
1 5 375 558 374 134 130 376 129 84
1 5 135 32 136 377 378 144 379 559
1 5 377 136 86 137 559 379 145 380
1 5 138 377 137 48 381 559 380 146
1 5 143 378 559 381 45 139 382 142
1 5 378 144 379 559 139 83 140 382
1 5 559 379 145 380 382 140 107 141
1 5 381 559 380 146 142 382 141 89
1 5 147 54 148 383 384 156 385 560
1 5 383 148 91 149 560 385 157 386
1 5 150 383 149 57 387 560 386 158
1 5 155 384 560 387 58 151 388 154
1 5 384 156 385 560 151 92 152 388
1 5 560 385 157 386 388 152 108 153
1 5 387 560 386 158 154 388 153 95
1 5 159 62 160 389 390 168 391 561
1 5 389 160 96 161 561 391 169 392
1 5 162 389 161 65 393 561 392 170
1 5 167 390 561 393 69 163 394 166
1 5 390 168 391 561 163 97 164 394
1 5 561 391 169 392 394 164 109 165
1 5 393 561 392 170 166 394 165 100
1 5 171 56 172 395 396 180 397 562
1 5 395 172 102 173 562 397 181 398
1 5 174 395 173 63 399 562 398 182
1 5 179 396 562 399 61 175 400 178
1 5 396 180 397 562 175 94 176 400
1 5 562 397 181 398 400 176 110 177
1 5 399 562 398 182 178 400 177 98
1 5 183 17 184 401 402 189 403 563
1 5 401 184 27 185 563 403 190 404
1 5 112 401 185 75 367 563 404 121
1 5 120 402 563 367 76 186 405 116
1 5 402 189 403 563 186 35 187 405
1 5 563 403 190 404 405 187 77 188
1 5 367 563 404 121 116 405 188 105
1 5 185 27 191 406 404 190 407 564
1 5 406 191 18 192 564 407 197 408
1 5 193 406 192 28 409 564 408 198
1 5 121 404 564 409 105 188 410 196
1 5 404 190 407 564 188 77 194 410
1 5 564 407 197 408 410 194 36 195
1 5 409 564 408 198 196 410 195 78
1 5 113 75 193 411 368 121 409 565
1 5 411 193 28 199 565 409 198 412
1 5 200 411 199 7 413 565 412 203
1 5 122 368 565 413 79 117 414 202
1 5 368 121 409 565 117 105 196 414
1 5 565 409 198 412 414 196 78 201
1 5 413 565 412 203 202 414 201 37
1 5 115 76 116 370 415 205 416 566
1 5 370 116 105 117 566 416 206 417
1 5 118 370 117 79 418 566 417 207
1 5 204 415 566 418 10 123 371 126
1 5 415 205 416 566 123 30 124 371
1 5 566 416 206 417 371 124 80 125
1 5 418 566 417 207 126 371 125 33
1 5 186 35 187 405 419 211 420 567
1 5 405 187 77 188 567 420 212 421
1 5 116 405 188 105 416 567 421 206
1 5 205 419 567 416 30 208 422 124
1 5 419 211 420 567 208 19 209 422
1 5 567 420 212 421 422 209 31 210
1 5 416 567 421 206 124 422 210 80
1 5 188 77 194 410 421 212 423 568
1 5 410 194 36 195 568 423 216 424
1 5 196 410 195 78 425 568 424 217
1 5 206 421 568 425 80 210 426 215
1 5 421 212 423 568 210 31 213 426
1 5 568 423 216 424 426 213 20 214
1 5 425 568 424 217 215 426 214 32
1 5 117 105 196 414 417 206 425 569
1 5 414 196 78 201 569 425 217 427
1 5 202 414 201 37 428 569 427 219
1 5 207 417 569 428 33 125 429 218
1 5 417 206 425 569 125 80 215 429
1 5 569 425 217 427 429 215 32 135
1 5 428 569 427 219 218 429 135 9
1 5 208 19 209 422 430 223 431 570
1 5 422 209 31 210 570 431 224 432
1 5 124 422 210 80 373 570 432 133
1 5 132 430 570 373 81 220 433 128
1 5 430 223 431 570 220 43 221 433
1 5 570 431 224 432 433 221 82 222
1 5 373 570 432 133 128 433 222 106
1 5 210 31 213 426 432 224 434 571
1 5 426 213 20 214 571 434 228 435
1 5 215 426 214 32 436 571 435 144
1 5 133 432 571 436 106 222 437 227
1 5 432 224 434 571 222 82 225 437
1 5 571 434 228 435 437 225 44 226
1 5 436 571 435 144 227 437 226 83
1 5 125 80 215 429 374 133 436 572
1 5 429 215 32 135 572 436 144 378
1 5 218 429 135 9 438 572 378 143
1 5 134 374 572 438 84 129 439 229
1 5 374 133 436 572 129 106 227 439
1 5 572 436 144 378 439 227 83 139
1 5 438 572 378 143 229 439 139 45
1 5 127 81 128 376 440 235 441 573
1 5 376 128 106 129 573 441 236 442
1 5 130 376 129 84 443 573 442 237
1 5 234 440 573 443 3 230 444 233
1 5 440 235 441 573 230 38 231 444
1 5 573 441 236 442 444 231 85 232
1 5 443 573 442 237 233 444 232 41
1 5 220 43 221 433 445 241 446 574
1 5 433 221 82 222 574 446 242 447
1 5 128 433 222 106 441 574 447 236
1 5 235 445 574 441 38 238 448 231
1 5 445 241 446 574 238 12 239 448
1 5 574 446 242 447 448 239 39 240
1 5 441 574 447 236 231 448 240 85
1 5 222 82 225 437 447 242 449 575
1 5 437 225 44 226 575 449 246 450
1 5 227 437 226 83 451 575 450 247
1 5 236 447 575 451 85 240 452 245
1 5 447 242 449 575 240 39 243 452
1 5 575 449 246 450 452 243 13 244
1 5 451 575 450 247 245 452 244 40
1 5 129 106 227 439 442 236 451 576
1 5 439 227 83 139 576 451 247 453
1 5 229 439 139 45 454 576 453 250
1 5 237 442 576 454 41 232 455 249
1 5 442 236 451 576 232 85 245 455
1 5 576 451 247 453 455 245 40 248
1 5 454 576 453 250 249 455 248 4
1 5 214 20 251 456 435 228 457 577
1 5 456 251 46 252 577 457 255 458
1 5 136 456 252 86 379 577 458 145
1 5 144 435 577 379 83 226 459 140
1 5 435 228 457 577 226 44 253 459
1 5 577 457 255 458 459 253 87 254
1 5 379 577 458 145 140 459 254 107
1 5 252 46 256 460 458 255 461 578
1 5 460 256 6 257 578 461 262 462
1 5 258 460 257 47 463 578 462 263
1 5 145 458 578 463 107 254 464 261
1 5 458 255 461 578 254 87 259 464
1 5 578 461 262 462 464 259 52 260
1 5 463 578 462 263 261 464 260 88
1 5 137 86 258 465 380 145 463 579
1 5 465 258 47 264 579 463 263 466
1 5 265 465 264 5 467 579 466 268
1 5 146 380 579 467 89 141 468 267
1 5 380 145 463 579 141 107 261 468
1 5 579 463 263 466 468 261 88 266
1 5 467 579 466 268 267 468 266 53
1 5 139 83 140 382 453 247 469 580
1 5 382 140 107 141 580 469 272 470
1 5 142 382 141 89 471 580 470 273
1 5 250 453 580 471 4 248 472 271
1 5 453 247 469 580 248 40 269 472
1 5 580 469 272 470 472 269 90 270
1 5 471 580 470 273 271 472 270 51
1 5 226 44 253 459 450 246 473 581
1 5 459 253 87 254 581 473 276 474
1 5 140 459 254 107 469 581 474 272
1 5 247 450 581 469 40 244 475 269
1 5 450 246 473 581 244 13 274 475
1 5 581 473 276 474 475 274 49 275
1 5 469 581 474 272 269 475 275 90
1 5 254 87 259 464 474 276 476 582
1 5 464 259 52 260 582 476 280 477
1 5 261 464 260 88 478 582 477 281
1 5 272 474 582 478 90 275 479 279
1 5 474 276 476 582 275 49 277 479
1 5 582 476 280 477 479 277 1 278
1 5 478 582 477 281 279 479 278 50
1 5 141 107 261 468 470 272 478 583
1 5 468 261 88 266 583 478 281 480
1 5 267 468 266 53 481 583 480 284
1 5 273 470 583 481 51 270 482 283
1 5 470 272 478 583 270 90 279 482
1 5 583 478 281 480 482 279 50 282
1 5 481 583 480 284 283 482 282 0
1 5 285 22 286 483 484 291 485 584
1 5 483 286 55 287 584 485 292 486
1 5 148 483 287 91 385 584 486 157
1 5 156 484 584 385 92 288 487 152
1 5 484 291 485 584 288 59 289 487
1 5 584 485 292 486 487 289 93 290
1 5 385 584 486 157 152 487 290 108
1 5 287 55 293 488 486 292 489 585
1 5 488 293 14 294 585 489 299 490
1 5 295 488 294 56 491 585 490 180
1 5 157 486 585 491 108 290 492 298
1 5 486 292 489 585 290 93 296 492
1 5 585 489 299 490 492 296 60 297
1 5 491 585 490 180 298 492 297 94
1 5 149 91 295 493 386 157 491 586
1 5 493 295 56 171 586 491 180 396
1 5 300 493 171 15 494 586 396 179
1 5 158 386 586 494 95 153 495 301
1 5 386 157 491 586 153 108 298 495
1 5 586 491 180 396 495 298 94 175
1 5 494 586 396 179 301 495 175 61
1 5 151 92 152 388 496 303 497 587
1 5 388 152 108 153 587 497 304 498
1 5 154 388 153 95 499 587 498 305
1 5 302 496 587 499 10 126 375 131
1 5 496 303 497 587 126 33 134 375
1 5 587 497 304 498 375 134 84 130
1 5 499 587 498 305 131 375 130 42
1 5 288 59 289 487 500 306 501 588
1 5 487 289 93 290 588 501 307 502
1 5 152 487 290 108 497 588 502 304
1 5 303 500 588 497 33 218 438 134
1 5 500 306 501 588 218 9 143 438
1 5 588 501 307 502 438 143 45 229
1 5 497 588 502 304 134 438 229 84
1 5 290 93 296 492 502 307 503 589
1 5 492 296 60 297 589 503 308 504
1 5 298 492 297 94 505 589 504 309
1 5 304 502 589 505 84 229 454 237
1 5 502 307 503 589 229 45 250 454
1 5 589 503 308 504 454 250 4 249
1 5 505 589 504 309 237 454 249 41
1 5 153 108 298 495 498 304 505 590
1 5 495 298 94 175 590 505 309 506
1 5 301 495 175 61 507 590 506 310
1 5 305 498 590 507 42 130 443 234
1 5 498 304 505 590 130 84 237 443
1 5 590 505 309 506 443 237 41 233
1 5 507 590 506 310 234 443 233 3
1 5 311 15 174 508 509 179 399 591
1 5 508 174 63 312 591 399 182 510
1 5 160 508 312 96 391 591 510 169
1 5 168 509 591 391 97 313 511 164
1 5 509 179 399 591 313 61 178 511
1 5 591 399 182 510 511 178 98 314
1 5 391 591 510 169 164 511 314 109
1 5 312 63 315 512 510 182 513 592
1 5 512 315 24 316 592 513 321 514
1 5 317 512 316 64 515 592 514 322
1 5 169 510 592 515 109 314 516 320
1 5 510 182 513 592 314 98 318 516
1 5 592 513 321 514 516 318 70 319
1 5 515 592 514 322 320 516 319 99
1 5 161 96 317 517 392 169 515 593
1 5 517 317 64 323 593 515 322 518
1 5 324 517 323 23 519 593 518 327
1 5 170 392 593 519 100 165 520 326
1 5 392 169 515 593 165 109 320 520
1 5 593 515 322 518 520 320 99 325
1 5 519 593 518 327 326 520 325 71
1 5 163 97 164 394 521 333 522 594
1 5 394 164 109 165 594 522 334 523
1 5 166 394 165 100 524 594 523 335
1 5 332 521 594 524 2 328 525 331
1 5 521 333 522 594 328 66 329 525
1 5 594 522 334 523 525 329 101 330
1 5 524 594 523 335 331 525 330 68
1 5 313 61 178 511 526 310 527 595
1 5 511 178 98 314 595 527 338 528
1 5 164 511 314 109 522 595 528 334
1 5 333 526 595 522 66 336 529 329
1 5 526 310 527 595 336 3 230 529
1 5 595 527 338 528 529 230 38 337
1 5 522 595 528 334 329 529 337 101
1 5 314 98 318 516 528 338 530 596
1 5 516 318 70 319 596 530 341 531
1 5 320 516 319 99 532 596 531 342
1 5 334 528 596 532 101 337 533 340
1 5 528 338 530 596 337 38 238 533
1 5 596 530 341 531 533 238 12 339
1 5 532 596 531 342 340 533 339 67
1 5 165 109 320 520 523 334 532 597
1 5 520 320 99 325 597 532 342 534
1 5 326 520 325 71 535 597 534 345
1 5 335 523 597 535 68 330 536 344
1 5 523 334 532 597 330 101 340 536
1 5 597 532 342 534 536 340 67 343
1 5 535 597 534 345 344 536 343 11
1 5 294 14 346 537 490 299 538 598
1 5 537 346 72 347 598 538 350 539
1 5 172 537 347 102 397 598 539 181
1 5 180 490 598 397 94 297 540 176
1 5 490 299 538 598 297 60 348 540
1 5 598 538 350 539 540 348 103 349
1 5 397 598 539 181 176 540 349 110
1 5 347 72 351 541 539 350 542 599
1 5 541 351 25 352 599 542 357 543
1 5 353 541 352 73 544 599 543 358
1 5 181 539 599 544 110 349 545 356
1 5 539 350 542 599 349 103 354 545
1 5 599 542 357 543 545 354 74 355
1 5 544 599 543 358 356 545 355 104
1 5 173 102 353 546 398 181 544 600
1 5 546 353 73 359 600 544 358 547
1 5 315 546 359 24 513 600 547 321
1 5 182 398 600 513 98 177 548 318
1 5 398 181 544 600 177 110 356 548
1 5 600 544 358 547 548 356 104 360
1 5 513 600 547 321 318 548 360 70
1 5 175 94 176 400 506 309 549 601
1 5 400 176 110 177 601 549 361 550
1 5 178 400 177 98 527 601 550 338
1 5 310 506 601 527 3 233 444 230
1 5 506 309 549 601 233 41 232 444
1 5 601 549 361 550 444 232 85 231
1 5 527 601 550 338 230 444 231 38
1 5 297 60 348 540 504 308 551 602
1 5 540 348 103 349 602 551 362 552
1 5 176 540 349 110 549 602 552 361
1 5 309 504 602 549 41 249 455 232
1 5 504 308 551 602 249 4 248 455
1 5 602 551 362 552 455 248 40 245
1 5 549 602 552 361 232 455 245 85
1 5 349 103 354 545 552 362 553 603
1 5 545 354 74 355 603 553 363 554
1 5 356 545 355 104 555 603 554 364
1 5 361 552 603 555 85 245 452 240
1 5 552 362 553 603 245 40 244 452
1 5 603 553 363 554 452 244 13 243
1 5 555 603 554 364 240 452 243 39
1 5 177 110 356 548 550 361 555 604
1 5 548 356 104 360 604 555 364 556
1 5 318 548 360 70 530 604 556 341
1 5 338 550 604 530 38 231 448 238
1 5 550 361 555 604 231 85 240 448
1 5 604 555 364 556 448 240 39 239
1 5 530 604 556 341 238 448 239 12

boundary
384
21 3 114 365 111 8
21 3 183 17 189 402
21 3 17 184 403 189
21 3 18 192 408 197
21 3 7 200 413 203
21 3 138 377 135 9
21 3 208 19 223 430
21 3 2 328 525 331
21 3 19 209 431 223
21 3 20 251 457 228
21 3 6 257 462 262
21 3 5 265 467 268
21 3 4 248 472 271
21 3 150 383 147 21
21 3 285 22 291 484
21 3 150 21 155 387
21 3 311 15 179 509
21 3 22 286 485 291
21 3 162 389 159 16
21 3 174 395 171 15
21 3 162 16 167 393
21 3 24 316 514 321
21 3 14 346 538 299
21 3 25 352 543 357
21 3 112 401 183 26
21 3 193 406 185 75
21 3 200 411 113 29
21 3 28 199 412 198
21 3 78 201 427 217
21 3 36 195 424 216
21 3 136 456 214 32
21 3 258 460 252 86
21 3 265 465 137 48
21 3 47 264 466 263
21 3 88 266 480 281
21 3 52 260 477 280
21 3 111 26 120 366
21 3 115 76 205 415
21 3 186 35 211 419
21 3 29 114 369 122
21 3 79 118 418 207
21 3 37 202 428 219
21 3 123 30 132 372
21 3 127 81 235 440
21 3 220 43 241 445
21 3 68 330 536 344
21 3 101 337 533 340
21 3 66 336 529 329
21 3 147 54 156 384
21 3 151 92 303 496
21 3 288 59 306 500
21 3 300 57 158 494
21 3 301 95 305 507
21 3 154 58 302 499
21 3 159 62 168 390
21 3 163 97 333 521
21 3 313 61 310 526
21 3 27 191 407 190
21 3 77 194 423 212
21 3 35 187 420 211
21 3 31 213 434 224
21 3 82 225 449 242
21 3 43 221 446 241
21 3 46 256 461 255
21 3 87 259 476 276
21 3 44 253 473 246
21 3 73 359 547 358
21 3 104 360 556 364
21 3 74 355 554 363
21 3 48 138 381 146
21 3 89 142 471 273
21 3 53 267 481 284
21 3 40 244 475 269
21 3 90 275 479 279
21 3 51 270 482 283
21 3 148 483 285 54
21 3 295 488 287 91
21 3 300 493 149 57
21 3 55 293 489 292
21 3 93 296 503 307
21 3 59 289 501 306
21 3 172 537 294 56
21 3 353 541 347 102
21 3 315 546 173 63
21 3 72 351 542 350
21 3 103 354 553 362
21 3 60 348 551 308
21 3 160 508 311 62
21 3 317 512 312 96
21 3 324 517 161 65
21 3 324 65 170 519
21 3 326 100 335 535
21 3 166 69 332 524
21 3 64 323 518 322
21 3 99 325 534 342
21 3 70 319 531 341
21 3 365 112 26 111
21 3 113 75 112 365
21 3 29 113 365 114
21 3 192 28 198 408
21 3 408 198 78 195
21 3 197 408 195 36
21 3 377 136 32 135
21 3 137 86 136 377
21 3 48 137 377 138
21 3 257 47 263 462
21 3 462 263 88 260
21 3 262 462 260 52
21 3 401 184 17 183
21 3 185 27 184 401
21 3 75 185 401 112
21 3 406 191 27 185
21 3 192 18 191 406
21 3 28 192 406 193
21 3 411 193 75 113
21 3 199 28 193 411
21 3 7 199 411 200
21 3 199 7 203 412
21 3 412 203 37 201
21 3 198 412 201 78
21 3 201 37 219 427
21 3 427 219 9 135
21 3 217 427 135 32
21 3 195 78 217 424
21 3 424 217 32 214
21 3 216 424 214 20
21 3 456 251 20 214
21 3 252 46 251 456
21 3 86 252 456 136
21 3 460 256 46 252
21 3 257 6 256 460
21 3 47 257 460 258
21 3 465 258 86 137
21 3 264 47 258 465
21 3 5 264 465 265
21 3 264 5 268 466
21 3 466 268 53 266
21 3 263 466 266 88
21 3 266 53 284 480
21 3 480 284 0 282
21 3 281 480 282 50
21 3 260 88 281 477
21 3 477 281 50 278
21 3 280 477 278 1
21 3 26 183 402 120
21 3 120 402 186 76
21 3 402 189 35 186
21 3 200 29 122 413
21 3 413 122 79 202
21 3 203 413 202 37
21 3 30 208 430 132
21 3 132 430 220 81
21 3 430 223 43 220
21 3 331 525 330 68
21 3 525 329 101 330
21 3 328 66 329 525
21 3 54 285 484 156
21 3 156 484 288 92
21 3 484 291 59 288
21 3 57 150 387 158
21 3 158 387 154 95
21 3 387 155 58 154
21 3 62 311 509 168
21 3 168 509 313 97
21 3 509 179 61 313
21 3 8 111 366 119
21 3 119 366 115 34
21 3 366 120 76 115
21 3 34 115 415 204
21 3 204 415 123 10
21 3 415 205 30 123
21 3 76 186 419 205
21 3 205 419 208 30
21 3 419 211 19 208
21 3 114 8 119 369
21 3 369 119 34 118
21 3 122 369 118 79
21 3 118 34 204 418
21 3 418 204 10 126
21 3 207 418 126 33
21 3 202 79 207 428
21 3 428 207 33 218
21 3 219 428 218 9
21 3 10 123 372 131
21 3 131 372 127 42
21 3 372 132 81 127
21 3 42 127 440 234
21 3 234 440 230 3
21 3 440 235 38 230
21 3 81 220 445 235
21 3 235 445 238 38
21 3 445 241 12 238
21 3 344 536 343 11
21 3 536 340 67 343
21 3 330 101 340 536
21 3 340 533 339 67
21 3 533 238 12 339
21 3 337 38 238 533
21 3 329 529 337 101
21 3 529 230 38 337
21 3 336 3 230 529
21 3 21 147 384 155
21 3 155 384 151 58
21 3 384 156 92 151
21 3 58 151 496 302
21 3 302 496 126 10
21 3 496 303 33 126
21 3 92 288 500 303
21 3 303 500 218 33
21 3 500 306 9 218
21 3 15 300 494 179
21 3 179 494 301 61
21 3 494 158 95 301
21 3 61 301 507 310
21 3 310 507 234 3
21 3 507 305 42 234
21 3 95 154 499 305
21 3 305 499 131 42
21 3 499 302 10 131
21 3 16 159 390 167
21 3 167 390 163 69
21 3 390 168 97 163
21 3 69 163 521 332
21 3 332 521 328 2
21 3 521 333 66 328
21 3 97 313 526 333
21 3 333 526 336 66
21 3 526 310 3 336
21 3 184 27 190 403
21 3 403 190 77 187
21 3 189 403 187 35
21 3 209 31 224 431
21 3 431 224 82 221
21 3 223 431 221 43
21 3 251 46 255 457
21 3 457 255 87 253
21 3 228 457 253 44
21 3 352 73 358 543
21 3 543 358 104 355
21 3 357 543 355 74
21 3 191 18 197 407
21 3 407 197 36 194
21 3 190 407 194 77
21 3 194 36 216 423
21 3 423 216 20 213
21 3 212 423 213 31
21 3 187 77 212 420
21 3 420 212 31 209
21 3 211 420 209 19
21 3 213 20 228 434
21 3 434 228 44 225
21 3 224 434 225 82
21 3 225 44 246 449
21 3 449 246 13 243
21 3 242 449 243 39
21 3 221 82 242 446
21 3 446 242 39 239
21 3 241 446 239 12
21 3 256 6 262 461
21 3 461 262 52 259
21 3 255 461 259 87
21 3 259 52 280 476
21 3 476 280 1 277
21 3 276 476 277 49
21 3 253 87 276 473
21 3 473 276 49 274
21 3 246 473 274 13
21 3 359 24 321 547
21 3 547 321 70 360
21 3 358 547 360 104
21 3 360 70 341 556
21 3 556 341 12 239
21 3 364 556 239 39
21 3 355 104 364 554
21 3 554 364 39 243
21 3 363 554 243 13
21 3 265 48 146 467
21 3 467 146 89 267
21 3 268 467 267 53
21 3 248 40 269 472
21 3 472 269 90 270
21 3 271 472 270 51
21 3 383 148 54 147
21 3 149 91 148 383
21 3 57 149 383 150
21 3 286 55 292 485
21 3 485 292 93 289
21 3 291 485 289 59
21 3 395 172 56 171
21 3 173 102 172 395
21 3 63 173 395 174
21 3 346 72 350 538
21 3 538 350 103 348
21 3 299 538 348 60
21 3 138 9 143 381
21 3 381 143 45 142
21 3 146 381 142 89
21 3 142 45 250 471
21 3 471 250 4 271
21 3 273 471 271 51
21 3 267 89 273 481
21 3 481 273 51 283
21 3 284 481 283 0
21 3 244 13 274 475
21 3 475 274 49 275
21 3 269 475 275 90
21 3 275 49 277 479
21 3 479 277 1 278
21 3 279 479 278 50
21 3 270 90 279 482
21 3 482 279 50 282
21 3 283 482 282 0
21 3 483 286 22 285
21 3 287 55 286 483
21 3 91 287 483 148
21 3 488 293 55 287
21 3 294 14 293 488
21 3 56 294 488 295
21 3 493 295 91 149
21 3 171 56 295 493
21 3 15 171 493 300
21 3 293 14 299 489
21 3 489 299 60 296
21 3 292 489 296 93
21 3 296 60 308 503
21 3 503 308 4 250
21 3 307 503 250 45
21 3 289 93 307 501
21 3 501 307 45 143
21 3 306 501 143 9
21 3 537 346 14 294
21 3 347 72 346 537
21 3 102 347 537 172
21 3 541 351 72 347
21 3 352 25 351 541
21 3 73 352 541 353
21 3 546 353 102 173
21 3 359 73 353 546
21 3 24 359 546 315
21 3 351 25 357 542
21 3 542 357 74 354
21 3 350 542 354 103
21 3 354 74 363 553
21 3 553 363 13 244
21 3 362 553 244 40
21 3 348 103 362 551
21 3 551 362 40 248
21 3 308 551 248 4
21 3 389 160 62 159
21 3 161 96 160 389
21 3 65 161 389 162
21 3 65 162 393 170
21 3 170 393 166 100
21 3 393 167 69 166
21 3 508 174 15 311
21 3 312 63 174 508
21 3 96 312 508 160
21 3 512 315 63 312
21 3 316 24 315 512
21 3 64 316 512 317
21 3 517 317 96 161
21 3 323 64 317 517
21 3 23 323 517 324
21 3 23 324 519 327
21 3 327 519 326 71
21 3 519 170 100 326
21 3 71 326 535 345
21 3 345 535 344 11
21 3 535 335 68 344
21 3 100 166 524 335
21 3 335 524 331 68
21 3 524 332 2 331
21 3 316 64 322 514
21 3 514 322 99 319
21 3 321 514 319 70
21 3 323 23 327 518
21 3 518 327 71 325
21 3 322 518 325 99
21 3 325 71 345 534
21 3 534 345 11 343
21 3 342 534 343 67
21 3 319 99 342 531
21 3 531 342 67 339
21 3 341 531 339 12

vertices
605

nodes
FiniteElementSpace
FiniteElementCollection: H1_3D_P2
VDim: 3
Ordering: 0

-0.28867513
-0.14433757
-0.28867513
-0.28867513
-0.28867513
-0.28867513
-0.14433757
-0.28867513
-0.28867513
-0.28867513
-0.28867513
-0.14433757
-0.14433757
-0.14433757
-0.37864925
-0.38463884
-0.37864925
-0.14433757
-0.14433757
-0.14433757
-0.14433757
-0.42041877
-0.40974402
-0.19368993
-0.19728907
-0.19368993
-0.21650635
-0.14433757
-0.21650635
-0.28867513
-0.21650635
-0.14433757
-0.21650635
-0.28867513
-0.28867513
-0.14433757
-0.14433757
-0.28867513
-0.21650635
-0.14433757
-0.21650635
-0.28867513
-0.28867513
-0.14433757
-0.14433757
-0.28867513
-0.14433757
-0.21650635
-0.28867513
-0.14433757
-0.21650635
-0.28867513
-0.14433757
-0.28867513
-0.41508139
-0.39419663
-0.38164404
-0.4025288
-0.35454695
-0.34920958
-0.33366219
-0.33665699
-0.38164404
-0.29096396
-0.1954895
-0.28616959
-0.28867513
-0.14433757
-0.21650635
-0.33366219
-0.17081332
-0.16901375
-0.28616959
-0.1954895
-0.16901375
-0.21650635
-0.21650635
-0.14433757
-0.21650635
-0.28867513
-0.21650635
-0.21650635
-0.14433757
-0.21650635
-0.28867513
-0.21650635
-0.21650635
-0.14433757
-0.21650635
-0.28867513
-0.21650635
-0.39836272
-0.35187826
-0.34143588
-0.33515959
-0.34560197
-0.28856677
-0.33515959
-0.25373515
-0.16991353
-0.25133797
-0.21650635
-0.28856677
-0.25133797
-0.16991353
-0.21650635
-0.21650635
-0.21650635
-0.34351893
-0.25253656
-0.25253656
-0.25259074
-0.21650635
-0.25259074
-0.28867513
-0.25259074
-0.21650635
-0.25259074
-0.28867513
-0.28867513
-0.21650635
-0.21650635
-0.28867513
-0.25259074
-0.21650635
-0.25259074
-0.28867513
-0.25259074
-0.21650635
-0.25259074
-0.28867513
-0.28867513
-0.21650635
-0.21650635
-0.28867513
-0.25259074
-0.21650635
-0.25259074
-0.28867513
-0.25259074
-0.21650635
-0.25259074
-0.28867513
-0.28867513
-0.21650635
-0.21650635
-0.28867513
-0.41775008
-0.40672206
-0.40044576
-0.41147379
-0.35321261
-0.3476986
-0.34456045
-0.35007446
-0.38748286
-0.38347983
-0.37094082
-0.37406539
-0.38014665
-0.33510541
-0.28736818
-0.33240942
-0.33441089
-0.29384808
-0.25193727
-0.29250008
-0.35615572
-0.35840182
-0.27055167
-0.26875378
-0.38314144
-0.33510541
-0.28976537
-0.3378014
-0.33590829
-0.29384808
-0.25313586
-0.29519607
-0.36064791
-0.35840182
-0.27055167
-0.27234956
-0.18042196
-0.14433757
-0.18042196
-0.18042196
-0.14433757
-0.18042196
-0.14433757
-0.14433757
-0.14433757
-0.18042196
-0.21650635
-0.14433757
-0.18042196
-0.21650635
-0.14433757
-0.21650635
-0.25259074
-0.28867513
-0.25259074
-0.28867513
-0.28867513
-0.28867513
-0.21650635
-0.21650635
-0.28867513
-0.18042196
-0.14433757
-0.18042196
-0.14433757
-0.14433757
-0.14433757
-0.18042196
-0.21650635
-0.14433757
-0.21650635
-0.28867513
-0.28867513
-0.18042196
-0.14433757
-0.18042196
-0.14433757
-0.14433757
-0.14433757
-0.18042196
-0.21650635
-0.14433757
-0.28867513
-0.25259074
-0.21650635
-0.25259074
-0.28867513
-0.28867513
-0.21650635
-0.21650635
-0.28867513
-0.18042196
-0.14433757
-0.18042196
-0.14433757
-0.14433757
-0.14433757
-0.18042196
-0.21650635
-0.14433757
-0.21650635
-0.25259074
-0.28867513
-0.28867513
-0.14433757
-0.18042196
-0.14433757
-0.18042196
-0.14433757
-0.14433757
-0.18042196
-0.21650635
-0.14433757
-0.18042196
-0.21650635
-0.14433757
-0.21650635
-0.25259074
-0.28867513
-0.25259074
-0.28867513
-0.28867513
-0.21650635
-0.25259074
-0.28867513
-0.21650635
-0.28867513
-0.14433757
-0.18042196
-0.14433757
-0.14433757
-0.18042196
-0.21650635
-0.14433757
-0.21650635
-0.25259074
-0.28867513
-0.28867513
-0.4124127
-0.40197032
-0.39627968
-0.35054392
-0.34532273
-0.3424774
-0.3794768
-0.36781626
-0.38642294
-0.38014665
-0.39000338
-0.33754904
-0.33441089
-0.33933926
-0.35615572
-0.39358382
-0.34112948
-0.32161104
-0.3202767
-0.31609703
-0.31713855
-0.31894235
-0.31505551
-0.31116866
-0.31191736
-0.31266606
-0.38314144
-0.28976537
-0.33590829
-0.25313586
-0.24412652
-0.19638929
-0.24202814
-0.21227424
-0.17036343
-0.21122505
-0.1840512
-0.18270152
-0.19458972
-0.23992976
-0.16946364
-0.21017586
-0.18135184
-0.28867513
-0.25259074
-0.21650635
-0.25259074
-0.31116866
-0.31191736
-0.23452146
-0.23392216
-0.28867513
-0.21650635
-0.23512075
-0.14433757
-0.18042196
-0.15757544
-0.15712555
-0.14433757
-0.18042196
-0.15667566
-0.33240942
-0.28736818
-0.29250008
-0.25193727
-0.26875378
-0.23992976
-0.19458972
-0.24202814
-0.21017586
-0.16946364
-0.21122505
-0.18135184
-0.18270152
-0.19638929
-0.17036343
-0.23452146
-0.23392216
-0.15667566
-0.15712555
-0.25259074
-0.25259074
-0.21650635
-0.25259074
-0.28867513
-0.25259074
-0.25259074
-0.25259074
-0.21650635
-0.25259074
-0.28867513
-0.25259074
-0.25259074
-0.25259074
-0.21650635
-0.25259074
-0.28867513
-0.25259074
-0.40909792
-0.38548134
-0.37721033
-0.3725031
-0.38077412
-0.34888653
-0.33375741
-0.35727877
-0.31447674
-0.26965272
-0.31245475
-0.29317408
-0.3364534
-0.35952487
-0.31447674
-0.27145061
-0.31649873
-0.29452207
-0.18042196
-0.18042196
-0.14433757
-0.18042196
-0.18042196
-0.18042196
-0.14433757
-0.18042196
-0.21650635
-0.18042196
-0.25259074
-0.25259074
-0.28867513
-0.25259074
-0.25259074
-0.21650635
-0.25259074
-0.28867513
-0.18042196
-0.14433757
-0.18042196
-0.18042196
-0.14433757
-0.18042196
-0.21650635
-0.18042196
-0.25259074
-0.28867513
-0.25259074
-0.18042196
-0.14433757
-0.18042196
-0.18042196
-0.14433757
-0.18042196
-0.21650635
-0.18042196
-0.28867513
-0.25259074
-0.25259074
-0.21650635
-0.25259074
-0.28867513
-0.25259074
-0.18042196
-0.14433757
-0.18042196
-0.18042196
-0.14433757
-0.18042196
-0.21650635
-0.18042196
-0.25259074
-0.28867513
-0.25259074
-0.18042196
-0.14433757
-0.18042196
-0.18042196
-0.18042196
-0.14433757
-0.18042196
-0.21650635
-0.18042196
-0.25259074
-0.25259074
-0.28867513
-0.25259074
-0.21650635
-0.25259074
-0.28867513
-0.25259074
-0.14433757
-0.18042196
-0.18042196
-0.14433757
-0.18042196
-0.21650635
-0.18042196
-0.25259074
-0.28867513
-0.25259074
-0.40434619
-0.38147831
-0.37364653
-0.36937854
-0.34651066
-0.38821316
-0.36198599
-0.35727877
-0.36467132
-0.33844415
-0.3917936
-0.36735665
-0.34023437
-0.32094387
-0.31818686
-0.31661779
-0.3193748
-0.31960953
-0.31699893
-0.31557627
-0.31311209
-0.31154301
-0.3140072
-0.31229171
-0.31490231
-0.3364534
-0.35952487
-0.27145061
-0.29452207
-0.24307733
-0.22820038
-0.18337636
-0.22662659
-0.21174964
-0.24097895
-0.18202668
-0.22505281
-0.21070045
-0.31154301
-0.27321941
-0.23422181
-0.27254541
-0.25259074
-0.31229171
-0.27389341
-0.2348211
-0.25259074
-0.1963481
-0.1573505
-0.1958235
-0.18042196
-0.1569006
-0.19529891
-0.18042196
-0.33375741
-0.31245475
-0.26965272
-0.29317408
-0.24097895
-0.22505281
-0.18202668
-0.22662659
-0.21070045
-0.24307733
-0.18337636
-0.21174964
-0.27321941
-0.2348211
-0.27254541
-0.23422181
-0.19529891
-0.1569006
-0.1958235
-0.1573505
-0.25259074
-0.25259074
-0.25259074
-0.37899222
-0.31346575
-0.31548774
-0.18042196
-0.18042196
-0.25259074
-0.25259074
-0.18042196
-0.18042196
-0.25259074
-0.18042196
-0.18042196
-0.25259074
-0.25259074
-0.18042196
-0.18042196
-0.25259074
-0.18042196
-0.18042196
-0.25259074
-0.25259074
-0.18042196
-0.18042196
-0.25259074
-0.37542843
-0.36332865
-0.36601399
-0.31878083
-0.3175929
-0.31355964
-0.31445475
-0.31548774
-0.22741348
-0.2258397
-0.27288241
-0.27355641
-0.1960858
-0.19556121
-0.31346575
-0.2258397
-0.22741348
-0.27355641
-0.27288241
-0.19556121
-0.1960858
-0.27063294
-0.25259074
-0.27063294
-0.28867513
-0.27063294
-0.25259074
-0.27063294
-0.28867513
-0.28867513
-0.25259074
-0.25259074
-0.28867513
-0.27063294
-0.25259074
-0.27063294
-0.28867513
-0.27063294
-0.25259074
-0.27063294
-0.28867513
-0.28867513
-0.25259074
-0.25259074
-0.28867513
-0.27063294
-0.25259074
-0.27063294
-0.28867513
-0.27063294
-0.25259074
-0.27063294
-0.28867513
-0.28867513
-0.25259074
-0.25259074
-0.28867513
-0.41908443
-0.413424
-0.41028585
-0.41594628
-0.3864821
-0.38223678
-0.37988317
-0.38412849
-0.40395082
-0.40161571
-0.39404507
-0.39612396
-0.37939795
-0.35695203
-0.33308342
-0.35552933
-0.35671724
-0.33537226
-0.31296025
-0.33430523
-0.36740248
-0.36871271
-0.32361158
-0.32243208
-0.38389014
-0.35979742
-0.3371274
-0.36122012
-0.36008639
-0.3375063
-0.31599324
-0.33857332
-0.37264338
-0.37133315
-0.32597057
-0.32715007
-0.19846416
-0.18042196
-0.19846416
-0.21650635
-0.19846416
-0.18042196
-0.19846416
-0.21650635
-0.21650635
-0.18042196
-0.18042196
-0.21650635
-0.19846416
-0.18042196
-0.19846416
-0.21650635
-0.19846416
-0.18042196
-0.19846416
-0.21650635
-0.21650635
-0.18042196
-0.18042196
-0.21650635
-0.27063294
-0.25259074
-0.27063294
-0.28867513
-0.27063294
-0.25259074
-0.27063294
-0.28867513
-0.28867513
-0.25259074
-0.25259074
-0.28867513
-0.27063294
-0.25259074
-0.27063294
-0.28867513
-0.27063294
-0.25259074
-0.27063294
-0.28867513
-0.28867513
-0.25259074
-0.25259074
-0.28867513
-0.19846416
-0.18042196
-0.19846416
-0.21650635
-0.19846416
-0.18042196
-0.19846416
-0.21650635
-0.21650635
-0.18042196
-0.18042196
-0.21650635
-0.19846416
-0.18042196
-0.19846416
-0.21650635
-0.19846416
-0.18042196
-0.19846416
-0.21650635
-0.21650635
-0.18042196
-0.18042196
-0.21650635
-0.27063294
-0.25259074
-0.27063294
-0.28867513
-0.27063294
-0.25259074
-0.27063294
-0.28867513
-0.28867513
-0.25259074
-0.25259074
-0.28867513
-0.19846416
-0.18042196
-0.19846416
-0.21650635
-0.19846416
-0.18042196
-0.19846416
-0.21650635
-0.21650635
-0.18042196
-0.18042196
-0.21650635
-0.19846416
-0.18042196
-0.19846416
-0.21650635
-0.19846416
-0.18042196
-0.19846416
-0.21650635
-0.21650635
-0.18042196
-0.18042196
-0.21650635
-0.27063294
-0.25259074
-0.27063294
-0.28867513
-0.27063294
-0.25259074
-0.27063294
-0.28867513
-0.28867513
-0.25259074
-0.25259074
-0.28867513
-0.27063294
-0.25259074
-0.27063294
-0.28867513
-0.27063294
-0.25259074
-0.27063294
-0.28867513
-0.28867513
-0.25259074
-0.25259074
-0.28867513
-0.19846416
-0.18042196
-0.19846416
-0.21650635
-0.19846416
-0.18042196
-0.19846416
-0.21650635
-0.21650635
-0.18042196
-0.18042196
-0.21650635
-0.19846416
-0.18042196
-0.19846416
-0.21650635
-0.19846416
-0.18042196
-0.19846416
-0.21650635
-0.21650635
-0.18042196
-0.18042196
-0.21650635
-0.27063294
-0.25259074
-0.27063294
-0.28867513
-0.27063294
-0.25259074
-0.27063294
-0.28867513
-0.28867513
-0.25259074
-0.25259074
-0.28867513
-0.19846416
-0.18042196
-0.19846416
-0.21650635
-0.19846416
-0.18042196
-0.19846416
-0.21650635
-0.21650635
-0.18042196
-0.18042196
-0.21650635
-0.19846416
-0.18042196
-0.19846416
-0.21650635
-0.19846416
-0.18042196
-0.19846416
-0.21650635
-0.21650635
-0.18042196
-0.18042196
-0.21650635
-0.27063294
-0.25259074
-0.27063294
-0.28867513
-0.27063294
-0.25259074
-0.27063294
-0.28867513
-0.28867513
-0.25259074
-0.25259074
-0.28867513
-0.27063294
-0.25259074
-0.27063294
-0.28867513
-0.27063294
-0.25259074
-0.27063294
-0.28867513
-0.28867513
-0.25259074
-0.25259074
-0.28867513
-0.19846416
-0.18042196
-0.19846416
-0.21650635
-0.19846416
-0.18042196
-0.19846416
-0.21650635
-0.21650635
-0.18042196
-0.18042196
-0.21650635
-0.19846416
-0.18042196
-0.19846416
-0.21650635
-0.19846416
-0.18042196
-0.19846416
-0.21650635
-0.21650635
-0.18042196
-0.18042196
-0.21650635
-0.27063294
-0.25259074
-0.27063294
-0.28867513
-0.27063294
-0.25259074
-0.27063294
-0.28867513
-0.28867513
-0.25259074
-0.25259074
-0.28867513
-0.41374705
-0.40837945
-0.40553412
-0.41090172
-0.38247907
-0.37845337
-0.37631938
-0.38034508
-0.39928061
-0.39694551
-0.38988731
-0.39196619
-0.3973212
-0.39224642
-0.38910827
-0.39418305
-0.37015968
-0.3663536
-0.36399999
-0.36780607
-0.38465177
-0.38282911
-0.37577091
-0.37733735
-0.40148728
-0.39611968
-0.39268871
-0.39805631
-0.37328425
-0.36925855
-0.36668532
-0.37071102
-0.3882971
-0.38647443
-0.37890379
-0.38047024
-0.35387978
-0.35104957
-0.34948049
-0.35231071
-0.32127746
-0.31986235
-0.31907781
-0.32049292
-0.338079
-0.33707824
-0.33383368
-0.33472463
-0.35121109
-0.34852729
-0.34710463
-0.34978843
-0.31994311
-0.31860121
-0.31788988
-0.31923178
-0.33607748
-0.33507672
-0.33205178
-0.33294273
-0.34299817
-0.34046078
-0.3388917
-0.34142909
-0.31583665
-0.31456796
-0.31378342
-0.31505211
-0.32980798
-0.32902684
-0.32600189
-0.32667323
-0.34508121
-0.34239741
-0.34068192
-0.34336572
-0.31687817
-0.31553627
-0.31467853
-0.31602043
-0.33137026
-0.33058912
-0.32734456
-0.32801589
-0.38239274
-0.35979742
-0.33577941
-0.35837473
-0.35896334
-0.3375063
-0.31498224
-0.33643928
-0.37002293
-0.37133315
-0.32597057
-0.32479108
-0.28916607
-0.26642135
-0.24255273
-0.26529746
-0.27100114
-0.24943205
-0.22702004
-0.24858913
-0.27955922
-0.28060799
-0.23524541
-0.23432736
-0.28676888
-0.26417356
-0.24045435
-0.26304967
-0.26920325
-0.24774621
-0.22544625
-0.24690329
-0.27746168
-0.27851045
-0.23340932
-0.23249128
-0.33403654
-0.31379248
-0.29283708
-0.31308114
-0.31135584
-0.29221271
-0.27271391
-0.29185704
-0.32241543
-0.32297695
-0.28302824
-0.28252275
-0.33553394
-0.31521518
-0.29418507
-0.31450383
-0.31210454
-0.29292406
-0.27338791
-0.29256839
-0.32353848
-0.3241
-0.28403924
-0.28353374
-0.25283621
-0.23244275
-0.21148735
-0.23188081
-0.23467128
-0.21545345
-0.19595465
-0.21517248
-0.24352901
-0.24397848
-0.20391772
-0.20352428
-0.25163762
-0.23131886
-0.21043816
-0.23075691
-0.23407198
-0.21489151
-0.19543006
-0.21461053
-0.24263007
-0.24307954
-0.20313083
-0.20273738
-0.38089535
-0.35695203
-0.33443141
-0.35837473
-0.35784029
-0.33537226
-0.31397124
-0.33643928
-0.37002293
-0.36871271
-0.32361158
-0.32479108
-0.28796748
-0.26417356
-0.24150354
-0.26529746
-0.2701022
-0.24774621
-0.22623315
-0.24858913
-0.27955922
-0.27851045
-0.23340932
-0.23432736
-0.29036466
-0.26642135
-0.24360192
-0.26754524
-0.27190008
-0.24943205
-0.22780693
-0.25027497
-0.28165676
-0.28060799
-0.23524541
-0.23616345
-0.33628264
-0.31521518
-0.29485907
-0.31592653
-0.31247889
-0.29292406
-0.27372491
-0.29327973
-0.32466152
-0.3241
-0.28403924
-0.28454474
-0.33478524
-0.31379248
-0.29351108
-0.31450383
-0.31173019
-0.29221271
-0.27305091
-0.29256839
-0.32353848
-0.32297695
-0.28302824
-0.28353374
-0.25223691
-0.23131886
-0.21096275
-0.23188081
-0.23437163
-0.21489151
-0.19569236
-0.21517248
-0.24352901
-0.24307954
-0.20313083
-0.20352428
-0.25343551
-0.23244275
-0.21201194
-0.2330047
-0.23497093
-0.21545345
-0.19621695
-0.21573443
-0.24442795
-0.24397848
-0.20391772
-0.20431117
-0.23454855
-0.23454855
-0.23454855
-0.23454855
-0.21650635
-0.23454855
-0.25259074
-0.21650635
-0.23454855
-0.25259074
-0.28867513
-0.28867513
-0.28867513
-0.25259074
-0.25259074
-0.28867513
-0.23454855
-0.23454855
-0.21650635
-0.21650635
-0.21650635
-0.23454855
-0.25259074
-0.21650635
-0.25259074
-0.28867513
-0.28867513
-0.23454855
-0.23454855
-0.23454855
-0.23454855
-0.21650635
-0.23454855
-0.25259074
-0.21650635
-0.23454855
-0.25259074
-0.28867513
-0.28867513
-0.28867513
-0.25259074
-0.25259074
-0.28867513
-0.23454855
-0.23454855
-0.21650635
-0.21650635
-0.21650635
-0.23454855
-0.25259074
-0.21650635
-0.25259074
-0.28867513
-0.28867513
-0.23454855
-0.23454855
-0.23454855
-0.23454855
-0.21650635
-0.23454855
-0.25259074
-0.21650635
-0.23454855
-0.25259074
-0.28867513
-0.28867513
-0.28867513
-0.25259074
-0.25259074
-0.28867513
-0.23454855
-0.23454855
-0.21650635
-0.21650635
-0.21650635
-0.23454855
-0.25259074
-0.21650635
-0.25259074
-0.28867513
-0.28867513
-0.41641574
-0.40790999
-0.38448059
-0.37810128
-0.40254239
-0.39940424
-0.40477184
-0.37407557
-0.37172196
-0.37574766
-0.4070013
-0.37741976
-0.37101491
-0.36934698
-0.36393938
-0.36542429
-0.35254544
-0.34829256
-0.36767905
-0.36245446
-0.34560876
-0.34403969
-0.34672349
-0.35722987
-0.35853178
-0.34783822
-0.35983368
-0.38089535
-0.33443141
-0.35784029
-0.31397124
-0.31183609
-0.28796748
-0.3105628
-0.2925142
-0.2701022
-0.29155923
-0.3092895
-0.29060426
-0.34490896
-0.34584483
-0.30331991
-0.30247742
-0.33478524
-0.29351108
-0.3467807
-0.30416241
-0.27319232
-0.25223691
-0.27255567
-0.26154411
-0.26079499
-0.27191903
-0.26004587
-0.38239274
-0.33577941
-0.35896334
-0.31498224
-0.31183609
-0.28916607
-0.31310938
-0.2925142
-0.27100114
-0.29346917
-0.31438268
-0.29442415
-0.34865245
-0.34771658
-0.30500491
-0.3058474
-0.33553394
-0.29418507
-0.3467807
-0.30416241
-0.27319232
-0.25283621
-0.27382897
-0.26154411
-0.26229323
-0.27446561
-0.26304235
-0.16237976
-0.14433757
-0.16237976
-0.16237976
-0.14433757
-0.16237976
-0.14433757
-0.14433757
-0.14433757
-0.16237976
-0.18042196
-0.14433757
-0.16237976
-0.18042196
-0.14433757
-0.18042196
-0.18042196
-0.16237976
-0.14433757
-0.16237976
-0.14433757
-0.14433757
-0.14433757
-0.16237976
-0.18042196
-0.14433757
-0.18042196
-0.14433757
-0.16237976
-0.14433757
-0.16237976
-0.14433757
-0.14433757
-0.16237976
-0.18042196
-0.14433757
-0.16237976
-0.18042196
-0.14433757
-0.18042196
-0.19846416
-0.21650635
-0.19846416
-0.21650635
-0.21650635
-0.18042196
-0.21650635
-0.14433757
-0.16237976
-0.14433757
-0.14433757
-0.16237976
-0.18042196
-0.14433757
-0.18042196
-0.19846416
-0.21650635
-0.21650635
-0.23454855
-0.23454855
-0.23454855
-0.25259074
-0.23454855
-0.25259074
-0.25259074
-0.27063294
-0.28867513
-0.27063294
-0.28867513
-0.28867513
-0.25259074
-0.28867513
-0.23454855
-0.23454855
-0.25259074
-0.25259074
-0.27063294
-0.28867513
-0.28867513
-0.23454855
-0.23454855
-0.21650635
-0.23454855
-0.25259074
-0.28867513
-0.28867513
-0.25259074
-0.25259074
-0.28867513
-0.21650635
-0.21650635
-0.21650635
-0.25259074
-0.28867513
-0.16237976
-0.14433757
-0.16237976
-0.14433757
-0.14433757
-0.14433757
-0.16237976
-0.18042196
-0.14433757
-0.18042196
-0.18042196
-0.16237976
-0.14433757
-0.16237976
-0.14433757
-0.14433757
-0.14433757
-0.16237976
-0.18042196
-0.14433757
-0.18042196
-0.14433757
-0.16237976
-0.14433757
-0.14433757
-0.16237976
-0.18042196
-0.14433757
-0.18042196
-0.19846416
-0.21650635
-0.21650635
-0.18042196
-0.21650635
-0.14433757
-0.16237976
-0.14433757
-0.14433757
-0.16237976
-0.18042196
-0.14433757
-0.18042196
-0.21650635
-0.21650635
-0.23454855
-0.23454855
-0.25259074
-0.25259074
-0.27063294
-0.28867513
-0.28867513
-0.25259074
-0.28867513
-0.23454855
-0.25259074
-0.25259074
-0.28867513
-0.28867513
-0.16237976
-0.14433757
-0.16237976
-0.14433757
-0.14433757
-0.14433757
-0.16237976
-0.18042196
-0.14433757
-0.18042196
-0.18042196
-0.16237976
-0.14433757
-0.16237976
-0.14433757
-0.14433757
-0.14433757
-0.16237976
-0.18042196
-0.14433757
-0.18042196
-0.14433757
-0.16237976
-0.14433757
-0.14433757
-0.16237976
-0.18042196
-0.14433757
-0.21650635
-0.18042196
-0.21650635
-0.14433757
-0.16237976
-0.14433757
-0.14433757
-0.16237976
-0.18042196
-0.14433757
-0.18042196
-0.21650635
-0.23454855
-0.25259074
-0.28867513
-0.25259074
-0.28867513
-0.23454855
-0.25259074
-0.28867513
-0.23454855
-0.23454855
-0.21650635
-0.23454855
-0.25259074
-0.28867513
