MFEM mesh v1.0

#
# MFEM Geometry Types (see mesh/geom.hpp):
#
# POINT       = 0
# SEGMENT     = 1
# TRIANGLE    = 2
# SQUARE      = 3
# TETRAHEDRON = 4
# CUBE        = 5
#

dimension
3

elements
384
1 5 2 105 349 108 113 350 537 353
1 5 3 117 355 120 125 356 538 359
1 5 5 129 361 132 137 362 539 365
1 5 6 141 367 144 149 368 540 371
1 5 15 153 373 156 161 374 541 377
1 5 14 165 379 168 173 380 542 383
1 5 24 177 385 106 114 386 543 351
1 5 70 179 390 187 115 388 544 393
1 5 27 107 395 192 116 352 545 396
1 5 32 109 354 112 198 398 546 401
1 5 71 180 389 110 199 403 547 399
1 5 99 182 394 190 200 405 548 409
1 5 74 111 397 193 201 400 549 412
1 5 26 186 414 118 126 392 550 357
1 5 76 216 418 222 127 416 551 421
1 5 38 119 423 229 128 358 552 425
1 5 35 121 360 124 214 411 553 429
1 5 73 189 417 122 211 408 554 427
1 5 100 218 422 225 236 432 555 436
1 5 79 123 426 231 237 428 556 439
1 5 44 249 441 130 138 442 557 363
1 5 81 251 446 259 139 444 558 449
1 5 47 131 451 266 140 364 559 453
1 5 52 133 366 136 270 455 560 458
1 5 82 252 445 134 271 459 561 456
1 5 101 254 450 262 272 461 562 465
1 5 85 135 454 268 273 457 563 468
1 5 48 274 462 142 150 470 564 369
1 5 86 276 466 281 151 472 565 476
1 5 51 143 469 285 152 370 566 479
1 5 56 145 372 148 300 481 567 484
1 5 87 287 473 146 301 485 568 482
1 5 102 289 477 294 302 487 569 490
1 5 90 147 480 298 303 483 570 492
1 5 60 309 493 154 162 494 571 375
1 5 91 310 497 315 163 495 572 500
1 5 63 155 502 322 164 376 573 504
1 5 64 157 378 160 326 506 574 509
1 5 92 311 496 158 327 510 575 507
1 5 103 312 501 318 328 512 576 515
1 5 95 159 505 324 329 508 577 517
1 5 68 335 518 166 174 519 578 381
1 5 96 336 522 340 175 520 579 524
1 5 61 167 526 313 176 382 580 498
1 5 65 169 384 172 330 529 581 511
1 5 97 337 521 170 346 532 582 530
1 5 104 338 525 342 347 533 583 535
1 5 93 171 528 316 331 531 584 513
1 5 105 24 106 349 350 114 351 537
1 5 349 106 70 107 537 351 115 352
1 5 108 349 107 27 353 537 352 116
1 5 113 350 537 353 32 109 354 112
1 5 350 114 351 537 109 71 110 354
1 5 537 351 115 352 354 110 99 111
1 5 353 537 352 116 112 354 111 74
1 5 117 26 118 355 356 126 357 538
1 5 355 118 76 119 538 357 127 358
1 5 120 355 119 38 359 538 358 128
1 5 125 356 538 359 35 121 360 124
1 5 356 126 357 538 121 73 122 360
1 5 538 357 127 358 360 122 100 123
1 5 359 538 358 128 124 360 123 79
1 5 129 44 130 361 362 138 363 539
1 5 361 130 81 131 539 363 139 364
1 5 132 361 131 47 365 539 364 140
1 5 137 362 539 365 52 133 366 136
1 5 362 138 363 539 133 82 134 366
1 5 539 363 139 364 366 134 101 135
1 5 365 539 364 140 136 366 135 85
1 5 141 48 142 367 368 150 369 540
1 5 367 142 86 143 540 369 151 370
1 5 144 367 143 51 371 540 370 152
1 5 149 368 540 371 56 145 372 148
1 5 368 150 369 540 145 87 146 372
1 5 540 369 151 370 372 146 102 147
1 5 371 540 370 152 148 372 147 90
1 5 153 60 154 373 374 162 375 541
1 5 373 154 91 155 541 375 163 376
1 5 156 373 155 63 377 541 376 164
1 5 161 374 541 377 64 157 378 160
1 5 374 162 375 541 157 92 158 378
1 5 541 375 163 376 378 158 103 159
1 5 377 541 376 164 160 378 159 95
1 5 165 68 166 379 380 174 381 542
1 5 379 166 96 167 542 381 175 382
1 5 168 379 167 61 383 542 382 176
1 5 173 380 542 383 65 169 384 172
1 5 380 174 381 542 169 97 170 384
1 5 542 381 175 382 384 170 104 171
1 5 383 542 382 176 172 384 171 93
1 5 177 8 178 385 386 183 387 543
1 5 385 178 25 179 543 387 184 388
1 5 106 385 179 70 351 543 388 115
1 5 114 386 543 351 71 180 389 110
1 5 386 183 387 543 180 33 181 389
1 5 543 387 184 388 389 181 72 182
1 5 351 543 388 115 110 389 182 99
1 5 179 25 185 390 388 184 391 544
1 5 390 185 7 186 544 391 191 392
1 5 187 390 186 26 393 544 392 126
1 5 115 388 544 393 99 182 394 190
1 5 388 184 391 544 182 72 188 394
1 5 544 391 191 392 394 188 34 189
1 5 393 544 392 126 190 394 189 73
1 5 107 70 187 395 352 115 393 545
1 5 395 187 26 117 545 393 126 356
1 5 192 395 117 3 396 545 356 125
1 5 116 352 545 396 74 111 397 193
1 5 352 115 393 545 111 99 190 397
1 5 545 393 126 356 397 190 73 121
1 5 396 545 356 125 193 397 121 35
1 5 109 71 110 354 398 199 399 546
1 5 354 110 99 111 546 399 200 400
1 5 112 354 111 74 401 546 400 201
1 5 198 398 546 401 11 194 402 197
1 5 398 199 399 546 194 28 195 402
1 5 546 399 200 400 402 195 75 196
1 5 401 546 400 201 197 402 196 31
1 5 180 33 181 389 403 205 404 547
1 5 389 181 72 182 547 404 206 405
1 5 110 389 182 99 399 547 405 200
1 5 199 403 547 399 28 202 406 195
1 5 403 205 404 547 202 18 203 406
1 5 547 404 206 405 406 203 29 204
1 5 399 547 405 200 195 406 204 75
1 5 182 72 188 394 405 206 407 548
1 5 394 188 34 189 548 407 210 408
1 5 190 394 189 73 409 548 408 211
1 5 200 405 548 409 75 204 410 209
1 5 405 206 407 548 204 29 207 410
1 5 548 407 210 408 410 207 19 208
1 5 409 548 408 211 209 410 208 30
1 5 111 99 190 397 400 200 409 549
1 5 397 190 73 121 549 409 211 411
1 5 193 397 121 35 412 549 411 214
1 5 201 400 549 412 31 196 413 213
1 5 400 200 409 549 196 75 209 413
1 5 549 409 211 411 413 209 30 212
1 5 412 549 411 214 213 413 212 10
1 5 186 7 215 414 392 191 415 550
1 5 414 215 36 216 550 415 219 416
1 5 118 414 216 76 357 550 416 127
1 5 126 392 550 357 73 189 417 122
1 5 392 191 415 550 189 34 217 417
1 5 550 415 219 416 417 217 77 218
1 5 357 550 416 127 122 417 218 100
1 5 216 36 220 418 416 219 419 551
1 5 418 220 1 221 551 419 226 420
1 5 222 418 221 37 421 551 420 227
1 5 127 416 551 421 100 218 422 225
1 5 416 219 419 551 218 77 223 422
1 5 551 419 226 420 422 223 42 224
1 5 421 551 420 227 225 422 224 78
1 5 119 76 222 423 358 127 421 552
1 5 423 222 37 228 552 421 227 424
1 5 229 423 228 0 425 552 424 232
1 5 128 358 552 425 79 123 426 231
1 5 358 127 421 552 123 100 225 426
1 5 552 421 227 424 426 225 78 230
1 5 425 552 424 232 231 426 230 43
1 5 121 73 122 360 411 211 427 553
1 5 360 122 100 123 553 427 236 428
1 5 124 360 123 79 429 553 428 237
1 5 214 411 553 429 10 212 430 235
1 5 411 211 427 553 212 30 233 430
1 5 553 427 236 428 430 233 80 234
1 5 429 553 428 237 235 430 234 41
1 5 189 34 217 417 408 210 431 554
1 5 417 217 77 218 554 431 240 432
1 5 122 417 218 100 427 554 432 236
1 5 211 408 554 427 30 208 433 233
1 5 408 210 431 554 208 19 238 433
1 5 554 431 240 432 433 238 39 239
1 5 427 554 432 236 233 433 239 80
1 5 218 77 223 422 432 240 434 555
1 5 422 223 42 224 555 434 244 435
1 5 225 422 224 78 436 555 435 245
1 5 236 432 555 436 80 239 437 243
1 5 432 240 434 555 239 39 241 437
1 5 555 434 244 435 437 241 9 242
1 5 436 555 435 245 243 437 242 40
1 5 123 100 225 426 428 236 436 556
1 5 426 225 78 230 556 436 245 438
1 5 231 426 230 43 439 556 438 248
1 5 237 428 556 439 41 234 440 247
1 5 428 236 436 556 234 80 243 440
1 5 556 436 245 438 440 243 40 246
1 5 439 556 438 248 247 440 246 4
1 5 249 12 250 441 442 255 443 557
1 5 441 250 45 251 557 443 256 444
1 5 130 441 251 81 363 557 444 139
1 5 138 442 557 363 82 252 445 134
1 5 442 255 443 557 252 53 253 445
1 5 557 443 256 444 445 253 83 254
1 5 363 557 444 139 134 445 254 101
1 5 251 45 257 446 444 256 447 558
1 5 446 257 20 258 558 447 263 448
1 5 259 446 258 46 449 558 448 264
1 5 139 444 558 449 101 254 450 262
1 5 444 256 447 558 254 83 260 450
1 5 558 447 263 448 450 260 54 261
1 5 449 558 448 264 262 450 261 84
1 5 131 81 259 451 364 139 449 559
1 5 451 259 46 265 559 449 264 452
1 5 266 451 265 16 453 559 452 269
1 5 140 364 559 453 85 135 454 268
1 5 364 139 449 559 135 101 262 454
1 5 559 449 264 452 454 262 84 267
1 5 453 559 452 269 268 454 267 55
1 5 133 82 134 366 455 271 456 560
1 5 366 134 101 135 560 456 272 457
1 5 136 366 135 85 458 560 457 273
1 5 270 455 560 458 6 141 367 144
1 5 455 271 456 560 141 48 142 367
1 5 560 456 272 457 367 142 86 143
1 5 458 560 457 273 144 367 143 51
1 5 252 53 253 445 459 277 460 561
1 5 445 253 83 254 561 460 278 461
1 5 134 445 254 101 456 561 461 272
1 5 271 459 561 456 48 274 462 142
1 5 459 277 460 561 274 13 275 462
1 5 561 460 278 461 462 275 49 276
1 5 456 561 461 272 142 462 276 86
1 5 254 83 260 450 461 278 463 562
1 5 450 260 54 261 562 463 282 464
1 5 262 450 261 84 465 562 464 283
1 5 272 461 562 465 86 276 466 281
1 5 461 278 463 562 276 49 279 466
1 5 562 463 282 464 466 279 21 280
1 5 465 562 464 283 281 466 280 50
1 5 135 101 262 454 457 272 465 563
1 5 454 262 84 267 563 465 283 467
1 5 268 454 267 55 468 563 467 286
1 5 273 457 563 468 51 143 469 285
1 5 457 272 465 563 143 86 281 469
1 5 563 465 283 467 469 281 50 284
1 5 468 563 467 286 285 469 284 17
1 5 274 13 275 462 470 290 471 564
1 5 462 275 49 276 564 471 291 472
1 5 142 462 276 86 369 564 472 151
1 5 150 470 564 369 87 287 473 146
1 5 470 290 471 564 287 57 288 473
1 5 564 471 291 472 473 288 88 289
1 5 369 564 472 151 146 473 289 102
1 5 276 49 279 466 472 291 474 565
1 5 466 279 21 280 565 474 295 475
1 5 281 466 280 50 476 565 475 296
1 5 151 472 565 476 102 289 477 294
1 5 472 291 474 565 289 88 292 477
1 5 565 474 295 475 477 292 58 293
1 5 476 565 475 296 294 477 293 89
1 5 143 86 281 469 370 151 476 566
1 5 469 281 50 284 566 476 296 478
1 5 285 469 284 17 479 566 478 299
1 5 152 370 566 479 90 147 480 298
1 5 370 151 476 566 147 102 294 480
1 5 566 476 296 478 480 294 89 297
1 5 479 566 478 299 298 480 297 59
1 5 145 87 146 372 481 301 482 567
1 5 372 146 102 147 567 482 302 483
1 5 148 372 147 90 484 567 483 303
1 5 300 481 567 484 0 228 424 232
1 5 481 301 482 567 228 37 227 424
1 5 567 482 302 483 424 227 78 230
1 5 484 567 483 303 232 424 230 43
1 5 287 57 288 473 485 304 486 568
1 5 473 288 88 289 568 486 305 487
1 5 146 473 289 102 482 568 487 302
1 5 301 485 568 482 37 221 420 227
1 5 485 304 486 568 221 1 226 420
1 5 568 486 305 487 420 226 42 224
1 5 482 568 487 302 227 420 224 78
1 5 289 88 292 477 487 305 488 569
1 5 477 292 58 293 569 488 306 489
1 5 294 477 293 89 490 569 489 307
1 5 302 487 569 490 78 224 435 245
1 5 487 305 488 569 224 42 244 435
1 5 569 488 306 489 435 244 9 242
1 5 490 569 489 307 245 435 242 40
1 5 147 102 294 480 483 302 490 570
1 5 480 294 89 297 570 490 307 491
1 5 298 480 297 59 492 570 491 308
1 5 303 483 570 492 43 230 438 248
1 5 483 302 490 570 230 78 245 438
1 5 570 490 307 491 438 245 40 246
1 5 492 570 491 308 248 438 246 4
1 5 309 14 168 493 494 173 383 571
1 5 493 168 61 310 571 383 176 495
1 5 154 493 310 91 375 571 495 163
1 5 162 494 571 375 92 311 496 158
1 5 494 173 383 571 311 65 172 496
1 5 571 383 176 495 496 172 93 312
1 5 375 571 495 163 158 496 312 103
1 5 310 61 313 497 495 176 498 572
1 5 497 313 23 314 572 498 319 499
1 5 315 497 314 62 500 572 499 320
1 5 163 495 572 500 103 312 501 318
1 5 495 176 498 572 312 93 316 501
1 5 572 498 319 499 501 316 66 317
1 5 500 572 499 320 318 501 317 94
1 5 155 91 315 502 376 163 500 573
1 5 502 315 62 321 573 500 320 503
1 5 322 502 321 22 504 573 503 325
1 5 164 376 573 504 95 159 505 324
1 5 376 163 500 573 159 103 318 505
1 5 573 500 320 503 505 318 94 323
1 5 504 573 503 325 324 505 323 67
1 5 157 92 158 378 506 327 507 574
1 5 378 158 103 159 574 507 328 508
1 5 160 378 159 95 509 574 508 329
1 5 326 506 574 509 2 108 353 113
1 5 506 327 507 574 108 27 116 353
1 5 574 507 328 508 353 116 74 112
1 5 509 574 508 329 113 353 112 32
1 5 311 65 172 496 510 330 511 575
1 5 496 172 93 312 575 511 331 512
1 5 158 496 312 103 507 575 512 328
1 5 327 510 575 507 27 192 396 116
1 5 510 330 511 575 192 3 125 396
1 5 575 511 331 512 396 125 35 193
1 5 507 575 512 328 116 396 193 74
1 5 312 93 316 501 512 331 513 576
1 5 501 316 66 317 576 513 332 514
1 5 318 501 317 94 515 576 514 333
1 5 328 512 576 515 74 193 412 201
1 5 512 331 513 576 193 35 214 412
1 5 576 513 332 514 412 214 10 213
1 5 515 576 514 333 201 412 213 31
1 5 159 103 318 505 508 328 515 577
1 5 505 318 94 323 577 515 333 516
1 5 324 505 323 67 517 577 516 334
1 5 329 508 577 517 32 112 401 198
1 5 508 328 515 577 112 74 201 401
1 5 577 515 333 516 401 201 31 197
1 5 517 577 516 334 198 401 197 11
1 5 335 6 144 518 519 149 371 578
1 5 518 144 51 336 578 371 152 520
1 5 166 518 336 96 381 578 520 175
1 5 174 519 578 381 97 337 521 170
1 5 519 149 371 578 337 56 148 521
1 5 578 371 152 520 521 148 90 338
1 5 381 578 520 175 170 521 338 104
1 5 336 51 285 522 520 152 479 579
1 5 522 285 17 339 579 479 299 523
1 5 340 522 339 69 524 579 523 343
1 5 175 520 579 524 104 338 525 342
1 5 520 152 479 579 338 90 298 525
1 5 579 479 299 523 525 298 59 341
1 5 524 579 523 343 342 525 341 98
1 5 167 96 340 526 382 175 524 580
1 5 526 340 69 344 580 524 343 527
1 5 313 526 344 23 498 580 527 319
1 5 176 382 580 498 93 171 528 316
1 5 382 175 524 580 171 104 342 528
1 5 580 524 343 527 528 342 98 345
1 5 498 580 527 319 316 528 345 66
1 5 169 97 170 384 529 346 530 581
1 5 384 170 104 171 581 530 347 531
1 5 172 384 171 93 511 581 531 331
1 5 330 529 581 511 3 120 359 125
1 5 529 346 530 581 120 38 128 359
1 5 581 530 347 531 359 128 79 124
1 5 511 581 531 331 125 359 124 35
1 5 337 56 148 521 532 300 484 582
1 5 521 148 90 338 582 484 303 533
1 5 170 521 338 104 530 582 533 347
1 5 346 532 582 530 38 229 425 128
1 5 532 300 484 582 229 0 232 425
1 5 582 484 303 533 425 232 43 231
1 5 530 582 533 347 128 425 231 79
1 5 338 90 298 525 533 303 492 583
1 5 525 298 59 341 583 492 308 534
1 5 342 525 341 98 535 583 534 348
1 5 347 533 583 535 79 231 439 237
1 5 533 303 492 583 231 43 248 439
1 5 583 492 308 534 439 248 4 247
1 5 535 583 534 348 237 439 247 41
1 5 171 104 342 528 531 347 535 584
1 5 528 342 98 345 584 535 348 536
1 5 316 528 345 66 513 584 536 332
1 5 331 531 584 513 35 124 429 214
1 5 531 347 535 584 124 79 237 429
1 5 584 535 348 536 429 237 41 235
1 5 513 584 536 332 214 429 235 10

boundary
352
10 3 177 8 183 386
10 3 3 117 395 192
10 3 8 178 387 183
10 3 11 194 402 197
10 3 0 228 423 229
10 3 7 215 415 191
10 3 10 212 430 235
10 3 249 12 255 442
10 3 309 14 173 494
10 3 274 13 290 470
10 3 335 6 149 519
10 3 132 361 129 5
10 3 12 250 443 255
10 3 20 258 448 263
10 3 16 266 453 269
10 3 13 275 471 290
10 3 21 280 475 295
10 3 156 373 153 15
10 3 168 379 165 14
10 3 156 15 161 377
10 3 23 314 499 319
10 3 17 339 523 299
10 3 105 24 114 350
10 3 109 71 199 398
10 3 180 33 205 403
10 3 26 186 390 187
10 3 70 179 385 106
10 3 27 107 349 108
10 3 25 185 391 184
10 3 72 188 407 206
10 3 33 181 404 205
10 3 36 220 419 219
10 3 77 223 434 240
10 3 34 217 431 210
10 3 153 60 162 374
10 3 157 92 327 506
10 3 311 65 330 510
10 3 49 279 474 291
10 3 88 292 488 305
10 3 57 288 486 304
10 3 28 202 406 195
10 3 75 204 410 209
10 3 31 196 413 213
10 3 30 208 433 233
10 3 80 239 437 243
10 3 41 234 440 247
10 3 50 284 478 296
10 3 89 297 491 307
10 3 58 293 489 306
10 3 37 221 418 222
10 3 76 216 414 118
10 3 38 119 355 120
10 3 129 44 138 362
10 3 133 82 271 455
10 3 252 53 277 459
10 3 141 48 150 368
10 3 145 87 301 481
10 3 287 57 304 485
10 3 165 68 174 380
10 3 169 97 346 529
10 3 337 56 300 532
10 3 46 265 452 264
10 3 84 267 467 283
10 3 54 261 464 282
10 3 47 132 365 140
10 3 85 136 458 273
10 3 55 268 468 286
10 3 166 518 335 68
10 3 340 522 336 96
10 3 313 526 167 61
10 3 130 441 249 44
10 3 259 446 251 81
10 3 266 451 131 47
10 3 45 257 447 256
10 3 83 260 463 278
10 3 53 253 460 277
10 3 154 493 309 60
10 3 315 497 310 91
10 3 322 502 155 63
10 3 322 63 164 504
10 3 324 95 329 517
10 3 160 64 326 509
10 3 62 321 503 320
10 3 94 323 516 333
10 3 66 317 514 332
10 3 69 344 527 343
10 3 98 345 536 348
10 3 59 341 534 308
10 3 24 177 386 114
10 3 114 386 180 71
10 3 386 183 33 180
10 3 2 105 350 113
10 3 113 350 109 32
10 3 350 114 71 109
10 3 32 109 398 198
10 3 198 398 194 11
10 3 398 199 28 194
10 3 71 180 403 199
10 3 199 403 202 28
10 3 403 205 18 202
10 3 117 26 187 395
10 3 395 187 70 107
10 3 192 395 107 27
10 3 178 25 184 387
10 3 387 184 72 181
10 3 183 387 181 33
10 3 215 36 219 415
10 3 415 219 77 217
10 3 191 415 217 34
10 3 60 309 494 162
10 3 162 494 311 92
10 3 494 173 65 311
10 3 275 49 291 471
10 3 471 291 88 288
10 3 290 471 288 57
10 3 186 7 185 390
10 3 390 185 25 179
10 3 187 390 179 70
10 3 179 25 178 385
10 3 385 178 8 177
10 3 106 385 177 24
10 3 107 70 106 349
10 3 349 106 24 105
10 3 108 349 105 2
10 3 185 7 191 391
10 3 391 191 34 188
10 3 184 391 188 72
10 3 188 34 210 407
10 3 407 210 19 207
10 3 206 407 207 29
10 3 181 72 206 404
10 3 404 206 29 203
10 3 205 404 203 18
10 3 220 1 226 419
10 3 419 226 42 223
10 3 219 419 223 77
10 3 223 42 244 434
10 3 434 244 9 241
10 3 240 434 241 39
10 3 217 77 240 431
10 3 431 240 39 238
10 3 210 431 238 19
10 3 15 153 374 161
10 3 161 374 157 64
10 3 374 162 92 157
10 3 64 157 506 326
10 3 326 506 108 2
10 3 506 327 27 108
10 3 92 311 510 327
10 3 327 510 192 27
10 3 510 330 3 192
10 3 279 21 295 474
10 3 474 295 58 292
10 3 291 474 292 88
10 3 292 58 306 488
10 3 488 306 9 244
10 3 305 488 244 42
10 3 288 88 305 486
10 3 486 305 42 226
10 3 304 486 226 1
10 3 194 28 195 402
10 3 402 195 75 196
10 3 197 402 196 31
10 3 212 30 233 430
10 3 430 233 80 234
10 3 235 430 234 41
10 3 280 50 296 475
10 3 475 296 89 293
10 3 295 475 293 58
10 3 202 18 203 406
10 3 406 203 29 204
10 3 195 406 204 75
10 3 204 29 207 410
10 3 410 207 19 208
10 3 209 410 208 30
10 3 196 75 209 413
10 3 413 209 30 212
10 3 213 413 212 10
10 3 208 19 238 433
10 3 433 238 39 239
10 3 233 433 239 80
10 3 239 39 241 437
10 3 437 241 9 242
10 3 243 437 242 40
10 3 234 80 243 440
10 3 440 243 40 246
10 3 247 440 246 4
10 3 284 17 299 478
10 3 478 299 59 297
10 3 296 478 297 89
10 3 297 59 308 491
10 3 491 308 4 246
10 3 307 491 246 40
10 3 293 89 307 489
10 3 489 307 40 242
10 3 306 489 242 9
10 3 228 37 222 423
10 3 423 222 76 119
10 3 229 423 119 38
10 3 44 249 442 138
10 3 138 442 252 82
10 3 442 255 53 252
10 3 48 274 470 150
10 3 150 470 287 87
10 3 470 290 57 287
10 3 68 335 519 174
10 3 174 519 337 97
10 3 519 149 56 337
10 3 258 46 264 448
10 3 448 264 84 261
10 3 263 448 261 54
10 3 266 47 140 453
10 3 453 140 85 268
10 3 269 453 268 55
10 3 379 166 68 165
10 3 167 96 166 379
10 3 61 167 379 168
10 3 221 1 220 418
10 3 418 220 36 216
10 3 222 418 216 76
10 3 216 36 215 414
10 3 414 215 7 186
10 3 118 414 186 26
10 3 119 76 118 355
10 3 355 118 26 117
10 3 120 355 117 3
10 3 5 129 362 137
10 3 137 362 133 52
10 3 362 138 82 133
10 3 52 133 455 270
10 3 270 455 141 6
10 3 455 271 48 141
10 3 82 252 459 271
10 3 271 459 274 48
10 3 459 277 13 274
10 3 6 141 368 149
10 3 149 368 145 56
10 3 368 150 87 145
10 3 56 145 481 300
10 3 300 481 228 0
10 3 481 301 37 228
10 3 87 287 485 301
10 3 301 485 221 37
10 3 485 304 1 221
10 3 14 165 380 173
10 3 173 380 169 65
10 3 380 174 97 169
10 3 65 169 529 330
10 3 330 529 120 3
10 3 529 346 38 120
10 3 97 337 532 346
10 3 346 532 229 38
10 3 532 300 0 229
10 3 265 16 269 452
10 3 452 269 55 267
10 3 264 452 267 84
10 3 267 55 286 467
10 3 467 286 17 284
10 3 283 467 284 50
10 3 261 84 283 464
10 3 464 283 50 280
10 3 282 464 280 21
10 3 132 5 137 365
10 3 365 137 52 136
10 3 140 365 136 85
10 3 136 52 270 458
10 3 458 270 6 144
10 3 273 458 144 51
10 3 268 85 273 468
10 3 468 273 51 285
10 3 286 468 285 17
10 3 518 144 6 335
10 3 336 51 144 518
10 3 96 336 518 166
10 3 522 285 51 336
10 3 339 17 285 522
10 3 69 339 522 340
10 3 526 340 96 167
10 3 344 69 340 526
10 3 23 344 526 313
10 3 361 130 44 129
10 3 131 81 130 361
10 3 47 131 361 132
10 3 441 250 12 249
10 3 251 45 250 441
10 3 81 251 441 130
10 3 446 257 45 251
10 3 258 20 257 446
10 3 46 258 446 259
10 3 451 259 81 131
10 3 265 46 259 451
10 3 16 265 451 266
10 3 250 45 256 443
10 3 443 256 83 253
10 3 255 443 253 53
10 3 257 20 263 447
10 3 447 263 54 260
10 3 256 447 260 83
10 3 260 54 282 463
10 3 463 282 21 279
10 3 278 463 279 49
10 3 253 83 278 460
10 3 460 278 49 275
10 3 277 460 275 13
10 3 373 154 60 153
10 3 155 91 154 373
10 3 63 155 373 156
10 3 63 156 377 164
10 3 164 377 160 95
10 3 377 161 64 160
10 3 493 168 14 309
10 3 310 61 168 493
10 3 91 310 493 154
10 3 497 313 61 310
10 3 314 23 313 497
10 3 62 314 497 315
10 3 502 315 91 155
10 3 321 62 315 502
10 3 22 321 502 322
10 3 22 322 504 325
10 3 325 504 324 67
10 3 504 164 95 324
10 3 67 324 517 334
10 3 334 517 198 11
10 3 517 329 32 198
10 3 95 160 509 329
10 3 329 509 113 32
10 3 509 326 2 113
10 3 314 62 320 499
10 3 499 320 94 317
10 3 319 499 317 66
10 3 339 69 343 523
10 3 523 343 98 341
10 3 299 523 341 59
10 3 321 22 325 503
10 3 503 325 67 323
10 3 320 503 323 94
10 3 323 67 334 516
10 3 516 334 11 197
10 3 333 516 197 31
10 3 317 94 333 514
10 3 514 333 31 213
10 3 332 514 213 10
10 3 344 23 319 527
10 3 527 319 66 345
10 3 343 527 345 98
10 3 345 66 332 536
10 3 536 332 10 235
10 3 348 536 235 41
10 3 341 98 348 534
10 3 534 348 41 247
10 3 308 534 247 4

vertices
585

nodes
FiniteElementSpace
FiniteElementCollection: H1_3D_P2
VDim: 3
Ordering: 0

-0.28867513
-0.14433757
-0.28867513
-0.28867513
-0.28867513
-0.4330127
-0.36084392
-0.14433757
-0.14433757
-0.14433757
-0.28867513
-0.28867513
-0.22368927
-0.18319635
-0.37864925
-0.38463884
-0.47240707
-0.37864925
-0.14433757
-0.14433757
-0.24775119
-0.19368993
-0.42041877
-0.40974402
-0.21650635
-0.14433757
-0.21650635
-0.28867513
-0.21650635
-0.14433757
-0.21650635
-0.28867513
-0.28867513
-0.14433757
-0.14433757
-0.28867513
-0.14433757
-0.21650635
-0.28867513
-0.14433757
-0.21650635
-0.28867513
-0.14433757
-0.28867513
-0.32835099
-0.23572023
-0.36007913
-0.45270988
-0.27202013
-0.18844314
-0.28616959
-0.36974658
-0.39692831
-0.20344281
-0.22072056
-0.42552816
-0.32475953
-0.16376696
-0.16901375
-0.33366219
-0.38164404
-0.39419663
-0.41508139
-0.4025288
-0.33665699
-0.33366219
-0.34920958
-0.35454695
-0.36974658
-0.39419663
-0.21650635
-0.21650635
-0.14433757
-0.21650635
-0.28867513
-0.21650635
-0.21650635
-0.14433757
-0.21650635
-0.28867513
-0.21650635
-0.34421506
-0.30018556
-0.21208168
-0.32312436
-0.41122823
-0.27909486
-0.24426324
-0.16639035
-0.25133797
-0.32921086
-0.39836272
-0.33515959
-0.34143588
-0.35187826
-0.34560197
-0.38197161
-0.32921086
-0.34143588
-0.21650635
-0.21650635
-0.31165496
-0.24780061
-0.34351893
-0.33532337
-0.25259074
-0.21650635
-0.25259074
-0.28867513
-0.25259074
-0.21650635
-0.25259074
-0.28867513
-0.28867513
-0.21650635
-0.21650635
-0.28867513
-0.25259074
-0.21650635
-0.25259074
-0.28867513
-0.25259074
-0.21650635
-0.25259074
-0.28867513
-0.28867513
-0.21650635
-0.21650635
-0.28867513
-0.38068184
-0.33628302
-0.39846247
-0.44286129
-0.34855694
-0.30592026
-0.3614416
-0.40407827
-0.41497051
-0.31426827
-0.32793501
-0.43196906
-0.31643203
-0.2755575
-0.32442072
-0.36529525
-0.28451138
-0.24603192
-0.28850573
-0.32698519
-0.34280172
-0.25814169
-0.26344773
-0.34947872
-0.38314144
-0.39000338
-0.40044576
-0.39358382
-0.33590829
-0.33933926
-0.34456045
-0.34112948
-0.36064791
-0.35840182
-0.37094082
-0.37406539
-0.37419792
-0.3758591
-0.38808412
-0.38642294
-0.33143653
-0.33226712
-0.33837963
-0.33754904
-0.35615572
-0.34947872
-0.35864749
-0.36781626
-0.18042196
-0.14433757
-0.18042196
-0.18042196
-0.14433757
-0.18042196
-0.14433757
-0.14433757
-0.14433757
-0.18042196
-0.21650635
-0.14433757
-0.18042196
-0.21650635
-0.14433757
-0.28867513
-0.28867513
-0.25259074
-0.21650635
-0.25259074
-0.28867513
-0.28867513
-0.21650635
-0.21650635
-0.28867513
-0.18042196
-0.14433757
-0.18042196
-0.14433757
-0.14433757
-0.14433757
-0.18042196
-0.21650635
-0.14433757
-0.21650635
-0.25259074
-0.28867513
-0.28867513
-0.14433757
-0.18042196
-0.14433757
-0.18042196
-0.14433757
-0.14433757
-0.18042196
-0.21650635
-0.14433757
-0.18042196
-0.21650635
-0.14433757
-0.21650635
-0.25259074
-0.28867513
-0.25259074
-0.28867513
-0.28867513
-0.21650635
-0.25259074
-0.28867513
-0.21650635
-0.28867513
-0.14433757
-0.18042196
-0.14433757
-0.14433757
-0.18042196
-0.21650635
-0.14433757
-0.21650635
-0.25259074
-0.28867513
-0.28867513
-0.27602013
-0.22970475
-0.28996764
-0.25181419
-0.20776225
-0.26186832
-0.21356604
-0.22390096
-0.24173571
-0.30391516
-0.35214709
-0.21640112
-0.27192246
-0.31738966
-0.23423587
-0.34160174
-0.4162431
-0.46255848
-0.37432626
-0.4183782
-0.44896761
-0.37888611
-0.28610285
-0.29537491
-0.39048741
-0.22760824
-0.18581974
-0.233769
-0.19331958
-0.20026241
-0.19106653
-0.23992976
-0.28263223
-0.20720524
-0.30464697
-0.33240942
-0.37419792
-0.4020887
-0.2040151
-0.16507866
-0.20709548
-0.17348165
-0.17741675
-0.16770205
-0.21017586
-0.24956929
-0.18135184
-0.26875378
-0.29250008
-0.33143653
-0.35615572
-0.30671733
-0.2303848
-0.23215348
-0.308943
-0.15405226
-0.15536396
-0.15667566
-0.23392216
-0.31116866
-0.38014665
-0.39627968
-0.33441089
-0.3424774
-0.40197032
-0.4124127
-0.40672206
-0.34532273
-0.35054392
-0.3476986
-0.3794768
-0.38347983
-0.41775008
-0.41147379
-0.35321261
-0.35007446
-0.38748286
-0.31266606
-0.31191736
-0.31609703
-0.31713855
-0.31116866
-0.31505551
-0.31894235
-0.3202767
-0.32161104
-0.36529525
-0.3758591
-0.32698519
-0.33226712
-0.38642294
-0.38808412
-0.33754904
-0.33837963
-0.36781626
-0.40197032
-0.34532273
-0.308943
-0.31199925
-0.31505551
-0.25259074
-0.25259074
-0.21650635
-0.25259074
-0.28867513
-0.25259074
-0.25259074
-0.25259074
-0.21650635
-0.25259074
-0.28867513
-0.25259074
-0.38957216
-0.36461939
-0.32110164
-0.37995203
-0.42346978
-0.35499927
-0.32042637
-0.30047171
-0.26079471
-0.30646323
-0.34614022
-0.28650856
-0.3917936
-0.35952487
-0.36467132
-0.3725031
-0.36735665
-0.34023437
-0.38114102
-0.35281722
-0.35406311
-0.36323187
-0.36198599
-0.33490808
-0.18042196
-0.18042196
-0.14433757
-0.18042196
-0.18042196
-0.18042196
-0.14433757
-0.18042196
-0.21650635
-0.18042196
-0.25259074
-0.28867513
-0.25259074
-0.25259074
-0.21650635
-0.25259074
-0.28867513
-0.25259074
-0.18042196
-0.14433757
-0.18042196
-0.18042196
-0.14433757
-0.18042196
-0.21650635
-0.18042196
-0.25259074
-0.28867513
-0.25259074
-0.18042196
-0.14433757
-0.18042196
-0.18042196
-0.18042196
-0.14433757
-0.18042196
-0.21650635
-0.18042196
-0.25259074
-0.25259074
-0.28867513
-0.25259074
-0.21650635
-0.25259074
-0.28867513
-0.25259074
-0.14433757
-0.18042196
-0.18042196
-0.14433757
-0.18042196
-0.21650635
-0.18042196
-0.25259074
-0.28867513
-0.25259074
-0.28299389
-0.26391716
-0.2187335
-0.27591798
-0.25684125
-0.2969414
-0.22906841
-0.28791881
-0.33476837
-0.26689539
-0.40735278
-0.39528468
-0.44046834
-0.36788393
-0.33249448
-0.29073888
-0.34293116
-0.38468676
-0.23971121
-0.196791
-0.24781866
-0.23068862
-0.20373383
-0.25592611
-0.30001094
-0.23684938
-0.35336784
-0.39628806
-0.32841507
-0.21581167
-0.1754492
-0.22043224
-0.20555529
-0.17938429
-0.22505281
-0.26610076
-0.20863567
-0.31245475
-0.35281722
-0.29050291
-0.26855106
-0.23126914
-0.27054824
-0.30783016
-0.19221853
-0.15470811
-0.19375872
-0.15601981
-0.19529891
-0.23303782
-0.27254541
-0.31005583
-0.38821316
-0.35727877
-0.36937854
-0.33844415
-0.40434619
-0.37364653
-0.38147831
-0.37721033
-0.34651066
-0.40909792
-0.38548134
-0.38077412
-0.34888653
-0.31229171
-0.3140072
-0.31661779
-0.31490231
-0.31154301
-0.31311209
-0.31557627
-0.31699893
-0.31960953
-0.31818686
-0.32094387
-0.3193748
-0.37057717
-0.34614022
-0.35406311
-0.32962615
-0.38114102
-0.36198599
-0.36323187
-0.33490808
-0.39502722
-0.37364653
-0.34185118
-0.31005583
-0.31047112
-0.31352738
-0.30783016
-0.31047112
-0.31311209
-0.31352738
-0.31699893
-0.25259074
-0.25259074
-0.37228571
-0.30346747
-0.36601399
-0.35802455
-0.18042196
-0.18042196
-0.25259074
-0.25259074
-0.18042196
-0.18042196
-0.25259074
-0.18042196
-0.18042196
-0.25259074
-0.25259074
-0.18042196
-0.18042196
-0.25259074
-0.26991757
-0.28191839
-0.38761836
-0.33771282
-0.24376494
-0.25187238
-0.3481495
-0.21812196
-0.22274252
-0.30945899
-0.26954965
-0.19298862
-0.19452881
-0.27154682
-0.36332865
-0.37542843
-0.37899222
-0.31445475
-0.31355964
-0.3175929
-0.31878083
-0.35010166
-0.35802455
-0.3684392
-0.31179161
-0.30915064
-0.31179161
-0.31526316
-0.27063294
-0.25259074
-0.27063294
-0.28867513
-0.27063294
-0.25259074
-0.27063294
-0.28867513
-0.28867513
-0.25259074
-0.25259074
-0.28867513
-0.27063294
-0.25259074
-0.27063294
-0.28867513
-0.27063294
-0.25259074
-0.27063294
-0.28867513
-0.28867513
-0.25259074
-0.25259074
-0.28867513
-0.40684727
-0.385127
-0.41621673
-0.437937
-0.38979495
-0.36845255
-0.39787775
-0.41922014
-0.4239916
-0.37265062
-0.38092893
-0.43316554
-0.33863797
-0.3184292
-0.34286081
-0.36306958
-0.32163671
-0.30196959
-0.32480384
-0.34447097
-0.35182282
-0.30845187
-0.31194692
-0.35571774
-0.38389014
-0.38746752
-0.39268871
-0.38911133
-0.36008639
-0.36276943
-0.36668532
-0.36400228
-0.37264338
-0.37133315
-0.37890379
-0.38047024
-0.37642358
-0.37766947
-0.38378198
-0.38253609
-0.35448647
-0.35542088
-0.36000527
-0.35907085
-0.36740248
-0.36350757
-0.36958278
-0.37420446
-0.19846416
-0.18042196
-0.19846416
-0.21650635
-0.19846416
-0.18042196
-0.19846416
-0.21650635
-0.21650635
-0.18042196
-0.18042196
-0.21650635
-0.19846416
-0.18042196
-0.19846416
-0.21650635
-0.19846416
-0.18042196
-0.19846416
-0.21650635
-0.21650635
-0.18042196
-0.18042196
-0.21650635
-0.27063294
-0.25259074
-0.27063294
-0.28867513
-0.27063294
-0.25259074
-0.27063294
-0.28867513
-0.28867513
-0.25259074
-0.25259074
-0.28867513
-0.27063294
-0.25259074
-0.27063294
-0.28867513
-0.27063294
-0.25259074
-0.27063294
-0.28867513
-0.28867513
-0.25259074
-0.25259074
-0.28867513
-0.19846416
-0.18042196
-0.19846416
-0.21650635
-0.19846416
-0.18042196
-0.19846416
-0.21650635
-0.21650635
-0.18042196
-0.18042196
-0.21650635
-0.19846416
-0.18042196
-0.19846416
-0.21650635
-0.19846416
-0.18042196
-0.19846416
-0.21650635
-0.21650635
-0.18042196
-0.18042196
-0.21650635
-0.27063294
-0.25259074
-0.27063294
-0.28867513
-0.27063294
-0.25259074
-0.27063294
-0.28867513
-0.28867513
-0.25259074
-0.25259074
-0.28867513
-0.19846416
-0.18042196
-0.19846416
-0.21650635
-0.19846416
-0.18042196
-0.19846416
-0.21650635
-0.21650635
-0.18042196
-0.18042196
-0.21650635
-0.19846416
-0.18042196
-0.19846416
-0.21650635
-0.19846416
-0.18042196
-0.19846416
-0.21650635
-0.21650635
-0.18042196
-0.18042196
-0.21650635
-0.27063294
-0.25259074
-0.27063294
-0.28867513
-0.27063294
-0.25259074
-0.27063294
-0.28867513
-0.28867513
-0.25259074
-0.25259074
-0.28867513
-0.27063294
-0.25259074
-0.27063294
-0.28867513
-0.27063294
-0.25259074
-0.27063294
-0.28867513
-0.28867513
-0.25259074
-0.25259074
-0.28867513
-0.19846416
-0.18042196
-0.19846416
-0.21650635
-0.19846416
-0.18042196
-0.19846416
-0.21650635
-0.21650635
-0.18042196
-0.18042196
-0.21650635
-0.19846416
-0.18042196
-0.19846416
-0.21650635
-0.19846416
-0.18042196
-0.19846416
-0.21650635
-0.21650635
-0.18042196
-0.18042196
-0.21650635
-0.27063294
-0.25259074
-0.27063294
-0.28867513
-0.27063294
-0.25259074
-0.27063294
-0.28867513
-0.28867513
-0.25259074
-0.25259074
-0.28867513
-0.30218556
-0.27950701
-0.30963845
-0.332317
-0.28909272
-0.26691736
-0.2955096
-0.31768496
-0.32130963
-0.26996864
-0.27645573
-0.32869233
-0.31709135
-0.29345452
-0.32454425
-0.34818107
-0.30192649
-0.27891819
-0.30834338
-0.33135169
-0.33607503
-0.28294281
-0.2894299
-0.34345773
-0.42558618
-0.40290763
-0.43495563
-0.45763418
-0.40596055
-0.38378519
-0.41404335
-0.4362187
-0.44233947
-0.38920725
-0.39748557
-0.45151341
-0.37274262
-0.3517781
-0.37953877
-0.40050329
-0.3556903
-0.33510365
-0.36119979
-0.38178644
-0.38790721
-0.34052571
-0.34635604
-0.39438252
-0.27599987
-0.25432772
-0.28138076
-0.30305291
-0.26290703
-0.24173808
-0.26725191
-0.28842086
-0.2931442
-0.2457627
-0.2503031
-0.29832957
-0.28676164
-0.26438186
-0.29214252
-0.31452231
-0.27159679
-0.24984552
-0.27594166
-0.29769293
-0.30351493
-0.25484349
-0.25938389
-0.3087003
-0.38633492
-0.36466276
-0.39313106
-0.41480321
-0.36670928
-0.34554033
-0.37221878
-0.39338773
-0.40085782
-0.35218638
-0.35801671
-0.40733313
-0.24981419
-0.22914843
-0.25312306
-0.27378882
-0.23697668
-0.21696681
-0.23945833
-0.2594682
-0.26508091
-0.22170996
-0.22440529
-0.2681761
-0.25643193
-0.23530919
-0.2597408
-0.28086354
-0.24193999
-0.22158738
-0.24442164
-0.26477425
-0.2712713
-0.22710062
-0.22979595
-0.27436649
-0.34708365
-0.3264179
-0.35130649
-0.37197225
-0.32797097
-0.30796111
-0.3311381
-0.35114797
-0.35961265
-0.31544197
-0.31893703
-0.36350757
-0.30463546
-0.28550997
-0.30674688
-0.32587236
-0.2876342
-0.26905036
-0.28868991
-0.30727375
-0.31573843
-0.27653122
-0.2780291
-0.31740768
-0.22413917
-0.2047852
-0.22579361
-0.24514758
-0.21130166
-0.19260358
-0.21212888
-0.23082697
-0.23732402
-0.19811682
-0.19927196
-0.23865053
-0.22744804
-0.20786557
-0.22910248
-0.24868495
-0.2129561
-0.19414377
-0.21378332
-0.23259565
-0.23997704
-0.2004271
-0.20158224
-0.24130355
-0.3088583
-0.28950432
-0.31096972
-0.33032369
-0.28974562
-0.27104753
-0.29080133
-0.30949941
-0.31907693
-0.27952699
-0.28102487
-0.32074618
-0.38089535
-0.3841799
-0.38910827
-0.38582371
-0.35784029
-0.36030371
-0.36399999
-0.36153657
-0.37002293
-0.36871271
-0.37577091
-0.37733735
-0.3973212
-0.40031293
-0.40553412
-0.40254239
-0.37015968
-0.37240348
-0.37631938
-0.37407557
-0.38465177
-0.38282911
-0.38988731
-0.39196619
-0.40148728
-0.40477184
-0.41028585
-0.4070013
-0.37328425
-0.37574766
-0.37988317
-0.37741976
-0.3882971
-0.38647443
-0.39404507
-0.39612396
-0.33628264
-0.33807133
-0.34068192
-0.33889323
-0.31247889
-0.31337323
-0.31467853
-0.31378418
-0.32466152
-0.3241
-0.32734456
-0.32801589
-0.33478524
-0.33642752
-0.3388917
-0.33724942
-0.31173019
-0.31255133
-0.31378342
-0.31296228
-0.32353848
-0.32297695
-0.32600189
-0.32667323
-0.34299817
-0.34449403
-0.34710463
-0.34560876
-0.31583665
-0.31658458
-0.31788988
-0.31714195
-0.32980798
-0.32902684
-0.33205178
-0.33294273
-0.34508121
-0.34672349
-0.34948049
-0.34783822
-0.31687817
-0.31769931
-0.31907781
-0.31825667
-0.33137026
-0.33058912
-0.33383368
-0.33472463
-0.36752092
-0.36793621
-0.37321813
-0.37280284
-0.34780947
-0.34812094
-0.35208238
-0.35177091
-0.35961265
-0.35571774
-0.36033942
-0.3649611
-0.37891535
-0.37850006
-0.38461257
-0.38502786
-0.3563553
-0.35604383
-0.36062821
-0.36093968
-0.37030955
-0.3649611
-0.36958278
-0.375658
-0.39114038
-0.39155567
-0.39849877
-0.39808348
-0.36552407
-0.36583554
-0.37104286
-0.37073139
-0.38100644
-0.375658
-0.38173321
-0.38780843
-0.33254936
-0.3331723
-0.33622856
-0.33560561
-0.31061225
-0.31092372
-0.31245185
-0.31214037
-0.32241543
-0.32074618
-0.32334984
-0.32533056
-0.32809803
-0.32830567
-0.33094663
-0.33073899
-0.30838658
-0.3084904
-0.30981088
-0.30970706
-0.31907693
-0.31740768
-0.3193884
-0.32136912
-0.33379524
-0.3335876
-0.33664385
-0.3368515
-0.31123519
-0.31113137
-0.31265949
-0.31276332
-0.32366131
-0.32136912
-0.32334984
-0.3259535
-0.33990776
-0.3401154
-0.34358695
-0.34337931
-0.31429144
-0.31439527
-0.31613104
-0.31602722
-0.3282457
-0.3259535
-0.32855717
-0.33116083
-0.23454855
-0.23454855
-0.23454855
-0.23454855
-0.21650635
-0.23454855
-0.25259074
-0.21650635
-0.23454855
-0.25259074
-0.28867513
-0.28867513
-0.28867513
-0.25259074
-0.25259074
-0.28867513
-0.23454855
-0.23454855
-0.21650635
-0.21650635
-0.21650635
-0.23454855
-0.25259074
-0.21650635
-0.25259074
-0.28867513
-0.28867513
-0.23454855
-0.23454855
-0.23454855
-0.23454855
-0.21650635
-0.23454855
-0.25259074
-0.21650635
-0.23454855
-0.25259074
-0.28867513
-0.28867513
-0.28867513
-0.25259074
-0.25259074
-0.28867513
-0.23454855
-0.23454855
-0.21650635
-0.21650635
-0.21650635
-0.23454855
-0.25259074
-0.21650635
-0.25259074
-0.28867513
-0.28867513
-0.35451642
-0.36292759
-0.33944383
-0.34669368
-0.34024904
-0.37133876
-0.39401731
-0.32451832
-0.35394352
-0.37611887
-0.44778559
-0.42771942
-0.40594941
-0.35658816
-0.36364249
-0.41377403
-0.32437125
-0.33045976
-0.30722692
-0.31351095
-0.30878761
-0.33654828
-0.35822043
-0.31979498
-0.37069681
-0.40765325
-0.42159865
-0.29422608
-0.29799194
-0.2793067
-0.28213109
-0.27732618
-0.30175779
-0.32242355
-0.26212122
-0.28495548
-0.30496535
-0.36752092
-0.34780947
-0.33378062
-0.29249154
-0.29498801
-0.33656271
-0.26438731
-0.26627024
-0.25120247
-0.25341332
-0.24691627
-0.26815317
-0.28750715
-0.25562417
-0.29748448
-0.32809803
-0.33934479
-0.38239274
-0.39089849
-0.35896334
-0.36534265
-0.39418305
-0.39940424
-0.39611968
-0.36780607
-0.37172196
-0.36925855
-0.39805631
-0.37071102
-0.34865245
-0.34771658
-0.35312418
-0.35424306
-0.33553394
-0.33978681
-0.3467807
-0.35200529
-0.34142909
-0.34403969
-0.34239741
-0.35722987
-0.35853178
-0.34336572
-0.35983368
-0.37197225
-0.37850006
-0.35114797
-0.35604383
-0.37891535
-0.38502786
-0.38461257
-0.3563553
-0.36093968
-0.36062821
-0.39030979
-0.36490112
-0.34490896
-0.34212687
-0.34646631
-0.34976751
-0.33032369
-0.3335876
-0.33934479
-0.34316511
-0.33379524
-0.3368515
-0.33664385
-0.34698543
-0.35080575
-0.33949246
-0.35462607
-0.16237976
-0.14433757
-0.16237976
-0.16237976
-0.14433757
-0.16237976
-0.14433757
-0.14433757
-0.14433757
-0.16237976
-0.18042196
-0.14433757
-0.16237976
-0.18042196
-0.14433757
-0.18042196
-0.18042196
-0.16237976
-0.14433757
-0.16237976
-0.14433757
-0.14433757
-0.14433757
-0.16237976
-0.18042196
-0.14433757
-0.18042196
-0.14433757
-0.16237976
-0.14433757
-0.16237976
-0.14433757
-0.14433757
-0.16237976
-0.18042196
-0.14433757
-0.16237976
-0.18042196
-0.14433757
-0.21650635
-0.21650635
-0.18042196
-0.21650635
-0.14433757
-0.16237976
-0.14433757
-0.14433757
-0.16237976
-0.18042196
-0.14433757
-0.18042196
-0.21650635
-0.23454855
-0.23454855
-0.25259074
-0.25259074
-0.28867513
-0.28867513
-0.25259074
-0.28867513
-0.23454855
-0.25259074
-0.28867513
-0.23454855
-0.23454855
-0.21650635
-0.23454855
-0.25259074
-0.28867513
-0.27063294
-0.25259074
-0.27063294
-0.28867513
-0.28867513
-0.25259074
-0.25259074
-0.28867513
-0.23454855
-0.21650635
-0.23454855
-0.21650635
-0.21650635
-0.21650635
-0.23454855
-0.25259074
-0.21650635
-0.25259074
-0.27063294
-0.28867513
-0.28867513
-0.16237976
-0.14433757
-0.16237976
-0.14433757
-0.14433757
-0.14433757
-0.16237976
-0.18042196
-0.14433757
-0.19846416
-0.18042196
-0.19846416
-0.18042196
-0.18042196
-0.16237976
-0.14433757
-0.16237976
-0.14433757
-0.14433757
-0.14433757
-0.16237976
-0.18042196
-0.14433757
-0.18042196
-0.19846416
-0.14433757
-0.16237976
-0.14433757
-0.14433757
-0.16237976
-0.18042196
-0.14433757
-0.21650635
-0.18042196
-0.19846416
-0.21650635
-0.18042196
-0.21650635
-0.14433757
-0.16237976
-0.14433757
-0.14433757
-0.16237976
-0.18042196
-0.14433757
-0.18042196
-0.19846416
-0.21650635
-0.21650635
-0.23454855
-0.23454855
-0.25259074
-0.28867513
-0.25259074
-0.27063294
-0.28867513
-0.25259074
-0.28867513
-0.23454855
-0.23454855
-0.25259074
-0.25259074
-0.27063294
-0.28867513
-0.28867513
-0.14433757
-0.16237976
-0.14433757
-0.16237976
-0.14433757
-0.14433757
-0.16237976
-0.18042196
-0.14433757
-0.16237976
-0.18042196
-0.14433757
-0.18042196
-0.14433757
-0.16237976
-0.14433757
-0.14433757
-0.16237976
-0.18042196
-0.14433757
-0.18042196
-0.14433757
-0.16237976
-0.14433757
-0.16237976
-0.14433757
-0.14433757
-0.16237976
-0.18042196
-0.14433757
-0.16237976
-0.18042196
-0.14433757
-0.18042196
-0.19846416
-0.21650635
-0.19846416
-0.21650635
-0.21650635
-0.18042196
-0.21650635
-0.14433757
-0.16237976
-0.14433757
-0.14433757
-0.16237976
-0.18042196
-0.14433757
-0.18042196
-0.19846416
-0.21650635
-0.21650635
-0.23454855
-0.23454855
-0.23454855
-0.25259074
-0.23454855
-0.25259074
-0.25259074
-0.27063294
-0.28867513
-0.27063294
-0.28867513
-0.28867513
-0.25259074
-0.28867513
-0.23454855
-0.23454855
-0.25259074
-0.25259074
-0.27063294
-0.28867513
-0.28867513
-0.23454855
-0.21650635
-0.23454855
-0.25259074
-0.28867513
-0.25259074
-0.27063294
-0.28867513
-0.25259074
-0.28867513
-0.21650635
-0.23454855
-0.21650635
-0.21650635
-0.23454855
-0.25259074
-0.21650635
-0.25259074
-0.27063294
-0.28867513
-0.28867513
-0.14433757
-0.16237976
-0.14433757
-0.14433757
-0.16237976
-0.18042196
-0.14433757
-0.18042196
-0.19846416
-0.18042196
-0.14433757
-0.16237976
-0.14433757
-0.14433757
-0.16237976
-0.18042196
-0.14433757
-0.18042196
-0.19846416
-0.14433757
-0.16237976
-0.14433757
-0.14433757
-0.16237976
-0.18042196
-0.14433757
-0.18042196
-0.19846416
-0.21650635
-0.21650635
-0.18042196
-0.19846416
-0.21650635
-0.18042196
-0.21650635
-0.14433757
-0.16237976
-0.14433757
