MFEM mesh v1.0

#
# MFEM Geometry Types (see mesh/geom.hpp):
#
# POINT       = 0
# SEGMENT     = 1
# TRIANGLE    = 2
# SQUARE      = 3
# TETRAHEDRON = 4
# CUBE        = 5
#

dimension
3

elements
320
1 5 2 93 305 96 101 306 465 309
1 5 12 105 311 108 113 312 466 315
1 5 1 117 317 120 125 318 467 321
1 5 5 129 323 132 137 324 468 327
1 5 7 141 329 144 149 330 469 333
1 5 22 153 335 94 102 336 470 307
1 5 63 155 340 163 103 338 471 343
1 5 25 95 345 168 104 308 472 346
1 5 30 97 310 100 170 348 473 351
1 5 64 156 339 98 171 352 474 349
1 5 88 158 344 166 172 354 475 358
1 5 67 99 347 169 173 350 476 361
1 5 26 174 355 106 114 363 477 313
1 5 68 176 359 181 115 365 478 369
1 5 29 107 362 184 116 314 479 371
1 5 38 109 316 112 200 373 480 376
1 5 69 186 366 110 201 378 481 374
1 5 89 188 370 193 202 380 482 384
1 5 72 111 372 195 203 375 483 387
1 5 24 162 389 118 126 342 484 319
1 5 74 217 393 223 127 391 485 396
1 5 44 119 398 230 128 320 486 400
1 5 33 121 322 124 185 360 487 404
1 5 66 165 392 122 183 357 488 402
1 5 90 219 397 226 234 406 489 410
1 5 77 123 401 232 235 403 490 413
1 5 28 180 407 130 138 368 491 325
1 5 78 237 411 241 139 416 492 420
1 5 47 131 414 245 140 326 493 423
1 5 41 133 328 136 215 386 494 427
1 5 71 192 417 134 213 383 495 425
1 5 91 248 421 252 258 429 496 433
1 5 81 135 424 256 259 426 497 436
1 5 36 210 430 142 150 438 498 331
1 5 82 261 434 265 151 440 499 444
1 5 52 143 437 269 152 332 500 447
1 5 59 145 334 148 288 449 501 452
1 5 83 271 441 146 289 454 502 450
1 5 92 273 445 278 290 456 503 460
1 5 86 147 448 282 291 451 504 463
1 5 93 22 94 305 306 102 307 465
1 5 305 94 63 95 465 307 103 308
1 5 96 305 95 25 309 465 308 104
1 5 101 306 465 309 30 97 310 100
1 5 306 102 307 465 97 64 98 310
1 5 465 307 103 308 310 98 88 99
1 5 309 465 308 104 100 310 99 67
1 5 105 26 106 311 312 114 313 466
1 5 311 106 68 107 466 313 115 314
1 5 108 311 107 29 315 466 314 116
1 5 113 312 466 315 38 109 316 112
1 5 312 114 313 466 109 69 110 316
1 5 466 313 115 314 316 110 89 111
1 5 315 466 314 116 112 316 111 72
1 5 117 24 118 317 318 126 319 467
1 5 317 118 74 119 467 319 127 320
1 5 120 317 119 44 321 467 320 128
1 5 125 318 467 321 33 121 322 124
1 5 318 126 319 467 121 66 122 322
1 5 467 319 127 320 322 122 90 123
1 5 321 467 320 128 124 322 123 77
1 5 129 28 130 323 324 138 325 468
1 5 323 130 78 131 468 325 139 326
1 5 132 323 131 47 327 468 326 140
1 5 137 324 468 327 41 133 328 136
1 5 324 138 325 468 133 71 134 328
1 5 468 325 139 326 328 134 91 135
1 5 327 468 326 140 136 328 135 81
1 5 141 36 142 329 330 150 331 469
1 5 329 142 82 143 469 331 151 332
1 5 144 329 143 52 333 469 332 152
1 5 149 330 469 333 59 145 334 148
1 5 330 150 331 469 145 83 146 334
1 5 469 331 151 332 334 146 92 147
1 5 333 469 332 152 148 334 147 86
1 5 153 3 154 335 336 159 337 470
1 5 335 154 23 155 470 337 160 338
1 5 94 335 155 63 307 470 338 103
1 5 102 336 470 307 64 156 339 98
1 5 336 159 337 470 156 31 157 339
1 5 470 337 160 338 339 157 65 158
1 5 307 470 338 103 98 339 158 88
1 5 155 23 161 340 338 160 341 471
1 5 340 161 0 162 471 341 167 342
1 5 163 340 162 24 343 471 342 126
1 5 103 338 471 343 88 158 344 166
1 5 338 160 341 471 158 65 164 344
1 5 471 341 167 342 344 164 32 165
1 5 343 471 342 126 166 344 165 66
1 5 95 63 163 345 308 103 343 472
1 5 345 163 24 117 472 343 126 318
1 5 168 345 117 1 346 472 318 125
1 5 104 308 472 346 67 99 347 169
1 5 308 103 343 472 99 88 166 347
1 5 472 343 126 318 347 166 66 121
1 5 346 472 318 125 169 347 121 33
1 5 97 64 98 310 348 171 349 473
1 5 310 98 88 99 473 349 172 350
1 5 100 310 99 67 351 473 350 173
1 5 170 348 473 351 12 105 311 108
1 5 348 171 349 473 105 26 106 311
1 5 473 349 172 350 311 106 68 107
1 5 351 473 350 173 108 311 107 29
1 5 156 31 157 339 352 177 353 474
1 5 339 157 65 158 474 353 178 354
1 5 98 339 158 88 349 474 354 172
1 5 171 352 474 349 26 174 355 106
1 5 352 177 353 474 174 13 175 355
1 5 474 353 178 354 355 175 27 176
1 5 349 474 354 172 106 355 176 68
1 5 158 65 164 344 354 178 356 475
1 5 344 164 32 165 475 356 182 357
1 5 166 344 165 66 358 475 357 183
1 5 172 354 475 358 68 176 359 181
1 5 354 178 356 475 176 27 179 359
1 5 475 356 182 357 359 179 4 180
1 5 358 475 357 183 181 359 180 28
1 5 99 88 166 347 350 172 358 476
1 5 347 166 66 121 476 358 183 360
1 5 169 347 121 33 361 476 360 185
1 5 173 350 476 361 29 107 362 184
1 5 350 172 358 476 107 68 181 362
1 5 476 358 183 360 362 181 28 129
1 5 361 476 360 185 184 362 129 5
1 5 174 13 175 355 363 189 364 477
1 5 355 175 27 176 477 364 190 365
1 5 106 355 176 68 313 477 365 115
1 5 114 363 477 313 69 186 366 110
1 5 363 189 364 477 186 39 187 366
1 5 477 364 190 365 366 187 70 188
1 5 313 477 365 115 110 366 188 89
1 5 176 27 179 359 365 190 367 478
1 5 359 179 4 180 478 367 194 368
1 5 181 359 180 28 369 478 368 138
1 5 115 365 478 369 89 188 370 193
1 5 365 190 367 478 188 70 191 370
1 5 478 367 194 368 370 191 40 192
1 5 369 478 368 138 193 370 192 71
1 5 107 68 181 362 314 115 369 479
1 5 362 181 28 129 479 369 138 324
1 5 184 362 129 5 371 479 324 137
1 5 116 314 479 371 72 111 372 195
1 5 314 115 369 479 111 89 193 372
1 5 479 369 138 324 372 193 71 133
1 5 371 479 324 137 195 372 133 41
1 5 109 69 110 316 373 201 374 480
1 5 316 110 89 111 480 374 202 375
1 5 112 316 111 72 376 480 375 203
1 5 200 373 480 376 14 196 377 199
1 5 373 201 374 480 196 34 197 377
1 5 480 374 202 375 377 197 73 198
1 5 376 480 375 203 199 377 198 37
1 5 186 39 187 366 378 207 379 481
1 5 366 187 70 188 481 379 208 380
1 5 110 366 188 89 374 481 380 202
1 5 201 378 481 374 34 204 381 197
1 5 378 207 379 481 204 15 205 381
1 5 481 379 208 380 381 205 35 206
1 5 374 481 380 202 197 381 206 73
1 5 188 70 191 370 380 208 382 482
1 5 370 191 40 192 482 382 212 383
1 5 193 370 192 71 384 482 383 213
1 5 202 380 482 384 73 206 385 211
1 5 380 208 382 482 206 35 209 385
1 5 482 382 212 383 385 209 6 210
1 5 384 482 383 213 211 385 210 36
1 5 111 89 193 372 375 202 384 483
1 5 372 193 71 133 483 384 213 386
1 5 195 372 133 41 387 483 386 215
1 5 203 375 483 387 37 198 388 214
1 5 375 202 384 483 198 73 211 388
1 5 483 384 213 386 388 211 36 141
1 5 387 483 386 215 214 388 141 7
1 5 162 0 216 389 342 167 390 484
1 5 389 216 42 217 484 390 220 391
1 5 118 389 217 74 319 484 391 127
1 5 126 342 484 319 66 165 392 122
1 5 342 167 390 484 165 32 218 392
1 5 484 390 220 391 392 218 75 219
1 5 319 484 391 127 122 392 219 90
1 5 217 42 221 393 391 220 394 485
1 5 393 221 11 222 485 394 227 395
1 5 223 393 222 43 396 485 395 228
1 5 127 391 485 396 90 219 397 226
1 5 391 220 394 485 219 75 224 397
1 5 485 394 227 395 397 224 48 225
1 5 396 485 395 228 226 397 225 76
1 5 119 74 223 398 320 127 396 486
1 5 398 223 43 229 486 396 228 399
1 5 230 398 229 10 400 486 399 233
1 5 128 320 486 400 77 123 401 232
1 5 320 127 396 486 123 90 226 401
1 5 486 396 228 399 401 226 76 231
1 5 400 486 399 233 232 401 231 49
1 5 121 66 122 322 360 183 402 487
1 5 322 122 90 123 487 402 234 403
1 5 124 322 123 77 404 487 403 235
1 5 185 360 487 404 5 129 323 132
1 5 360 183 402 487 129 28 130 323
1 5 487 402 234 403 323 130 78 131
1 5 404 487 403 235 132 323 131 47
1 5 165 32 218 392 357 182 405 488
1 5 392 218 75 219 488 405 238 406
1 5 122 392 219 90 402 488 406 234
1 5 183 357 488 402 28 180 407 130
1 5 357 182 405 488 180 4 236 407
1 5 488 405 238 406 407 236 45 237
1 5 402 488 406 234 130 407 237 78
1 5 219 75 224 397 406 238 408 489
1 5 397 224 48 225 489 408 242 409
1 5 226 397 225 76 410 489 409 243
1 5 234 406 489 410 78 237 411 241
1 5 406 238 408 489 237 45 239 411
1 5 489 408 242 409 411 239 17 240
1 5 410 489 409 243 241 411 240 46
1 5 123 90 226 401 403 234 410 490
1 5 401 226 76 231 490 410 243 412
1 5 232 401 231 49 413 490 412 246
1 5 235 403 490 413 47 131 414 245
1 5 403 234 410 490 131 78 241 414
1 5 490 410 243 412 414 241 46 244
1 5 413 490 412 246 245 414 244 16
1 5 180 4 236 407 368 194 415 491
1 5 407 236 45 237 491 415 249 416
1 5 130 407 237 78 325 491 416 139
1 5 138 368 491 325 71 192 417 134
1 5 368 194 415 491 192 40 247 417
1 5 491 415 249 416 417 247 79 248
1 5 325 491 416 139 134 417 248 91
1 5 237 45 239 411 416 249 418 492
1 5 411 239 17 240 492 418 253 419
1 5 241 411 240 46 420 492 419 254
1 5 139 416 492 420 91 248 421 252
1 5 416 249 418 492 248 79 250 421
1 5 492 418 253 419 421 250 53 251
1 5 420 492 419 254 252 421 251 80
1 5 131 78 241 414 326 139 420 493
1 5 414 241 46 244 493 420 254 422
1 5 245 414 244 16 423 493 422 257
1 5 140 326 493 423 81 135 424 256
1 5 326 139 420 493 135 91 252 424
1 5 493 420 254 422 424 252 80 255
1 5 423 493 422 257 256 424 255 54
1 5 133 71 134 328 386 213 425 494
1 5 328 134 91 135 494 425 258 426
1 5 136 328 135 81 427 494 426 259
1 5 215 386 494 427 7 141 329 144
1 5 386 213 425 494 141 36 142 329
1 5 494 425 258 426 329 142 82 143
1 5 427 494 426 259 144 329 143 52
1 5 192 40 247 417 383 212 428 495
1 5 417 247 79 248 495 428 262 429
1 5 134 417 248 91 425 495 429 258
1 5 213 383 495 425 36 210 430 142
1 5 383 212 428 495 210 6 260 430
1 5 495 428 262 429 430 260 50 261
1 5 425 495 429 258 142 430 261 82
1 5 248 79 250 421 429 262 431 496
1 5 421 250 53 251 496 431 266 432
1 5 252 421 251 80 433 496 432 267
1 5 258 429 496 433 82 261 434 265
1 5 429 262 431 496 261 50 263 434
1 5 496 431 266 432 434 263 19 264
1 5 433 496 432 267 265 434 264 51
1 5 135 91 252 424 426 258 433 497
1 5 424 252 80 255 497 433 267 435
1 5 256 424 255 54 436 497 435 270
1 5 259 426 497 436 52 143 437 269
1 5 426 258 433 497 143 82 265 437
1 5 497 433 267 435 437 265 51 268
1 5 436 497 435 270 269 437 268 18
1 5 210 6 260 430 438 274 439 498
1 5 430 260 50 261 498 439 275 440
1 5 142 430 261 82 331 498 440 151
1 5 150 438 498 331 83 271 441 146
1 5 438 274 439 498 271 60 272 441
1 5 498 439 275 440 441 272 84 273
1 5 331 498 440 151 146 441 273 92
1 5 261 50 263 434 440 275 442 499
1 5 434 263 19 264 499 442 279 443
1 5 265 434 264 51 444 499 443 280
1 5 151 440 499 444 92 273 445 278
1 5 440 275 442 499 273 84 276 445
1 5 499 442 279 443 445 276 61 277
1 5 444 499 443 280 278 445 277 85
1 5 143 82 265 437 332 151 444 500
1 5 437 265 51 268 500 444 280 446
1 5 269 437 268 18 447 500 446 283
1 5 152 332 500 447 86 147 448 282
1 5 332 151 444 500 147 92 278 448
1 5 500 444 280 446 448 278 85 281
1 5 447 500 446 283 282 448 281 62
1 5 145 83 146 334 449 289 450 501
1 5 334 146 92 147 501 450 290 451
1 5 148 334 147 86 452 501 451 291
1 5 288 449 501 452 9 284 453 287
1 5 449 289 450 501 284 55 285 453
1 5 501 450 290 451 453 285 87 286
1 5 452 501 451 291 287 453 286 58
1 5 271 60 272 441 454 295 455 502
1 5 441 272 84 273 502 455 296 456
1 5 146 441 273 92 450 502 456 290
1 5 289 454 502 450 55 292 457 285
1 5 454 295 455 502 292 8 293 457
1 5 502 455 296 456 457 293 56 294
1 5 450 502 456 290 285 457 294 87
1 5 273 84 276 445 456 296 458 503
1 5 445 276 61 277 503 458 300 459
1 5 278 445 277 85 460 503 459 301
1 5 290 456 503 460 87 294 461 299
1 5 456 296 458 503 294 56 297 461
1 5 503 458 300 459 461 297 21 298
1 5 460 503 459 301 299 461 298 57
1 5 147 92 278 448 451 290 460 504
1 5 448 278 85 281 504 460 301 462
1 5 282 448 281 62 463 504 462 304
1 5 291 451 504 463 58 286 464 303
1 5 451 290 460 504 286 87 299 464
1 5 504 460 301 462 464 299 57 302
1 5 463 504 462 304 303 464 302 20

boundary
320
1 3 1 117 345 168
1 3 10 229 398 230
1 3 24 162 340 163
1 3 63 155 335 94
1 3 25 95 305 96
1 3 43 222 393 223
1 3 74 217 389 118
1 3 44 119 317 120
1 3 117 24 163 345
1 3 345 163 63 95
1 3 168 345 95 25
1 3 229 43 223 398
1 3 398 223 74 119
1 3 230 398 119 44
1 3 162 0 161 340
1 3 340 161 23 155
1 3 163 340 155 63
1 3 155 23 154 335
1 3 335 154 3 153
1 3 94 335 153 22
1 3 95 63 94 305
1 3 305 94 22 93
1 3 96 305 93 2
1 3 222 11 221 393
1 3 393 221 42 217
1 3 223 393 217 74
1 3 217 42 216 389
1 3 389 216 0 162
1 3 118 389 162 24
1 3 119 74 118 317
1 3 317 118 24 117
1 3 120 317 117 1
17 3 153 3 159 336
17 3 96 2 101 309
17 3 3 154 337 159
17 3 174 13 189 363
17 3 108 12 113 315
17 3 13 175 364 189
17 3 14 196 377 199
17 3 210 6 274 438
17 3 120 1 125 321
17 3 0 216 390 167
17 3 11 222 395 227
17 3 132 5 137 327
17 3 4 236 415 194
17 3 17 240 419 253
17 3 144 7 149 333
17 3 6 260 439 274
17 3 19 264 443 279
17 3 9 284 453 287
17 3 93 22 102 306
17 3 97 64 171 348
17 3 156 31 177 352
17 3 168 25 104 346
17 3 169 67 173 361
17 3 100 30 170 351
17 3 105 26 114 312
17 3 109 69 201 373
17 3 186 39 207 378
17 3 23 161 341 160
17 3 65 164 356 178
17 3 31 157 353 177
17 3 42 221 394 220
17 3 75 224 408 238
17 3 32 218 405 182
17 3 184 29 116 371
17 3 195 72 203 387
17 3 112 38 200 376
17 3 230 44 128 400
17 3 232 77 235 413
17 3 124 33 185 404
17 3 245 47 140 423
17 3 256 81 259 436
17 3 136 41 215 427
17 3 46 244 422 254
17 3 80 255 435 267
17 3 53 251 432 266
17 3 27 179 367 190
17 3 70 191 382 208
17 3 39 187 379 207
17 3 45 239 418 249
17 3 79 250 431 262
17 3 40 247 428 212
17 3 50 263 442 275
17 3 84 276 458 296
17 3 60 272 455 295
17 3 34 204 381 197
17 3 73 206 385 211
17 3 37 198 388 214
17 3 141 36 150 330
17 3 145 83 289 449
17 3 271 60 295 454
17 3 51 268 446 280
17 3 85 281 462 301
17 3 61 277 459 300
17 3 43 229 399 228
17 3 76 231 412 243
17 3 48 225 409 242
17 3 269 52 152 447
17 3 282 86 291 463
17 3 148 59 288 452
17 3 55 292 457 285
17 3 87 294 461 299
17 3 58 286 464 303
17 3 22 153 336 102
17 3 102 336 156 64
17 3 336 159 31 156
17 3 25 96 309 104
17 3 104 309 100 67
17 3 309 101 30 100
17 3 26 174 363 114
17 3 114 363 186 69
17 3 363 189 39 186
17 3 2 93 306 101
17 3 101 306 97 30
17 3 306 102 64 97
17 3 30 97 348 170
17 3 170 348 105 12
17 3 348 171 26 105
17 3 64 156 352 171
17 3 171 352 174 26
17 3 352 177 13 174
17 3 1 168 346 125
17 3 125 346 169 33
17 3 346 104 67 169
17 3 33 169 361 185
17 3 185 361 184 5
17 3 361 173 29 184
17 3 67 100 351 173
17 3 173 351 108 29
17 3 351 170 12 108
17 3 12 105 312 113
17 3 113 312 109 38
17 3 312 114 69 109
17 3 38 109 373 200
17 3 200 373 196 14
17 3 373 201 34 196
17 3 69 186 378 201
17 3 201 378 204 34
17 3 378 207 15 204
17 3 154 23 160 337
17 3 337 160 65 157
17 3 159 337 157 31
17 3 216 42 220 390
17 3 390 220 75 218
17 3 167 390 218 32
17 3 161 0 167 341
17 3 341 167 32 164
17 3 160 341 164 65
17 3 164 32 182 356
17 3 356 182 4 179
17 3 178 356 179 27
17 3 157 65 178 353
17 3 353 178 27 175
17 3 177 353 175 13
17 3 221 11 227 394
17 3 394 227 48 224
17 3 220 394 224 75
17 3 224 48 242 408
17 3 408 242 17 239
17 3 238 408 239 45
17 3 218 75 238 405
17 3 405 238 45 236
17 3 182 405 236 4
17 3 29 108 315 116
17 3 116 315 112 72
17 3 315 113 38 112
17 3 44 120 321 128
17 3 128 321 124 77
17 3 321 125 33 124
17 3 47 132 327 140
17 3 140 327 136 81
17 3 327 137 41 136
17 3 240 46 254 419
17 3 419 254 80 251
17 3 253 419 251 53
17 3 5 184 371 137
17 3 137 371 195 41
17 3 371 116 72 195
17 3 41 195 387 215
17 3 215 387 214 7
17 3 387 203 37 214
17 3 72 112 376 203
17 3 203 376 199 37
17 3 376 200 14 199
17 3 10 230 400 233
17 3 233 400 232 49
17 3 400 128 77 232
17 3 49 232 413 246
17 3 246 413 245 16
17 3 413 235 47 245
17 3 77 124 404 235
17 3 235 404 132 47
17 3 404 185 5 132
17 3 16 245 423 257
17 3 257 423 256 54
17 3 423 140 81 256
17 3 54 256 436 270
17 3 270 436 269 18
17 3 436 259 52 269
17 3 81 136 427 259
17 3 259 427 144 52
17 3 427 215 7 144
17 3 244 16 257 422
17 3 422 257 54 255
17 3 254 422 255 80
17 3 255 54 270 435
17 3 435 270 18 268
17 3 267 435 268 51
17 3 251 80 267 432
17 3 432 267 51 264
17 3 266 432 264 19
17 3 175 27 190 364
17 3 364 190 70 187
17 3 189 364 187 39
17 3 236 45 249 415
17 3 415 249 79 247
17 3 194 415 247 40
17 3 260 50 275 439
17 3 439 275 84 272
17 3 274 439 272 60
17 3 179 4 194 367
17 3 367 194 40 191
17 3 190 367 191 70
17 3 191 40 212 382
17 3 382 212 6 209
17 3 208 382 209 35
17 3 187 70 208 379
17 3 379 208 35 205
17 3 207 379 205 15
17 3 239 17 253 418
17 3 418 253 53 250
17 3 249 418 250 79
17 3 250 53 266 431
17 3 431 266 19 263
17 3 262 431 263 50
17 3 247 79 262 428
17 3 428 262 50 260
17 3 212 428 260 6
17 3 263 19 279 442
17 3 442 279 61 276
17 3 275 442 276 84
17 3 276 61 300 458
17 3 458 300 21 297
17 3 296 458 297 56
17 3 272 84 296 455
17 3 455 296 56 293
17 3 295 455 293 8
17 3 196 34 197 377
17 3 377 197 73 198
17 3 199 377 198 37
17 3 36 210 438 150
17 3 150 438 271 83
17 3 438 274 60 271
17 3 264 51 280 443
17 3 443 280 85 277
17 3 279 443 277 61
17 3 204 15 205 381
17 3 381 205 35 206
17 3 197 381 206 73
17 3 206 35 209 385
17 3 385 209 6 210
17 3 211 385 210 36
17 3 198 73 211 388
17 3 388 211 36 141
17 3 214 388 141 7
17 3 7 141 330 149
17 3 149 330 145 59
17 3 330 150 83 145
17 3 59 145 449 288
17 3 288 449 284 9
17 3 449 289 55 284
17 3 83 271 454 289
17 3 289 454 292 55
17 3 454 295 8 292
17 3 268 18 283 446
17 3 446 283 62 281
17 3 280 446 281 85
17 3 281 62 304 462
17 3 462 304 20 302
17 3 301 462 302 57
17 3 277 85 301 459
17 3 459 301 57 298
17 3 300 459 298 21
17 3 222 43 228 395
17 3 395 228 76 225
17 3 227 395 225 48
17 3 229 10 233 399
17 3 399 233 49 231
17 3 228 399 231 76
17 3 231 49 246 412
17 3 412 246 16 244
17 3 243 412 244 46
17 3 225 76 243 409
17 3 409 243 46 240
17 3 242 409 240 17
17 3 52 144 333 152
17 3 152 333 148 86
17 3 333 149 59 148
17 3 18 269 447 283
17 3 283 447 282 62
17 3 447 152 86 282
17 3 62 282 463 304
17 3 304 463 303 20
17 3 463 291 58 303
17 3 86 148 452 291
17 3 291 452 287 58
17 3 452 288 9 287
17 3 284 55 285 453
17 3 453 285 87 286
17 3 287 453 286 58
17 3 292 8 293 457
17 3 457 293 56 294
17 3 285 457 294 87
17 3 294 56 297 461
17 3 461 297 21 298
17 3 299 461 298 57
17 3 286 87 299 464
17 3 464 299 57 302
17 3 303 464 302 20

vertices
505

nodes
FiniteElementSpace
FiniteElementCollection: H1_3D_P2
VDim: 3
Ordering: 0

-3.1225023e-17
-0.31000795
-0.37298049
-1.3010426e-18
2.9273459e-18
-0.26592163
5.0957502e-18
-0.22368927
-1.3010426e-18
-0.18319635
-0.37298049
-4.7704896e-18
-0.30722904
-1.1519648e-18
-0.24775119
-3.496552e-18
-0.30722904
2.4733362e-19
-0.24775119
-5.3329194e-18
-0.19368993
-3.2526065e-19
-0.18649024
-1.6263033e-17
-0.15500398
-0.34149422
-0.15361452
8.8769053e-19
-0.13296081
-0.28657533
-0.34010476
-1.2265037e-18
-1.4148838e-17
-0.28796479
-0.12387559
7.995991e-19
-0.11184464
-0.23572023
-0.27749011
-2.3242584e-18
4.011548e-18
-0.24480545
-1.7997756e-17
-0.18649024
-0.34149422
1.5873397e-18
-0.15361452
-0.28657533
-2.261578e-18
-0.34010476
-1.1858461e-19
-0.12387559
-0.23572023
-2.5427929e-18
-0.27749011
-0.091598175
-8.1315163e-19
-0.096844965
-0.18844314
-0.20344281
1.8973538e-18
-2.82909e-18
-0.22072056
-0.17074711
-0.17005238
-7.687671e-18
-0.1439824
-0.31403478
-0.14328767
-0.13874506
8.4364482e-19
-0.12240272
-0.26114778
-0.11786011
-0.17074711
-8.2052082e-18
-0.17005238
-0.31403478
-0.14328767
7.3437757e-19
-0.13874506
-0.26114778
-0.11786011
-0.10172141
-4.6586812e-19
-0.11036028
-0.21208168
-0.09422157
-0.15701739
-0.13057389
-0.15701739
-0.13057389
-0.10604084
-0.27973537
-0.17861868
-0.25612067
-0.35723735
-0.25507857
-0.16353489
-0.23552608
-0.32706977
-0.35654263
-0.17827131
-0.16388225
-0.3277645
-0.23042178
-0.14845109
-0.2149315
-0.29690219
-0.20811758
-0.13465947
-0.19586084
-0.26931895
-0.29235958
-0.14617979
-0.13693078
-0.27386156
-0.23250597
-0.16287554
-0.25612067
-0.32575109
-0.21597359
-0.15049989
-0.23552608
-0.30099978
-0.29898637
-0.14949319
-0.16388225
-0.3277645
-0.19944122
-0.13812424
-0.2149315
-0.27624848
-0.18360409
-0.12648831
-0.19586084
-0.25297661
-0.25536354
-0.12768177
-0.13693078
-0.27386156
-0.16776695
-0.11485237
-0.17679017
-0.22970475
-0.15258211
-0.10388112
-0.15906126
-0.20776225
-0.21356604
-0.10678302
-0.11195048
-0.22390096
-0.093245122
-8.7820376e-18
-0.085373555
-0.085026191
-4.4570874e-18
-0.078508694
-1.2637732e-18
-1.1975352e-17
-2.3744028e-17
-0.077501989
-0.16287554
-1.0918255e-17
-0.071991198
-0.15049989
-2.268693e-17
-0.32575109
-0.30099978
-0.3236669
-0.16183345
-0.15015253
-0.30030505
-0.07680726
-1.3213714e-19
-0.071643833
-1.1892343e-18
-3.3999903e-18
1.9075182e-18
-0.066480406
-0.13812424
-5.6107462e-18
-0.1384716
-0.27624848
-0.27694321
-0.069372528
-7.403068e-19
-0.065286945
-1.7381116e-18
8.6566767e-19
2.4275964e-18
-0.061201362
-0.12648831
3.469447e-18
-0.25297661
-0.18581339
-0.12086785
-0.17679017
-0.24173571
-0.26262065
-0.13131032
-0.124217
-0.248434
-0.061937797
-1.3484765e-18
-0.058930057
-2.9104052e-18
8.2162196e-19
2.9476747e-18
-0.055922318
-0.11485237
4.5536491e-18
-0.11712368
-0.22970475
-0.23424736
-2.4611389e-17
-0.085373555
-1.1177023e-17
-0.078508694
-1.3101482e-17
-1.1384123e-17
-0.093245122
-0.17861868
-5.2333931e-18
-0.085026191
-0.16353489
-3.5160338e-18
-0.17827131
-0.27973537
-0.35723735
-0.25507857
-0.32706977
-0.35654263
-0.15015253
-0.30030505
2.2573428e-18
-0.071643833
-3.3089342e-18
9.1733668e-19
-0.07680726
-0.14845109
-1.0071222e-18
-0.16183345
-0.23042178
-0.29690219
-0.3236669
2.3729628e-18
-0.065286945
1.1608587e-18
-9.0420767e-19
-0.069372528
-0.13465947
-1.1477296e-18
-0.14617979
-0.20811758
-0.26931895
-0.29235958
-0.124217
-0.248434
2.4885828e-18
-0.058930057
3.0789648e-19
-2.725752e-18
-0.061937797
-0.12086785
-3.9378562e-18
-0.13131032
-0.18581339
-0.24173571
-0.26262065
-0.050860703
7.1574284e-19
-0.053020421
3.496552e-18
-2.9222637e-19
-1.6474791e-18
-0.055180139
-0.10820056
-4.0810047e-18
-0.11711794
-0.16554042
-0.21640112
-0.23423587
-0.13739726
-0.092909872
-0.14133235
-0.18581974
-0.19331958
-0.09665979
-0.10013121
-0.20026241
-0.045799087
-1.0570971e-18
-0.047110785
2.981556e-19
-6.3950988e-19
-5.6920614e-19
-0.048422482
-0.095533267
-1.5771753e-18
-0.10360262
-0.14526745
-0.19106653
-0.20720524
-0.26792802
-0.26740697
-0.17107678
-0.24582337
-0.34215356
-0.24530233
-0.22267664
-0.21926968
-0.14155528
-0.20539617
-0.28311057
-0.20198921
-0.24431332
-0.22423978
-0.15668772
-0.24582337
-0.31337544
-0.22574984
-0.20718636
-0.19152265
-0.13230627
-0.20539617
-0.26461255
-0.18973246
-0.17227856
-0.16017453
-0.10936675
-0.16792572
-0.2187335
-0.15582169
-0.089309338
-0.089135656
-6.6195625e-18
-0.081941125
-0.081767443
-0.081437772
-1.7331141e-17
-0.074746593
-0.15668772
-0.075249946
-0.24431332
-0.31337544
-0.22574984
-0.24275018
-0.15599299
-0.22522879
-0.31198598
-0.080916725
-2.2946123e-18
-0.075076264
-0.074225547
-4.5053682e-18
-0.069235802
-0.14431207
-0.06906212
-0.20770741
-0.28862413
-0.20718636
-0.073089894
-4.3622197e-19
-0.068465389
-0.067329737
2.1675573e-18
-0.063840884
-0.13230627
-0.063244154
-0.26461255
-0.18973246
-0.19696549
-0.12776366
-0.1863255
-0.25552733
-0.18130178
-0.065655162
-1.0443916e-18
-0.062108501
-0.060433927
2.6876355e-18
-0.05856184
-0.12067034
-0.057426187
-0.17568552
-0.24134068
-0.17227856
-0.081437772
-1.7894206e-17
-0.081941125
-0.075249946
-0.089309338
-8.3087579e-18
-0.089135656
-0.17107678
-0.081767443
-0.26792802
-0.26740697
-0.34215356
-0.24530233
-0.14431207
-0.22522879
-0.28862413
-4.4598402e-18
-0.075076264
-0.06906212
-2.1580282e-18
-0.080916725
-0.15599299
-0.074225547
-0.24275018
-0.31198598
-0.22267664
2.3151528e-18
-0.068465389
-0.063244154
6.5645053e-21
-0.073089894
-0.14155528
-0.067329737
-0.21926968
-0.28311057
-0.20198921
-0.12067034
-0.1863255
-0.24134068
2.4307728e-18
-0.062108501
-0.057426187
-1.8149798e-18
-0.065655162
-0.12776366
-0.060433927
-0.19696549
-0.25552733
-0.18130178
-0.05339151
1.6021628e-18
-0.055975239
-0.051940562
-2.1866156e-18
-0.058558968
-0.11453421
-0.05410028
-0.1756769
-0.22906841
-0.16230084
-0.14498969
-0.098395498
-0.15019681
-0.196791
-0.13936481
-0.048329895
-1.7067714e-19
-0.050065603
-0.046454936
-1.1083426e-18
-0.051801311
-0.10186691
-0.047766634
-0.15540393
-0.20373383
-0.1432999
-0.25661517
-0.21233292
-0.23503158
-0.19845941
-0.16405012
-0.08553839
-0.078343859
-0.23503158
-0.23398948
-0.077996495
-0.072156033
-0.2164681
-0.070777642
-0.066153137
-0.19845941
-0.1916455
-0.063881832
-0.060335171
-0.18100551
-0.078343859
-0.08553839
-0.25661517
-0.2164681
-0.072156033
-0.077996495
-0.23398948
-0.066153137
-0.070777642
-0.21233292
-0.18100551
-0.060335171
-0.063881832
-0.1916455
-0.054683375
-0.057267104
-0.17180131
-0.14759325
-0.049197749
-0.050933457
-0.15280037
-0.32635793
-0.27383169
-0.31258268
-0.36510892
-0.3119748
-0.26201107
-0.29938437
-0.34934809
-0.36476156
-0.27357117
-0.26227159
-0.34969546
-0.26882541
-0.22654921
-0.25978941
-0.30206561
-0.25581463
-0.2158013
-0.24772175
-0.28773507
-0.29979431
-0.22484573
-0.21750478
-0.29000638
-0.27125696
-0.23840964
-0.2850322
-0.31787952
-0.26161308
-0.22963568
-0.27420351
-0.3061809
-0.30449716
-0.22837287
-0.23967245
-0.31956326
-0.23268142
-0.20331379
-0.24171742
-0.27108505
-0.22344309
-0.19499103
-0.23153598
-0.25998804
-0.26064258
-0.19548194
-0.20282288
-0.27043051
-0.19572811
-0.17002276
-0.20099166
-0.22669701
-0.18687029
-0.16211233
-0.19139181
-0.21614977
-0.21862766
-0.16397074
-0.16816434
-0.22421912
-0.13986768
-0.09127723
-0.13396401
-0.18255446
-0.13370348
-0.087337023
-0.12830759
-0.17467405
-0.18238078
-0.091190389
-0.087423864
-0.17484773
-0.12806033
-0.083405664
-0.12215666
-0.16681133
-0.12291169
-0.080142492
-0.11751579
-0.16028498
-0.16731468
-0.08365734
-0.079890815
-0.15978163
-0.29880744
-0.25021699
-0.2850322
-0.33362265
-0.28679394
-0.24042748
-0.27420351
-0.32056997
-0.33462936
-0.25097202
-0.23967245
-0.31956326
-0.29759167
-0.25019045
-0.28618605
-0.33358727
-0.28320854
-0.23836983
-0.27298773
-0.31782644
-0.33188583
-0.24891437
-0.23964591
-0.31952787
-0.12753929
-0.083396817
-0.12265116
-0.16679363
-0.12137509
-0.07945661
-0.11699474
-0.15891322
-0.16594292
-0.082971458
-0.079881969
-0.15976394
-0.11776304
-0.07687932
-0.11287492
-0.15375864
-0.1126144
-0.073616148
-0.10823405
-0.1472323
-0.15358496
-0.076792479
-0.073702989
-0.14740598
-0.27478043
-0.23063796
-0.26337481
-0.30751728
-0.26276692
-0.22084844
-0.25254611
-0.29446459
-0.30716992
-0.23037744
-0.22110897
-0.29481196
-0.11521089
-0.075516403
-0.11133832
-0.15103281
-0.10963484
-0.071933768
-0.10616646
-0.14386754
-0.14989715
-0.074948577
-0.072501594
-0.14500319
-0.10746575
-0.070352977
-0.10359318
-0.14070595
-0.10269808
-0.067309263
-0.099229705
-0.13461853
-0.14010922
-0.070054611
-0.067607628
-0.13521526
-0.25075342
-0.21105893
-0.24171742
-0.28141191
-0.23962886
-0.20192779
-0.23153598
-0.26923705
-0.28021844
-0.21016383
-0.20282288
-0.27043051
-0.24280385
-0.2050534
-0.23565408
-0.27340453
-0.22979307
-0.19430549
-0.22358641
-0.25907399
-0.27005538
-0.20254154
-0.19681735
-0.26242314
-0.10405879
-0.068351132
-0.10099461
-0.13670226
-0.098482744
-0.064768497
-0.095822748
-0.12953699
-0.13502769
-0.067513845
-0.065605784
-0.13121157
-0.097930418
-0.064265549
-0.09486623
-0.1285311
-0.093162752
-0.061221836
-0.090502756
-0.12244367
-0.12739545
-0.063697723
-0.061789662
-0.12357932
-0.22850431
-0.19279665
-0.22135454
-0.2570622
-0.21737975
-0.18366551
-0.2111731
-0.24488734
-0.25479089
-0.19109317
-0.18536899
-0.24715865
-0.11625298
-0.07946988
-0.12215666
-0.15893976
-0.11211989
-0.076545226
-0.11751579
-0.15309045
-0.15224858
-0.076124291
-0.079890815
-0.15978163
-0.12806033
-0.087341447
-0.13396401
-0.17468289
-0.12291169
-0.083739758
-0.12830759
-0.16747952
-0.16731468
-0.08365734
-0.087423864
-0.17484773
-0.29880744
-0.26202434
-0.31258268
-0.34936579
-0.28679394
-0.25121927
-0.29938437
-0.33495903
-0.33462936
-0.25097202
-0.26227159
-0.34969546
-0.25196919
-0.22086172
-0.26337481
-0.29448229
-0.24232531
-0.21208775
-0.25254611
-0.28278367
-0.282454
-0.2118405
-0.22110897
-0.29481196
-0.1079868
-0.073620572
-0.11287492
-0.14724114
-0.1038537
-0.070695917
-0.10823405
-0.14139183
-0.141227
-0.0706135
-0.073702989
-0.14740598
-0.11776304
-0.080138068
-0.12265116
-0.16027614
-0.1126144
-0.076536379
-0.11699474
-0.15307276
-0.15358496
-0.076792479
-0.079881969
-0.15976394
-0.27478043
-0.24041421
-0.28618605
-0.32055227
-0.26276692
-0.22960914
-0.27298773
-0.30614552
-0.30716992
-0.23037744
-0.23964591
-0.31952787
-0.09972061
-0.067771263
-0.10359318
-0.13554253
-0.095761326
-0.06499701
-0.099229705
-0.12999402
-0.13032129
-0.065160645
-0.067607628
-0.13521526
-0.10746575
-0.07293469
-0.11133832
-0.14586938
-0.10269808
-0.069621515
-0.10616646
-0.13924303
-0.14010922
-0.070054611
-0.072501594
-0.14500319
-0.25075342
-0.21880407
-0.25978941
-0.29173876
-0.23962886
-0.20886455
-0.24772175
-0.27848606
-0.28021844
-0.21016383
-0.21750478
-0.29000638
-0.21420477
-0.18666827
-0.22135454
-0.24889103
-0.20496644
-0.17834552
-0.2111731
-0.23779402
-0.2395264
-0.1796448
-0.18536899
-0.24715865
-0.091802043
-0.062222758
-0.09486623
-0.12444552
-0.08784276
-0.059448505
-0.090502756
-0.11889701
-0.1197632
-0.059881601
-0.061789662
-0.12357932
-0.097930418
-0.066308341
-0.10099461
-0.13261668
-0.093162752
-0.062995166
-0.095822748
-0.12599033
-0.12739545
-0.063697723
-0.065605784
-0.13121157
-0.22850431
-0.19892502
-0.23565408
-0.26523336
-0.21737975
-0.1889855
-0.22358641
-0.25198067
-0.25479089
-0.19109317
-0.19681735
-0.26242314
-0.083883477
-0.056674253
-0.086139281
-0.11334851
-0.080087265
-0.054037442
-0.082025062
-0.10807488
-0.10931383
-0.054656914
-0.056054781
-0.11210956
-0.088395086
-0.059681992
-0.09065089
-0.11936398
-0.083962859
-0.056621171
-0.085900655
-0.11324234
-0.1149053
-0.057452648
-0.058850515
-0.11770103
-0.2062552
-0.17904598
-0.21151874
-0.23872797
-0.19591334
-0.16986351
-0.20043486
-0.22648469
-0.22981059
-0.17235794
-0.17655155
-0.23540206
-0.17801246
-0.1542019
-0.18179197
-0.20560253
-0.16915463
-0.14629147
-0.17219212
-0.19505529
-0.1983812
-0.1487859
-0.15170747
-0.20227662
-0.076291054
-0.051400632
-0.077910843
-0.10280126
-0.072494843
-0.048763822
-0.073796623
-0.097527644
-0.099190598
-0.049595299
-0.050569155
-0.10113831
-0.079530632
-0.053560351
-0.08115042
-0.1071207
-0.075098404
-0.05049953
-0.076400185
-0.10099906
-0.10308602
-0.051543012
-0.052516869
-0.10503374
-0.18557147
-0.16068105
-0.18935098
-0.2142414
-0.17522961
-0.15149859
-0.1782671
-0.20199812
-0.20617205
-0.15462904
-0.15755061
-0.21006747
-0.2331128
-0.22327335
-0.22283914
-0.21384598
-0.17468289
-0.21343389
-0.26202434
-0.16747952
-0.20485281
-0.25121927
-0.34936579
-0.33495903
-0.34832369
-0.26124277
-0.25095875
-0.33461167
-0.21256548
-0.20441861
-0.17416185
-0.16730583
-0.16027614
-0.19627174
-0.24041421
-0.16044982
-0.24067473
-0.32055227
-0.32089964
-0.19201815
-0.18556387
-0.18272474
-0.1769441
-0.14586938
-0.17910958
-0.21880407
-0.13924303
-0.17116347
-0.20886455
-0.29173876
-0.27848606
-0.28492484
-0.21369363
-0.20716107
-0.27621476
-0.17343132
-0.16832434
-0.14246242
-0.13810738
-0.13261668
-0.16321736
-0.19892502
-0.13375233
-0.2006285
-0.26523336
-0.26750467
-0.19375497
-0.20359443
-0.18686648
-0.19585965
-0.16681133
-0.21343389
-0.25021699
-0.16028498
-0.20485281
-0.24042748
-0.33362265
-0.32056997
-0.29347558
-0.22010669
-0.23039071
-0.30718761
-0.17997799
-0.18812486
-0.14673779
-0.1535938
-0.15375864
-0.19627174
-0.23063796
-0.16044982
-0.24067473
-0.30751728
-0.32089964
-0.16620102
-0.1726553
-0.15960221
-0.16538284
-0.14070595
-0.17910958
-0.21105893
-0.13461853
-0.17116347
-0.20192779
-0.28141191
-0.26923705
-0.25008449
-0.18756337
-0.19409594
-0.25879458
-0.15300341
-0.15811038
-0.12504225
-0.12939729
-0.1285311
-0.16321736
-0.19279665
-0.13375233
-0.2006285
-0.2570622
-0.26750467
-0.13980579
-0.14356547
-0.13347878
-0.13670844
-0.11635624
-0.14732514
-0.17453437
-0.11065861
-0.1399381
-0.16598792
-0.23271249
-0.22131723
-0.20850443
-0.15637832
-0.1599359
-0.21324787
-0.12715176
-0.1298514
-0.10425221
-0.10662394
-0.10496098
-0.13255105
-0.15744147
-0.10899566
-0.16349349
-0.20992197
-0.21799132
-0.046622561
-5.0415401e-18
-0.044654669
-0.044567828
-3.9416678e-18
-0.042769195
-1.2824079e-18
-7.7008e-18
-1.2522535e-17
-0.042686778
-0.087341447
-9.2974571e-18
-0.040970562
-0.083739758
-1.4119192e-17
-0.087080924
-0.083652917
-0.042513095
-2.8417955e-18
-0.040883721
-1.2451384e-18
-5.5383249e-18
-6.0723792e-18
-0.039254347
-0.080138068
-9.8315114e-18
-0.080224909
-2.000353e-17
-0.040718886
-1.4653246e-17
-0.039171929
-2.0537584e-17
-2.7484525e-17
-0.038750994
-0.07946988
-2.0009036e-17
-0.037373297
-0.076545226
-2.6955977e-17
-0.15893976
-0.15309045
-0.076796902
-0.1535938
-9.3029629e-18
-0.037624973
-1.4124698e-17
-1.2533547e-17
-0.035995599
-0.073620572
-1.8417884e-17
-0.073368895
-0.14724114
-0.20359443
-0.19585965
-0.23840964
-0.22963568
-0.31787952
-0.3061809
-0.23039071
-0.30718761
-0.18812486
-0.22086172
-0.29448229
-0.20229181
-0.19499124
-0.15307276
-0.18769066
-0.22960914
-0.30614552
-0.31544797
-0.23658598
-0.22833306
-0.30444408
-0.15772399
-0.15222204
-0.1467201
-0.22008015
-0.29344019
-0.040458363
-1.7419233e-18
-0.038998247
-1.207869e-18
-3.3758498e-18
-2.8473013e-18
-0.037538132
-0.076536379
-5.5438306e-18
-0.078861993
-0.076111021
-0.03840363
-6.4205097e-19
-0.037112773
-1.1705995e-18
-1.2133747e-18
3.7777669e-19
-0.035821917
-0.07293469
-1.2561499e-18
-0.073360048
-3.9526792e-18
-0.036078016
-7.7118115e-18
-5.0580572e-18
-0.034617901
-0.070695917
-9.8797923e-18
-0.14139183
-0.070609076
-0.14121815
1.3976044e-18
-0.03453106
-1.298925e-18
2.417432e-18
-0.033240203
-0.067771263
-1.3417002e-18
-0.067858104
-0.13554253
-0.13571621
-0.18039008
-0.1730895
-0.21208775
-0.28278367
-0.21182723
-0.28243631
-0.1726553
-0.20331379
-0.20357431
-0.27108505
-0.27143242
-0.036544947
-1.0871668e-18
-0.035388821
-1.4450382e-18
-2.8417955e-19
2.1472285e-19
-0.034232695
-0.069621515
8.766791e-19
-0.071231211
-0.069053689
-0.034686264
-1.5322826e-18
-0.033664868
-2.031185e-18
-5.8826438e-19
5.166901e-20
-0.032643473
-0.066308341
8.5465624e-19
-0.066876167
1.5166125e-18
-0.033076568
2.0375378e-18
2.8185021e-18
-0.031920442
-0.06499701
3.1983964e-18
-0.12999402
-0.064698645
-0.12939729
1.6356206e-18
-0.031622077
2.2975769e-18
3.2195722e-18
-0.030600681
-0.062222758
3.7404975e-18
-0.062521123
-0.12444552
-0.16538284
-0.19499103
-0.25998804
-0.19409594
-0.25879458
-0.15811038
-0.18666827
-0.24889103
-0.16413791
-0.15970458
-0.12599033
-0.15527125
-0.1889855
-0.25198067
-0.21678229
-0.18355759
-0.21151874
-0.24474345
-0.25518592
-0.19138944
-0.18647364
-0.24863152
-0.15484449
-0.12237172
-0.15108482
-0.12759296
-0.12431576
-0.11936398
-0.14732514
-0.17904598
-0.12103856
-0.18155784
-0.2062552
-0.23872797
-0.24207712
-0.032827581
-1.9773984e-18
-0.031940916
-2.6173318e-18
-8.9234921e-19
-1.1138483e-19
-0.031054251
-0.062995166
8.3263339e-19
-0.092906695
-0.061185862
-0.09065089
-0.063796479
-0.062157879
-0.030968898
-2.4225142e-18
-0.030216963
-3.2034786e-18
-1.196434e-18
-2.7443867e-19
-0.029465029
-0.059681992
8.1061053e-19
-0.060519279
-0.088395086
1.7546288e-18
-0.030167585
2.557616e-18
3.6206423e-18
-0.02928092
-0.059448505
4.2825986e-18
-0.11889701
-0.058178122
-0.086139281
-0.11635624
-0.058880679
-0.11776136
1.8736369e-18
-0.028713094
2.8176551e-18
4.0217124e-18
-0.027961159
-0.056674253
4.8246997e-18
-0.057242079
-0.11334851
-0.11448416
-0.15083793
-0.1464046
-0.17834552
-0.23779402
-0.17453437
-0.20099166
-0.23271249
-0.17664204
-0.23552272
-0.14356547
-0.17002276
-0.17172624
-0.22669701
-0.22896832
-2.7918206e-17
-0.040718886
-2.0290568e-17
-0.039171929
-2.1252798e-17
-2.1304573e-17
-0.042686778
-0.083405664
-1.5497844e-17
-0.040970562
-0.080142492
-1.5549619e-17
-0.076796902
-1.2662931e-17
-0.037624973
-1.4535615e-17
-9.6911157e-18
-0.039254347
-0.07687932
-1.0653345e-17
-0.080224909
-1.4690939e-17
-0.044654669
-1.070512e-17
-0.042769195
-9.8464404e-18
-8.0773062e-18
-0.046622561
-0.09127723
-5.9123959e-18
-0.044567828
-0.087337023
-4.1432617e-18
-0.091190389
-0.13986768
-0.18255446
-0.13370348
-0.17467405
-0.18238078
-0.083652917
-0.16730583
-6.7193006e-18
-0.040883721
-6.7710755e-18
-3.7474855e-18
-0.042513095
-0.083396817
-2.8888059e-18
-0.087080924
-0.12753929
-0.16679363
-0.17416185
-0.22327335
-0.21384598
-0.2331128
-0.27383169
-0.22283914
-0.26201107
-0.27357117
-0.32635793
-0.36510892
-0.3119748
-0.34934809
-0.36476156
-0.25095875
-0.33461167
-0.20441861
-0.21256548
-0.25019045
-0.26124277
-0.29759167
-0.33358727
-0.34832369
-0.18039008
-0.1472323
-0.18769066
-0.22084844
-0.29446459
-0.21182723
-0.28243631
-0.14121815
-0.1467201
-0.22008015
-0.29344019
-5.0352932e-18
-0.036078016
-7.8184317e-18
-3.8843872e-18
-0.037538132
-0.073616148
-5.7570712e-18
-0.070609076
2.5923443e-18
-0.03453106
-1.1012487e-18
1.9223413e-18
-0.035821917
-0.070352977
-8.6079723e-19
-0.073360048
-2.7334812e-18
-0.038998247
-3.6957106e-18
-1.5825752e-18
-0.040458363
-0.07945661
-1.6343501e-18
-0.082971458
-0.12137509
-0.15891322
-0.16594292
-0.076111021
-0.15222204
1.2523382e-18
-0.037112773
-6.2034575e-19
5.8233515e-19
-0.03840363
-0.075516403
-3.7989428e-19
-0.078861993
-0.11521089
-0.15103281
-0.15772399
-0.19499124
-0.20229181
-0.23836983
-0.24891437
-0.28320854
-0.31782644
-0.33188583
-0.22833306
-0.30444408
-0.18556387
-0.19201815
-0.22654921
-0.23658598
-0.26882541
-0.30206561
-0.31544797
2.8922999e-18
-0.033076568
2.2862478e-18
1.7380057e-18
-0.034232695
-0.067309263
1.3740992e-18
-0.064698645
3.1922554e-18
-0.031622077
2.3440578e-18
1.5536702e-18
-0.032643473
-0.064265549
9.4761811e-19
-0.066876167
5.8371158e-19
-0.035388821
4.6195059e-19
-5.7058257e-19
-0.036544947
-0.071933768
-4.5019801e-19
-0.074948577
-0.10963484
-0.14386754
-0.14989715
-0.069053689
-0.13810738
-8.4915053e-20
-0.033664868
-4.4882158e-19
-1.7235003e-18
-0.034686264
-0.068351132
-1.8452613e-18
-0.071231211
-0.10405879
-0.13670226
-0.14246242
-0.1769441
-0.18272474
-0.2158013
-0.22484573
-0.25581463
-0.28773507
-0.29979431
-0.20716107
-0.27621476
-0.16832434
-0.17343132
-0.2050534
-0.21369363
-0.24280385
-0.27340453
-0.28492484
-0.15083793
-0.12244367
-0.15527125
-0.18366551
-0.24488734
-0.17664204
-0.23552272
-0.11776136
-0.12103856
-0.18155784
-0.24207712
3.492211e-18
-0.030167585
2.4018678e-18
1.3693346e-18
-0.031054251
-0.061221836
5.2113702e-19
-0.058880679
3.7921665e-18
-0.028713094
2.4596778e-18
1.1849991e-18
-0.029465029
-0.058178122
9.4655932e-20
-0.060519279
-7.5354169e-19
-0.031940916
-1.3595938e-18
-2.876418e-18
-0.032827581
-0.064768497
-3.2403245e-18
-0.067513845
-0.098482744
-0.12953699
-0.13502769
-0.062157879
-0.12431576
-1.4221683e-18
-0.030216963
-2.2703659e-18
-4.0293357e-18
-0.030968898
-0.061185862
-4.6353878e-18
-0.063796479
-0.092906695
-0.12237172
-0.12759296
-0.15970458
-0.16413791
-0.19430549
-0.20254154
-0.22979307
-0.25907399
-0.27005538
-0.18647364
-0.24863152
-0.15108482
-0.15484449
-0.18355759
-0.19138944
-0.21678229
-0.24474345
-0.25518592
-0.026695755
2.5493574e-18
-0.027341687
4.2961511e-18
2.0453728e-18
6.5496823e-19
-0.02798762
-0.055329307
-2.0540549e-19
-0.052126106
-0.053311968
-0.025430351
1.3065483e-18
-0.025970281
2.6969529e-18
1.1589528e-18
1.2493736e-19
-0.026510211
-0.052480491
-3.7904724e-19
-0.05449783
-1.239421e-18
-0.028633552
-2.4561838e-18
-3.1338101e-18
-0.029279484
-0.057913036
-4.7069621e-18
-0.060248382
-0.087838452
-0.11582607
-0.12049676
-0.055683692
-0.11136738
-1.0566736e-18
-0.02705014
-1.9170473e-18
-2.2382846e-18
-0.02759007
-0.05464021
-3.4550474e-18
-0.056869554
-0.082770209
-0.10928042
-0.11373911
-0.14316776
-0.14639742
-0.17373911
-0.18074515
-0.20495639
-0.23165214
-0.24099353
-0.16705108
-0.22273477
-0.1352507
-0.13795035
-0.16392063
-0.17060866
-0.19313049
-0.21856084
-0.22747821
-0.12082474
-0.12299437
-0.099263352
-0.12516401
-0.14889503
-0.1985267
-0.16029681
-0.13838104
-0.16259228
-0.18450805
-0.18825796
-0.14119347
-0.14347903
-0.19130537
-0.11449772
-0.092254024
-0.11613734
-0.094128982
-0.095652685
-0.093565721
-0.11777696
-0.14034858
-0.097176388
-0.14576458
-0.16488775
-0.18713144
-0.19435278
-0.024164948
6.3739229e-20
-0.024598874
1.0977547e-18
2.7253285e-19
-4.0509351e-19
-0.025032801
-0.049631676
-5.52689e-19
-0.068698631
-0.046127012
-0.069682404
-0.047064491
-0.047826343
-0.022899544
-1.1790699e-18
-0.023227468
-5.014435e-19
-6.1388713e-19
-9.3512437e-19
-0.023555392
-0.046782861
-7.2633075e-19
-0.048588194
-0.070666177
-8.7392624e-19
-0.025466728
-1.3779108e-18
-1.342759e-18
-0.025900655
-0.051367384
