MFEM mesh v1.0

#
# MFEM Geometry Types (see mesh/geom.hpp):
#
# POINT       = 0
# SEGMENT     = 1
# TRIANGLE    = 2
# SQUARE      = 3
# TETRAHEDRON = 4
# CUBE        = 5
#

dimension
3

elements
384
1 5 14 120 386 123 128 387 582 390
1 5 4 132 392 135 140 393 583 396
1 5 8 144 398 147 152 399 584 402
1 5 18 156 404 159 164 405 585 408
1 5 10 168 410 171 176 411 586 414
1 5 22 180 416 183 188 417 587 420
1 5 30 192 422 121 129 423 588 388
1 5 83 194 427 202 130 425 589 430
1 5 33 122 432 209 131 389 590 434
1 5 38 124 391 127 217 436 591 439
1 5 84 195 426 125 218 441 592 437
1 5 114 197 431 205 219 443 593 447
1 5 87 126 435 211 220 438 594 450
1 5 42 234 452 133 141 453 595 394
1 5 89 236 457 244 142 455 596 460
1 5 45 134 462 251 143 395 597 464
1 5 50 136 397 139 255 466 598 469
1 5 90 237 456 137 256 470 599 467
1 5 115 239 461 247 257 472 600 476
1 5 93 138 465 253 258 468 601 479
1 5 54 272 481 145 153 482 602 400
1 5 95 274 486 281 154 484 603 489
1 5 56 146 491 286 155 401 604 492
1 5 61 148 403 151 288 494 605 497
1 5 96 275 485 149 289 498 606 495
1 5 116 277 490 284 290 500 607 504
1 5 99 150 493 287 291 496 608 507
1 5 46 259 473 157 165 488 609 406
1 5 94 261 477 266 166 510 610 514
1 5 49 158 480 270 167 407 611 517
1 5 64 160 409 163 303 506 612 521
1 5 98 283 511 161 301 503 613 519
1 5 117 305 515 309 315 523 614 527
1 5 103 162 518 313 316 520 615 530
1 5 57 292 501 169 177 532 616 412
1 5 100 294 505 299 178 534 617 538
1 5 60 170 508 302 179 413 618 540
1 5 74 172 415 175 342 542 619 545
1 5 105 328 535 173 343 547 620 543
1 5 118 330 539 335 344 549 621 553
1 5 108 174 541 337 345 544 622 556
1 5 59 298 524 181 189 537 623 418
1 5 104 318 528 322 190 559 624 563
1 5 67 182 531 326 191 419 625 566
1 5 77 184 421 187 358 555 626 570
1 5 107 334 560 185 355 552 627 568
1 5 119 360 564 364 373 573 628 577
1 5 112 186 567 368 374 569 629 580
1 5 120 30 121 386 387 129 388 582
1 5 386 121 83 122 582 388 130 389
1 5 123 386 122 33 390 582 389 131
1 5 128 387 582 390 38 124 391 127
1 5 387 129 388 582 124 84 125 391
1 5 582 388 130 389 391 125 114 126
1 5 390 582 389 131 127 391 126 87
1 5 132 42 133 392 393 141 394 583
1 5 392 133 89 134 583 394 142 395
1 5 135 392 134 45 396 583 395 143
1 5 140 393 583 396 50 136 397 139
1 5 393 141 394 583 136 90 137 397
1 5 583 394 142 395 397 137 115 138
1 5 396 583 395 143 139 397 138 93
1 5 144 54 145 398 399 153 400 584
1 5 398 145 95 146 584 400 154 401
1 5 147 398 146 56 402 584 401 155
1 5 152 399 584 402 61 148 403 151
1 5 399 153 400 584 148 96 149 403
1 5 584 400 154 401 403 149 116 150
1 5 402 584 401 155 151 403 150 99
1 5 156 46 157 404 405 165 406 585
1 5 404 157 94 158 585 406 166 407
1 5 159 404 158 49 408 585 407 167
1 5 164 405 585 408 64 160 409 163
1 5 405 165 406 585 160 98 161 409
1 5 585 406 166 407 409 161 117 162
1 5 408 585 407 167 163 409 162 103
1 5 168 57 169 410 411 177 412 586
1 5 410 169 100 170 586 412 178 413
1 5 171 410 170 60 414 586 413 179
1 5 176 411 586 414 74 172 415 175
1 5 411 177 412 586 172 105 173 415
1 5 586 412 178 413 415 173 118 174
1 5 414 586 413 179 175 415 174 108
1 5 180 59 181 416 417 189 418 587
1 5 416 181 104 182 587 418 190 419
1 5 183 416 182 67 420 587 419 191
1 5 188 417 587 420 77 184 421 187
1 5 417 189 418 587 184 107 185 421
1 5 587 418 190 419 421 185 119 186
1 5 420 587 419 191 187 421 186 112
1 5 192 0 193 422 423 198 424 588
1 5 422 193 31 194 588 424 199 425
1 5 121 422 194 83 388 588 425 130
1 5 129 423 588 388 84 195 426 125
1 5 423 198 424 588 195 39 196 426
1 5 588 424 199 425 426 196 85 197
1 5 388 588 425 130 125 426 197 114
1 5 194 31 200 427 425 199 428 589
1 5 427 200 1 201 589 428 206 429
1 5 202 427 201 32 430 589 429 207
1 5 130 425 589 430 114 197 431 205
1 5 425 199 428 589 197 85 203 431
1 5 589 428 206 429 431 203 40 204
1 5 430 589 429 207 205 431 204 86
1 5 122 83 202 432 389 130 430 590
1 5 432 202 32 208 590 430 207 433
1 5 209 432 208 15 434 590 433 212
1 5 131 389 590 434 87 126 435 211
1 5 389 130 430 590 126 114 205 435
1 5 590 430 207 433 435 205 86 210
1 5 434 590 433 212 211 435 210 41
1 5 124 84 125 391 436 218 437 591
1 5 391 125 114 126 591 437 219 438
1 5 127 391 126 87 439 591 438 220
1 5 217 436 591 439 16 213 440 216
1 5 436 218 437 591 213 34 214 440
1 5 591 437 219 438 440 214 88 215
1 5 439 591 438 220 216 440 215 37
1 5 195 39 196 426 441 224 442 592
1 5 426 196 85 197 592 442 225 443
1 5 125 426 197 114 437 592 443 219
1 5 218 441 592 437 34 221 444 214
1 5 441 224 442 592 221 2 222 444
1 5 592 442 225 443 444 222 35 223
1 5 437 592 443 219 214 444 223 88
1 5 197 85 203 431 443 225 445 593
1 5 431 203 40 204 593 445 229 446
1 5 205 431 204 86 447 593 446 230
1 5 219 443 593 447 88 223 448 228
1 5 443 225 445 593 223 35 226 448
1 5 593 445 229 446 448 226 3 227
1 5 447 593 446 230 228 448 227 36
1 5 126 114 205 435 438 219 447 594
1 5 435 205 86 210 594 447 230 449
1 5 211 435 210 41 450 594 449 233
1 5 220 438 594 450 37 215 451 232
1 5 438 219 447 594 215 88 228 451
1 5 594 447 230 449 451 228 36 231
1 5 450 594 449 233 232 451 231 17
1 5 234 5 235 452 453 240 454 595
1 5 452 235 43 236 595 454 241 455
1 5 133 452 236 89 394 595 455 142
1 5 141 453 595 394 90 237 456 137
1 5 453 240 454 595 237 51 238 456
1 5 595 454 241 455 456 238 91 239
1 5 394 595 455 142 137 456 239 115
1 5 236 43 242 457 455 241 458 596
1 5 457 242 7 243 596 458 248 459
1 5 244 457 243 44 460 596 459 249
1 5 142 455 596 460 115 239 461 247
1 5 455 241 458 596 239 91 245 461
1 5 596 458 248 459 461 245 52 246
1 5 460 596 459 249 247 461 246 92
1 5 134 89 244 462 395 142 460 597
1 5 462 244 44 250 597 460 249 463
1 5 251 462 250 6 464 597 463 254
1 5 143 395 597 464 93 138 465 253
1 5 395 142 460 597 138 115 247 465
1 5 597 460 249 463 465 247 92 252
1 5 464 597 463 254 253 465 252 53
1 5 136 90 137 397 466 256 467 598
1 5 397 137 115 138 598 467 257 468
1 5 139 397 138 93 469 598 468 258
1 5 255 466 598 469 18 156 404 159
1 5 466 256 467 598 156 46 157 404
1 5 598 467 257 468 404 157 94 158
1 5 469 598 468 258 159 404 158 49
1 5 237 51 238 456 470 262 471 599
1 5 456 238 91 239 599 471 263 472
1 5 137 456 239 115 467 599 472 257
1 5 256 470 599 467 46 259 473 157
1 5 470 262 471 599 259 19 260 473
1 5 599 471 263 472 473 260 47 261
1 5 467 599 472 257 157 473 261 94
1 5 239 91 245 461 472 263 474 600
1 5 461 245 52 246 600 474 267 475
1 5 247 461 246 92 476 600 475 268
1 5 257 472 600 476 94 261 477 266
1 5 472 263 474 600 261 47 264 477
1 5 600 474 267 475 477 264 21 265
1 5 476 600 475 268 266 477 265 48
1 5 138 115 247 465 468 257 476 601
1 5 465 247 92 252 601 476 268 478
1 5 253 465 252 53 479 601 478 271
1 5 258 468 601 479 49 158 480 270
1 5 468 257 476 601 158 94 266 480
1 5 601 476 268 478 480 266 48 269
1 5 479 601 478 271 270 480 269 20
1 5 272 9 273 481 482 278 483 602
1 5 481 273 55 274 602 483 279 484
1 5 145 481 274 95 400 602 484 154
1 5 153 482 602 400 96 275 485 149
1 5 482 278 483 602 275 62 276 485
1 5 602 483 279 484 485 276 97 277
1 5 400 602 484 154 149 485 277 116
1 5 274 55 280 486 484 279 487 603
1 5 486 280 19 259 603 487 285 488
1 5 281 486 259 46 489 603 488 165
1 5 154 484 603 489 116 277 490 284
1 5 484 279 487 603 277 97 282 490
1 5 603 487 285 488 490 282 63 283
1 5 489 603 488 165 284 490 283 98
1 5 146 95 281 491 401 154 489 604
1 5 491 281 46 156 604 489 165 405
1 5 286 491 156 18 492 604 405 164
1 5 155 401 604 492 99 150 493 287
1 5 401 154 489 604 150 116 284 493
1 5 604 489 165 405 493 284 98 160
1 5 492 604 405 164 287 493 160 64
1 5 148 96 149 403 494 289 495 605
1 5 403 149 116 150 605 495 290 496
1 5 151 403 150 99 497 605 496 291
1 5 288 494 605 497 10 168 410 171
1 5 494 289 495 605 168 57 169 410
1 5 605 495 290 496 410 169 100 170
1 5 497 605 496 291 171 410 170 60
1 5 275 62 276 485 498 295 499 606
1 5 485 276 97 277 606 499 296 500
1 5 149 485 277 116 495 606 500 290
1 5 289 498 606 495 57 292 501 169
1 5 498 295 499 606 292 11 293 501
1 5 606 499 296 500 501 293 58 294
1 5 495 606 500 290 169 501 294 100
1 5 277 97 282 490 500 296 502 607
1 5 490 282 63 283 607 502 300 503
1 5 284 490 283 98 504 607 503 301
1 5 290 500 607 504 100 294 505 299
1 5 500 296 502 607 294 58 297 505
1 5 607 502 300 503 505 297 23 298
1 5 504 607 503 301 299 505 298 59
1 5 150 116 284 493 496 290 504 608
1 5 493 284 98 160 608 504 301 506
1 5 287 493 160 64 507 608 506 303
1 5 291 496 608 507 60 170 508 302
1 5 496 290 504 608 170 100 299 508
1 5 608 504 301 506 508 299 59 180
1 5 507 608 506 303 302 508 180 22
1 5 259 19 260 473 488 285 509 609
1 5 473 260 47 261 609 509 306 510
1 5 157 473 261 94 406 609 510 166
1 5 165 488 609 406 98 283 511 161
1 5 488 285 509 609 283 63 304 511
1 5 609 509 306 510 511 304 101 305
1 5 406 609 510 166 161 511 305 117
1 5 261 47 264 477 510 306 512 610
1 5 477 264 21 265 610 512 310 513
1 5 266 477 265 48 514 610 513 311
1 5 166 510 610 514 117 305 515 309
1 5 510 306 512 610 305 101 307 515
1 5 610 512 310 513 515 307 68 308
1 5 514 610 513 311 309 515 308 102
1 5 158 94 266 480 407 166 514 611
1 5 480 266 48 269 611 514 311 516
1 5 270 480 269 20 517 611 516 314
1 5 167 407 611 517 103 162 518 313
1 5 407 166 514 611 162 117 309 518
1 5 611 514 311 516 518 309 102 312
1 5 517 611 516 314 313 518 312 69
1 5 160 98 161 409 506 301 519 612
1 5 409 161 117 162 612 519 315 520
1 5 163 409 162 103 521 612 520 316
1 5 303 506 612 521 22 180 416 183
1 5 506 301 519 612 180 59 181 416
1 5 612 519 315 520 416 181 104 182
1 5 521 612 520 316 183 416 182 67
1 5 283 63 304 511 503 300 522 613
1 5 511 304 101 305 613 522 319 523
1 5 161 511 305 117 519 613 523 315
1 5 301 503 613 519 59 298 524 181
1 5 503 300 522 613 298 23 317 524
1 5 613 522 319 523 524 317 65 318
1 5 519 613 523 315 181 524 318 104
1 5 305 101 307 515 523 319 525 614
1 5 515 307 68 308 614 525 323 526
1 5 309 515 308 102 527 614 526 324
1 5 315 523 614 527 104 318 528 322
1 5 523 319 525 614 318 65 320 528
1 5 614 525 323 526 528 320 25 321
1 5 527 614 526 324 322 528 321 66
1 5 162 117 309 518 520 315 527 615
1 5 518 309 102 312 615 527 324 529
1 5 313 518 312 69 530 615 529 327
1 5 316 520 615 530 67 182 531 326
1 5 520 315 527 615 182 104 322 531
1 5 615 527 324 529 531 322 66 325
1 5 530 615 529 327 326 531 325 24
1 5 292 11 293 501 532 331 533 616
1 5 501 293 58 294 616 533 332 534
1 5 169 501 294 100 412 616 534 178
1 5 177 532 616 412 105 328 535 173
1 5 532 331 533 616 328 75 329 535
1 5 616 533 332 534 535 329 106 330
1 5 412 616 534 178 173 535 330 118
1 5 294 58 297 505 534 332 536 617
1 5 505 297 23 298 617 536 336 537
1 5 299 505 298 59 538 617 537 189
1 5 178 534 617 538 118 330 539 335
1 5 534 332 536 617 330 106 333 539
1 5 617 536 336 537 539 333 76 334
1 5 538 617 537 189 335 539 334 107
1 5 170 100 299 508 413 178 538 618
1 5 508 299 59 180 618 538 189 417
1 5 302 508 180 22 540 618 417 188
1 5 179 413 618 540 108 174 541 337
1 5 413 178 538 618 174 118 335 541
1 5 618 538 189 417 541 335 107 184
1 5 540 618 417 188 337 541 184 77
1 5 172 105 173 415 542 343 543 619
1 5 415 173 118 174 619 543 344 544
1 5 175 415 174 108 545 619 544 345
1 5 342 542 619 545 12 338 546 341
1 5 542 343 543 619 338 70 339 546
1 5 619 543 344 544 546 339 109 340
1 5 545 619 544 345 341 546 340 73
1 5 328 75 329 535 547 349 548 620
1 5 535 329 106 330 620 548 350 549
1 5 173 535 330 118 543 620 549 344
1 5 343 547 620 543 70 346 550 339
1 5 547 349 548 620 346 13 347 550
1 5 620 548 350 549 550 347 71 348
1 5 543 620 549 344 339 550 348 109
1 5 330 106 333 539 549 350 551 621
1 5 539 333 76 334 621 551 354 552
1 5 335 539 334 107 553 621 552 355
1 5 344 549 621 553 109 348 554 353
1 5 549 350 551 621 348 71 351 554
1 5 621 551 354 552 554 351 27 352
1 5 553 621 552 355 353 554 352 72
1 5 174 118 335 541 544 344 553 622
1 5 541 335 107 184 622 553 355 555
1 5 337 541 184 77 556 622 555 358
1 5 345 544 622 556 73 340 557 357
1 5 544 344 553 622 340 109 353 557
1 5 622 553 355 555 557 353 72 356
1 5 556 622 555 358 357 557 356 26
1 5 298 23 317 524 537 336 558 623
1 5 524 317 65 318 623 558 361 559
1 5 181 524 318 104 418 623 559 190
1 5 189 537 623 418 107 334 560 185
1 5 537 336 558 623 334 76 359 560
1 5 623 558 361 559 560 359 110 360
1 5 418 623 559 190 185 560 360 119
1 5 318 65 320 528 559 361 561 624
1 5 528 320 25 321 624 561 365 562
1 5 322 528 321 66 563 624 562 366
1 5 190 559 624 563 119 360 564 364
1 5 559 361 561 624 360 110 362 564
1 5 624 561 365 562 564 362 81 363
1 5 563 624 562 366 364 564 363 111
1 5 182 104 322 531 419 190 563 625
1 5 531 322 66 325 625 563 366 565
1 5 326 531 325 24 566 625 565 369
1 5 191 419 625 566 112 186 567 368
1 5 419 190 563 625 186 119 364 567
1 5 625 563 366 565 567 364 111 367
1 5 566 625 565 369 368 567 367 82
1 5 184 107 185 421 555 355 568 626
1 5 421 185 119 186 626 568 373 569
1 5 187 421 186 112 570 626 569 374
1 5 358 555 626 570 26 356 571 372
1 5 555 355 568 626 356 72 370 571
1 5 626 568 373 569 571 370 113 371
1 5 570 626 569 374 372 571 371 80
1 5 334 76 359 560 552 354 572 627
1 5 560 359 110 360 627 572 377 573
1 5 185 560 360 119 568 627 573 373
1 5 355 552 627 568 72 352 574 370
1 5 552 354 572 627 352 27 375 574
1 5 627 572 377 573 574 375 78 376
1 5 568 627 573 373 370 574 376 113
1 5 360 110 362 564 573 377 575 628
1 5 564 362 81 363 628 575 381 576
1 5 364 564 363 111 577 628 576 382
1 5 373 573 628 577 113 376 578 380
1 5 573 377 575 628 376 78 378 578
1 5 628 575 381 576 578 378 29 379
1 5 577 628 576 382 380 578 379 79
1 5 186 119 364 567 569 373 577 629
1 5 567 364 111 367 629 577 382 579
1 5 368 567 367 82 580 629 579 385
1 5 374 569 629 580 80 371 581 384
1 5 569 373 577 629 371 113 380 581
1 5 629 577 382 579 581 380 79 383
1 5 580 629 579 385 384 581 383 28

boundary
416
1 3 8 144 399 152
1 3 10 168 411 176
1 3 54 272 482 153
1 3 96 275 498 289
1 3 61 148 494 288
1 3 57 292 532 177
1 3 105 328 547 343
1 3 74 172 542 342
1 3 144 54 153 399
1 3 399 153 96 148
1 3 152 399 148 61
1 3 168 57 177 411
1 3 411 177 105 172
1 3 176 411 172 74
1 3 272 9 278 482
1 3 482 278 62 275
1 3 153 482 275 96
1 3 275 62 295 498
1 3 498 295 11 292
1 3 289 498 292 57
1 3 148 96 289 494
1 3 494 289 57 168
1 3 288 494 168 10
1 3 292 11 331 532
1 3 532 331 75 328
1 3 177 532 328 105
1 3 328 75 349 547
1 3 547 349 13 346
1 3 343 547 346 70
1 3 172 105 343 542
1 3 542 343 70 338
1 3 342 542 338 12
11 3 123 386 120 14
11 3 192 0 198 423
11 3 123 14 128 390
11 3 0 193 424 198
11 3 1 201 429 206
11 3 16 213 440 216
11 3 135 392 132 4
11 3 234 5 240 453
11 3 147 398 144 8
11 3 135 4 140 396
11 3 5 235 454 240
11 3 7 243 459 248
11 3 147 8 152 402
11 3 9 273 483 278
11 3 159 18 164 408
11 3 19 260 509 285
11 3 21 265 513 310
11 3 171 10 176 414
11 3 11 293 533 331
11 3 12 338 546 341
11 3 183 22 188 420
11 3 23 317 558 336
11 3 25 321 562 365
11 3 26 356 571 372
11 3 121 422 192 30
11 3 202 427 194 83
11 3 209 432 122 33
11 3 120 30 129 387
11 3 124 84 218 436
11 3 195 39 224 441
11 3 209 33 131 434
11 3 211 87 220 450
11 3 127 38 217 439
11 3 31 200 428 199
11 3 85 203 445 225
11 3 39 196 442 224
11 3 66 325 565 366
11 3 111 367 579 382
11 3 81 363 576 381
11 3 32 208 433 207
11 3 86 210 449 230
11 3 40 204 446 229
11 3 34 221 444 214
11 3 88 223 448 228
11 3 37 215 451 232
11 3 133 452 234 42
11 3 244 457 236 89
11 3 251 462 134 45
11 3 132 42 141 393
11 3 136 90 256 466
11 3 237 51 262 470
11 3 145 481 272 54
11 3 281 486 274 95
11 3 286 491 146 56
11 3 251 45 143 464
11 3 253 93 258 479
11 3 139 50 255 469
11 3 286 56 155 492
11 3 287 99 291 507
11 3 151 61 288 497
11 3 270 49 167 517
11 3 313 103 316 530
11 3 163 64 303 521
11 3 43 242 458 241
11 3 91 245 474 263
11 3 51 238 471 262
11 3 55 280 487 279
11 3 97 282 502 296
11 3 62 276 499 295
11 3 44 250 463 249
11 3 92 252 478 268
11 3 52 246 475 267
11 3 47 264 512 306
11 3 101 307 525 319
11 3 63 304 522 300
11 3 65 320 561 361
11 3 110 362 575 377
11 3 76 359 572 354
11 3 48 269 516 311
11 3 102 312 529 324
11 3 68 308 526 323
11 3 302 60 179 540
11 3 337 108 345 556
11 3 175 74 342 545
11 3 58 297 536 332
11 3 106 333 551 350
11 3 75 329 548 349
11 3 70 346 550 339
11 3 109 348 554 353
11 3 73 340 557 357
11 3 326 67 191 566
11 3 368 112 374 580
11 3 187 77 358 570
11 3 72 352 574 370
11 3 113 376 578 380
11 3 80 371 581 384
11 3 386 121 30 120
11 3 122 83 121 386
11 3 33 122 386 123
11 3 422 193 0 192
11 3 194 31 193 422
11 3 83 194 422 121
11 3 427 200 31 194
11 3 201 1 200 427
11 3 32 201 427 202
11 3 432 202 83 122
11 3 208 32 202 432
11 3 15 208 432 209
11 3 30 192 423 129
11 3 129 423 195 84
11 3 423 198 39 195
11 3 33 123 390 131
11 3 131 390 127 87
11 3 390 128 38 127
11 3 14 120 387 128
11 3 128 387 124 38
11 3 387 129 84 124
11 3 38 124 436 217
11 3 217 436 213 16
11 3 436 218 34 213
11 3 84 195 441 218
11 3 218 441 221 34
11 3 441 224 2 221
11 3 15 209 434 212
11 3 212 434 211 41
11 3 434 131 87 211
11 3 41 211 450 233
11 3 233 450 232 17
11 3 450 220 37 232
11 3 87 127 439 220
11 3 220 439 216 37
11 3 439 217 16 216
11 3 193 31 199 424
11 3 424 199 85 196
11 3 198 424 196 39
11 3 321 66 366 562
11 3 562 366 111 363
11 3 365 562 363 81
11 3 200 1 206 428
11 3 428 206 40 203
11 3 199 428 203 85
11 3 203 40 229 445
11 3 445 229 3 226
11 3 225 445 226 35
11 3 196 85 225 442
11 3 442 225 35 222
11 3 224 442 222 2
11 3 325 24 369 565
11 3 565 369 82 367
11 3 366 565 367 111
11 3 367 82 385 579
11 3 579 385 28 383
11 3 382 579 383 79
11 3 363 111 382 576
11 3 576 382 79 379
11 3 381 576 379 29
11 3 201 32 207 429
11 3 429 207 86 204
11 3 206 429 204 40
11 3 208 15 212 433
11 3 433 212 41 210
11 3 207 433 210 86
11 3 210 41 233 449
11 3 449 233 17 231
11 3 230 449 231 36
11 3 204 86 230 446
11 3 446 230 36 227
11 3 229 446 227 3
11 3 213 34 214 440
11 3 440 214 88 215
11 3 216 440 215 37
11 3 221 2 222 444
11 3 444 222 35 223
11 3 214 444 223 88
11 3 223 35 226 448
11 3 448 226 3 227
11 3 228 448 227 36
11 3 215 88 228 451
11 3 451 228 36 231
11 3 232 451 231 17
11 3 392 133 42 132
11 3 134 89 133 392
11 3 45 134 392 135
11 3 452 235 5 234
11 3 236 43 235 452
11 3 89 236 452 133
11 3 457 242 43 236
11 3 243 7 242 457
11 3 44 243 457 244
11 3 462 244 89 134
11 3 250 44 244 462
11 3 6 250 462 251
11 3 42 234 453 141
11 3 141 453 237 90
11 3 453 240 51 237
11 3 398 145 54 144
11 3 146 95 145 398
11 3 56 146 398 147
11 3 45 135 396 143
11 3 143 396 139 93
11 3 396 140 50 139
11 3 56 147 402 155
11 3 155 402 151 99
11 3 402 152 61 151
11 3 49 159 408 167
11 3 167 408 163 103
11 3 408 164 64 163
11 3 4 132 393 140
11 3 140 393 136 50
11 3 393 141 90 136
11 3 50 136 466 255
11 3 255 466 156 18
11 3 466 256 46 156
11 3 90 237 470 256
11 3 256 470 259 46
11 3 470 262 19 259
11 3 481 273 9 272
11 3 274 55 273 481
11 3 95 274 481 145
11 3 486 280 55 274
11 3 259 19 280 486
11 3 46 259 486 281
11 3 491 281 95 146
11 3 156 46 281 491
11 3 18 156 491 286
11 3 6 251 464 254
11 3 254 464 253 53
11 3 464 143 93 253
11 3 53 253 479 271
11 3 271 479 270 20
11 3 479 258 49 270
11 3 93 139 469 258
11 3 258 469 159 49
11 3 469 255 18 159
11 3 18 286 492 164
11 3 164 492 287 64
11 3 492 155 99 287
11 3 64 287 507 303
11 3 303 507 302 22
11 3 507 291 60 302
11 3 99 151 497 291
11 3 291 497 171 60
11 3 497 288 10 171
11 3 20 270 517 314
11 3 314 517 313 69
11 3 517 167 103 313
11 3 69 313 530 327
11 3 327 530 326 24
11 3 530 316 67 326
11 3 103 163 521 316
11 3 316 521 183 67
11 3 521 303 22 183
11 3 235 43 241 454
11 3 454 241 91 238
11 3 240 454 238 51
11 3 273 55 279 483
11 3 483 279 97 276
11 3 278 483 276 62
11 3 242 7 248 458
11 3 458 248 52 245
11 3 241 458 245 91
11 3 245 52 267 474
11 3 474 267 21 264
11 3 263 474 264 47
11 3 238 91 263 471
11 3 471 263 47 260
11 3 262 471 260 19
11 3 280 19 285 487
11 3 487 285 63 282
11 3 279 487 282 97
11 3 282 63 300 502
11 3 502 300 23 297
11 3 296 502 297 58
11 3 276 97 296 499
11 3 499 296 58 293
11 3 295 499 293 11
11 3 243 44 249 459
11 3 459 249 92 246
11 3 248 459 246 52
11 3 250 6 254 463
11 3 463 254 53 252
11 3 249 463 252 92
11 3 252 53 271 478
11 3 478 271 20 269
11 3 268 478 269 48
11 3 246 92 268 475
11 3 475 268 48 265
11 3 267 475 265 21
11 3 260 47 306 509
11 3 509 306 101 304
11 3 285 509 304 63
11 3 317 65 361 558
11 3 558 361 110 359
11 3 336 558 359 76
11 3 264 21 310 512
11 3 512 310 68 307
11 3 306 512 307 101
11 3 307 68 323 525
11 3 525 323 25 320
11 3 319 525 320 65
11 3 304 101 319 522
11 3 522 319 65 317
11 3 300 522 317 23
11 3 320 25 365 561
11 3 561 365 81 362
11 3 361 561 362 110
11 3 362 81 381 575
11 3 575 381 29 378
11 3 377 575 378 78
11 3 359 110 377 572
11 3 572 377 78 375
11 3 354 572 375 27
11 3 265 48 311 513
11 3 513 311 102 308
11 3 310 513 308 68
11 3 269 20 314 516
11 3 516 314 69 312
11 3 311 516 312 102
11 3 312 69 327 529
11 3 529 327 24 325
11 3 324 529 325 66
11 3 308 102 324 526
11 3 526 324 66 321
11 3 323 526 321 25
11 3 60 171 414 179
11 3 179 414 175 108
11 3 414 176 74 175
11 3 22 302 540 188
11 3 188 540 337 77
11 3 540 179 108 337
11 3 77 337 556 358
11 3 358 556 357 26
11 3 556 345 73 357
11 3 108 175 545 345
11 3 345 545 341 73
11 3 545 342 12 341
11 3 293 58 332 533
11 3 533 332 106 329
11 3 331 533 329 75
11 3 297 23 336 536
11 3 536 336 76 333
11 3 332 536 333 106
11 3 333 76 354 551
11 3 551 354 27 351
11 3 350 551 351 71
11 3 329 106 350 548
11 3 548 350 71 347
11 3 349 548 347 13
11 3 338 70 339 546
11 3 546 339 109 340
11 3 341 546 340 73
11 3 346 13 347 550
11 3 550 347 71 348
11 3 339 550 348 109
11 3 348 71 351 554
11 3 554 351 27 352
11 3 353 554 352 72
11 3 340 109 353 557
11 3 557 353 72 356
11 3 357 557 356 26
11 3 67 183 420 191
11 3 191 420 187 112
11 3 420 188 77 187
11 3 356 72 370 571
11 3 571 370 113 371
11 3 372 571 371 80
11 3 24 326 566 369
11 3 369 566 368 82
11 3 566 191 112 368
11 3 82 368 580 385
11 3 385 580 384 28
11 3 580 374 80 384
11 3 112 187 570 374
11 3 374 570 372 80
11 3 570 358 26 372
11 3 352 27 375 574
11 3 574 375 78 376
11 3 370 574 376 113
11 3 376 78 378 578
11 3 578 378 29 379
11 3 380 578 379 79
11 3 371 113 380 581
11 3 581 380 79 383
11 3 384 581 383 28

vertices
630

nodes
FiniteElementSpace
FiniteElementCollection: H1_3D_P2
VDim: 3
Ordering: 0

0.11108439
0.1716001
0.11108439
0.1716001
0.14916884
0.46713824
0.13575486
0.34802459
0.18971773
0.80820096
0.2
0.8867
0.18971773
0.80820096
0.093042196
0.11052157
0.093042196
0.11052157
0.16648196
0.60844596
0.14590394
0.42529438
0.17294184
0.66119981
0.14953799
0.45397621
0.16648196
0.60844596
0.14590394
0.42529438
0.10206329
0.14134225
0.14106084
0.10178189
0.10206329
0.14134225
0.14106084
0.10178189
0.093042196
0.11108439
0.1716001
0.11052157
0.30815354
0.40758141
0.24188972
0.14246185
0.38746396
0.51687017
0.28559916
0.15619295
0.1578254
0.5377921
0.38665948
0.1408294
0.49895935
0.70832346
0.17809985
0.54335
0.7739499
0.41707082
0.18647092
0.19485887
0.84745048
0.63482288
0.1697119
0.55758801
0.3017571
0.16123991
0.43963529
0.14772096
0.49895935
0.70832346
0.38746396
0.17809985
0.19485887
0.84745048
0.63482288
0.1697119
0.51687017
0.28559916
0.15619295
0.43963529
0.14772096
0.12156207
0.10206329
0.14134225
0.14106084
0.10178189
0.12156207
0.27502163
0.34780875
0.46222579
0.26374444
0.1493274
0.33653156
0.44321165
0.52115467
0.74113668
0.40226739
0.18228538
0.48021041
0.53722909
0.29367813
0.15871643
0.35941396
0.52115467
0.74113668
0.40226739
0.18228538
0.44321165
0.53722909
0.29367813
0.15871643
0.33653156
0.12156207
0.30577659
0.46171103
0.34797276
0.46171103
0.34797276
0.097552745
0.11181268
0.11167198
0.097412041
0.097552745
0.11181268
0.11167198
0.097412041
0.093042196
0.10206329
0.12156207
0.10178189
0.22866119
0.29158758
0.20874174
0.14581534
0.25281707
0.32679267
0.227552
0.1535764
0.15349712
0.32798114
0.29039911
0.14589462
0.34433854
0.4710855
0.31065575
0.18390879
0.35800677
0.49143285
0.32199821
0.18857212
0.1922883
0.51005701
0.45246134
0.18019261
0.27697296
0.36199776
0.24636225
0.16133745
0.28598964
0.37512007
0.2533446
0.16421416
0.16809693
0.39486567
0.34225216
0.15745469
0.371675
0.5117802
0.33334066
0.19323546
0.35800677
0.49143285
0.32199821
0.18857212
0.19742943
0.53225234
0.47096072
0.18437815
0.29500633
0.38824239
0.26032694
0.16709087
0.28598964
0.37512007
0.2533446
0.16421416
0.17132687
0.40966911
0.35369336
0.15997817
0.10657384
0.12621332
0.13145216
0.10657384
0.12621332
0.13145216
0.11108439
0.14134225
0.15647117
0.15633047
0.13131145
0.15647117
0.15633047
0.13131145
0.1716001
0.14106084
0.12579121
0.10615173
0.12579121
0.10615173
0.11052157
0.097552745
0.11181268
0.11167198
0.097412041
0.093042196
0.10206329
0.12156207
0.10178189
0.10657384
0.12621332
0.13145216
0.11108439
0.14134225
0.15647117
0.15633047
0.13131145
0.1716001
0.14106084
0.12579121
0.10615173
0.11052157
0.38764589
0.43735982
0.34130152
0.44280042
0.50000894
0.38400119
0.50246517
0.4349036
0.377803
0.29495715
0.25845568
0.42444264
0.32520196
0.28476052
0.36734203
0.25281708
0.18882229
0.13910835
0.20228692
0.1450784
0.13829213
0.16215368
0.36763635
0.32115408
0.15276017
0.49795496
0.56265806
0.42670086
0.57311903
0.48954798
0.47108227
0.35544677
0.31106536
0.40597693
0.2746718
0.21575155
0.15104844
0.14336667
0.65358016
0.75826221
0.57576756
0.68430258
0.79429358
0.60142386
0.82782572
0.72473007
0.65838471
0.41533781
0.68797978
0.51854514
0.43198921
0.62163442
0.1722909
0.17599864
0.19742943
0.53225234
0.47096072
0.18437815
0.715025
0.83032495
0.62708016
0.86707524
0.75754329
0.71757485
0.53913531
0.44864062
0.64801134
0.40966911
0.17970638
0.17132687
0.58602599
0.44260092
0.52704963
0.48843219
0.36665671
0.32082544
0.43246484
0.28963864
0.22069955
0.1532187
0.14681245
0.35369336
0.15997817
0.60939391
0.45850098
0.54740855
0.50578211
0.37786665
0.33058553
0.44680575
0.29771761
0.22564754
0.15538895
0.14862948
0.68430258
0.79429358
0.60142386
0.86707524
0.75754329
0.68797978
0.51854514
0.43198921
0.64801134
0.17599864
0.34433854
0.4710855
0.31065575
0.18390879
0.1922883
0.51005701
0.45246134
0.18019261
0.65358016
0.75826221
0.57576756
0.82782572
0.72473007
0.65838471
0.49795496
0.41533781
0.62163442
0.39486567
0.27697296
0.1722909
0.16809693
0.58602599
0.44260092
0.54740855
0.48843219
0.36665671
0.32082544
0.44680575
0.29771761
0.22069955
0.1532187
0.14862948
0.36199776
0.24636225
0.16133745
0.34225216
0.15745469
0.56265806
0.42670086
0.52704963
0.47108227
0.35544677
0.31106536
0.43246484
0.28963864
0.21575155
0.15104844
0.14681245
0.10461236
0.097552745
0.11181268
0.11167198
0.097412041
0.10461236
0.21870146
0.24073913
0.30919013
0.21814687
0.14969587
0.24018453
0.32749715
0.35117266
0.48125918
0.31632698
0.18624046
0.34000249
0.26166761
0.2814813
0.36855892
0.24985342
0.16277581
0.26966712
0.35250783
0.36484088
0.50160653
0.32766944
0.19090379
0.34000249
0.27766663
0.29049799
0.38168123
0.25683577
0.16565252
0.26966712
0.119013
0.10657384
0.12621332
0.13145216
0.119013
0.14389131
0.15647117
0.15633047
0.13131145
0.14389131
0.11873159
0.12579121
0.10615173
0.11873159
0.097552745
0.11181268
0.11167198
0.097412041
0.10461236
0.10657384
0.12621332
0.13145216
0.119013
0.15647117
0.15633047
0.13131145
0.14389131
0.12579121
0.10615173
0.11873159
0.3644737
0.41522315
0.46868438
0.36265136
0.41340081
0.31812934
0.40112282
0.31007956
0.2716081
0.35460158
0.19878202
0.19555461
0.14209338
0.21491946
0.26489502
0.34439522
0.23695713
0.15745693
0.47037769
0.5313335
0.40535103
0.46232791
0.44776246
0.34032437
0.29791294
0.39107382
0.20901924
0.14806342
0.2310569
0.61467386
0.66894137
0.7762779
0.58859571
0.64286322
0.53686126
0.67318225
0.50825005
0.42366351
0.5599845
0.29381435
0.17414477
0.30399393
0.36484088
0.50160653
0.32766944
0.19090379
0.69966379
0.81230926
0.61425201
0.67105258
0.70277732
0.52884023
0.44031491
0.58310773
0.29049799
0.17785251
0.3141735
0.57434202
0.43465089
0.48057303
0.47975723
0.36105174
0.3159454
0.40462882
0.21822555
0.15213357
0.23702207
0.38168123
0.25683577
0.16565252
0.59770995
0.45055095
0.49881815
0.49710715
0.37226168
0.32570549
0.41818382
0.22317354
0.15430382
0.24298724
0.69966379
0.81230926
0.61425201
0.64286322
0.70277732
0.52884023
0.44031491
0.5599845
0.17785251
0.30399393
0.35117266
0.48125918
0.31632698
0.18624046
0.32749715
0.66894137
0.7762779
0.58859571
0.61467386
0.67318225
0.50825005
0.42366351
0.53686126
0.2814813
0.17414477
0.29381435
0.59770995
0.45055095
0.48057303
0.49710715
0.37226168
0.32570549
0.40462882
0.22317354
0.15430382
0.23702207
0.36855892
0.24985342
0.16277581
0.26166761
0.57434202
0.43465089
0.46232791
0.47975723
0.36105174
0.3159454
0.39107382
0.21822555
0.15213357
0.2310569
0.10461236
0.229443
0.33374982
0.26566736
0.34625516
0.27366688
0.119013
0.14389131
0.11873159
0.10461236
0.119013
0.14389131
0.11873159
0.38893726
0.33636546
0.20685074
0.25092607
0.43786436
0.3728377
0.22298818
0.62876854
0.54842288
0.29890414
0.34625516
0.6569579
0.57154612
0.30908371
0.47145047
0.39785132
0.23403949
0.27366688
0.48969559
0.41140632
0.24000466
0.6569579
0.57154612
0.30908371
0.33374982
0.62876854
0.54842288
0.29890414
0.48969559
0.41140632
0.24000466
0.26566736
0.47145047
0.39785132
0.23403949
0.09529747
0.10108255
0.1010122
0.095227118
0.09529747
0.10108255
0.1010122
0.095227118
0.093042196
0.097552745
0.10461236
0.097412041
0.18891501
0.22368133
0.1822584
0.14749209
0.19711812
0.23509106
0.18956943
0.15159649
0.15133298
0.23470016
0.22407223
0.14775561
0.26702814
0.33591784
0.25570297
0.18681326
0.27173048
0.34246124
0.25999514
0.18926438
0.19100302
0.3477556
0.33062348
0.18507462
0.22172746
0.26932028
0.21150253
0.16390971
0.22478911
0.27357433
0.21422159
0.16543637
0.16728944
0.27922713
0.26366748
0.16205663
0.2858375
0.36209142
0.27287165
0.19661773
0.28113516
0.35554802
0.26857948
0.19416661
0.19871472
0.36825794
0.3493815
0.19206963
0.23397408
0.28633648
0.22237875
0.17001636
0.23091243
0.28208243
0.2196597
0.16848969
0.17213435
0.29275216
0.27566675
0.1663717
0.10431857
0.11279342
0.11541284
0.10693799
0.10431857
0.11279342
0.11541284
0.10693799
0.10206329
0.10657384
0.119013
0.11181268
0.12650711
0.13767173
0.13760138
0.12643676
0.12650711
0.13767173
0.13760138
0.12643676
0.12156207
0.13145216
0.14389131
0.13131145
0.10672693
0.11520178
0.11244166
0.10396681
0.10672693
0.11520178
0.11244166
0.10396681
0.10178189
0.11167198
0.11873159
0.10615173
0.09529747
0.10108255
0.1010122
0.095227118
0.09529747
0.10108255
0.1010122
0.095227118
0.093042196
0.097552745
0.10461236
0.097412041
0.10431857
0.11279342
0.11541284
0.10693799
0.10431857
0.11279342
0.11541284
0.10693799
0.10206329
0.10657384
0.119013
0.11181268
0.12650711
0.13767173
0.13760138
0.12643676
0.12650711
0.13767173
0.13760138
0.12643676
0.12156207
0.13145216
0.14389131
0.13131145
0.10672693
0.11520178
0.11244166
0.10396681
0.10672693
0.11520178
0.11244166
0.10396681
0.10178189
0.11167198
0.11873159
0.10615173
0.34789971
0.3760598
0.32803064
0.29987056
0.37160215
0.40208021
0.34906369
0.31858563
0.31806734
0.40143452
0.37670548
0.30038886
0.30816158
0.32971543
0.28829251
0.26673865
0.32652523
0.34950841
0.30398678
0.2810036
0.28271037
0.35197644
0.3272474
0.26503189
0.17560179
0.20376188
0.16894519
0.1407851
0.18202075
0.2124988
0.17447206
0.143994
0.14417824
0.2134443
0.20281638
0.14060087
0.20532124
0.2465008
0.19688047
0.1557009
0.21352435
0.25791054
0.2041915
0.1598053
0.15998954
0.25885604
0.2455553
0.15551666
0.39530459
0.42810062
0.37009674
0.33730071
0.41900702
0.45412103
0.39112979
0.35601578
0.35772255
0.45658906
0.42563258
0.33559394
0.34488889
0.36930138
0.31968105
0.29526856
0.36325255
0.38909436
0.33537532
0.30953351
0.31346534
0.39467611
0.36371964
0.29133673
0.1884397
0.22123573
0.17999893
0.1472029
0.19485865
0.22997265
0.1855258
0.1504118
0.15104379
0.23225456
0.21895382
0.14657091
0.57626975
0.63412701
0.54287968
0.48502243
0.58949919
0.64885495
0.55501386
0.49565809
0.50450818
0.66126076
0.6217212
0.47617234
0.50948961
0.55631441
0.47609953
0.42927473
0.52052853
0.56850929
0.48604319
0.43806243
0.4478365
0.58218163
0.54264207
0.41950066
0.2443778
0.30223505
0.23305263
0.17519537
0.2482598
0.30761556
0.23652446
0.17716869
0.17914623
0.31349136
0.29635925
0.17321784
0.27643282
0.34900463
0.26428731
0.1917155
0.28113516
0.35554802
0.26857948
0.19416661
0.19614415
0.36142383
0.34312882
0.18973796
0.60272863
0.6635829
0.56714803
0.50629376
0.61595806
0.67831084
0.57928221
0.51692943
0.5267035
0.69198318
0.64991056
0.49651969
0.53156744
0.58070418
0.49598685
0.44685012
0.54260636
0.59289906
0.50593051
0.45563782
0.46633588
0.60783793
0.56576531
0.43615206
0.25214179
0.31299607
0.23999628
0.17914201
0.25602379
0.31837657
0.24346811
0.18111533
0.18333177
0.32483382
0.30653882
0.17692557
0.44270946
0.48014144
0.41216284
0.37473086
0.45155786
0.48985026
0.42000469
0.3817123
0.39116482
0.5031025
0.46688919
0.36527834
0.38161621
0.40888734
0.35106959
0.32379846
0.38845153
0.41625111
0.35689836
0.32909878
0.33939186
0.43067588
0.39446257
0.31350538
0.2012776
0.23870958
0.19105267
0.1536207
0.20365406
0.24194646
0.19308653
0.15479413
0.15682382
0.24810784
0.23254819
0.15159101
0.22785077
0.27782838
0.21694064
0.16696303
0.23091243
0.28208243
0.2196597
0.16848969
0.17051938
0.28824382
0.271667
0.16493334
0.46040626
0.49955908
0.42784655
0.38869373
0.46925467
0.50926791
0.43568841
0.39567517
0.40596825
0.52369268
0.48513431
0.37840065
0.39528684
0.42361487
0.36272713
0.3343991
0.40212216
0.43097864
0.3685559
0.33969942
0.35083306
0.44657594
0.40801757
0.32326547
0.20603051
0.24518333
0.19512038
0.15596756
0.20840697
0.24842021
0.19715424
0.157141
0.1593473
0.25509018
0.23851336
0.15376126
0.6291875
0.69303879
0.59141639
0.5275651
0.61595806
0.67831084
0.57928221
0.51692943
0.53780117
0.70734439
0.66400524
0.50669337
0.55364528
0.60509395
0.51587418
0.46442551
0.54260636
0.59289906
0.50593051
0.45563782
0.47558557
0.62066608
0.57732693
0.44447776
0.25990579
0.32375708
0.24693994
0.18308865
0.25602379
0.31837657
0.24346811
0.18111533
0.18542453
0.33050505
0.3116286
0.17877944
0.27643282
0.34900463
0.26428731
0.1917155
0.27173048
0.34246124
0.25999514
0.18926438
0.19357358
0.35458971
0.33687615
0.18740629
0.60272863
0.6635829
0.56714803
0.50629376
0.58949919
0.64885495
0.55501386
0.49565809
0.51560584
0.67662197
0.63581588
0.48634601
0.53156744
0.58070418
0.49598685
0.44685012
0.52052853
0.56850929
0.48604319
0.43806243
0.45708619
0.59500978
0.55420369
0.42782636
0.25214179
0.31299607
0.23999628
0.17914201
0.2482598
0.30761556
0.23652446
0.17716869
0.181239
0.31916259
0.30144903
0.17507171
0.47810307
0.51897673
0.44353027
0.40265661
0.46925467
0.50926791
0.43568841
0.39567517
0.41336996
0.53398777
0.49425687
0.38496181
0.40895747
0.4383424
0.37438467
0.34499974
0.40212216
0.43097864
0.3685559
0.33969942
0.35655366
0.45452597
0.41479507
0.32814551
0.21078342
0.25165709
0.1991881
0.15831443
0.20840697
0.24842021
0.19715424
0.157141
0.16060904
0.25858135
0.24149595
0.15484639
0.22785077
0.27782838
0.21694064
0.16696303
0.22478911
0.27357433
0.21422159
0.16543637
0.16890441
0.28373547
0.26766724
0.16349499
0.46040626
0.49955908
0.42784655
0.38869373
0.45155786
0.48985026
0.42000469
0.3817123
0.39856653
0.51339759
0.47601175
0.3718395
0.39528684
0.42361487
0.36272713
0.3343991
0.38845153
0.41625111
0.35689836
0.32909878
0.34511246
0.43862591
0.40124007
0.31838542
0.20603051
0.24518333
0.19512038
0.15596756
0.20365406
0.24194646
0.19308653
0.15479413
0.15808556
0.25159901
0.23553078
0.15267613
0.099808019
0.10821252
0.099808019
0.10821252
0.11668737
0.11661702
0.10814217
0.11668737
0.11661702
0.10814217
0.099596963
0.099596963
0.093042196
0.097552745
0.10461236
0.097412041
0.099808019
0.10821252
0.10206329
0.11181268
0.11668737
0.11661702
0.10814217
0.12156207
0.11167198
0.099596963
0.10178189
0.26840736
0.25514452
0.28436014
0.26931656
0.28330461
0.24188168
0.2137216
0.29979462
0.25427299
0.22379493
0.1441386
0.14779525
0.15566126
0.2467781
0.23481377
0.15163613
0.30031291
0.2834886
0.33789495
0.3179914
0.31628463
0.2666643
0.23386827
0.29808785
0.22284943
0.1514519
0.14761101
0.42164895
0.39929132
0.43061483
0.4075045
0.45714858
0.3769337
0.31907645
0.46686026
0.38439416
0.3250384
0.18100432
0.18321654
0.19357358
0.35458971
0.33687615
0.18740629
0.43958072
0.41571767
0.51560584
0.48634601
0.47657194
0.39185462
0.33100035
0.45708619
0.31916259
0.18542875
0.181239
0.33221846
0.31183268
0.33817349
0.31711314
0.34926466
0.29144691
0.25401493
0.35540554
0.29605279
0.25776039
0.1587652
0.16011525
0.16890441
0.28373547
0.26766724
0.16349499
0.34412852
0.3223936
0.39856653
0.3718395
0.36154642
0.30065868
0.26150586
0.34511246
0.25159901
0.1614653
0.15808556
0.4575125
0.43214402
0.44854661
0.42393084
0.49599531
0.40677554
0.34292425
0.48628362
0.39931508
0.3369623
0.18985319
0.18764097
0.19614415
0.36142383
0.34312882
0.18973796
0.43958072
0.41571767
0.5267035
0.49651969
0.47657194
0.39185462
0.33100035
0.46633588
0.32483382
0.18542875
0.18333177
0.35603858
0.33295451
0.35008355
0.32767405
0.37382818
0.30987045
0.26899678
0.3676873
0.30526456
0.26525132
0.16416539
0.16281535
0.17051938
0.28824382
0.271667
0.16493334
0.34412852
0.3223936
0.40596825
0.37840065
0.36154642
0.30065868
0.26150586
0.35083306
0.25509018
0.1614653
0.1593473
0.10882912
0.11864886
0.12261316
0.10882912
0.11864886
0.12261316
0.11108439
0.12621332
0.13377778
0.1363972
0.12523258
0.13377778
0.1363972
0.12523258
0.14134225
0.10657384
0.119013
0.10882912
0.11864886
0.12261316
0.11108439
0.12621332
0.13377778
0.1363972
0.12523258
0.14134225
0.13145216
0.14890671
0.15018124
0.14890671
0.15018124
0.15647117
0.16403564
0.16396529
0.15011089
0.16403564
0.16396529
0.15011089
0.1716001
0.15633047
0.14869565
0.13618614
0.14869565
0.13618614
0.14106084
0.14389131
0.13131145
0.14890671
0.15018124
0.15647117
0.16403564
0.16396529
0.15011089
0.1716001
0.15633047
0.14869565
0.13618614
0.14106084
0.12502152
0.12502152
0.13342602
0.1222614
0.13342602
0.1222614
0.12579121
0.11815639
0.10833665
0.11815639
0.10833665
0.11052157
0.11873159
0.10615173
0.12502152
0.13342602
0.1222614
0.12579121
0.11815639
0.10833665
0.11052157
0.099808019
0.10821252
0.11668737
0.11661702
0.10814217
0.099596963
0.09529747
0.10108255
0.1010122
0.095227118
0.093042196
0.097552745
0.10461236
0.097412041
0.099808019
0.10693799
0.10821252
0.10206329
0.11181268
0.11668737
0.11661702
0.10814217
0.12156207
0.11167198
0.10672693
0.099596963
0.10178189
0.10882912
0.11864886
0.12261316
0.11108439
0.12621332
0.13377778
0.1363972
0.12523258
0.14134225
0.10431857
0.11279342
0.11541284
0.10657384
0.119013
0.10882912
0.11864886
0.12261316
0.11108439
0.12621332
0.13377778
0.1363972
0.12523258
0.14134225
0.13145216
0.12650711
0.14890671
0.15018124
0.15647117
0.16403564
0.16396529
0.15011089
0.1716001
0.15633047
0.14869565
0.13618614
0.14106084
0.13767173
0.13760138
0.12643676
0.14389131
0.13131145
0.14890671
0.15018124
0.15647117
0.16403564
0.16396529
0.15011089
0.1716001
0.15633047
0.14869565
0.13618614
0.14106084
0.12502152
0.13342602
0.1222614
0.12579121
0.11815639
0.10833665
0.11052157
0.11520178
0.11244166
0.10396681
0.11873159
0.10615173
0.12502152
0.13342602
0.1222614
0.12579121
0.11815639
0.10833665
0.11052157
0.42739206
0.45224903
0.40091676
0.45884416
0.48557478
0.42881082
0.4848017
0.4530221
0.42247062
0.37444147
0.35288761
0.45179399
0.39877748
0.37579431
0.42124251
0.42901179
0.40116903
0.49029626
0.51890052
0.45670488
0.52012863
0.48434666
0.48111737
0.42311349
0.398701
0.4485647
0.37332627
0.39269221
0.34796617
0.41801321
0.36874414
0.38946291
0.36291379
0.32149087
0.30654325
0.38423243
0.3387108
0.32322251
0.35768331
0.30251836
0.26842344
0.2501727
0.28144832
0.26221259
0.2473534
0.34548352
0.27818431
0.44333421
0.38952211
0.41278273
0.40555106
0.35593072
0.33990177
0.37700076
0.31764076
0.2944732
0.27425248
0.25828076
0.22861885
0.23922942
0.21535601
0.19380215
0.22418584
0.20120267
0.19218845
0.16228858
0.13743161
0.16692337
0.14019275
0.1370235
0.2108851
0.14358589
0.24983999
0.23301568
0.20860319
0.19892076
0.17155816
0.1429539
0.13956077
0.31626568
0.29766064
0.33277465
0.2790556
0.2439416
0.15510855
0.16431782
0.27093399
0.25629684
0.15939719
0.37755016
0.35319649
