MFEM mesh v1.0

#
# MFEM Geometry Types (see mesh/geom.hpp):
#
# POINT       = 0
# SEGMENT     = 1
# TRIANGLE    = 2
# SQUARE      = 3
# TETRAHEDRON = 4
# CUBE        = 5
#

dimension
3

elements
512
1 5 2 141 469 144 149 470 721 473
1 5 14 153 475 156 161 476 722 479
1 5 8 165 481 168 173 482 723 485
1 5 16 177 487 180 185 488 724 491
1 5 17 189 493 192 197 494 725 497
1 5 9 201 499 204 209 500 726 503
1 5 19 213 505 216 221 506 727 509
1 5 22 225 511 228 233 512 728 515
1 5 32 237 517 142 150 518 729 471
1 5 94 239 522 247 151 520 730 525
1 5 35 143 527 254 152 472 731 529
1 5 40 145 474 148 262 531 732 534
1 5 95 240 521 146 263 536 733 532
1 5 133 242 526 250 264 538 734 542
1 5 98 147 530 256 265 533 735 545
1 5 44 279 547 154 162 548 736 477
1 5 100 280 551 284 163 549 737 553
1 5 46 155 555 287 164 478 738 556
1 5 50 157 480 160 293 558 739 561
1 5 101 281 550 158 294 563 740 559
1 5 134 282 554 286 295 565 741 568
1 5 103 159 557 288 296 560 742 570
1 5 52 305 572 166 174 573 743 483
1 5 105 306 576 311 175 574 744 579
1 5 55 167 581 315 176 484 745 582
1 5 60 169 486 172 321 584 746 587
1 5 106 307 575 170 322 589 747 585
1 5 135 308 580 314 323 591 748 595
1 5 109 171 583 316 324 586 749 598
1 5 63 336 600 178 186 601 750 489
1 5 111 337 604 342 187 602 751 607
1 5 53 179 609 309 188 490 752 577
1 5 61 181 492 184 327 611 753 590
1 5 112 338 603 182 347 614 754 612
1 5 136 339 608 345 348 616 755 620
1 5 107 183 610 312 328 613 756 593
1 5 71 360 624 190 198 625 757 495
1 5 116 362 629 370 199 627 758 632
1 5 64 191 634 340 200 496 759 605
1 5 69 193 498 196 352 637 760 615
1 5 117 363 628 194 381 641 761 638
1 5 137 365 633 373 382 643 762 647
1 5 113 195 636 343 353 639 763 618
1 5 54 310 651 202 210 578 764 501
1 5 121 394 654 397 211 652 765 656
1 5 45 203 658 283 212 502 766 552
1 5 51 205 504 208 300 597 767 564
1 5 108 313 653 206 333 594 768 660
1 5 138 395 657 399 402 664 769 667
1 5 102 207 659 285 301 661 770 567
1 5 65 341 670 214 222 606 771 507
1 5 124 409 674 415 223 672 772 677
1 5 79 215 679 396 224 508 773 655
1 5 62 217 510 220 332 622 774 663
1 5 114 344 673 218 358 619 775 682
1 5 139 411 678 418 425 686 776 690
1 5 122 219 681 398 405 683 777 666
1 5 66 349 617 226 234 694 778 513
1 5 115 351 621 356 235 696 779 700
1 5 57 227 623 329 236 514 780 703
1 5 90 229 516 232 452 705 781 708
1 5 128 435 697 230 453 710 782 706
1 5 140 437 701 442 454 712 783 716
1 5 131 231 704 446 455 707 784 719
1 5 141 32 142 469 470 150 471 721
1 5 469 142 94 143 721 471 151 472
1 5 144 469 143 35 473 721 472 152
1 5 149 470 721 473 40 145 474 148
1 5 470 150 471 721 145 95 146 474
1 5 721 471 151 472 474 146 133 147
1 5 473 721 472 152 148 474 147 98
1 5 153 44 154 475 476 162 477 722
1 5 475 154 100 155 722 477 163 478
1 5 156 475 155 46 479 722 478 164
1 5 161 476 722 479 50 157 480 160
1 5 476 162 477 722 157 101 158 480
1 5 722 477 163 478 480 158 134 159
1 5 479 722 478 164 160 480 159 103
1 5 165 52 166 481 482 174 483 723
1 5 481 166 105 167 723 483 175 484
1 5 168 481 167 55 485 723 484 176
1 5 173 482 723 485 60 169 486 172
1 5 482 174 483 723 169 106 170 486
1 5 723 483 175 484 486 170 135 171
1 5 485 723 484 176 172 486 171 109
1 5 177 63 178 487 488 186 489 724
1 5 487 178 111 179 724 489 187 490
1 5 180 487 179 53 491 724 490 188
1 5 185 488 724 491 61 181 492 184
1 5 488 186 489 724 181 112 182 492
1 5 724 489 187 490 492 182 136 183
1 5 491 724 490 188 184 492 183 107
1 5 189 71 190 493 494 198 495 725
1 5 493 190 116 191 725 495 199 496
1 5 192 493 191 64 497 725 496 200
1 5 197 494 725 497 69 193 498 196
1 5 494 198 495 725 193 117 194 498
1 5 725 495 199 496 498 194 137 195
1 5 497 725 496 200 196 498 195 113
1 5 201 54 202 499 500 210 501 726
1 5 499 202 121 203 726 501 211 502
1 5 204 499 203 45 503 726 502 212
1 5 209 500 726 503 51 205 504 208
1 5 500 210 501 726 205 108 206 504
1 5 726 501 211 502 504 206 138 207
1 5 503 726 502 212 208 504 207 102
1 5 213 65 214 505 506 222 507 727
1 5 505 214 124 215 727 507 223 508
1 5 216 505 215 79 509 727 508 224
1 5 221 506 727 509 62 217 510 220
1 5 506 222 507 727 217 114 218 510
1 5 727 507 223 508 510 218 139 219
1 5 509 727 508 224 220 510 219 122
1 5 225 66 226 511 512 234 513 728
1 5 511 226 115 227 728 513 235 514
1 5 228 511 227 57 515 728 514 236
1 5 233 512 728 515 90 229 516 232
1 5 512 234 513 728 229 128 230 516
1 5 728 513 235 514 516 230 140 231
1 5 515 728 514 236 232 516 231 131
1 5 237 0 238 517 518 243 519 729
1 5 517 238 33 239 729 519 244 520
1 5 142 517 239 94 471 729 520 151
1 5 150 518 729 471 95 240 521 146
1 5 518 243 519 729 240 41 241 521
1 5 729 519 244 520 521 241 96 242
1 5 471 729 520 151 146 521 242 133
1 5 239 33 245 522 520 244 523 730
1 5 522 245 4 246 730 523 251 524
1 5 247 522 246 34 525 730 524 252
1 5 151 520 730 525 133 242 526 250
1 5 520 244 523 730 242 96 248 526
1 5 730 523 251 524 526 248 42 249
1 5 525 730 524 252 250 526 249 97
1 5 143 94 247 527 472 151 525 731
1 5 527 247 34 253 731 525 252 528
1 5 254 527 253 12 529 731 528 257
1 5 152 472 731 529 98 147 530 256
1 5 472 151 525 731 147 133 250 530
1 5 731 525 252 528 530 250 97 255
1 5 529 731 528 257 256 530 255 43
1 5 145 95 146 474 531 263 532 732
1 5 474 146 133 147 732 532 264 533
1 5 148 474 147 98 534 732 533 265
1 5 262 531 732 534 3 258 535 261
1 5 531 263 532 732 258 36 259 535
1 5 732 532 264 533 535 259 99 260
1 5 534 732 533 265 261 535 260 39
1 5 240 41 241 521 536 269 537 733
1 5 521 241 96 242 733 537 270 538
1 5 146 521 242 133 532 733 538 264
1 5 263 536 733 532 36 266 539 259
1 5 536 269 537 733 266 1 267 539
1 5 733 537 270 538 539 267 37 268
1 5 532 733 538 264 259 539 268 99
1 5 242 96 248 526 538 270 540 734
1 5 526 248 42 249 734 540 274 541
1 5 250 526 249 97 542 734 541 275
1 5 264 538 734 542 99 268 543 273
1 5 538 270 540 734 268 37 271 543
1 5 734 540 274 541 543 271 6 272
1 5 542 734 541 275 273 543 272 38
1 5 147 133 250 530 533 264 542 735
1 5 530 250 97 255 735 542 275 544
1 5 256 530 255 43 545 735 544 278
1 5 265 533 735 545 39 260 546 277
1 5 533 264 542 735 260 99 273 546
1 5 735 542 275 544 546 273 38 276
1 5 545 735 544 278 277 546 276 13
1 5 279 9 204 547 548 209 503 736
1 5 547 204 45 280 736 503 212 549
1 5 154 547 280 100 477 736 549 163
1 5 162 548 736 477 101 281 550 158
1 5 548 209 503 736 281 51 208 550
1 5 736 503 212 549 550 208 102 282
1 5 477 736 549 163 158 550 282 134
1 5 280 45 283 551 549 212 552 737
1 5 551 283 0 237 737 552 243 518
1 5 284 551 237 32 553 737 518 150
1 5 163 549 737 553 134 282 554 286
1 5 549 212 552 737 282 102 285 554
1 5 737 552 243 518 554 285 41 240
1 5 553 737 518 150 286 554 240 95
1 5 155 100 284 555 478 163 553 738
1 5 555 284 32 141 738 553 150 470
1 5 287 555 141 2 556 738 470 149
1 5 164 478 738 556 103 159 557 288
1 5 478 163 553 738 159 134 286 557
1 5 738 553 150 470 557 286 95 145
1 5 556 738 470 149 288 557 145 40
1 5 157 101 158 480 558 294 559 739
1 5 480 158 134 159 739 559 295 560
1 5 160 480 159 103 561 739 560 296
1 5 293 558 739 561 15 289 562 292
1 5 558 294 559 739 289 47 290 562
1 5 739 559 295 560 562 290 104 291
1 5 561 739 560 296 292 562 291 49
1 5 281 51 208 550 563 300 564 740
1 5 550 208 102 282 740 564 301 565
1 5 158 550 282 134 559 740 565 295
1 5 294 563 740 559 47 297 566 290
1 5 563 300 564 740 297 11 298 566
1 5 740 564 301 565 566 298 48 299
1 5 559 740 565 295 290 566 299 104
1 5 282 102 285 554 565 301 567 741
1 5 554 285 41 240 741 567 269 536
1 5 286 554 240 95 568 741 536 263
1 5 295 565 741 568 104 299 569 303
1 5 565 301 567 741 299 48 302 569
1 5 741 567 269 536 569 302 1 266
1 5 568 741 536 263 303 569 266 36
1 5 159 134 286 557 560 295 568 742
1 5 557 286 95 145 742 568 263 531
1 5 288 557 145 40 570 742 531 262
1 5 296 560 742 570 49 291 571 304
1 5 560 295 568 742 291 104 303 571
1 5 742 568 263 531 571 303 36 258
1 5 570 742 531 262 304 571 258 3
1 5 305 16 180 572 573 185 491 743
1 5 572 180 53 306 743 491 188 574
1 5 166 572 306 105 483 743 574 175
1 5 174 573 743 483 106 307 575 170
1 5 573 185 491 743 307 61 184 575
1 5 743 491 188 574 575 184 107 308
1 5 483 743 574 175 170 575 308 135
1 5 306 53 309 576 574 188 577 744
1 5 576 309 19 310 744 577 221 578
1 5 311 576 310 54 579 744 578 210
1 5 175 574 744 579 135 308 580 314
1 5 574 188 577 744 308 107 312 580
1 5 744 577 221 578 580 312 62 313
1 5 579 744 578 210 314 580 313 108
1 5 167 105 311 581 484 175 579 745
1 5 581 311 54 201 745 579 210 500
1 5 315 581 201 9 582 745 500 209
1 5 176 484 745 582 109 171 583 316
1 5 484 175 579 745 171 135 314 583
1 5 745 579 210 500 583 314 108 205
1 5 582 745 500 209 316 583 205 51
1 5 169 106 170 486 584 322 585 746
1 5 486 170 135 171 746 585 323 586
1 5 172 486 171 109 587 746 586 324
1 5 321 584 746 587 10 317 588 320
1 5 584 322 585 746 317 56 318 588
1 5 746 585 323 586 588 318 110 319
1 5 587 746 586 324 320 588 319 59
1 5 307 61 184 575 589 327 590 747
1 5 575 184 107 308 747 590 328 591
1 5 170 575 308 135 585 747 591 323
1 5 322 589 747 585 56 325 592 318
1 5 589 327 590 747 325 22 228 592
1 5 747 590 328 591 592 228 57 326
1 5 585 747 591 323 318 592 326 110
1 5 308 107 312 580 591 328 593 748
1 5 580 312 62 313 748 593 332 594
1 5 314 580 313 108 595 748 594 333
1 5 323 591 748 595 110 326 596 331
1 5 591 328 593 748 326 57 329 596
1 5 748 593 332 594 596 329 25 330
1 5 595 748 594 333 331 596 330 58
1 5 171 135 314 583 586 323 595 749
1 5 583 314 108 205 749 595 333 597
1 5 316 583 205 51 598 749 597 300
1 5 324 586 749 598 59 319 599 335
1 5 586 323 595 749 319 110 331 599
1 5 749 595 333 597 599 331 58 334
1 5 598 749 597 300 335 599 334 11
1 5 336 17 192 600 601 197 497 750
1 5 600 192 64 337 750 497 200 602
1 5 178 600 337 111 489 750 602 187
1 5 186 601 750 489 112 338 603 182
1 5 601 197 497 750 338 69 196 603
1 5 750 497 200 602 603 196 113 339
1 5 489 750 602 187 182 603 339 136
1 5 337 64 340 604 602 200 605 751
1 5 604 340 20 341 751 605 346 606
1 5 342 604 341 65 607 751 606 222
1 5 187 602 751 607 136 339 608 345
1 5 602 200 605 751 339 113 343 608
1 5 751 605 346 606 608 343 70 344
1 5 607 751 606 222 345 608 344 114
1 5 179 111 342 609 490 187 607 752
1 5 609 342 65 213 752 607 222 506
1 5 309 609 213 19 577 752 506 221
1 5 188 490 752 577 107 183 610 312
1 5 490 187 607 752 183 136 345 610
1 5 752 607 222 506 610 345 114 217
1 5 577 752 506 221 312 610 217 62
1 5 181 112 182 492 611 347 612 753
1 5 492 182 136 183 753 612 348 613
1 5 184 492 183 107 590 753 613 328
1 5 327 611 753 590 22 225 511 228
1 5 611 347 612 753 225 66 226 511
1 5 753 612 348 613 511 226 115 227
1 5 590 753 613 328 228 511 227 57
1 5 338 69 196 603 614 352 615 754
1 5 603 196 113 339 754 615 353 616
1 5 182 603 339 136 612 754 616 348
1 5 347 614 754 612 66 349 617 226
1 5 614 352 615 754 349 23 350 617
1 5 754 615 353 616 617 350 67 351
1 5 612 754 616 348 226 617 351 115
1 5 339 113 343 608 616 353 618 755
1 5 608 343 70 344 755 618 357 619
1 5 345 608 344 114 620 755 619 358
1 5 348 616 755 620 115 351 621 356
1 5 616 353 618 755 351 67 354 621
1 5 755 618 357 619 621 354 26 355
1 5 620 755 619 358 356 621 355 68
1 5 183 136 345 610 613 348 620 756
1 5 610 345 114 217 756 620 358 622
1 5 312 610 217 62 593 756 622 332
1 5 328 613 756 593 57 227 623 329
1 5 613 348 620 756 227 115 356 623
1 5 756 620 358 622 623 356 68 359
1 5 593 756 622 332 329 623 359 25
1 5 360 18 361 624 625 366 626 757
1 5 624 361 72 362 757 626 367 627
1 5 190 624 362 116 495 757 627 199
1 5 198 625 757 495 117 363 628 194
1 5 625 366 626 757 363 77 364 628
1 5 757 626 367 627 628 364 118 365
1 5 495 757 627 199 194 628 365 137
1 5 362 72 368 629 627 367 630 758
1 5 629 368 21 369 758 630 374 631
1 5 370 629 369 73 632 758 631 375
1 5 199 627 758 632 137 365 633 373
1 5 627 367 630 758 365 118 371 633
1 5 758 630 374 631 633 371 78 372
1 5 632 758 631 375 373 633 372 119
1 5 191 116 370 634 496 199 632 759
1 5 634 370 73 376 759 632 375 635
1 5 340 634 376 20 605 759 635 346
1 5 200 496 759 605 113 195 636 343
1 5 496 199 632 759 195 137 373 636
1 5 759 632 375 635 636 373 119 377
1 5 605 759 635 346 343 636 377 70
1 5 193 117 194 498 637 381 638 760
1 5 498 194 137 195 760 638 382 639
1 5 196 498 195 113 615 760 639 353
1 5 352 637 760 615 23 378 640 350
1 5 637 381 638 760 378 74 379 640
1 5 760 638 382 639 640 379 120 380
1 5 615 760 639 353 350 640 380 67
1 5 363 77 364 628 641 386 642 761
1 5 628 364 118 365 761 642 387 643
1 5 194 628 365 137 638 761 643 382
1 5 381 641 761 638 74 383 644 379
1 5 641 386 642 761 383 24 384 644
1 5 761 642 387 643 644 384 75 385
1 5 638 761 643 382 379 644 385 120
1 5 365 118 371 633 643 387 645 762
1 5 633 371 78 372 762 645 391 646
1 5 373 633 372 119 647 762 646 392
1 5 382 643 762 647 120 385 648 390
1 5 643 387 645 762 385 75 388 648
1 5 762 645 391 646 648 388 27 389
1 5 647 762 646 392 390 648 389 76
1 5 195 137 373 636 639 382 647 763
1 5 636 373 119 377 763 647 392 649
1 5 343 636 377 70 618 763 649 357
1 5 353 639 763 618 67 380 650 354
1 5 639 382 647 763 380 120 390 650
1 5 763 647 392 649 650 390 76 393
1 5 618 763 649 357 354 650 393 26
1 5 310 19 216 651 578 221 509 764
1 5 651 216 79 394 764 509 224 652
1 5 202 651 394 121 501 764 652 211
1 5 210 578 764 501 108 313 653 206
1 5 578 221 509 764 313 62 220 653
1 5 764 509 224 652 653 220 122 395
1 5 501 764 652 211 206 653 395 138
1 5 394 79 396 654 652 224 655 765
1 5 654 396 4 245 765 655 251 523
1 5 397 654 245 33 656 765 523 244
1 5 211 652 765 656 138 395 657 399
1 5 652 224 655 765 395 122 398 657
1 5 765 655 251 523 657 398 42 248
1 5 656 765 523 244 399 657 248 96
1 5 203 121 397 658 502 211 656 766
1 5 658 397 33 238 766 656 244 519
1 5 283 658 238 0 552 766 519 243
1 5 212 502 766 552 102 207 659 285
1 5 502 211 656 766 207 138 399 659
1 5 766 656 244 519 659 399 96 241
1 5 552 766 519 243 285 659 241 41
1 5 205 108 206 504 597 333 660 767
1 5 504 206 138 207 767 660 402 661
1 5 208 504 207 102 564 767 661 301
1 5 300 597 767 564 11 334 662 298
1 5 597 333 660 767 334 58 400 662
1 5 767 660 402 661 662 400 123 401
1 5 564 767 661 301 298 662 401 48
1 5 313 62 220 653 594 332 663 768
1 5 653 220 122 395 768 663 405 664
1 5 206 653 395 138 660 768 664 402
1 5 333 594 768 660 58 330 665 400
1 5 594 332 663 768 330 25 403 665
1 5 768 663 405 664 665 403 80 404
1 5 660 768 664 402 400 665 404 123
1 5 395 122 398 657 664 405 666 769
1 5 657 398 42 248 769 666 274 540
1 5 399 657 248 96 667 769 540 270
1 5 402 664 769 667 123 404 668 407
1 5 664 405 666 769 404 80 406 668
1 5 769 666 274 540 668 406 6 271
1 5 667 769 540 270 407 668 271 37
1 5 207 138 399 659 661 402 667 770
1 5 659 399 96 241 770 667 270 537
1 5 285 659 241 41 567 770 537 269
1 5 301 661 770 567 48 401 669 302
1 5 661 402 667 770 401 123 407 669
1 5 770 667 270 537 669 407 37 267
1 5 567 770 537 269 302 669 267 1
1 5 341 20 408 670 606 346 671 771
1 5 670 408 81 409 771 671 412 672
1 5 214 670 409 124 507 771 672 223
1 5 222 606 771 507 114 344 673 218
1 5 606 346 671 771 344 70 410 673
1 5 771 671 412 672 673 410 125 411
1 5 507 771 672 223 218 673 411 139
1 5 409 81 413 674 672 412 675 772
1 5 674 413 5 414 772 675 419 676
1 5 415 674 414 82 677 772 676 420
1 5 223 672 772 677 139 411 678 418
1 5 672 412 675 772 411 125 416 678
1 5 772 675 419 676 678 416 85 417
1 5 677 772 676 420 418 678 417 126
1 5 215 124 415 679 508 223 677 773
1 5 679 415 82 421 773 677 420 680
1 5 396 679 421 4 655 773 680 251
1 5 224 508 773 655 122 219 681 398
1 5 508 223 677 773 219 139 418 681
1 5 773 677 420 680 681 418 126 422
1 5 655 773 680 251 398 681 422 42
1 5 217 114 218 510 622 358 682 774
1 5 510 218 139 219 774 682 425 683
1 5 220 510 219 122 663 774 683 405
1 5 332 622 774 663 25 359 684 403
1 5 622 358 682 774 359 68 423 684
1 5 774 682 425 683 684 423 127 424
1 5 663 774 683 405 403 684 424 80
1 5 344 70 410 673 619 357 685 775
1 5 673 410 125 411 775 685 428 686
1 5 218 673 411 139 682 775 686 425
1 5 358 619 775 682 68 355 687 423
1 5 619 357 685 775 355 26 426 687
1 5 775 685 428 686 687 426 83 427
1 5 682 775 686 425 423 687 427 127
1 5 411 125 416 678 686 428 688 776
1 5 678 416 85 417 776 688 432 689
1 5 418 678 417 126 690 776 689 433
1 5 425 686 776 690 127 427 691 431
1 5 686 428 688 776 427 83 429 691
1 5 776 688 432 689 691 429 7 430
1 5 690 776 689 433 431 691 430 84
1 5 219 139 418 681 683 425 690 777
1 5 681 418 126 422 777 690 433 692
1 5 398 681 422 42 666 777 692 274
1 5 405 683 777 666 80 424 693 406
1 5 683 425 690 777 424 127 431 693
1 5 777 690 433 692 693 431 84 434
1 5 666 777 692 274 406 693 434 6
1 5 349 23 350 617 694 438 695 778
1 5 617 350 67 351 778 695 439 696
1 5 226 617 351 115 513 778 696 235
1 5 234 694 778 513 128 435 697 230
1 5 694 438 695 778 435 91 436 697
1 5 778 695 439 696 697 436 129 437
1 5 513 778 696 235 230 697 437 140
1 5 351 67 354 621 696 439 698 779
1 5 621 354 26 355 779 698 443 699
1 5 356 621 355 68 700 779 699 444
1 5 235 696 779 700 140 437 701 442
1 5 696 439 698 779 437 129 440 701
1 5 779 698 443 699 701 440 92 441
1 5 700 779 699 444 442 701 441 130
1 5 227 115 356 623 514 235 700 780
1 5 623 356 68 359 780 700 444 702
1 5 329 623 359 25 703 780 702 447
1 5 236 514 780 703 131 231 704 446
1 5 514 235 700 780 231 140 442 704
1 5 780 700 444 702 704 442 130 445
1 5 703 780 702 447 446 704 445 93
1 5 229 128 230 516 705 453 706 781
1 5 516 230 140 231 781 706 454 707
1 5 232 516 231 131 708 781 707 455
1 5 452 705 781 708 28 448 709 451
1 5 705 453 706 781 448 86 449 709
1 5 781 706 454 707 709 449 132 450
1 5 708 781 707 455 451 709 450 89
1 5 435 91 436 697 710 459 711 782
1 5 697 436 129 437 782 711 460 712
1 5 230 697 437 140 706 782 712 454
1 5 453 710 782 706 86 456 713 449
1 5 710 459 711 782 456 29 457 713
1 5 782 711 460 712 713 457 87 458
1 5 706 782 712 454 449 713 458 132
1 5 437 129 440 701 712 460 714 783
1 5 701 440 92 441 783 714 464 715
1 5 442 701 441 130 716 783 715 465
1 5 454 712 783 716 132 458 717 463
1 5 712 460 714 783 458 87 461 717
1 5 783 714 464 715 717 461 31 462
1 5 716 783 715 465 463 717 462 88
1 5 231 140 442 704 707 454 716 784
1 5 704 442 130 445 784 716 465 718
1 5 446 704 445 93 719 784 718 468
1 5 455 707 784 719 89 450 720 467
1 5 707 454 716 784 450 132 463 720
1 5 784 716 465 718 720 463 88 466
1 5 719 784 718 468 467 720 466 30

boundary
480
59 3 144 469 141 2
59 3 144 2 149 473
59 3 4 246 524 251
59 3 3 258 535 261
59 3 421 4 251 680
59 3 156 475 153 14
59 3 168 8 173 485
59 3 279 9 209 548
59 3 156 14 161 479
59 3 15 289 562 292
59 3 168 481 165 8
59 3 180 487 177 16
59 3 192 493 189 17
59 3 204 499 201 9
59 3 216 505 213 19
59 3 305 16 185 573
59 3 336 17 197 601
59 3 360 18 366 625
59 3 10 317 588 320
59 3 18 361 626 366
59 3 21 369 631 374
59 3 23 378 640 350
59 3 11 334 662 298
59 3 20 408 671 346
59 3 25 359 684 403
59 3 349 23 438 694
59 3 228 22 233 515
59 3 23 350 695 438
59 3 26 355 699 443
59 3 28 448 709 451
59 3 142 517 237 32
59 3 247 522 239 94
59 3 254 527 143 35
59 3 154 547 279 44
59 3 284 551 280 100
59 3 287 555 155 46
59 3 166 572 305 52
59 3 311 576 306 105
59 3 315 581 167 55
59 3 178 600 336 63
59 3 342 604 337 111
59 3 309 609 179 53
59 3 202 651 310 54
59 3 397 654 394 121
59 3 283 658 203 45
59 3 214 670 341 65
59 3 415 674 409 124
59 3 396 679 215 79
59 3 254 35 152 529
59 3 256 98 265 545
59 3 148 40 262 534
59 3 36 266 539 259
59 3 99 268 543 273
59 3 39 260 546 277
59 3 287 46 164 556
59 3 288 103 296 570
59 3 160 50 293 561
59 3 34 253 528 252
59 3 97 255 544 275
59 3 42 249 541 274
59 3 414 82 420 676
59 3 417 126 433 689
59 3 422 42 274 692
59 3 73 376 635 375
59 3 119 377 649 392
59 3 78 372 646 391
59 3 81 413 675 412
59 3 125 416 688 428
59 3 70 410 685 357
59 3 315 55 176 582
59 3 316 109 324 598
59 3 172 60 321 587
59 3 153 44 162 476
59 3 157 101 294 558
59 3 281 51 300 563
59 3 47 297 566 290
59 3 104 299 569 303
59 3 49 291 571 304
59 3 190 624 360 71
59 3 370 629 362 116
59 3 340 634 191 64
59 3 165 52 174 482
59 3 169 106 322 584
59 3 307 61 327 589
59 3 177 63 186 488
59 3 181 112 347 611
59 3 338 69 352 614
59 3 189 71 198 494
59 3 193 117 381 637
59 3 363 77 386 641
59 3 56 325 592 318
59 3 110 326 596 331
59 3 59 319 599 335
59 3 329 57 236 703
59 3 446 131 455 719
59 3 232 90 452 708
59 3 72 368 630 367
59 3 118 371 645 387
59 3 77 364 642 386
59 3 74 383 644 379
59 3 120 385 648 390
59 3 67 380 650 354
59 3 67 354 698 439
59 3 129 440 714 460
59 3 91 436 711 459
59 3 58 330 665 400
59 3 123 404 668 407
59 3 48 401 669 302
59 3 68 355 687 423
59 3 127 427 691 431
59 3 80 424 693 406
59 3 225 66 234 512
59 3 229 128 453 705
59 3 435 91 459 710
59 3 68 359 702 444
59 3 130 445 718 465
59 3 92 441 715 464
59 3 86 456 713 449
59 3 132 458 717 463
59 3 89 450 720 467
59 3 469 142 32 141
59 3 143 94 142 469
59 3 35 143 469 144
59 3 475 154 44 153
59 3 155 100 154 475
59 3 46 155 475 156
59 3 481 166 52 165
59 3 167 105 166 481
59 3 55 167 481 168
59 3 487 178 63 177
59 3 179 111 178 487
59 3 53 179 487 180
59 3 499 202 54 201
59 3 203 121 202 499
59 3 45 203 499 204
59 3 505 214 65 213
59 3 215 124 214 505
59 3 79 215 505 216
59 3 517 238 0 237
59 3 239 33 238 517
59 3 94 239 517 142
59 3 522 245 33 239
59 3 246 4 245 522
59 3 34 246 522 247
59 3 527 247 94 143
59 3 253 34 247 527
59 3 12 253 527 254
59 3 547 204 9 279
59 3 280 45 204 547
59 3 100 280 547 154
59 3 551 283 45 280
59 3 237 0 283 551
59 3 32 237 551 284
59 3 555 284 100 155
59 3 141 32 284 555
59 3 2 141 555 287
59 3 572 180 16 305
59 3 306 53 180 572
59 3 105 306 572 166
59 3 576 309 53 306
59 3 310 19 309 576
59 3 54 310 576 311
59 3 581 311 105 167
59 3 201 54 311 581
59 3 9 201 581 315
59 3 600 192 17 336
59 3 337 64 192 600
59 3 111 337 600 178
59 3 604 340 64 337
59 3 341 20 340 604
59 3 65 341 604 342
59 3 609 342 111 179
59 3 213 65 342 609
59 3 19 213 609 309
59 3 651 216 19 310
59 3 394 79 216 651
59 3 121 394 651 202
59 3 654 396 79 394
59 3 245 4 396 654
59 3 33 245 654 397
59 3 658 397 121 203
59 3 238 33 397 658
59 3 0 238 658 283
59 3 670 408 20 341
59 3 409 81 408 670
59 3 124 409 670 214
59 3 674 413 81 409
59 3 414 5 413 674
59 3 82 414 674 415
59 3 679 415 124 215
59 3 421 82 415 679
59 3 4 421 679 396
59 3 35 144 473 152
59 3 152 473 148 98
59 3 473 149 40 148
59 3 258 36 259 535
59 3 535 259 99 260
59 3 261 535 260 39
59 3 46 156 479 164
59 3 164 479 160 103
59 3 479 161 50 160
59 3 12 254 529 257
59 3 257 529 256 43
59 3 529 152 98 256
59 3 43 256 545 278
59 3 278 545 277 13
59 3 545 265 39 277
59 3 98 148 534 265
59 3 265 534 261 39
59 3 534 262 3 261
59 3 266 1 267 539
59 3 539 267 37 268
59 3 259 539 268 99
59 3 268 37 271 543
59 3 543 271 6 272
59 3 273 543 272 38
59 3 260 99 273 546
59 3 546 273 38 276
59 3 277 546 276 13
59 3 2 287 556 149
59 3 149 556 288 40
59 3 556 164 103 288
59 3 40 288 570 262
59 3 262 570 304 3
59 3 570 296 49 304
59 3 103 160 561 296
59 3 296 561 292 49
59 3 561 293 15 292
59 3 246 34 252 524
59 3 524 252 97 249
59 3 251 524 249 42
59 3 82 421 680 420
59 3 420 680 422 126
59 3 680 251 42 422
59 3 369 73 375 631
59 3 631 375 119 372
59 3 374 631 372 78
59 3 408 81 412 671
59 3 671 412 125 410
59 3 346 671 410 70
59 3 253 12 257 528
59 3 528 257 43 255
59 3 252 528 255 97
59 3 255 43 278 544
59 3 544 278 13 276
59 3 275 544 276 38
59 3 249 97 275 541
59 3 541 275 38 272
59 3 274 541 272 6
59 3 5 414 676 419
59 3 419 676 417 85
59 3 676 420 126 417
59 3 85 417 689 432
59 3 432 689 430 7
59 3 689 433 84 430
59 3 126 422 692 433
59 3 433 692 434 84
59 3 692 274 6 434
59 3 376 20 346 635
59 3 635 346 70 377
59 3 375 635 377 119
59 3 377 70 357 649
59 3 649 357 26 393
59 3 392 649 393 76
59 3 372 119 392 646
59 3 646 392 76 389
59 3 391 646 389 27
59 3 413 5 419 675
59 3 675 419 85 416
59 3 412 675 416 125
59 3 416 85 432 688
59 3 688 432 7 429
59 3 428 688 429 83
59 3 410 125 428 685
59 3 685 428 83 426
59 3 357 685 426 26
59 3 55 168 485 176
59 3 176 485 172 109
59 3 485 173 60 172
59 3 44 279 548 162
59 3 162 548 281 101
59 3 548 209 51 281
59 3 9 315 582 209
59 3 209 582 316 51
59 3 582 176 109 316
59 3 51 316 598 300
59 3 300 598 335 11
59 3 598 324 59 335
59 3 109 172 587 324
59 3 324 587 320 59
59 3 587 321 10 320
59 3 14 153 476 161
59 3 161 476 157 50
59 3 476 162 101 157
59 3 50 157 558 293
59 3 293 558 289 15
59 3 558 294 47 289
59 3 101 281 563 294
59 3 294 563 297 47
59 3 563 300 11 297
59 3 289 47 290 562
59 3 562 290 104 291
59 3 292 562 291 49
59 3 297 11 298 566
59 3 566 298 48 299
59 3 290 566 299 104
59 3 299 48 302 569
59 3 569 302 1 266
59 3 303 569 266 36
59 3 291 104 303 571
59 3 571 303 36 258
59 3 304 571 258 3
59 3 493 190 71 189
59 3 191 116 190 493
59 3 64 191 493 192
59 3 624 361 18 360
59 3 362 72 361 624
59 3 116 362 624 190
59 3 629 368 72 362
59 3 369 21 368 629
59 3 73 369 629 370
59 3 634 370 116 191
59 3 376 73 370 634
59 3 20 376 634 340
59 3 52 305 573 174
59 3 174 573 307 106
59 3 573 185 61 307
59 3 63 336 601 186
59 3 186 601 338 112
59 3 601 197 69 338
59 3 8 165 482 173
59 3 173 482 169 60
59 3 482 174 106 169
59 3 60 169 584 321
59 3 321 584 317 10
59 3 584 322 56 317
59 3 106 307 589 322
59 3 322 589 325 56
59 3 589 327 22 325
59 3 16 177 488 185
59 3 185 488 181 61
59 3 488 186 112 181
59 3 61 181 611 327
59 3 327 611 225 22
59 3 611 347 66 225
59 3 112 338 614 347
59 3 347 614 349 66
59 3 614 352 23 349
59 3 71 360 625 198
59 3 198 625 363 117
59 3 625 366 77 363
59 3 17 189 494 197
59 3 197 494 193 69
59 3 494 198 117 193
59 3 69 193 637 352
59 3 352 637 378 23
59 3 637 381 74 378
59 3 117 363 641 381
59 3 381 641 383 74
59 3 641 386 24 383
59 3 317 56 318 588
59 3 588 318 110 319
59 3 320 588 319 59
59 3 57 228 515 236
59 3 236 515 232 131
59 3 515 233 90 232
59 3 325 22 228 592
59 3 592 228 57 326
59 3 318 592 326 110
59 3 326 57 329 596
59 3 596 329 25 330
59 3 331 596 330 58
59 3 319 110 331 599
59 3 599 331 58 334
59 3 335 599 334 11
59 3 25 329 703 447
59 3 447 703 446 93
59 3 703 236 131 446
59 3 93 446 719 468
59 3 468 719 467 30
59 3 719 455 89 467
59 3 131 232 708 455
59 3 455 708 451 89
59 3 708 452 28 451
59 3 361 72 367 626
59 3 626 367 118 364
59 3 366 626 364 77
59 3 368 21 374 630
59 3 630 374 78 371
59 3 367 630 371 118
59 3 371 78 391 645
59 3 645 391 27 388
59 3 387 645 388 75
59 3 364 118 387 642
59 3 642 387 75 384
59 3 386 642 384 24
59 3 378 74 379 640
59 3 640 379 120 380
59 3 350 640 380 67
59 3 350 67 439 695
59 3 695 439 129 436
59 3 438 695 436 91
59 3 383 24 384 644
59 3 644 384 75 385
59 3 379 644 385 120
59 3 385 75 388 648
59 3 648 388 27 389
59 3 390 648 389 76
59 3 380 120 390 650
59 3 650 390 76 393
59 3 354 650 393 26
59 3 354 26 443 698
59 3 698 443 92 440
59 3 439 698 440 129
59 3 440 92 464 714
59 3 714 464 31 461
59 3 460 714 461 87
59 3 436 129 460 711
59 3 711 460 87 457
59 3 459 711 457 29
59 3 334 58 400 662
59 3 662 400 123 401
59 3 298 662 401 48
59 3 359 68 423 684
59 3 684 423 127 424
59 3 403 684 424 80
59 3 66 349 694 234
59 3 234 694 435 128
59 3 694 438 91 435
59 3 355 68 444 699
59 3 699 444 130 441
59 3 443 699 441 92
59 3 448 86 449 709
59 3 709 449 132 450
59 3 451 709 450 89
59 3 330 25 403 665
59 3 665 403 80 404
59 3 400 665 404 123
59 3 404 80 406 668
59 3 668 406 6 271
59 3 407 668 271 37
59 3 401 123 407 669
59 3 669 407 37 267
59 3 302 669 267 1
59 3 355 26 426 687
59 3 687 426 83 427
59 3 423 687 427 127
59 3 427 83 429 691
59 3 691 429 7 430
59 3 431 691 430 84
59 3 424 127 431 693
59 3 693 431 84 434
59 3 406 693 434 6
59 3 22 225 512 233
59 3 233 512 229 90
59 3 512 234 128 229
59 3 90 229 705 452
59 3 452 705 448 28
59 3 705 453 86 448
59 3 128 435 710 453
59 3 453 710 456 86
59 3 710 459 29 456
59 3 359 25 447 702
59 3 702 447 93 445
59 3 444 702 445 130
59 3 445 93 468 718
59 3 718 468 30 466
59 3 465 718 466 88
59 3 441 130 465 715
59 3 715 465 88 462
59 3 464 715 462 31
59 3 456 29 457 713
59 3 713 457 87 458
59 3 449 713 458 132
59 3 458 87 461 717
59 3 717 461 31 462
59 3 463 717 462 88
59 3 450 132 463 720
59 3 720 463 88 466
59 3 467 720 466 30

vertices
785

nodes
FiniteElementSpace
FiniteElementCollection: H1_3D_P2
VDim: 3
Ordering: 0

0.25513258
0.25513258
0.13464912
0.13464912
0.1716001
0.11108439
0.1716001
0.11108439
0.46850803
0.36407998
0.48293061
0.37107077
0.11052157
0.11052157
0.19040097
0.19444247
0.42529438
0.14590394
0.42529438
0.27585809
0.12755235
0.27585809
0.45397621
0.14953799
0.45397621
0.28596008
0.12909499
0.28596008
0.42529438
0.14590394
0.27585809
0.12755235
0.19489085
0.21336634
0.14106084
0.12258535
0.19489085
0.21336634
0.14106084
0.12258535
0.13464912
0.25513258
0.1716001
0.11052157
0.27724048
0.30960628
0.16252505
0.28275662
0.31310167
0.1645458
0.19242172
0.36757538
0.4469012
0.35057624
0.31996904
0.416294
0.46845341
0.36996814
0.32851542
0.42700069
0.47571932
0.43963529
0.28090909
0.28559916
0.13672814
0.20170522
0.3017571
0.13931649
0.20752753
0.14772096
0.12832367
0.28559916
0.35057624
0.20170522
0.3017571
0.36996814
0.20752753
0.43963529
0.28090909
0.2237291
0.22878009
0.11931837
0.14134225
0.12008969
0.14134225
0.11108439
0.28559916
0.13672814
0.20170522
0.35057624
0.43963529
0.14772096
0.12832367
0.28090909
0.16797584
0.19489085
0.21336634
0.14106084
0.12258535
0.16797584
0.23606566
0.27999855
0.31135398
0.16353542
0.23882374
0.38343512
0.45767731
0.36027219
0.32424223
0.42164735
0.39848442
0.24365219
0.29367813
0.13802232
0.20461638
0.25464231
0.24365219
0.29367813
0.36027219
0.20461638
0.25464231
0.26666769
0.22625459
0.27094088
0.17152373
0.11970403
0.14134225
0.17443489
0.29367813
0.13802232
0.20461638
0.36027219
0.24365219
0.16797584
0.2374447
0.39095977
0.24914725
0.24914725
0.26880429
0.17297931
0.24914725
0.16476999
0.18143335
0.1452806
0.12861724
0.16476999
0.18143335
0.1452806
0.12861724
0.13464912
0.19489085
0.16797584
0.12258535
0.23382072
0.25665307
0.19929535
0.17646301
0.23621014
0.25872163
0.20049006
0.17797857
0.19141135
0.27861951
0.23675518
0.16303023
0.45770461
0.41516816
0.39986456
0.44240102
0.46669831
0.42431854
0.40630356
0.44868333
0.47211367
0.45228925
0.38719744
0.41897068
0.35544677
0.26462567
0.29711421
0.38793531
0.36665671
0.27141269
0.30470972
0.39995374
0.43246484
0.28963864
0.24639972
0.35542421
0.21575155
0.26462567
0.19019017
0.14131604
0.22069955
0.27141269
0.19358478
0.14287164
0.14681245
0.28963864
0.24639972
0.13737523
0.34202451
0.29331836
0.28813698
0.33684313
0.3459088
0.29652326
0.29007913
0.33946468
0.36582768
0.32210564
0.26773599
0.31048013
0.23878166
0.18661448
0.19762642
0.2497936
0.24276273
0.18879784
0.19961695
0.25358184
0.27838359
0.2031608
0.17225152
0.22499185
0.37786665
0.27819971
0.31230523
0.41197217
0.36665671
0.27141269
0.30470972
0.39995374
0.44680575
0.29771761
0.25189478
0.36512017
0.22501171
0.23424946
0.19067109
0.22501171
0.23424946
0.19067109
0.25513258
0.21336634
0.19248322
0.15633047
0.15451834
0.19248322
0.15633047
0.15451834
0.1716001
0.14106084
0.12579121
0.11655346
0.12579121
0.11655346
0.11052157
0.16476999
0.18143335
0.1452806
0.12861724
0.13464912
0.19489085
0.16797584
0.12258535
0.22501171
0.23424946
0.19067109
0.25513258
0.21336634
0.19248322
0.15633047
0.15451834
0.1716001
0.14106084
0.12579121
0.11655346
0.11052157
0.32066023
0.27283597
0.32378696
0.27439934
0.28236943
0.21547826
0.28324328
0.21616777
0.14858708
0.14909227
0.23859955
0.26079018
0.20168477
0.17949414
0.1934321
0.28137759
0.23813422
0.16404061
0.3269137
0.34208622
0.27596271
0.36932308
0.31222783
0.28411713
0.21685729
0.14959746
0.43609779
0.36700568
0.4486563
0.37561598
0.31321717
0.29791357
0.35170208
0.32059064
0.30257566
0.357601
0.39018699
0.39461136
0.47569201
0.43346891
0.41274255
0.45496565
0.47932497
0.46306536
0.39472209
0.42432402
0.46121481
0.38422628
0.44680575
0.36512017
0.32796411
0.30723775
0.36349992
0.28343458
0.32637883
0.3497931
0.39903573
0.21575155
0.19019017
0.22069955
0.19358478
0.13214024
0.16462878
0.22267871
0.13317299
0.16647002
0.22688181
0.12793801
0.29771761
0.25189478
0.22564754
0.14442724
0.1969794
0.14862948
0.1386694
0.13420574
0.16831126
0.23108492
0.12870933
0.20607195
0.2467438
0.35544677
0.38793531
0.29711421
0.36665671
0.39995374
0.30470972
0.43246484
0.35542421
0.31321717
0.23878166
0.22267871
0.32059064
0.24276273
0.22688181
0.27838359
0.2031608
0.16462878
0.16647002
0.22564754
0.27819971
0.1969794
0.29771761
0.25189478
0.37786665
0.41197217
0.31230523
0.44680575
0.36512017
0.32796411
0.2467438
0.23108492
0.28343458
0.20607195
0.16831126
0.24519839
0.24752944
0.1976646
0.24001701
0.19892735
0.24108531
0.29972815
0.29202128
0.26987258
0.25737008
0.24986049
0.22751734
0.2001901
0.24215361
0.12343536
0.14542105
0.12401385
0.14634167
0.1195112
0.11520138
0.12621332
0.15643299
0.11539421
0.12621332
0.15716078
0.11108439
0.14134225
0.15647117
0.15647117
0.19098121
0.20160749
0.1737071
0.12459234
0.14726229
0.11989686
0.11558704
0.12621332
0.15788857
0.11108439
0.14134225
0.15647117
0.22069955
0.14287164
0.19358478
0.14862948
0.1386694
0.13317299
0.16647002
0.22688181
0.12870933
0.20607195
0.24276273
0.32059064
0.28343458
0.35544677
0.26462567
0.29711421
0.38793531
0.43246484
0.28963864
0.24639972
0.35542421
0.21575155
0.14131604
0.19019017
0.14681245
0.13737523
0.13214024
0.16462878
0.22267871
0.12793801
0.2031608
0.23878166
0.31321717
0.27838359
0.15502529
0.16476999
0.18143335
0.1452806
0.12861724
0.15502529
0.21655804
0.23501543
0.25768735
0.19989271
0.17722079
0.2183501
0.42878459
0.46220146
0.41974335
0.40308406
0.44554217
0.43650094
0.32628049
0.36105174
0.26801918
0.30091197
0.39394452
0.33568322
0.20297086
0.21822555
0.26801918
0.19188748
0.14209384
0.20714217
0.31508075
0.34396666
0.29492081
0.28910806
0.3381539
0.31799397
0.21820404
0.24077219
0.18770616
0.19862168
0.25168772
0.22118984
0.34508594
0.37226168
0.2748062
0.30850747
0.40596296
0.33568322
0.2078414
0.22501171
0.23424946
0.19067109
0.2078414
0.17350078
0.19248322
0.15633047
0.15451834
0.17350078
0.1355359
0.12579121
0.11655346
0.1355359
0.16476999
0.18143335
0.1452806
0.12861724
0.15502529
0.22501171
0.23424946
0.19067109
0.2078414
0.19248322
0.15633047
0.15451834
0.17350078
0.12579121
0.11655346
0.1355359
0.2967481
0.3222236
0.27361765
0.29909315
0.24892384
0.28280635
0.21582302
0.24970553
0.18203267
0.14883968
0.18263002
0.23740484
0.2597559
0.20108741
0.17873635
0.22014216
0.32535033
0.34077545
0.27518102
0.3014382
0.2836802
0.21651253
0.25048721
0.14934487
0.18322738
0.40155173
0.44237704
0.37131083
0.41213614
0.33245962
0.3169039
0.30024461
0.35465154
0.33909582
0.37094454
0.39239918
0.37610618
0.47119516
0.42889373
0.40952306
0.45182449
0.44421728
0.45493555
0.40596296
0.37992113
0.42272054
0.32427737
0.3049067
0.36055046
0.34573201
0.34785095
0.39682355
0.38126783
0.20297086
0.21822555
0.19188748
0.20714217
0.17740947
0.13265662
0.1655494
0.22478026
0.1800274
0.26794794
0.27373623
0.37226168
0.2748062
0.30850747
0.22317354
0.14364944
0.19528209
0.21131347
0.13368936
0.16739064
0.22898337
0.18264533
0.24475327
0.27952452
0.32628049
0.36105174
0.39394452
0.30091197
0.33568322
0.26794794
0.3169039
0.24077219
0.22478026
0.27373623
0.17740947
0.1655494
0.1800274
0.22317354
0.2748062
0.19528209
0.21131347
0.37226168
0.40596296
0.30850747
0.34508594
0.32427737
0.24475327
0.22898337
0.27952452
0.16739064
0.18264533
0.27155598
0.24636392
0.27505255
0.21884081
0.19829597
0.24055116
0.22000633
0.26119322
0.26216429
0.29812571
0.2910502
0.32090719
0.25547596
0.24869496
0.27854912
0.19955872
0.24161946
0.22117185
0.26313537
0.15502492
0.1237246
0.14588136
0.15640585
0.13581719
0.1152978
0.12621332
0.15679688
0.13627749
0.17704879
0.15647117
0.17804406
0.18988953
0.20061222
0.22417565
0.12430309
0.14680198
0.15778677
0.11549063
0.12621332
0.15752467
0.1367378
0.15647117
0.17903933
0.22317354
0.14364944
0.19528209
0.20714217
0.13368936
0.16739064
0.22898337
0.1800274
0.24475327
0.32427737
0.27373623
0.36105174
0.26801918
0.30091197
0.39394452
0.32628049
0.21822555
0.14209384
0.19188748
0.20297086
0.13265662
0.1655494
0.22478026
0.17740947
0.24077219
0.3169039
0.26794794
0.15502529
0.21745407
0.43264276
0.33098185
0.20505651
0.31653736
0.21969694
0.34038458
0.2078414
0.17350078
0.1355359
0.15502529
0.2078414
0.17350078
0.1355359
0.29792063
0.24931468
0.18233135
0.21924613
0.30026568
0.25009637
0.1829287
0.40684394
0.33577772
0.37352536
0.44035911
0.41742834
0.34241392
0.378687
0.20505651
0.17871844
0.27084208
0.34038458
0.20922782
0.18133637
0.27663037
0.33098185
0.27084208
0.17871844
0.20922782
0.34038458
0.27663037
0.18133637
0.27330426
0.21942357
0.26167876
0.31945058
0.27680083
0.22058909
0.26264983
0.15571538
0.13604734
0.17754643
0.22268274
0.15709631
0.13650765
0.1785417
0.20922782
0.18133637
0.27663037
0.33098185
0.20505651
0.17871844
0.27084208
0.14970955
0.15989764
0.14182126
0.13163318
0.14970955
0.15989764
0.14182126
0.13163318
0.13464912
0.16476999
0.15502529
0.12861724
0.21211085
0.22518938
0.19651052
0.18343199
0.21321339
0.22623475
0.19733743
0.18431607
0.19090616
0.23441808
0.21700605
0.1768419
0.46310632
0.4432446
0.4355928
0.45545452
0.46715757
0.44742211
0.43909247
0.45882792
0.47031085
0.45995304
0.43071368
0.4439716
0.39037057
0.34086363
0.3571079
0.40661484
0.39675829
0.3460168
0.36246319
0.41320468
0.42887961
0.35824925
0.32863117
0.39093992
0.18082774
0.2093612
0.17214345
0.14360999
0.182519
0.21164103
0.17357518
0.14445315
0.1463582
0.21698855
0.20401368
0.14170494
0.35305225
0.32855263
0.32596194
0.35046156
0.35489717
0.33025201
0.32734563
0.35199079
0.36495383
0.34299558
0.31580905
0.33749852
0.25731988
0.22849285
0.23399882
0.26282585
0.25957789
0.23023457
0.23569233
0.26503565
0.27712084
0.23977693
0.21895049
0.25074066
0.41592143
0.3614763
0.37852906
0.43297419
0.40953372
0.35632313
0.37317377
0.42638435
0.45039098
0.37506417
0.34273526
0.40896757
0.20995128
0.21642656
0.19463737
0.1881621
0.20995128
0.21642656
0.19463737
0.1881621
0.19489085
0.22501171
0.2078414
0.18143335
0.17932347
0.18208594
0.16400956
0.16124709
0.17932347
0.18208594
0.16400956
0.16124709
0.16797584
0.19067109
0.17350078
0.15451834
0.13393297
0.14040825
0.12604468
0.11956941
0.13393297
0.14040825
0.12604468
0.11956941
0.12258535
0.1452806
0.1355359
0.11655346
0.14970955
0.15989764
0.14182126
0.13163318
0.14970955
0.15989764
0.14182126
0.13163318
0.13464912
0.16476999
0.15502529
0.12861724
0.20995128
0.21642656
0.19463737
0.1881621
0.20995128
0.21642656
0.19463737
0.1881621
0.19489085
0.22501171
0.2078414
0.18143335
0.17932347
0.18208594
0.16400956
0.16124709
0.17932347
0.18208594
0.16400956
0.16124709
0.16797584
0.19067109
0.17350078
0.15451834
0.13393297
0.14040825
0.12604468
0.11956941
0.13393297
0.14040825
0.12604468
0.11956941
0.12258535
0.1452806
0.1355359
0.11655346
0.29895035
0.30870417
0.27670059
0.26694677
0.30042156
0.31007211
0.27780399
0.26815343
0.27793
0.32144191
0.29733436
0.25717021
0.25445082
0.26087991
0.23220105
0.22577196
0.25518642
0.26146617
0.23256885
0.2262891
0.23641042
0.27322681
0.24911926
0.21565064
0.1809102
0.19066401
0.16530988
0.15555607
0.18146147
0.19111203
0.16558551
0.15593496
0.16277764
0.19959403
0.18218201
0.14871338
0.21431593
0.22728012
0.19816434
0.18520015
0.21541847
0.22832549
0.19899124
0.18608423
0.19292691
0.23680749
0.21879811
0.17835746
0.30189276
0.31144006
0.27890739
0.26936009
0.30336396
0.312808
0.28001079
0.27056674
0.28068807
0.32456865
0.29967941
0.25923876
0.25592202
0.26205243
0.23293665
0.22680624
0.25665762
0.26263869
0.23330445
0.22732338
0.23778946
0.27479018
0.24990095
0.21634015
0.18201274
0.19156004
0.16586115
0.15631385
0.18256401
0.19200806
0.16613678
0.15669274
0.16378802
0.20078874
0.18277936
0.14921857
0.4414995
0.41882476
0.40835995
0.43103468
0.44733315
0.42461049
0.41329364
0.4360163
0.44959523
0.43923742
0.40419784
0.41745576
0.3752204
0.34973265
0.34208085
0.3675686
0.37925414
0.35354427
0.34521463
0.37092449
0.38531628
0.36915825
0.33411867
0.35317681
0.40807928
0.38540455
0.38056577
0.4032405
0.41102737
0.38830471
0.38296227
0.40568493
0.41763234
0.40147431
0.37223495
0.39129309
0.47120882
0.45159962
0.44259213
0.46220133
0.47526006
0.45577714
0.4460918
