MFEM mesh v1.0

#
# MFEM Geometry Types (see mesh/geom.hpp):
#
# POINT       = 0
# SEGMENT     = 1
# TRIANGLE    = 2
# SQUARE      = 3
# TETRAHEDRON = 4
# CUBE        = 5
#

dimension
3

elements
512
1 5 2 141 469 144 149 470 721 473
1 5 3 153 475 156 161 476 722 479
1 5 8 165 481 168 173 482 723 485
1 5 4 177 487 180 185 488 724 491
1 5 13 189 493 192 197 494 725 497
1 5 20 201 499 204 209 500 726 503
1 5 16 213 505 216 221 506 727 509
1 5 24 225 511 228 233 512 728 515
1 5 32 237 517 142 150 518 729 471
1 5 94 239 522 247 151 520 730 525
1 5 35 143 527 251 152 472 731 528
1 5 40 145 474 148 257 530 732 533
1 5 95 240 521 146 258 535 733 531
1 5 133 242 526 250 259 537 734 541
1 5 98 147 529 252 260 532 735 544
1 5 34 246 546 154 162 524 736 477
1 5 100 273 549 277 163 547 737 552
1 5 46 155 554 282 164 478 738 555
1 5 43 157 480 160 272 543 739 559
1 5 97 249 548 158 270 540 740 557
1 5 134 274 553 280 284 561 741 565
1 5 103 159 556 283 285 558 742 568
1 5 52 296 570 166 174 571 743 483
1 5 105 298 575 306 175 573 744 578
1 5 44 167 580 275 176 484 745 550
1 5 42 169 486 172 269 583 746 560
1 5 106 299 574 170 314 586 747 584
1 5 135 301 579 309 315 588 748 592
1 5 101 171 582 278 287 585 749 563
1 5 45 276 596 178 186 551 750 489
1 5 110 328 600 334 187 598 751 603
1 5 62 179 605 341 188 490 752 607
1 5 51 181 492 184 295 567 753 611
1 5 102 279 599 182 292 564 754 609
1 5 136 330 604 337 348 614 755 618
1 5 113 183 608 343 349 610 756 621
1 5 38 267 562 190 198 623 757 495
1 5 104 286 566 290 199 624 758 628
1 5 49 191 569 294 200 496 759 631
1 5 72 193 498 196 371 633 760 636
1 5 115 361 625 194 372 637 761 634
1 5 137 362 629 365 373 639 762 643
1 5 118 195 632 369 374 635 763 646
1 5 55 316 589 202 210 648 764 501
1 5 109 318 593 323 211 650 765 654
1 5 47 203 595 288 212 502 766 626
1 5 73 205 504 208 377 658 767 638
1 5 120 387 651 206 398 661 768 659
1 5 138 389 655 394 399 663 769 667
1 5 116 207 657 363 378 660 770 641
1 5 68 375 640 214 222 671 771 507
1 5 119 376 644 381 223 672 772 676
1 5 71 215 647 385 224 508 773 679
1 5 85 217 510 220 425 681 774 684
1 5 124 411 673 218 426 686 775 682
1 5 139 412 677 415 427 688 776 692
1 5 127 219 680 419 428 683 777 695
1 5 76 400 664 226 234 697 778 513
1 5 123 402 668 407 235 699 779 703
1 5 69 227 670 379 236 514 780 674
1 5 86 229 516 232 432 707 781 687
1 5 129 442 700 230 456 711 782 708
1 5 140 444 704 449 457 713 783 717
1 5 125 231 706 413 433 709 784 690
1 5 141 32 142 469 470 150 471 721
1 5 469 142 94 143 721 471 151 472
1 5 144 469 143 35 473 721 472 152
1 5 149 470 721 473 40 145 474 148
1 5 470 150 471 721 145 95 146 474
1 5 721 471 151 472 474 146 133 147
1 5 473 721 472 152 148 474 147 98
1 5 153 34 154 475 476 162 477 722
1 5 475 154 100 155 722 477 163 478
1 5 156 475 155 46 479 722 478 164
1 5 161 476 722 479 43 157 480 160
1 5 476 162 477 722 157 97 158 480
1 5 722 477 163 478 480 158 134 159
1 5 479 722 478 164 160 480 159 103
1 5 165 52 166 481 482 174 483 723
1 5 481 166 105 167 723 483 175 484
1 5 168 481 167 44 485 723 484 176
1 5 173 482 723 485 42 169 486 172
1 5 482 174 483 723 169 106 170 486
1 5 723 483 175 484 486 170 135 171
1 5 485 723 484 176 172 486 171 101
1 5 177 45 178 487 488 186 489 724
1 5 487 178 110 179 724 489 187 490
1 5 180 487 179 62 491 724 490 188
1 5 185 488 724 491 51 181 492 184
1 5 488 186 489 724 181 102 182 492
1 5 724 489 187 490 492 182 136 183
1 5 491 724 490 188 184 492 183 113
1 5 189 38 190 493 494 198 495 725
1 5 493 190 104 191 725 495 199 496
1 5 192 493 191 49 497 725 496 200
1 5 197 494 725 497 72 193 498 196
1 5 494 198 495 725 193 115 194 498
1 5 725 495 199 496 498 194 137 195
1 5 497 725 496 200 196 498 195 118
1 5 201 55 202 499 500 210 501 726
1 5 499 202 109 203 726 501 211 502
1 5 204 499 203 47 503 726 502 212
1 5 209 500 726 503 73 205 504 208
1 5 500 210 501 726 205 120 206 504
1 5 726 501 211 502 504 206 138 207
1 5 503 726 502 212 208 504 207 116
1 5 213 68 214 505 506 222 507 727
1 5 505 214 119 215 727 507 223 508
1 5 216 505 215 71 509 727 508 224
1 5 221 506 727 509 85 217 510 220
1 5 506 222 507 727 217 124 218 510
1 5 727 507 223 508 510 218 139 219
1 5 509 727 508 224 220 510 219 127
1 5 225 76 226 511 512 234 513 728
1 5 511 226 123 227 728 513 235 514
1 5 228 511 227 69 515 728 514 236
1 5 233 512 728 515 86 229 516 232
1 5 512 234 513 728 229 129 230 516
1 5 728 513 235 514 516 230 140 231
1 5 515 728 514 236 232 516 231 125
1 5 237 10 238 517 518 243 519 729
1 5 517 238 33 239 729 519 244 520
1 5 142 517 239 94 471 729 520 151
1 5 150 518 729 471 95 240 521 146
1 5 518 243 519 729 240 41 241 521
1 5 729 519 244 520 521 241 96 242
1 5 471 729 520 151 146 521 242 133
1 5 239 33 245 522 520 244 523 730
1 5 522 245 8 246 730 523 173 524
1 5 247 522 246 34 525 730 524 162
1 5 151 520 730 525 133 242 526 250
1 5 520 244 523 730 242 96 248 526
1 5 730 523 173 524 526 248 42 249
1 5 525 730 524 162 250 526 249 97
1 5 143 94 247 527 472 151 525 731
1 5 527 247 34 153 731 525 162 476
1 5 251 527 153 3 528 731 476 161
1 5 152 472 731 528 98 147 529 252
1 5 472 151 525 731 147 133 250 529
1 5 731 525 162 476 529 250 97 157
1 5 528 731 476 161 252 529 157 43
1 5 145 95 146 474 530 258 531 732
1 5 474 146 133 147 732 531 259 532
1 5 148 474 147 98 533 732 532 260
1 5 257 530 732 533 14 253 534 256
1 5 530 258 531 732 253 36 254 534
1 5 732 531 259 532 534 254 99 255
1 5 533 732 532 260 256 534 255 39
1 5 240 41 241 521 535 264 536 733
1 5 521 241 96 242 733 536 265 537
1 5 146 521 242 133 531 733 537 259
1 5 258 535 733 531 36 261 538 254
1 5 535 264 536 733 261 19 262 538
1 5 733 536 265 537 538 262 37 263
1 5 531 733 537 259 254 538 263 99
1 5 242 96 248 526 537 265 539 734
1 5 526 248 42 249 734 539 269 540
1 5 250 526 249 97 541 734 540 270
1 5 259 537 734 541 99 263 542 268
1 5 537 265 539 734 263 37 266 542
1 5 734 539 269 540 542 266 20 267
1 5 541 734 540 270 268 542 267 38
1 5 147 133 250 529 532 259 541 735
1 5 529 250 97 157 735 541 270 543
1 5 252 529 157 43 544 735 543 272
1 5 260 532 735 544 39 255 545 271
1 5 532 259 541 735 255 99 268 545
1 5 735 541 270 543 545 268 38 189
1 5 544 735 543 272 271 545 189 13
1 5 246 8 168 546 524 173 485 736
1 5 546 168 44 273 736 485 176 547
1 5 154 546 273 100 477 736 547 163
1 5 162 524 736 477 97 249 548 158
1 5 524 173 485 736 249 42 172 548
1 5 736 485 176 547 548 172 101 274
1 5 477 736 547 163 158 548 274 134
1 5 273 44 275 549 547 176 550 737
1 5 549 275 6 276 737 550 281 551
1 5 277 549 276 45 552 737 551 186
1 5 163 547 737 552 134 274 553 280
1 5 547 176 550 737 274 101 278 553
1 5 737 550 281 551 553 278 50 279
1 5 552 737 551 186 280 553 279 102
1 5 155 100 277 554 478 163 552 738
1 5 554 277 45 177 738 552 186 488
1 5 282 554 177 4 555 738 488 185
1 5 164 478 738 555 103 159 556 283
1 5 478 163 552 738 159 134 280 556
1 5 738 552 186 488 556 280 102 181
1 5 555 738 488 185 283 556 181 51
1 5 157 97 158 480 543 270 557 739
1 5 480 158 134 159 739 557 284 558
1 5 160 480 159 103 559 739 558 285
1 5 272 543 739 559 13 189 493 192
1 5 543 270 557 739 189 38 190 493
1 5 739 557 284 558 493 190 104 191
1 5 559 739 558 285 192 493 191 49
1 5 249 42 172 548 540 269 560 740
1 5 548 172 101 274 740 560 287 561
1 5 158 548 274 134 557 740 561 284
1 5 270 540 740 557 38 267 562 190
1 5 540 269 560 740 267 20 204 562
1 5 740 560 287 561 562 204 47 286
1 5 557 740 561 284 190 562 286 104
1 5 274 101 278 553 561 287 563 741
1 5 553 278 50 279 741 563 291 564
1 5 280 553 279 102 565 741 564 292
1 5 284 561 741 565 104 286 566 290
1 5 561 287 563 741 286 47 288 566
1 5 741 563 291 564 566 288 22 289
1 5 565 741 564 292 290 566 289 48
1 5 159 134 280 556 558 284 565 742
1 5 556 280 102 181 742 565 292 567
1 5 283 556 181 51 568 742 567 295
1 5 285 558 742 568 49 191 569 294
1 5 558 284 565 742 191 104 290 569
1 5 742 565 292 567 569 290 48 293
1 5 568 742 567 295 294 569 293 12
1 5 296 9 297 570 571 302 572 743
1 5 570 297 53 298 743 572 303 573
1 5 166 570 298 105 483 743 573 175
1 5 174 571 743 483 106 299 574 170
1 5 571 302 572 743 299 58 300 574
1 5 743 572 303 573 574 300 107 301
1 5 483 743 573 175 170 574 301 135
1 5 298 53 304 575 573 303 576 744
1 5 575 304 7 305 744 576 310 577
1 5 306 575 305 54 578 744 577 311
1 5 175 573 744 578 135 301 579 309
1 5 573 303 576 744 301 107 307 579
1 5 744 576 310 577 579 307 59 308
1 5 578 744 577 311 309 579 308 108
1 5 167 105 306 580 484 175 578 745
1 5 580 306 54 312 745 578 311 581
1 5 275 580 312 6 550 745 581 281
1 5 176 484 745 550 101 171 582 278
1 5 484 175 578 745 171 135 309 582
1 5 745 578 311 581 582 309 108 313
1 5 550 745 581 281 278 582 313 50
1 5 169 106 170 486 583 314 584 746
1 5 486 170 135 171 746 584 315 585
1 5 172 486 171 101 560 746 585 287
1 5 269 583 746 560 20 201 499 204
1 5 583 314 584 746 201 55 202 499
1 5 746 584 315 585 499 202 109 203
1 5 560 746 585 287 204 499 203 47
1 5 299 58 300 574 586 319 587 747
1 5 574 300 107 301 747 587 320 588
1 5 170 574 301 135 584 747 588 315
1 5 314 586 747 584 55 316 589 202
1 5 586 319 587 747 316 21 317 589
1 5 747 587 320 588 589 317 56 318
1 5 584 747 588 315 202 589 318 109
1 5 301 107 307 579 588 320 590 748
1 5 579 307 59 308 748 590 324 591
1 5 309 579 308 108 592 748 591 325
1 5 315 588 748 592 109 318 593 323
1 5 588 320 590 748 318 56 321 593
1 5 748 590 324 591 593 321 23 322
1 5 592 748 591 325 323 593 322 57
1 5 171 135 309 582 585 315 592 749
1 5 582 309 108 313 749 592 325 594
1 5 278 582 313 50 563 749 594 291
1 5 287 585 749 563 47 203 595 288
1 5 585 315 592 749 203 109 323 595
1 5 749 592 325 594 595 323 57 326
1 5 563 749 594 291 288 595 326 22
1 5 276 6 327 596 551 281 597 750
1 5 596 327 60 328 750 597 331 598
1 5 178 596 328 110 489 750 598 187
1 5 186 551 750 489 102 279 599 182
1 5 551 281 597 750 279 50 329 599
1 5 750 597 331 598 599 329 111 330
1 5 489 750 598 187 182 599 330 136
1 5 328 60 332 600 598 331 601 751
1 5 600 332 1 333 751 601 338 602
1 5 334 600 333 61 603 751 602 339
1 5 187 598 751 603 136 330 604 337
1 5 598 331 601 751 330 111 335 604
1 5 751 601 338 602 604 335 66 336
1 5 603 751 602 339 337 604 336 112
1 5 179 110 334 605 490 187 603 752
1 5 605 334 61 340 752 603 339 606
1 5 341 605 340 0 607 752 606 344
1 5 188 490 752 607 113 183 608 343
1 5 490 187 603 752 183 136 337 608
1 5 752 603 339 606 608 337 112 342
1 5 607 752 606 344 343 608 342 67
1 5 181 102 182 492 567 292 609 753
1 5 492 182 136 183 753 609 348 610
1 5 184 492 183 113 611 753 610 349
1 5 295 567 753 611 12 293 612 347
1 5 567 292 609 753 293 48 345 612
1 5 753 609 348 610 612 345 114 346
1 5 611 753 610 349 347 612 346 65
1 5 279 50 329 599 564 291 613 754
1 5 599 329 111 330 754 613 352 614
1 5 182 599 330 136 609 754 614 348
1 5 292 564 754 609 48 289 615 345
1 5 564 291 613 754 289 22 350 615
1 5 754 613 352 614 615 350 63 351
1 5 609 754 614 348 345 615 351 114
1 5 330 111 335 604 614 352 616 755
1 5 604 335 66 336 755 616 356 617
1 5 337 604 336 112 618 755 617 357
1 5 348 614 755 618 114 351 619 355
1 5 614 352 616 755 351 63 353 619
1 5 755 616 356 617 619 353 11 354
1 5 618 755 617 357 355 619 354 64
1 5 183 136 337 608 610 348 618 756
1 5 608 337 112 342 756 618 357 620
1 5 343 608 342 67 621 756 620 360
1 5 349 610 756 621 65 346 622 359
1 5 610 348 618 756 346 114 355 622
1 5 756 618 357 620 622 355 64 358
1 5 621 756 620 360 359 622 358 5
1 5 267 20 204 562 623 209 503 757
1 5 562 204 47 286 757 503 212 624
1 5 190 562 286 104 495 757 624 199
1 5 198 623 757 495 115 361 625 194
1 5 623 209 503 757 361 73 208 625
1 5 757 503 212 624 625 208 116 362
1 5 495 757 624 199 194 625 362 137
1 5 286 47 288 566 624 212 626 758
1 5 566 288 22 289 758 626 366 627
1 5 290 566 289 48 628 758 627 367
1 5 199 624 758 628 137 362 629 365
1 5 624 212 626 758 362 116 363 629
1 5 758 626 366 627 629 363 74 364
1 5 628 758 627 367 365 629 364 117
1 5 191 104 290 569 496 199 628 759
1 5 569 290 48 293 759 628 367 630
1 5 294 569 293 12 631 759 630 370
1 5 200 496 759 631 118 195 632 369
1 5 496 199 628 759 195 137 365 632
1 5 759 628 367 630 632 365 117 368
1 5 631 759 630 370 369 632 368 75
1 5 193 115 194 498 633 372 634 760
1 5 498 194 137 195 760 634 373 635
1 5 196 498 195 118 636 760 635 374
1 5 371 633 760 636 16 213 505 216
1 5 633 372 634 760 213 68 214 505
1 5 760 634 373 635 505 214 119 215
1 5 636 760 635 374 216 505 215 71
1 5 361 73 208 625 637 377 638 761
1 5 625 208 116 362 761 638 378 639
1 5 194 625 362 137 634 761 639 373
1 5 372 637 761 634 68 375 640 214
1 5 637 377 638 761 375 24 228 640
1 5 761 638 378 639 640 228 69 376
1 5 634 761 639 373 214 640 376 119
1 5 362 116 363 629 639 378 641 762
1 5 629 363 74 364 762 641 382 642
1 5 365 629 364 117 643 762 642 383
1 5 373 639 762 643 119 376 644 381
1 5 639 378 641 762 376 69 379 644
1 5 762 641 382 642 644 379 26 380
1 5 643 762 642 383 381 644 380 70
1 5 195 137 365 632 635 373 643 763
1 5 632 365 117 368 763 643 383 645
1 5 369 632 368 75 646 763 645 386
1 5 374 635 763 646 71 215 647 385
1 5 635 373 643 763 215 119 381 647
1 5 763 643 383 645 647 381 70 384
1 5 646 763 645 386 385 647 384 15
1 5 316 21 317 589 648 390 649 764
1 5 589 317 56 318 764 649 391 650
1 5 202 589 318 109 501 764 650 211
1 5 210 648 764 501 120 387 651 206
1 5 648 390 649 764 387 79 388 651
1 5 764 649 391 650 651 388 121 389
1 5 501 764 650 211 206 651 389 138
1 5 318 56 321 593 650 391 652 765
1 5 593 321 23 322 765 652 395 653
1 5 323 593 322 57 654 765 653 396
1 5 211 650 765 654 138 389 655 394
1 5 650 391 652 765 389 121 392 655
1 5 765 652 395 653 655 392 80 393
1 5 654 765 653 396 394 655 393 122
1 5 203 109 323 595 502 211 654 766
1 5 595 323 57 326 766 654 396 656
1 5 288 595 326 22 626 766 656 366
1 5 212 502 766 626 116 207 657 363
1 5 502 211 654 766 207 138 394 657
1 5 766 654 396 656 657 394 122 397
1 5 626 766 656 366 363 657 397 74
1 5 205 120 206 504 658 398 659 767
1 5 504 206 138 207 767 659 399 660
1 5 208 504 207 116 638 767 660 378
1 5 377 658 767 638 24 225 511 228
1 5 658 398 659 767 225 76 226 511
1 5 767 659 399 660 511 226 123 227
1 5 638 767 660 378 228 511 227 69
1 5 387 79 388 651 661 403 662 768
1 5 651 388 121 389 768 662 404 663
1 5 206 651 389 138 659 768 663 399
1 5 398 661 768 659 76 400 664 226
1 5 661 403 662 768 400 25 401 664
1 5 768 662 404 663 664 401 77 402
1 5 659 768 663 399 226 664 402 123
1 5 389 121 392 655 663 404 665 769
1 5 655 392 80 393 769 665 408 666
1 5 394 655 393 122 667 769 666 409
1 5 399 663 769 667 123 402 668 407
1 5 663 404 665 769 402 77 405 668
1 5 769 665 408 666 668 405 27 406
1 5 667 769 666 409 407 668 406 78
1 5 207 138 394 657 660 399 667 770
1 5 657 394 122 397 770 667 409 669
1 5 363 657 397 74 641 770 669 382
1 5 378 660 770 641 69 227 670 379
1 5 660 399 667 770 227 123 407 670
1 5 770 667 409 669 670 407 78 410
1 5 641 770 669 382 379 670 410 26
1 5 375 24 228 640 671 233 515 771
1 5 640 228 69 376 771 515 236 672
1 5 214 640 376 119 507 771 672 223
1 5 222 671 771 507 124 411 673 218
1 5 671 233 515 771 411 86 232 673
1 5 771 515 236 672 673 232 125 412
1 5 507 771 672 223 218 673 412 139
1 5 376 69 379 644 672 236 674 772
1 5 644 379 26 380 772 674 416 675
1 5 381 644 380 70 676 772 675 417
1 5 223 672 772 676 139 412 677 415
1 5 672 236 674 772 412 125 413 677
1 5 772 674 416 675 677 413 87 414
1 5 676 772 675 417 415 677 414 126
1 5 215 119 381 647 508 223 676 773
1 5 647 381 70 384 773 676 417 678
1 5 385 647 384 15 679 773 678 420
1 5 224 508 773 679 127 219 680 419
1 5 508 223 676 773 219 139 415 680
1 5 773 676 417 678 680 415 126 418
1 5 679 773 678 420 419 680 418 88
1 5 217 124 218 510 681 426 682 774
1 5 510 218 139 219 774 682 427 683
1 5 220 510 219 127 684 774 683 428
1 5 425 681 774 684 18 421 685 424
1 5 681 426 682 774 421 81 422 685
1 5 774 682 427 683 685 422 128 423
1 5 684 774 683 428 424 685 423 84
1 5 411 86 232 673 686 432 687 775
1 5 673 232 125 412 775 687 433 688
1 5 218 673 412 139 682 775 688 427
1 5 426 686 775 682 81 429 689 422
1 5 686 432 687 775 429 28 430 689
1 5 775 687 433 688 689 430 82 431
1 5 682 775 688 427 422 689 431 128
1 5 412 125 413 677 688 433 690 776
1 5 677 413 87 414 776 690 437 691
1 5 415 677 414 126 692 776 691 438
1 5 427 688 776 692 128 431 693 436
1 5 688 433 690 776 431 82 434 693
1 5 776 690 437 691 693 434 30 435
1 5 692 776 691 438 436 693 435 83
1 5 219 139 415 680 683 427 692 777
1 5 680 415 126 418 777 692 438 694
1 5 419 680 418 88 695 777 694 441
1 5 428 683 777 695 84 423 696 440
1 5 683 427 692 777 423 128 436 696
1 5 777 692 438 694 696 436 83 439
1 5 695 777 694 441 440 696 439 17
1 5 400 25 401 664 697 445 698 778
1 5 664 401 77 402 778 698 446 699
1 5 226 664 402 123 513 778 699 235
1 5 234 697 778 513 129 442 700 230
1 5 697 445 698 778 442 92 443 700
1 5 778 698 446 699 700 443 130 444
1 5 513 778 699 235 230 700 444 140
1 5 402 77 405 668 699 446 701 779
1 5 668 405 27 406 779 701 450 702
1 5 407 668 406 78 703 779 702 451
1 5 235 699 779 703 140 444 704 449
1 5 699 446 701 779 444 130 447 704
1 5 779 701 450 702 704 447 93 448
1 5 703 779 702 451 449 704 448 131
1 5 227 123 407 670 514 235 703 780
1 5 670 407 78 410 780 703 451 705
1 5 379 670 410 26 674 780 705 416
1 5 236 514 780 674 125 231 706 413
1 5 514 235 703 780 231 140 449 706
1 5 780 703 451 705 706 449 131 452
1 5 674 780 705 416 413 706 452 87
1 5 229 129 230 516 707 456 708 781
1 5 516 230 140 231 781 708 457 709
1 5 232 516 231 125 687 781 709 433
1 5 432 707 781 687 28 453 710 430
1 5 707 456 708 781 453 89 454 710
1 5 781 708 457 709 710 454 132 455
1 5 687 781 709 433 430 710 455 82
1 5 442 92 443 700 711 461 712 782
1 5 700 443 130 444 782 712 462 713
1 5 230 700 444 140 708 782 713 457
1 5 456 711 782 708 89 458 714 454
1 5 711 461 712 782 458 29 459 714
1 5 782 712 462 713 714 459 90 460
1 5 708 782 713 457 454 714 460 132
1 5 444 130 447 704 713 462 715 783
1 5 704 447 93 448 783 715 466 716
1 5 449 704 448 131 717 783 716 467
1 5 457 713 783 717 132 460 718 465
1 5 713 462 715 783 460 90 463 718
1 5 783 715 466 716 718 463 31 464
1 5 717 783 716 467 465 718 464 91
1 5 231 140 449 706 709 457 717 784
1 5 706 449 131 452 784 717 467 719
1 5 413 706 452 87 690 784 719 437
1 5 433 709 784 690 82 455 720 434
1 5 709 457 717 784 455 132 465 720
1 5 784 717 467 719 720 465 91 468
1 5 690 784 719 437 434 720 468 30

boundary
480
1 3 3 153 527 251
1 3 4 177 554 282
1 3 6 312 580 275
1 3 0 340 605 341
1 3 34 246 522 247
1 3 94 239 517 142
1 3 35 143 469 144
1 3 45 276 549 277
1 3 100 273 546 154
1 3 46 155 475 156
1 3 54 305 575 306
1 3 105 298 570 166
1 3 44 167 481 168
1 3 61 333 600 334
1 3 110 328 596 178
1 3 62 179 487 180
1 3 153 34 247 527
1 3 527 247 94 143
1 3 251 527 143 35
1 3 177 45 277 554
1 3 554 277 100 155
1 3 282 554 155 46
1 3 312 54 306 580
1 3 580 306 105 167
1 3 275 580 167 44
1 3 340 61 334 605
1 3 605 334 110 179
1 3 341 605 179 62
1 3 246 8 245 522
1 3 522 245 33 239
1 3 247 522 239 94
1 3 239 33 238 517
1 3 517 238 10 237
1 3 142 517 237 32
1 3 143 94 142 469
1 3 469 142 32 141
1 3 144 469 141 2
1 3 276 6 275 549
1 3 549 275 44 273
1 3 277 549 273 100
1 3 273 44 168 546
1 3 546 168 8 246
1 3 154 546 246 34
1 3 155 100 154 475
1 3 475 154 34 153
1 3 156 475 153 3
1 3 305 7 304 575
1 3 575 304 53 298
1 3 306 575 298 105
1 3 298 53 297 570
1 3 570 297 9 296
1 3 166 570 296 52
1 3 167 105 166 481
1 3 481 166 52 165
1 3 168 481 165 8
1 3 333 1 332 600
1 3 600 332 60 328
1 3 334 600 328 110
1 3 328 60 327 596
1 3 596 327 6 276
1 3 178 596 276 45
1 3 179 110 178 487
1 3 487 178 45 177
1 3 180 487 177 4
9 3 237 10 243 518
9 3 10 238 519 243
9 3 3 251 528 161
9 3 14 253 534 256
9 3 296 9 302 571
9 3 4 282 555 185
9 3 9 297 572 302
9 3 7 305 577 310
9 3 6 327 597 281
9 3 1 333 602 338
9 3 0 341 607 344
9 3 12 293 612 347
9 3 267 20 209 623
9 3 316 21 390 648
9 3 22 289 627 366
9 3 12 294 631 370
9 3 21 317 649 390
9 3 23 322 653 395
9 3 375 24 233 671
9 3 400 25 445 697
9 3 26 380 675 416
9 3 15 385 679 420
9 3 18 421 685 424
9 3 25 401 698 445
9 3 27 406 702 450
9 3 28 453 710 430
9 3 141 32 150 470
9 3 145 95 258 530
9 3 240 41 264 535
9 3 35 144 473 152
9 3 98 148 533 260
9 3 43 252 544 272
9 3 36 261 538 254
9 3 99 263 542 268
9 3 39 255 545 271
9 3 189 38 198 494
9 3 193 115 372 633
9 3 361 73 377 637
9 3 33 245 523 244
9 3 96 248 539 265
9 3 41 241 536 264
9 3 165 52 174 482
9 3 169 106 314 583
9 3 299 58 319 586
9 3 201 55 210 500
9 3 205 120 398 658
9 3 387 79 403 661
9 3 46 156 479 164
9 3 103 160 559 285
9 3 51 283 568 295
9 3 49 192 497 200
9 3 118 196 636 374
9 3 75 369 646 386
9 3 53 304 576 303
9 3 107 307 590 320
9 3 58 300 587 319
9 3 56 321 652 391
9 3 121 392 665 404
9 3 79 388 662 403
9 3 54 312 581 311
9 3 108 313 594 325
9 3 59 308 591 324
9 3 60 332 601 331
9 3 111 335 616 352
9 3 50 329 613 291
9 3 57 326 656 396
9 3 122 397 669 409
9 3 80 393 666 408
9 3 61 340 606 339
9 3 112 342 620 357
9 3 66 336 617 356
9 3 62 180 491 188
9 3 113 184 611 349
9 3 67 343 621 360
9 3 48 289 615 345
9 3 114 351 619 355
9 3 65 346 622 359
9 3 48 293 630 367
9 3 117 368 645 383
9 3 74 364 642 382
9 3 213 68 222 506
9 3 217 124 426 681
9 3 411 86 432 686
9 3 225 76 234 512
9 3 229 129 456 707
9 3 442 92 461 711
9 3 70 384 678 417
9 3 126 418 694 438
9 3 87 414 691 437
9 3 78 410 705 451
9 3 131 452 719 467
9 3 93 448 716 466
9 3 71 216 509 224
9 3 127 220 684 428
9 3 88 419 695 441
9 3 81 429 689 422
9 3 128 431 693 436
9 3 84 423 696 440
9 3 89 458 714 454
9 3 132 460 718 465
9 3 82 455 720 434
9 3 77 405 701 446
9 3 130 447 715 462
9 3 92 443 712 461
9 3 32 237 518 150
9 3 150 518 240 95
9 3 518 243 41 240
9 3 251 35 152 528
9 3 528 152 98 252
9 3 161 528 252 43
9 3 253 36 254 534
9 3 534 254 99 255
9 3 256 534 255 39
9 3 38 267 623 198
9 3 198 623 361 115
9 3 623 209 73 361
9 3 2 141 470 149
9 3 149 470 145 40
9 3 470 150 95 145
9 3 40 145 530 257
9 3 257 530 253 14
9 3 530 258 36 253
9 3 95 240 535 258
9 3 258 535 261 36
9 3 535 264 19 261
9 3 144 2 149 473
9 3 473 149 40 148
9 3 152 473 148 98
9 3 148 40 257 533
9 3 533 257 14 256
9 3 260 533 256 39
9 3 252 98 260 544
9 3 544 260 39 271
9 3 272 544 271 13
9 3 261 19 262 538
9 3 538 262 37 263
9 3 254 538 263 99
9 3 263 37 266 542
9 3 542 266 20 267
9 3 268 542 267 38
9 3 255 99 268 545
9 3 545 268 38 189
9 3 271 545 189 13
9 3 13 189 494 197
9 3 197 494 193 72
9 3 494 198 115 193
9 3 72 193 633 371
9 3 371 633 213 16
9 3 633 372 68 213
9 3 115 361 637 372
9 3 372 637 375 68
9 3 637 377 24 375
9 3 238 33 244 519
9 3 519 244 96 241
9 3 243 519 241 41
9 3 52 296 571 174
9 3 174 571 299 106
9 3 571 302 58 299
9 3 55 316 648 210
9 3 210 648 387 120
9 3 648 390 79 387
9 3 245 8 173 523
9 3 523 173 42 248
9 3 244 523 248 96
9 3 248 42 269 539
9 3 539 269 20 266
9 3 265 539 266 37
9 3 241 96 265 536
9 3 536 265 37 262
9 3 264 536 262 19
9 3 8 165 482 173
9 3 173 482 169 42
9 3 482 174 106 169
9 3 42 169 583 269
9 3 269 583 201 20
9 3 583 314 55 201
9 3 106 299 586 314
9 3 314 586 316 55
9 3 586 319 21 316
9 3 20 201 500 209
9 3 209 500 205 73
9 3 500 210 120 205
9 3 73 205 658 377
9 3 377 658 225 24
9 3 658 398 76 225
9 3 120 387 661 398
9 3 398 661 400 76
9 3 661 403 25 400
9 3 282 46 164 555
9 3 555 164 103 283
9 3 185 555 283 51
9 3 294 49 200 631
9 3 631 200 118 369
9 3 370 631 369 75
9 3 156 3 161 479
9 3 479 161 43 160
9 3 164 479 160 103
9 3 160 43 272 559
9 3 559 272 13 192
9 3 285 559 192 49
9 3 283 103 285 568
9 3 568 285 49 294
9 3 295 568 294 12
9 3 192 13 197 497
9 3 497 197 72 196
9 3 200 497 196 118
9 3 196 72 371 636
9 3 636 371 16 216
9 3 374 636 216 71
9 3 369 118 374 646
9 3 646 374 71 385
9 3 386 646 385 15
9 3 297 53 303 572
9 3 572 303 107 300
9 3 302 572 300 58
9 3 317 56 391 649
9 3 649 391 121 388
9 3 390 649 388 79
9 3 304 7 310 576
9 3 576 310 59 307
9 3 303 576 307 107
9 3 307 59 324 590
9 3 590 324 23 321
9 3 320 590 321 56
9 3 300 107 320 587
9 3 587 320 56 317
9 3 319 587 317 21
9 3 321 23 395 652
9 3 652 395 80 392
9 3 391 652 392 121
9 3 392 80 408 665
9 3 665 408 27 405
9 3 404 665 405 77
9 3 388 121 404 662
9 3 662 404 77 401
9 3 403 662 401 25
9 3 305 54 311 577
9 3 577 311 108 308
9 3 310 577 308 59
9 3 327 60 331 597
9 3 597 331 111 329
9 3 281 597 329 50
9 3 322 57 396 653
9 3 653 396 122 393
9 3 395 653 393 80
9 3 312 6 281 581
9 3 581 281 50 313
9 3 311 581 313 108
9 3 313 50 291 594
9 3 594 291 22 326
9 3 325 594 326 57
9 3 308 108 325 591
9 3 591 325 57 322
9 3 324 591 322 23
9 3 332 1 338 601
9 3 601 338 66 335
9 3 331 601 335 111
9 3 335 66 356 616
9 3 616 356 11 353
9 3 352 616 353 63
9 3 329 111 352 613
9 3 613 352 63 350
9 3 291 613 350 22
9 3 326 22 366 656
9 3 656 366 74 397
9 3 396 656 397 122
9 3 397 74 382 669
9 3 669 382 26 410
9 3 409 669 410 78
9 3 393 122 409 666
9 3 666 409 78 406
9 3 408 666 406 27
9 3 333 61 339 602
9 3 602 339 112 336
9 3 338 602 336 66
9 3 341 62 188 607
9 3 607 188 113 343
9 3 344 607 343 67
9 3 293 48 345 612
9 3 612 345 114 346
9 3 347 612 346 65
9 3 289 48 367 627
9 3 627 367 117 364
9 3 366 627 364 74
9 3 340 0 344 606
9 3 606 344 67 342
9 3 339 606 342 112
9 3 342 67 360 620
9 3 620 360 5 358
9 3 357 620 358 64
9 3 336 112 357 617
9 3 617 357 64 354
9 3 356 617 354 11
9 3 180 4 185 491
9 3 491 185 51 184
9 3 188 491 184 113
9 3 184 51 295 611
9 3 611 295 12 347
9 3 349 611 347 65
9 3 343 113 349 621
9 3 621 349 65 359
9 3 360 621 359 5
9 3 289 22 350 615
9 3 615 350 63 351
9 3 345 615 351 114
9 3 351 63 353 619
9 3 619 353 11 354
9 3 355 619 354 64
9 3 346 114 355 622
9 3 622 355 64 358
9 3 359 622 358 5
9 3 293 12 370 630
9 3 630 370 75 368
9 3 367 630 368 117
9 3 368 75 386 645
9 3 645 386 15 384
9 3 383 645 384 70
9 3 364 117 383 642
9 3 642 383 70 380
9 3 382 642 380 26
9 3 68 375 671 222
9 3 222 671 411 124
9 3 671 233 86 411
9 3 16 213 506 221
9 3 221 506 217 85
9 3 506 222 124 217
9 3 85 217 681 425
9 3 425 681 421 18
9 3 681 426 81 421
9 3 124 411 686 426
9 3 426 686 429 81
9 3 686 432 28 429
9 3 76 400 697 234
9 3 234 697 442 129
9 3 697 445 92 442
9 3 24 225 512 233
9 3 233 512 229 86
9 3 512 234 129 229
9 3 86 229 707 432
9 3 432 707 453 28
9 3 707 456 89 453
9 3 129 442 711 456
9 3 456 711 458 89
9 3 711 461 29 458
9 3 380 70 417 675
9 3 675 417 126 414
9 3 416 675 414 87
9 3 406 78 451 702
9 3 702 451 131 448
9 3 450 702 448 93
9 3 384 15 420 678
9 3 678 420 88 418
9 3 417 678 418 126
9 3 418 88 441 694
9 3 694 441 17 439
9 3 438 694 439 83
9 3 414 126 438 691
9 3 691 438 83 435
9 3 437 691 435 30
9 3 410 26 416 705
9 3 705 416 87 452
9 3 451 705 452 131
9 3 452 87 437 719
9 3 719 437 30 468
9 3 467 719 468 91
9 3 448 131 467 716
9 3 716 467 91 464
9 3 466 716 464 31
9 3 385 71 224 679
9 3 679 224 127 419
9 3 420 679 419 88
9 3 216 16 221 509
9 3 509 221 85 220
9 3 224 509 220 127
9 3 220 85 425 684
9 3 684 425 18 424
9 3 428 684 424 84
9 3 419 127 428 695
9 3 695 428 84 440
9 3 441 695 440 17
9 3 421 81 422 685
9 3 685 422 128 423
9 3 424 685 423 84
9 3 453 89 454 710
9 3 710 454 132 455
9 3 430 710 455 82
9 3 429 28 430 689
9 3 689 430 82 431
9 3 422 689 431 128
9 3 431 82 434 693
9 3 693 434 30 435
9 3 436 693 435 83
9 3 423 128 436 696
9 3 696 436 83 439
9 3 440 696 439 17
9 3 458 29 459 714
9 3 714 459 90 460
9 3 454 714 460 132
9 3 460 90 463 718
9 3 718 463 31 464
9 3 465 718 464 91
9 3 455 132 465 720
9 3 720 465 91 468
9 3 434 720 468 30
9 3 401 77 446 698
9 3 698 446 130 443
9 3 445 698 443 92
9 3 405 27 450 701
9 3 701 450 93 447
9 3 446 701 447 130
9 3 447 93 466 715
9 3 715 466 31 463
9 3 462 715 463 90
9 3 443 130 462 712
9 3 712 462 90 459
9 3 461 712 459 29

vertices
785

nodes
FiniteElementSpace
FiniteElementCollection: H1_3D_P2
VDim: 3
Ordering: 0

-0.57735027
-0.31000795
-0.67227043
-0.70710678
-0.67227043
-0.50518149
-0.37298049
-1.3010426e-18
-0.39717735
1.0842022e-18
-0.37298049
-0.26592163
-0.57019239
-0.59335069
-0.57019239
-0.47240707
-0.48603889
-0.37864925
-0.38463884
-0.30722904
-0.3224644
-7.3725748e-18
-0.30722904
-1.1519648e-18
-0.25629728
-5.5429836e-18
-0.24775119
-3.496552e-18
-0.19728907
-1.8295912e-18
-0.19368993
-1.2739376e-18
-0.52262546
-0.38507892
-0.55214206
-0.68968861
-0.43871072
-0.31484672
-0.45790755
-0.58177154
-0.62123141
-0.34010476
-0.35982088
-0.65022874
-0.38507892
-0.52262546
-0.68968861
-0.31484672
-0.43871072
-0.58177154
-0.34010476
-0.62123141
-0.19858867
-1.0842022e-19
-0.18649024
-0.1612322
-4.2622698e-18
-0.15361452
-3.1441863e-18
-1.2265037e-18
-0.34149422
-0.44367911
-0.62481035
-0.28657533
-0.38555156
-0.53768694
-0.28796479
-0.54126588
-0.37116809
-0.25202424
-0.36007913
-0.47922298
-0.53969479
-0.28938084
-0.27749011
-0.52129973
-0.12814864
-4.5197678e-18
-0.12387559
-6.4577792e-18
-2.3242584e-18
-0.29096396
-0.1954895
-0.28616959
-0.38164404
-0.43533886
-0.22679318
-0.22072056
-0.42552816
-0.098644537
-1.5517644e-18
-0.096844965
-3.6862874e-18
-2.3852448e-18
-0.53738376
-0.48066809
-0.34996282
-0.50502481
-0.63573008
-0.44830913
-0.53738376
-0.34996282
-0.48066809
-0.63573008
-0.44830913
-0.19253946
-0.17991044
-2.185345e-18
-0.17005238
-0.15742336
-0.48315229
-0.31403478
-0.41461533
-0.58124864
-0.41213114
-0.41453782
-0.28343548
-0.39939492
-0.53049726
-0.36562361
-0.14469042
-4.3910188e-18
-0.13874506
-0.12601212
-0.33106602
-0.22375687
-0.32312436
-0.43043351
-0.28856677
-0.11339659
-3.0357661e-18
-0.11036028
-0.097744751
-0.49284645
-0.49284645
-0.17498141
-0.44764171
-0.40696637
-0.14171774
-0.32709519
-0.11187843
-0.59744795
-0.53000461
-0.61353618
-0.68097952
-0.55094975
-0.48675727
-0.56428826
-0.62848074
-0.64675092
-0.50164677
-0.5151151
-0.66270934
-0.62962442
-0.54476291
-0.61353618
-0.69839769
-0.57762677
-0.49893563
-0.56428826
-0.64297941
-0.67866776
-0.52858344
-0.5151151
-0.66270934
-0.29788301
-0.19556407
-0.28880919
-0.39112813
-0.26986566
-0.17744592
-0.26247211
-0.35489185
-0.37849911
-0.18924956
-0.18376043
-0.36752087
-0.59744795
-0.50288887
-0.55398132
-0.64854039
-0.55094975
-0.4641549
-0.51444518
-0.60124003
-0.64675092
-0.50164677
-0.465397
-0.6030295
-0.52562912
-0.45310834
-0.51504034
-0.58756112
-0.4771163
-0.41075209
-0.46873181
-0.53509603
-0.56652274
-0.43622268
-0.42763775
-0.5561344
-0.2418483
-0.15932778
-0.23613504
-0.31865556
-0.21703563
-0.14320408
-0.21257661
-0.28640816
-0.30592262
-0.15296131
-0.14957055
-0.2991411
-0.42860349
-0.36839585
-0.42242329
-0.48263093
-0.38320244
-0.32908061
-0.37876435
-0.43288619
-0.46068888
-0.35111705
-0.3463594
-0.45482824
-0.19222296
-0.12708038
-0.18901818
-0.25416076
-0.17009488
-0.11263751
-0.16781765
-0.22527502
-0.24154523
-0.12077262
-0.11894528
-0.23789055
-0.44780297
-0.3790297
-0.46123134
-0.41038643
-0.34503379
-0.42140463
-0.35654263
-0.36752087
-0.39112813
-0.47465971
-0.54476291
-0.35489185
-0.43242284
-0.49893563
-0.69839769
-0.64297941
-0.50445155
-0.44350992
-0.51504034
-0.57598197
-0.5957119
-0.4596894
-0.47057779
-0.60875081
-0.37296988
-0.31103788
-0.38157793
-0.3236669
-0.33240477
-0.31865556
-0.39018598
-0.45310834
-0.34114264
-0.48146618
-0.58756112
-0.62178972
-0.46123134
-0.42140463
-0.3790297
-0.44780297
-0.53000461
-0.34503379
-0.41038643
-0.48675727
-0.35654263
-0.68097952
-0.62848074
-0.47057779
-0.60875081
-0.38157793
-0.33240477
-0.31103788
-0.37296988
-0.44350992
-0.3236669
-0.4596894
-0.50445155
-0.57598197
-0.5957119
-0.099294337
4.8789098e-19
-0.096269729
-0.089955219
-2.6647657e-18
-0.087490705
-1.0299921e-18
-1.1468826e-18
-7.0473141e-19
-0.093245122
-0.18951485
-1.7059244e-18
-0.085026191
-0.1725169
-1.2637732e-18
-0.17827131
-0.27973537
-0.25507857
-0.17057132
-0.16620239
-0.080616101
-5.8174223e-18
-0.078711681
-5.2583805e-18
-3.2238074e-18
-2.7071173e-18
-0.07680726
-0.15551894
-1.1892343e-18
-0.16183345
-0.23042178
-0.35723735
-0.41232325
-0.32706977
-0.38083824
-0.3277645
-0.32575109
-0.37684353
-0.4634157
-0.30099978
-0.35129006
-0.43112852
-0.29898637
-0.42914722
-0.51051469
-0.60108031
-0.47794061
-0.56125726
-0.55930807
-0.42542093
-0.47490904
-0.55393967
-0.42988642
-0.55946779
-0.29690219
-0.34935323
-0.30030505
-0.27624848
-0.32573659
-0.39884135
-0.27694321
-0.40008344
-0.44536652
-0.52143421
-0.52322368
-0.35195933
-0.34520092
-0.2804628
-0.33844252
-0.40318065
-0.29235958
-0.41905282
-0.46034733
-0.52589849
-0.54574606
-0.51286684
-0.39285295
-0.38629499
-0.50486012
-0.31373269
-0.30882392
-0.27283906
-0.26772986
-0.24988771
-0.30391516
-0.36285137
-0.26262065
-0.37973702
-0.4162431
-0.47581502
-0.4968534
-0.072345211
-5.424399e-18
-0.07085887
-6.915177e-18
-4.3266443e-18
-3.3576386e-18
-0.069372528
-0.1402314
-1.7381116e-18
-0.14617979
-0.20811758
-0.13641953
-0.13386493
-0.064074321
-5.0313757e-18
-0.063006059
-6.0003814e-18
-4.4553933e-18
-4.0081599e-18
-0.061937797
-0.12494386
-2.9104052e-18
-0.13131032
-0.18581339
-0.2789296
-0.27542603
-0.22223871
-0.27192246
-0.32510977
-0.23423587
-0.34160174
-0.37432626
-0.42798083
-0.44896761
-0.3378014
-0.28976537
-0.33510541
-0.38314144
-0.40998885
-0.31101499
-0.30783098
-0.40603878
-0.24412652
-0.19638929
-0.24202814
-0.21204113
-0.20962319
-0.19458972
-0.23992976
-0.28736818
-0.20720524
-0.30464697
-0.33240942
-0.38014665
-0.4020887
-0.056698295
-3.3610267e-18
-0.055939217
-4.6146355e-18
-3.7777669e-18
-2.7105054e-18
-0.055180139
-0.11111936
-2.9408984e-18
-0.11711794
-0.16554042
-0.14796681
-0.098194644
-0.14661713
-0.10602056
-0.10481159
-0.049322268
-1.6906778e-18
-0.048872375
-2.7579393e-18
-2.2937652e-18
-1.412851e-18
-0.048422482
-0.097294858
-1.8295912e-18
-0.10360262
-0.14526745
-0.60549207
-0.57419885
-0.50838094
-0.58891222
-0.65473013
-0.55761901
-0.6215803
-0.6036256
-0.52184927
-0.58891222
-0.67068855
-0.57095752
-0.2933461
-0.28387433
-0.186505
-0.27564065
-0.37300999
-0.26616889
-0.57571463
-0.57419885
-0.48352189
-0.53421325
-0.62489021
-0.53269746
-0.52033473
-0.50137271
-0.43193022
-0.49188608
-0.56132857
-0.47292406
-0.23899167
-0.22944197
-0.15126593
-0.22435583
-0.30253186
-0.21480612
-0.42551339
-0.40590296
-0.34873823
-0.40059382
-0.45775856
-0.3809834
-0.19062057
-0.18115892
-0.11985895
-0.17841791
-0.23971789
-0.16895627
-0.45451716
-0.4290947
-0.36203175
-0.44131799
-0.41589553
-0.46794552
-0.37300999
-0.45354127
-0.52184927
-0.42691374
-0.6215803
-0.67068855
-0.57095752
-0.52770065
-0.4651336
-0.5396643
-0.60223136
-0.50974595
-0.39167815
-0.32803584
-0.40149128
-0.3772739
-0.33677371
-0.41130441
-0.47602198
-0.38588195
-0.55162795
-0.61527026
-0.52033473
-0.46794552
-0.44131799
-0.42691374
-0.45451716
-0.36203175
-0.4290947
-0.50838094
-0.41589553
-0.60549207
-0.65473013
-0.55761901
-0.47602198
-0.5396643
-0.61527026
-0.33677371
-0.40149128
-0.38588195
-0.32803584
-0.39167815
-0.4651336
-0.3772739
-0.52770065
-0.60223136
-0.50974595
-0.097782033
-0.094624778
-1.0884373e-18
-0.091880217
-0.088722962
-0.094757426
-1.2053279e-18
-0.089135656
-0.18101587
-0.086258448
-0.28427228
-0.26740697
-0.25877534
-0.25585698
-0.16838685
-0.24930358
-0.08528566
-4.241094e-18
-0.083101193
-0.079663891
-2.2065208e-18
-0.080916725
-0.16401792
-0.07775947
-0.24275018
-0.23327841
-0.43006311
-0.34215356
-0.39658075
-0.39561233
-0.39458339
-0.31337544
-0.3640668
-0.44727211
-0.36606415
-0.532248
-0.49422765
-0.58116879
-0.49619289
-0.44478791
-0.49467711
-0.57758985
-0.4896803
-0.31198598
-0.36509574
-0.36116156
-0.28862413
-0.33851333
-0.41498493
-0.33754491
-0.46165356
-0.54134574
-0.46013778
-0.37107265
-0.36338943
-0.34858013
-0.29575034
-0.3557062
-0.42334528
-0.34182172
-0.48239944
-0.55094023
-0.46453957
-0.4528599
-0.38957397
-0.44557755
-0.50886348
-0.33284601
-0.27028446
-0.32701242
-0.3112783
-0.26517525
-0.32117884
-0.38301601
-0.30636954
-0.43829521
-0.50085676
-0.41933319
-0.076480656
-5.6209106e-18
-0.074785275
-0.07160204
-3.032378e-18
-0.073089894
-0.14787517
-0.070115699
-0.21926968
-0.2103471
-0.2046293
-0.13514223
-0.20079739
-0.068209766
-5.2278874e-18
-0.066932464
-0.06354019
-3.6828993e-18
-0.065655162
-0.13258763
-0.062471928
-0.19696549
-0.18741578
-0.29633114
-0.29212497
-0.27717781
-0.23606321
-0.28791881
-0.34398057
-0.27367424
-0.39528468
-0.45189793
-0.3765453
-0.36050192
-0.30942299
-0.35693488
-0.40801381
-0.3364534
-0.26152806
-0.21083216
-0.25872708
-0.24307733
-0.20841421
-0.25592611
-0.30623898
-0.24097895
-0.35336784
-0.40406374
-0.33375741
-0.060386308
-4.1962012e-18
-0.059472638
-0.056318756
-3.3593327e-18
-0.058558968
-0.11803161
-0.055559678
-0.1756769
-0.16667903
-0.15903084
-0.10541608
-0.15721739
-0.14729197
-0.053010282
-2.5258522e-18
-0.052405796
-0.049097322
-2.0616782e-18
-0.051801311
-0.10420711
-0.048647429
-0.15540393
-0.14594229
-0.58155554
-0.59626891
-0.27975749
-0.55420605
-0.49662939
-0.2268989
-0.40324839
-0.17978842
-0.43520634
-0.44742963
-0.59626891
-0.53368248
-0.39658472
-0.40639784
-0.54564612
-0.44742963
-0.43520634
-0.58155554
-0.54564612
-0.40639784
-0.39658472
-0.53368248
-0.093252498
-0.090507937
-0.27152381
-0.25258028
-0.084193426
-0.082008959
-0.24602688
-0.41283772
-0.38032377
-0.51422045
-0.51118888
-0.37838695
-0.35180453
-0.47816534
-0.36723104
-0.35954781
-0.48714276
-0.44921872
-0.32992922
-0.32409563
-0.44193638
-0.075632966
-0.073937585
-0.22181275
-0.20271335
-0.067571115
-0.066293813
-0.19888144
-0.29422806
-0.29002189
-0.39793925
-0.3587184
-0.26012757
-0.2573266
-0.35515136
-0.059929473
-0.059015803
-0.17704741
-0.15812412
-0.052708039
-0.052103554
-0.15631066
-0.63485919
-0.60147001
-0.64323579
-0.67662498
-0.61047489
-0.57787719
-0.61814283
-0.65074053
-0.65951068
-0.5858234
-0.5935238
-0.66785483
-0.6683656
-0.62560236
-0.659989
-0.70275224
-0.64114668
-0.59994725
-0.63347873
-0.67467815
-0.69288727
-0.61662501
-0.60892461
-0.68454312
-0.34753018
-0.29561455
-0.34223712
-0.39415274
-0.33118672
-0.28181591
-0.32638374
-0.37575455
-0.38783823
-0.29087867
-0.2865518
-0.38206906
-0.63485919
-0.58658129
-0.61212751
-0.66040541
-0.61047489
-0.56420245
-0.58954813
-0.63582057
-0.65951068
-0.5858234
-0.56496034
-0.6367153
-0.55948991
-0.52298193
-0.55394792
-0.59045591
-0.53394773
-0.49900105
-0.52897898
-0.56392566
-0.57993672
-0.51350092
-0.50848206
-0.57444485
-0.28215635
-0.24041999
-0.27882362
-0.32055998
-0.2676823
-0.22817043
-0.26471538
-0.30422724
-0.31419351
-0.23564514
-0.23294528
-0.31059371
-0.45732119
-0.42705844
-0.45407216
-0.48433491
-0.43329592
-0.40457568
-0.43050348
-0.45922372
-0.47336388
-0.41725323
-0.41438089
-0.47019475
-0.22426012
-0.19142177
-0.22239067
-0.25522902
-0.21135208
-0.18047367
-0.20975316
-0.24063156
-0.24892126
-0.18669094
-0.18520449
-0.24693933
-0.48521422
-0.45116006
-0.49226088
-0.52631504
-0.46537074
-0.43215052
-0.47179364
-0.50501386
-0.51213612
-0.43844884
-0.44486175
-0.51919277
-0.49930755
-0.46458843
-0.50635422
-0.54107334
-0.47821655
-0.44437381
-0.48463945
-0.51848219
-0.52624943
-0.45127466
-0.45768758
-0.53330609
-0.6516124
-0.61755824
-0.659989
-0.69404315
-0.62581078
-0.59259057
-0.63347873
-0.66669895
-0.67619897
-0.6012242
-0.60892461
-0.68454312
-0.58609058
-0.55428438
-0.59304987
-0.62485608
-0.56170628
-0.53069156
-0.56795692
-0.59897163
-0.60847166
-0.5393252
-0.54565074
-0.61535605
-0.44552726
-0.41314098
-0.4513264
-0.48371268
-0.42568378
-0.39413143
-0.43085916
-0.4624115
-0.47017874
-0.40103229
-0.40624012
-0.47594543
-0.45712554
-0.42415919
-0.46292468
-0.49589104
-0.43603454
-0.40394456
-0.44120991
-0.47329989
-0.48171212
-0.41144796
-0.41665579
-0.48747881
-0.60000917
-0.56762289
-0.60696846
-0.63935474
-0.57420755
-0.54265521
-0.58045819
-0.61201054
-0.62224044
-0.55197628
-0.55830182
-0.62912483
-0.51340089
-0.47130261
-0.50635422
-0.54845249
-0.49106235
-0.45048545
-0.48463945
-0.52521635
-0.54036275
-0.46410049
-0.45768758
-0.53330609
-0.49930755
-0.45787425
-0.49226088
-0.53369419
-0.47821655
-0.43826216
-0.47179364
-0.51174802
-0.52624943
-0.45127466
-0.44486175
-0.51919277
-0.6516124
-0.60951412
-0.64323579
-0.68533406
-0.62581078
-0.58523388
-0.61814283
-0.65871974
-0.67619897
-0.6012242
-0.5935238
-0.66785483
-0.61392776
-0.57429214
-0.60696846
-0.64660407
-0.58670883
-0.54863704
-0.58045819
-0.61852999
-0.63600923
-0.56462736
-0.55830182
-0.62912483
-0.46872382
-0.42966829
-0.46292468
-0.50198022
