MFEM mesh v1.0

#
# MFEM Geometry Types (see mesh/geom.hpp):
#
# POINT       = 0
# SEGMENT     = 1
# TRIANGLE    = 2
# SQUARE      = 3
# TETRAHEDRON = 4
# CUBE        = 5
#

dimension
3

elements
448
1 5 1 123 409 126 131 410 629 413
1 5 14 135 415 138 143 416 630 419
1 5 3 147 421 150 155 422 631 425
1 5 13 159 427 162 167 428 632 431
1 5 15 171 433 174 179 434 633 437
1 5 12 183 439 186 191 440 634 443
1 5 14 195 445 143 138 446 635 419
1 5 28 203 450 124 132 451 636 411
1 5 82 205 455 213 133 453 637 458
1 5 31 125 460 220 134 412 638 462
1 5 36 127 414 130 228 464 639 467
1 5 83 206 454 128 229 469 640 465
1 5 116 208 459 216 230 471 641 475
1 5 86 129 463 222 231 466 642 478
1 5 40 245 480 136 144 481 643 417
1 5 88 247 485 254 145 483 644 487
1 5 42 137 489 257 146 418 645 490
1 5 46 139 420 142 263 492 646 495
1 5 89 248 484 140 264 497 647 493
1 5 117 250 488 256 265 499 648 502
1 5 91 141 491 258 266 494 649 504
1 5 48 275 506 148 156 507 650 423
1 5 93 277 511 285 157 509 651 514
1 5 51 149 516 290 158 424 652 517
1 5 56 151 426 154 296 519 653 522
1 5 94 278 510 152 297 524 654 520
1 5 118 280 515 288 298 526 655 530
1 5 97 153 518 291 299 521 656 533
1 5 50 284 535 160 168 513 657 429
1 5 99 313 539 319 169 537 658 542
1 5 62 161 544 324 170 430 659 545
1 5 59 163 432 166 311 532 660 549
1 5 96 287 538 164 309 529 661 547
1 5 119 315 543 322 326 551 662 555
1 5 102 165 546 325 327 548 663 558
1 5 61 318 560 172 180 541 664 435
1 5 104 339 564 345 181 562 665 567
1 5 70 173 569 352 182 436 666 571
1 5 67 175 438 178 337 557 667 575
1 5 101 321 563 176 335 554 668 573
1 5 120 341 568 348 356 577 669 581
1 5 107 177 572 354 357 574 670 584
1 5 54 306 552 184 192 586 671 441
1 5 103 329 556 333 193 588 672 592
1 5 65 185 559 336 194 442 673 594
1 5 78 187 444 190 382 596 674 599
1 5 109 368 589 188 383 601 675 597
1 5 121 370 593 375 384 603 676 607
1 5 112 189 595 377 385 598 677 610
1 5 64 332 578 196 201 591 678 447
1 5 108 359 582 363 202 613 679 617
1 5 46 197 585 263 142 448 680 495
1 5 42 198 449 146 257 609 681 490
1 5 111 374 614 199 394 606 682 621
1 5 122 397 618 401 405 624 683 627
1 5 91 200 620 266 258 622 684 504
1 5 123 28 124 409 410 132 411 629
1 5 409 124 82 125 629 411 133 412
1 5 126 409 125 31 413 629 412 134
1 5 131 410 629 413 36 127 414 130
1 5 410 132 411 629 127 83 128 414
1 5 629 411 133 412 414 128 116 129
1 5 413 629 412 134 130 414 129 86
1 5 135 40 136 415 416 144 417 630
1 5 415 136 88 137 630 417 145 418
1 5 138 415 137 42 419 630 418 146
1 5 143 416 630 419 46 139 420 142
1 5 416 144 417 630 139 89 140 420
1 5 630 417 145 418 420 140 117 141
1 5 419 630 418 146 142 420 141 91
1 5 147 48 148 421 422 156 423 631
1 5 421 148 93 149 631 423 157 424
1 5 150 421 149 51 425 631 424 158
1 5 155 422 631 425 56 151 426 154
1 5 422 156 423 631 151 94 152 426
1 5 631 423 157 424 426 152 118 153
1 5 425 631 424 158 154 426 153 97
1 5 159 50 160 427 428 168 429 632
1 5 427 160 99 161 632 429 169 430
1 5 162 427 161 62 431 632 430 170
1 5 167 428 632 431 59 163 432 166
1 5 428 168 429 632 163 96 164 432
1 5 632 429 169 430 432 164 119 165
1 5 431 632 430 170 166 432 165 102
1 5 171 61 172 433 434 180 435 633
1 5 433 172 104 173 633 435 181 436
1 5 174 433 173 70 437 633 436 182
1 5 179 434 633 437 67 175 438 178
1 5 434 180 435 633 175 101 176 438
1 5 633 435 181 436 438 176 120 177
1 5 437 633 436 182 178 438 177 107
1 5 183 54 184 439 440 192 441 634
1 5 439 184 103 185 634 441 193 442
1 5 186 439 185 65 443 634 442 194
1 5 191 440 634 443 78 187 444 190
1 5 440 192 441 634 187 109 188 444
1 5 634 441 193 442 444 188 121 189
1 5 443 634 442 194 190 444 189 112
1 5 195 64 196 445 446 201 447 635
1 5 445 196 108 197 635 447 202 448
1 5 143 445 197 46 419 635 448 142
1 5 138 446 635 419 42 198 449 146
1 5 446 201 447 635 198 111 199 449
1 5 635 447 202 448 449 199 122 200
1 5 419 635 448 142 146 449 200 91
1 5 203 5 204 450 451 209 452 636
1 5 450 204 29 205 636 452 210 453
1 5 124 450 205 82 411 636 453 133
1 5 132 451 636 411 83 206 454 128
1 5 451 209 452 636 206 37 207 454
1 5 636 452 210 453 454 207 84 208
1 5 411 636 453 133 128 454 208 116
1 5 205 29 211 455 453 210 456 637
1 5 455 211 18 212 637 456 217 457
1 5 213 455 212 30 458 637 457 218
1 5 133 453 637 458 116 208 459 216
1 5 453 210 456 637 208 84 214 459
1 5 637 456 217 457 459 214 38 215
1 5 458 637 457 218 216 459 215 85
1 5 125 82 213 460 412 133 458 638
1 5 460 213 30 219 638 458 218 461
1 5 220 460 219 8 462 638 461 223
1 5 134 412 638 462 86 129 463 222
1 5 412 133 458 638 129 116 216 463
1 5 638 458 218 461 463 216 85 221
1 5 462 638 461 223 222 463 221 39
1 5 127 83 128 414 464 229 465 639
1 5 414 128 116 129 639 465 230 466
1 5 130 414 129 86 467 639 466 231
1 5 228 464 639 467 2 224 468 227
1 5 464 229 465 639 224 32 225 468
1 5 639 465 230 466 468 225 87 226
1 5 467 639 466 231 227 468 226 35
1 5 206 37 207 454 469 235 470 640
1 5 454 207 84 208 640 470 236 471
1 5 128 454 208 116 465 640 471 230
1 5 229 469 640 465 32 232 472 225
1 5 469 235 470 640 232 6 233 472
1 5 640 470 236 471 472 233 33 234
1 5 465 640 471 230 225 472 234 87
1 5 208 84 214 459 471 236 473 641
1 5 459 214 38 215 641 473 240 474
1 5 216 459 215 85 475 641 474 241
1 5 230 471 641 475 87 234 476 239
1 5 471 236 473 641 234 33 237 476
1 5 641 473 240 474 476 237 19 238
1 5 475 641 474 241 239 476 238 34
1 5 129 116 216 463 466 230 475 642
1 5 463 216 85 221 642 475 241 477
1 5 222 463 221 39 478 642 477 244
1 5 231 466 642 478 35 226 479 243
1 5 466 230 475 642 226 87 239 479
1 5 642 475 241 477 479 239 34 242
1 5 478 642 477 244 243 479 242 9
1 5 245 20 246 480 481 251 482 643
1 5 480 246 41 247 643 482 252 483
1 5 136 480 247 88 417 643 483 145
1 5 144 481 643 417 89 248 484 140
1 5 481 251 482 643 248 47 249 484
1 5 643 482 252 483 484 249 90 250
1 5 417 643 483 145 140 484 250 117
1 5 247 41 253 485 483 252 486 644
1 5 485 253 5 203 644 486 209 451
1 5 254 485 203 28 487 644 451 132
1 5 145 483 644 487 117 250 488 256
1 5 483 252 486 644 250 90 255 488
1 5 644 486 209 451 488 255 37 206
1 5 487 644 451 132 256 488 206 83
1 5 137 88 254 489 418 145 487 645
1 5 489 254 28 123 645 487 132 410
1 5 257 489 123 1 490 645 410 131
1 5 146 418 645 490 91 141 491 258
1 5 418 145 487 645 141 117 256 491
1 5 645 487 132 410 491 256 83 127
1 5 490 645 410 131 258 491 127 36
1 5 139 89 140 420 492 264 493 646
1 5 420 140 117 141 646 493 265 494
1 5 142 420 141 91 495 646 494 266
1 5 263 492 646 495 16 259 496 262
1 5 492 264 493 646 259 43 260 496
1 5 646 493 265 494 496 260 92 261
1 5 495 646 494 266 262 496 261 45
1 5 248 47 249 484 497 270 498 647
1 5 484 249 90 250 647 498 271 499
1 5 140 484 250 117 493 647 499 265
1 5 264 497 647 493 43 267 500 260
1 5 497 270 498 647 267 21 268 500
1 5 647 498 271 499 500 268 44 269
1 5 493 647 499 265 260 500 269 92
1 5 250 90 255 488 499 271 501 648
1 5 488 255 37 206 648 501 235 469
1 5 256 488 206 83 502 648 469 229
1 5 265 499 648 502 92 269 503 273
1 5 499 271 501 648 269 44 272 503
1 5 648 501 235 469 503 272 6 232
1 5 502 648 469 229 273 503 232 32
1 5 141 117 256 491 494 265 502 649
1 5 491 256 83 127 649 502 229 464
1 5 258 491 127 36 504 649 464 228
1 5 266 494 649 504 45 261 505 274
1 5 494 265 502 649 261 92 273 505
1 5 649 502 229 464 505 273 32 224
1 5 504 649 464 228 274 505 224 2
1 5 275 10 276 506 507 281 508 650
1 5 506 276 49 277 650 508 282 509
1 5 148 506 277 93 423 650 509 157
1 5 156 507 650 423 94 278 510 152
1 5 507 281 508 650 278 57 279 510
1 5 650 508 282 509 510 279 95 280
1 5 423 650 509 157 152 510 280 118
1 5 277 49 283 511 509 282 512 651
1 5 511 283 22 284 651 512 289 513
1 5 285 511 284 50 514 651 513 168
1 5 157 509 651 514 118 280 515 288
1 5 509 282 512 651 280 95 286 515
1 5 651 512 289 513 515 286 58 287
1 5 514 651 513 168 288 515 287 96
1 5 149 93 285 516 424 157 514 652
1 5 516 285 50 159 652 514 168 428
1 5 290 516 159 13 517 652 428 167
1 5 158 424 652 517 97 153 518 291
1 5 424 157 514 652 153 118 288 518
1 5 652 514 168 428 518 288 96 163
1 5 517 652 428 167 291 518 163 59
1 5 151 94 152 426 519 297 520 653
1 5 426 152 118 153 653 520 298 521
1 5 154 426 153 97 522 653 521 299
1 5 296 519 653 522 4 292 523 295
1 5 519 297 520 653 292 52 293 523
1 5 653 520 298 521 523 293 98 294
1 5 522 653 521 299 295 523 294 55
1 5 278 57 279 510 524 303 525 654
1 5 510 279 95 280 654 525 304 526
1 5 152 510 280 118 520 654 526 298
1 5 297 524 654 520 52 300 527 293
1 5 524 303 525 654 300 11 301 527
1 5 654 525 304 526 527 301 53 302
1 5 520 654 526 298 293 527 302 98
1 5 280 95 286 515 526 304 528 655
1 5 515 286 58 287 655 528 308 529
1 5 288 515 287 96 530 655 529 309
1 5 298 526 655 530 98 302 531 307
1 5 526 304 528 655 302 53 305 531
1 5 655 528 308 529 531 305 25 306
1 5 530 655 529 309 307 531 306 54
1 5 153 118 288 518 521 298 530 656
1 5 518 288 96 163 656 530 309 532
1 5 291 518 163 59 533 656 532 311
1 5 299 521 656 533 55 294 534 310
1 5 521 298 530 656 294 98 307 534
1 5 656 530 309 532 534 307 54 183
1 5 533 656 532 311 310 534 183 12
1 5 284 22 312 535 513 289 536 657
1 5 535 312 60 313 657 536 316 537
1 5 160 535 313 99 429 657 537 169
1 5 168 513 657 429 96 287 538 164
1 5 513 289 536 657 287 58 314 538
1 5 657 536 316 537 538 314 100 315
1 5 429 657 537 169 164 538 315 119
1 5 313 60 317 539 537 316 540 658
1 5 539 317 23 318 658 540 323 541
1 5 319 539 318 61 542 658 541 180
1 5 169 537 658 542 119 315 543 322
1 5 537 316 540 658 315 100 320 543
1 5 658 540 323 541 543 320 66 321
1 5 542 658 541 180 322 543 321 101
1 5 161 99 319 544 430 169 542 659
1 5 544 319 61 171 659 542 180 434
1 5 324 544 171 15 545 659 434 179
1 5 170 430 659 545 102 165 546 325
1 5 430 169 542 659 165 119 322 546
1 5 659 542 180 434 546 322 101 175
1 5 545 659 434 179 325 546 175 67
1 5 163 96 164 432 532 309 547 660
1 5 432 164 119 165 660 547 326 548
1 5 166 432 165 102 549 660 548 327
1 5 311 532 660 549 12 183 439 186
1 5 532 309 547 660 183 54 184 439
1 5 660 547 326 548 439 184 103 185
1 5 549 660 548 327 186 439 185 65
1 5 287 58 314 538 529 308 550 661
1 5 538 314 100 315 661 550 330 551
1 5 164 538 315 119 547 661 551 326
1 5 309 529 661 547 54 306 552 184
1 5 529 308 550 661 306 25 328 552
1 5 661 550 330 551 552 328 63 329
1 5 547 661 551 326 184 552 329 103
1 5 315 100 320 543 551 330 553 662
1 5 543 320 66 321 662 553 334 554
1 5 322 543 321 101 555 662 554 335
1 5 326 551 662 555 103 329 556 333
1 5 551 330 553 662 329 63 331 556
1 5 662 553 334 554 556 331 26 332
1 5 555 662 554 335 333 556 332 64
1 5 165 119 322 546 548 326 555 663
1 5 546 322 101 175 663 555 335 557
1 5 325 546 175 67 558 663 557 337
1 5 327 548 663 558 65 185 559 336
1 5 548 326 555 663 185 103 333 559
1 5 663 555 335 557 559 333 64 195
1 5 558 663 557 337 336 559 195 14
1 5 318 23 338 560 541 323 561 664
1 5 560 338 68 339 664 561 342 562
1 5 172 560 339 104 435 664 562 181
1 5 180 541 664 435 101 321 563 176
1 5 541 323 561 664 321 66 340 563
1 5 664 561 342 562 563 340 105 341
1 5 435 664 562 181 176 563 341 120
1 5 339 68 343 564 562 342 565 665
1 5 564 343 24 344 665 565 349 566
1 5 345 564 344 69 567 665 566 350
1 5 181 562 665 567 120 341 568 348
1 5 562 342 565 665 341 105 346 568
1 5 665 565 349 566 568 346 73 347
1 5 567 665 566 350 348 568 347 106
1 5 173 104 345 569 436 181 567 666
1 5 569 345 69 351 666 567 350 570
1 5 352 569 351 17 571 666 570 355
1 5 182 436 666 571 107 177 572 354
1 5 436 181 567 666 177 120 348 572
1 5 666 567 350 570 572 348 106 353
1 5 571 666 570 355 354 572 353 74
1 5 175 101 176 438 557 335 573 667
1 5 438 176 120 177 667 573 356 574
1 5 178 438 177 107 575 667 574 357
1 5 337 557 667 575 14 195 445 143
1 5 557 335 573 667 195 64 196 445
1 5 667 573 356 574 445 196 108 197
1 5 575 667 574 357 143 445 197 46
1 5 321 66 340 563 554 334 576 668
1 5 563 340 105 341 668 576 360 577
1 5 176 563 341 120 573 668 577 356
1 5 335 554 668 573 64 332 578 196
1 5 554 334 576 668 332 26 358 578
1 5 668 576 360 577 578 358 71 359
1 5 573 668 577 356 196 578 359 108
1 5 341 105 346 568 577 360 579 669
1 5 568 346 73 347 669 579 364 580
1 5 348 568 347 106 581 669 580 365
1 5 356 577 669 581 108 359 582 363
1 5 577 360 579 669 359 71 361 582
1 5 669 579 364 580 582 361 27 362
1 5 581 669 580 365 363 582 362 72
1 5 177 120 348 572 574 356 581 670
1 5 572 348 106 353 670 581 365 583
1 5 354 572 353 74 584 670 583 367
1 5 357 574 670 584 46 197 585 263
1 5 574 356 581 670 197 108 363 585
1 5 670 581 365 583 585 363 72 366
1 5 584 670 583 367 263 585 366 16
1 5 306 25 328 552 586 371 587 671
1 5 552 328 63 329 671 587 372 588
1 5 184 552 329 103 441 671 588 193
1 5 192 586 671 441 109 368 589 188
1 5 586 371 587 671 368 79 369 589
1 5 671 587 372 588 589 369 110 370
1 5 441 671 588 193 188 589 370 121
1 5 329 63 331 556 588 372 590 672
1 5 556 331 26 332 672 590 376 591
1 5 333 556 332 64 592 672 591 201
1 5 193 588 672 592 121 370 593 375
1 5 588 372 590 672 370 110 373 593
1 5 672 590 376 591 593 373 80 374
1 5 592 672 591 201 375 593 374 111
1 5 185 103 333 559 442 193 592 673
1 5 559 333 64 195 673 592 201 446
1 5 336 559 195 14 594 673 446 138
1 5 194 442 673 594 112 189 595 377
1 5 442 193 592 673 189 121 375 595
1 5 673 592 201 446 595 375 111 198
1 5 594 673 446 138 377 595 198 42
1 5 187 109 188 444 596 383 597 674
1 5 444 188 121 189 674 597 384 598
1 5 190 444 189 112 599 674 598 385
1 5 382 596 674 599 0 378 600 381
1 5 596 383 597 674 378 75 379 600
1 5 674 597 384 598 600 379 113 380
1 5 599 674 598 385 381 600 380 77
1 5 368 79 369 589 601 389 602 675
1 5 589 369 110 370 675 602 390 603
1 5 188 589 370 121 597 675 603 384
1 5 383 601 675 597 75 386 604 379
1 5 601 389 602 675 386 7 387 604
1 5 675 602 390 603 604 387 76 388
1 5 597 675 603 384 379 604 388 113
1 5 370 110 373 593 603 390 605 676
1 5 593 373 80 374 676 605 393 606
1 5 375 593 374 111 607 676 606 394
1 5 384 603 676 607 113 388 608 392
1 5 603 390 605 676 388 76 391 608
1 5 676 605 393 606 608 391 8 220
1 5 607 676 606 394 392 608 220 31
1 5 189 121 375 595 598 384 607 677
1 5 595 375 111 198 677 607 394 609
1 5 377 595 198 42 610 677 609 257
1 5 385 598 677 610 77 380 611 395
1 5 598 384 607 677 380 113 392 611
1 5 677 607 394 609 611 392 31 126
1 5 610 677 609 257 395 611 126 1
1 5 332 26 358 578 591 376 612 678
1 5 578 358 71 359 678 612 398 613
1 5 196 578 359 108 447 678 613 202
1 5 201 591 678 447 111 374 614 199
1 5 591 376 612 678 374 80 396 614
1 5 678 612 398 613 614 396 114 397
1 5 447 678 613 202 199 614 397 122
1 5 359 71 361 582 613 398 615 679
1 5 582 361 27 362 679 615 402 616
1 5 363 582 362 72 617 679 616 403
1 5 202 613 679 617 122 397 618 401
1 5 613 398 615 679 397 114 399 618
1 5 679 615 402 616 618 399 81 400
1 5 617 679 616 403 401 618 400 115
1 5 197 108 363 585 448 202 617 680
1 5 585 363 72 366 680 617 403 619
1 5 263 585 366 16 495 680 619 262
1 5 142 448 680 495 91 200 620 266
1 5 448 202 617 680 200 122 401 620
1 5 680 617 403 619 620 401 115 404
1 5 495 680 619 262 266 620 404 45
1 5 198 111 199 449 609 394 621 681
1 5 449 199 122 200 681 621 405 622
1 5 146 449 200 91 490 681 622 258
1 5 257 609 681 490 1 126 413 131
1 5 609 394 621 681 126 31 134 413
1 5 681 621 405 622 413 134 86 130
1 5 490 681 622 258 131 413 130 36
1 5 374 80 396 614 606 393 623 682
1 5 614 396 114 397 682 623 406 624
1 5 199 614 397 122 621 682 624 405
1 5 394 606 682 621 31 220 462 134
1 5 606 393 623 682 220 8 223 462
1 5 682 623 406 624 462 223 39 222
1 5 621 682 624 405 134 462 222 86
1 5 397 114 399 618 624 406 625 683
1 5 618 399 81 400 683 625 407 626
1 5 401 618 400 115 627 683 626 408
1 5 405 624 683 627 86 222 478 231
1 5 624 406 625 683 222 39 244 478
1 5 683 625 407 626 478 244 9 243
1 5 627 683 626 408 231 478 243 35
1 5 200 122 401 620 622 405 627 684
1 5 620 401 115 404 684 627 408 628
1 5 266 620 404 45 504 684 628 274
1 5 258 622 684 504 36 130 467 228
1 5 622 405 627 684 130 86 231 467
1 5 684 627 408 628 467 231 35 227
1 5 504 684 628 274 228 467 227 2

boundary
416
28 3 386 7 387 604
28 3 126 409 123 1
28 3 5 204 452 209
28 3 18 212 457 217
28 3 2 224 468 227
28 3 275 10 281 507
28 3 522 296 4 295
28 3 549 311 12 186
28 3 599 382 0 381
28 3 138 415 135 14
28 3 245 20 251 481
28 3 575 337 14 143
28 3 20 246 482 251
28 3 16 259 496 262
28 3 150 421 147 3
28 3 162 427 159 13
28 3 174 433 171 15
28 3 10 276 508 281
28 3 4 292 523 295
28 3 22 312 536 289
28 3 23 338 561 323
28 3 24 344 566 349
28 3 306 25 371 586
28 3 25 328 587 371
28 3 26 358 612 376
28 3 27 362 616 402
28 3 378 75 379 600
28 3 380 113 392 611
28 3 388 76 391 608
28 3 124 450 203 28
28 3 213 455 205 82
28 3 220 460 125 31
28 3 425 155 56 154
28 3 517 158 97 291
28 3 533 299 55 310
28 3 431 167 59 166
28 3 545 170 102 325
28 3 558 327 65 336
28 3 443 191 78 190
28 3 594 194 112 377
28 3 610 385 77 395
28 3 136 480 245 40
28 3 254 485 247 88
28 3 257 489 137 42
28 3 29 211 456 210
28 3 84 214 473 236
28 3 37 207 470 235
28 3 30 219 461 218
28 3 85 221 477 241
28 3 38 215 474 240
28 3 63 331 590 372
28 3 110 373 605 390
28 3 79 369 602 389
28 3 71 361 615 398
28 3 114 399 625 406
28 3 80 396 623 393
28 3 32 232 472 225
28 3 87 234 476 239
28 3 35 226 479 243
28 3 147 48 156 422
28 3 151 94 297 519
28 3 278 57 303 524
28 3 160 535 284 50
28 3 319 539 313 99
28 3 324 544 161 62
28 3 172 560 318 61
28 3 345 564 339 104
28 3 352 569 173 70
28 3 135 40 144 416
28 3 139 89 264 492
28 3 248 47 270 497
28 3 437 179 67 178
28 3 571 182 107 354
28 3 584 357 46 263
28 3 41 253 486 252
28 3 90 255 501 271
28 3 47 249 498 270
28 3 43 267 500 260
28 3 92 269 503 273
28 3 45 261 505 274
28 3 69 351 570 350
28 3 106 353 583 365
28 3 73 347 580 364
28 3 72 366 619 403
28 3 115 404 628 408
28 3 81 400 626 407
28 3 148 506 275 48
28 3 285 511 277 93
28 3 290 516 149 51
28 3 49 283 512 282
28 3 95 286 528 304
28 3 57 279 525 303
28 3 52 300 527 293
28 3 98 302 531 307
28 3 55 294 534 310
28 3 183 54 192 440
28 3 187 109 383 596
28 3 368 79 389 601
28 3 60 317 540 316
28 3 100 320 553 330
28 3 58 314 550 308
28 3 68 343 565 342
28 3 105 346 579 360
28 3 66 340 576 334
28 3 75 386 604 379
28 3 379 604 388 113
28 3 604 387 76 388
28 3 409 124 28 123
28 3 125 82 124 409
28 3 31 125 409 126
28 3 154 56 296 522
28 3 97 154 522 299
28 3 299 522 295 55
28 3 166 59 311 549
28 3 102 166 549 327
28 3 327 549 186 65
28 3 190 78 382 599
28 3 112 190 599 385
28 3 385 599 381 77
28 3 415 136 40 135
28 3 137 88 136 415
28 3 42 137 415 138
28 3 0 378 600 381
28 3 381 600 380 77
28 3 600 379 113 380
28 3 77 380 611 395
28 3 395 611 126 1
28 3 611 392 31 126
28 3 113 388 608 392
28 3 392 608 220 31
28 3 608 391 8 220
28 3 450 204 5 203
28 3 205 29 204 450
28 3 82 205 450 124
28 3 455 211 29 205
28 3 212 18 211 455
28 3 30 212 455 213
28 3 460 213 82 125
28 3 219 30 213 460
28 3 8 219 460 220
28 3 150 3 155 425
28 3 51 150 425 158
28 3 158 425 154 97
28 3 290 51 158 517
28 3 13 290 517 167
28 3 167 517 291 59
28 3 291 97 299 533
28 3 59 291 533 311
28 3 311 533 310 12
28 3 162 13 167 431
28 3 62 162 431 170
28 3 170 431 166 102
28 3 324 62 170 545
28 3 15 324 545 179
28 3 179 545 325 67
28 3 325 102 327 558
28 3 67 325 558 337
28 3 337 558 336 14
28 3 186 12 191 443
28 3 65 186 443 194
28 3 194 443 190 112
28 3 336 65 194 594
28 3 14 336 594 138
28 3 138 594 377 42
28 3 377 112 385 610
28 3 42 377 610 257
28 3 257 610 395 1
28 3 480 246 20 245
28 3 247 41 246 480
28 3 88 247 480 136
28 3 485 253 41 247
28 3 203 5 253 485
28 3 28 203 485 254
28 3 489 254 88 137
28 3 123 28 254 489
28 3 1 123 489 257
28 3 204 29 210 452
28 3 452 210 84 207
28 3 209 452 207 37
28 3 211 18 217 456
28 3 456 217 38 214
28 3 210 456 214 84
28 3 214 38 240 473
28 3 473 240 19 237
28 3 236 473 237 33
28 3 207 84 236 470
28 3 470 236 33 233
28 3 235 470 233 6
28 3 212 30 218 457
28 3 457 218 85 215
28 3 217 457 215 38
28 3 328 63 372 587
28 3 587 372 110 369
28 3 371 587 369 79
28 3 358 71 398 612
28 3 612 398 114 396
28 3 376 612 396 80
28 3 219 8 223 461
28 3 461 223 39 221
28 3 218 461 221 85
28 3 221 39 244 477
28 3 477 244 9 242
28 3 241 477 242 34
28 3 215 85 241 474
28 3 474 241 34 238
28 3 240 474 238 19
28 3 331 26 376 590
28 3 590 376 80 373
28 3 372 590 373 110
28 3 373 80 393 605
28 3 605 393 8 391
28 3 390 605 391 76
28 3 369 110 390 602
28 3 602 390 76 387
28 3 389 602 387 7
28 3 361 27 402 615
28 3 615 402 81 399
28 3 398 615 399 114
28 3 399 81 407 625
28 3 625 407 9 244
28 3 406 625 244 39
28 3 396 114 406 623
28 3 623 406 39 223
28 3 393 623 223 8
28 3 224 32 225 468
28 3 468 225 87 226
28 3 227 468 226 35
28 3 232 6 233 472
28 3 472 233 33 234
28 3 225 472 234 87
28 3 234 33 237 476
28 3 476 237 19 238
28 3 239 476 238 34
28 3 226 87 239 479
28 3 479 239 34 242
28 3 243 479 242 9
28 3 48 275 507 156
28 3 156 507 278 94
28 3 507 281 57 278
28 3 427 160 50 159
28 3 161 99 160 427
28 3 62 161 427 162
28 3 433 172 61 171
28 3 173 104 172 433
28 3 70 173 433 174
28 3 3 147 422 155
28 3 155 422 151 56
28 3 422 156 94 151
28 3 56 151 519 296
28 3 296 519 292 4
28 3 519 297 52 292
28 3 94 278 524 297
28 3 297 524 300 52
28 3 524 303 11 300
28 3 535 312 22 284
28 3 313 60 312 535
28 3 99 313 535 160
28 3 539 317 60 313
28 3 318 23 317 539
28 3 61 318 539 319
28 3 544 319 99 161
28 3 171 61 319 544
28 3 15 171 544 324
28 3 560 338 23 318
28 3 339 68 338 560
28 3 104 339 560 172
28 3 564 343 68 339
28 3 344 24 343 564
28 3 69 344 564 345
28 3 569 345 104 173
28 3 351 69 345 569
28 3 17 351 569 352
28 3 40 245 481 144
28 3 144 481 248 89
28 3 481 251 47 248
28 3 178 67 337 575
28 3 107 178 575 357
28 3 357 575 143 46
28 3 14 135 416 143
28 3 143 416 139 46
28 3 416 144 89 139
28 3 46 139 492 263
28 3 263 492 259 16
28 3 492 264 43 259
28 3 89 248 497 264
28 3 264 497 267 43
28 3 497 270 21 267
28 3 174 15 179 437
28 3 70 174 437 182
28 3 182 437 178 107
28 3 352 70 182 571
28 3 17 352 571 355
28 3 355 571 354 74
28 3 354 107 357 584
28 3 74 354 584 367
28 3 367 584 263 16
28 3 246 41 252 482
28 3 482 252 90 249
28 3 251 482 249 47
28 3 253 5 209 486
28 3 486 209 37 255
28 3 252 486 255 90
28 3 255 37 235 501
28 3 501 235 6 272
28 3 271 501 272 44
28 3 249 90 271 498
28 3 498 271 44 268
28 3 270 498 268 21
28 3 259 43 260 496
28 3 496 260 92 261
28 3 262 496 261 45
28 3 344 69 350 566
28 3 566 350 106 347
28 3 349 566 347 73
28 3 362 72 403 616
28 3 616 403 115 400
28 3 402 616 400 81
28 3 267 21 268 500
28 3 500 268 44 269
28 3 260 500 269 92
28 3 269 44 272 503
28 3 503 272 6 232
28 3 273 503 232 32
28 3 261 92 273 505
28 3 505 273 32 224
28 3 274 505 224 2
28 3 351 17 355 570
28 3 570 355 74 353
28 3 350 570 353 106
28 3 353 74 367 583
28 3 583 367 16 366
28 3 365 583 366 72
28 3 347 106 365 580
28 3 580 365 72 362
28 3 364 580 362 27
28 3 366 16 262 619
28 3 619 262 45 404
28 3 403 619 404 115
28 3 404 45 274 628
28 3 628 274 2 227
28 3 408 628 227 35
28 3 400 115 408 626
28 3 626 408 35 243
28 3 407 626 243 9
28 3 421 148 48 147
28 3 149 93 148 421
28 3 51 149 421 150
28 3 506 276 10 275
28 3 277 49 276 506
28 3 93 277 506 148
28 3 511 283 49 277
28 3 284 22 283 511
28 3 50 284 511 285
28 3 516 285 93 149
28 3 159 50 285 516
28 3 13 159 516 290
28 3 276 49 282 508
28 3 508 282 95 279
28 3 281 508 279 57
28 3 283 22 289 512
28 3 512 289 58 286
28 3 282 512 286 95
28 3 286 58 308 528
28 3 528 308 25 305
28 3 304 528 305 53
28 3 279 95 304 525
28 3 525 304 53 301
28 3 303 525 301 11
28 3 292 52 293 523
28 3 523 293 98 294
28 3 295 523 294 55
28 3 54 306 586 192
28 3 192 586 368 109
28 3 586 371 79 368
28 3 300 11 301 527
28 3 527 301 53 302
28 3 293 527 302 98
28 3 302 53 305 531
28 3 531 305 25 306
28 3 307 531 306 54
28 3 294 98 307 534
28 3 534 307 54 183
28 3 310 534 183 12
28 3 12 183 440 191
28 3 191 440 187 78
28 3 440 192 109 187
28 3 78 187 596 382
28 3 382 596 378 0
28 3 596 383 75 378
28 3 109 368 601 383
28 3 383 601 386 75
28 3 601 389 7 386
28 3 312 60 316 536
28 3 536 316 100 314
28 3 289 536 314 58
28 3 338 68 342 561
28 3 561 342 105 340
28 3 323 561 340 66
28 3 317 23 323 540
28 3 540 323 66 320
28 3 316 540 320 100
28 3 320 66 334 553
28 3 553 334 26 331
28 3 330 553 331 63
28 3 314 100 330 550
28 3 550 330 63 328
28 3 308 550 328 25
28 3 343 24 349 565
28 3 565 349 73 346
28 3 342 565 346 105
28 3 346 73 364 579
28 3 579 364 27 361
28 3 360 579 361 71
28 3 340 105 360 576
28 3 576 360 71 358
28 3 334 576 358 26

vertices
685

nodes
FiniteElementSpace
FiniteElementCollection: H1_3D_P2
VDim: 3
Ordering: 0

-0.28867513
-0.28867513
-0.28867513
-0.4330127
-0.36084392
-0.14433757
-0.14433757
-0.28867513
-0.28867513
-0.28867513
-0.47240707
-0.37864925
-0.37864925
-0.47240707
-0.38463884
-0.48603889
-0.37864925
-0.47240707
-0.14433757
-0.14433757
-0.19728907
-0.19368993
-0.54236453
-0.56723152
-0.54236453
-0.40974402
-0.42041877
-0.40974402
-0.21650635
-0.14433757
-0.21650635
-0.28867513
-0.21650635
-0.14433757
-0.21650635
-0.28867513
-0.28867513
-0.14433757
-0.14433757
-0.28867513
-0.29096396
-0.17081332
-0.33665699
-0.28616959
-0.16901375
-0.33366219
-0.38164404
-0.1954895
-0.45270988
-0.5073858
-0.5073858
-0.45270988
-0.36974658
-0.39419663
-0.39419663
-0.36974658
-0.39692831
-0.42552816
-0.47605428
-0.42552816
-0.55479803
-0.5266352
-0.47922298
-0.41508139
-0.4025288
-0.38164404
-0.49382514
-0.43533886
-0.55479803
-0.5073858
-0.47922298
-0.41508139
-0.39419663
-0.47605428
-0.42552816
-0.28867513
-0.28867513
-0.28867513
-0.33366219
-0.34920958
-0.35454695
-0.34920958
-0.21650635
-0.21650635
-0.14433757
-0.21650635
-0.28867513
-0.21650635
-0.25373515
-0.28856677
-0.16991353
-0.33515959
-0.25133797
-0.48004784
-0.41122823
-0.45079122
-0.45079122
-0.41122823
-0.38197161
-0.5170105
-0.48493971
-0.464582
-0.43043351
-0.39836272
-0.5170105
-0.48493971
-0.45079122
-0.43043351
-0.39836272
-0.34143588
-0.35187826
-0.34560197
-0.33515959
-0.28867513
-0.35187826
-0.34143588
-0.21650635
-0.25253656
-0.43100973
-0.45768661
-0.45768661
-0.34351893
-0.34351893
-0.25259074
-0.21650635
-0.25259074
-0.28867513
-0.25259074
-0.21650635
-0.25259074
-0.28867513
-0.28867513
-0.21650635
-0.21650635
-0.28867513
-0.3378014
-0.27234956
-0.29519607
-0.36064791
-0.33510541
-0.27055167
-0.29384808
-0.35840182
-0.38314144
-0.28976537
-0.25313586
-0.33590829
-0.44286129
-0.46637886
-0.46637886
-0.44286129
-0.40407827
-0.42111898
-0.42111898
-0.40407827
-0.41497051
-0.43196906
-0.45552878
-0.43196906
-0.48989643
-0.51219815
-0.49811674
-0.47581502
-0.43815969
-0.45423891
-0.44406006
-0.42798083
-0.44896761
-0.47908851
-0.48734856
-0.45482824
-0.50633705
-0.52182285
-0.49811674
-0.48263093
-0.44996043
-0.46113431
-0.44406006
-0.43288619
-0.46068888
-0.4956086
-0.48734856
-0.45482824
-0.38642294
-0.39627968
-0.39000338
-0.38014665
-0.33754904
-0.3424774
-0.33933926
-0.33441089
-0.35615572
-0.36781626
-0.37094082
-0.35840182
-0.39358382
-0.40044576
-0.39000338
-0.34112948
-0.34456045
-0.33933926
-0.37406539
-0.37094082
-0.18042196
-0.14433757
-0.18042196
-0.18042196
-0.14433757
-0.18042196
-0.14433757
-0.14433757
-0.14433757
-0.18042196
-0.21650635
-0.14433757
-0.18042196
-0.21650635
-0.14433757
-0.21650635
-0.25259074
-0.28867513
-0.25259074
-0.28867513
-0.28867513
-0.25259074
-0.21650635
-0.25259074
-0.28867513
-0.28867513
-0.21650635
-0.21650635
-0.28867513
-0.18042196
-0.14433757
-0.18042196
-0.14433757
-0.14433757
-0.14433757
-0.18042196
-0.21650635
-0.14433757
-0.21650635
-0.25259074
-0.28867513
-0.28867513
-0.24412652
-0.1840512
-0.21227424
-0.24202814
-0.18270152
-0.21122505
-0.19638929
-0.17036343
-0.15757544
-0.23512075
-0.15712555
-0.23452146
-0.31266606
-0.31191736
-0.33240942
-0.26875378
-0.29250008
-0.35615572
-0.38014665
-0.28736818
-0.25193727
-0.33441089
-0.23992976
-0.18135184
-0.21017586
-0.19458972
-0.16946364
-0.15667566
-0.23392216
-0.31116866
-0.46255848
-0.48989643
-0.49371682
-0.4183782
-0.43815969
-0.44090047
-0.44896761
-0.47908851
-0.52487517
-0.52487517
-0.49371682
-0.46342275
-0.46342275
-0.44090047
-0.50920941
-0.46255848
-0.4183782
-0.36529525
-0.3758591
-0.3758591
-0.36529525
-0.37888611
-0.39048741
-0.40649067
-0.39048741
-0.37419792
-0.38642294
-0.38808412
-0.4020887
-0.42249392
-0.40197032
-0.40197032
-0.38808412
-0.44289915
-0.42249392
-0.37419792
-0.4020887
-0.54858128
-0.53590426
-0.48049699
-0.47131316
-0.51986887
-0.56101477
-0.54693336
-0.52182285
-0.48938243
-0.47920357
-0.46113431
-0.53052833
-0.48263093
-0.43288619
-0.42802466
-0.40603878
-0.4124127
-0.40672206
-0.45001055
-0.41775008
-0.41147379
-0.40044576
-0.45712196
-0.4335554
-0.38314144
-0.40998885
-0.56101477
-0.53590426
-0.48938243
-0.47131316
-0.51986887
-0.54858128
-0.52487517
-0.51219815
-0.48049699
-0.46342275
-0.45423891
-0.50920941
-0.47908851
-0.48989643
-0.47581502
-0.43815969
-0.42798083
-0.44896761
-0.42802466
-0.40603878
-0.41775008
-0.40672206
-0.45001055
-0.4124127
-0.40197032
-0.39627968
-0.44289915
-0.42249392
-0.38642294
-0.4020887
-0.34532273
-0.35054392
-0.3476986
-0.3794768
-0.38347983
-0.35321261
-0.35007446
-0.34456045
-0.38748286
-0.33590829
-0.28867513
-0.28867513
-0.28867513
-0.28867513
-0.31116866
-0.31505551
-0.31609703
-0.31191736
-0.28867513
-0.28867513
-0.28867513
-0.31894235
-0.3202767
-0.28867513
-0.28867513
-0.32161104
-0.31713855
-0.28867513
-0.35321261
-0.3476986
-0.38347983
-0.35054392
-0.34532273
-0.3424774
-0.3794768
-0.36781626
-0.33754904
-0.31609703
-0.3202767
-0.31894235
-0.31505551
-0.25259074
-0.25259074
-0.21650635
-0.25259074
-0.28867513
-0.25259074
-0.31649873
-0.3364534
-0.27145061
-0.29452207
-0.35952487
-0.31447674
-0.45462008
-0.42346978
-0.44374892
-0.44374892
-0.42346978
-0.41259863
-0.49400659
-0.46402806
-0.48321853
-0.4710884
-0.45189793
-0.44110987
-0.50222689
-0.47814874
-0.49147858
-0.4710884
-0.45775856
-0.44701025
-0.38821316
-0.36198599
-0.36937854
-0.36467132
-0.35727877
-0.33844415
-0.3917936
-0.36735665
-0.3725031
-0.36467132
-0.34023437
-0.18042196
-0.18042196
-0.14433757
-0.18042196
-0.18042196
-0.18042196
-0.14433757
-0.18042196
-0.21650635
-0.18042196
-0.25259074
-0.25259074
-0.28867513
-0.25259074
-0.25259074
-0.21650635
-0.25259074
-0.28867513
-0.25259074
-0.18042196
-0.14433757
-0.18042196
-0.18042196
-0.14433757
-0.18042196
-0.21650635
-0.18042196
-0.25259074
-0.28867513
-0.25259074
-0.22820038
-0.24307733
-0.18337636
-0.21174964
-0.22662659
-0.1963481
-0.1573505
-0.2348211
-0.1958235
-0.27389341
-0.31229171
-0.27321941
-0.33375741
-0.26965272
-0.29317408
-0.35727877
-0.31245475
-0.24097895
-0.18202668
-0.21070045
-0.22505281
-0.1569006
-0.23422181
-0.19529891
-0.31154301
-0.27254541
-0.47813765
-0.44046834
-0.46402806
-0.46730865
-0.42963933
-0.50929599
-0.49414896
-0.49414896
-0.46730865
-0.45216161
-0.47813765
-0.44046834
-0.42963933
-0.38468676
-0.39848904
-0.39848904
-0.38468676
-0.37057717
-0.39628806
-0.41229131
-0.4144923
-0.38114102
-0.43269653
-0.43269653
-0.4144923
-0.39502722
-0.41229131
-0.39628806
-0.38114102
-0.53038972
-0.51453914
-0.50360871
-0.46736795
-0.54141881
-0.5251986
-0.51306847
-0.49147858
-0.47525837
-0.50222689
-0.45775856
-0.44701025
-0.42525929
-0.41703172
-0.40406374
-0.44645485
-0.43901761
-0.40434619
-0.45356625
-0.44533868
-0.43079003
-0.40909792
-0.42177213
-0.40801381
-0.3917936
-0.54141881
-0.5251986
-0.50360871
-0.47525837
-0.53038972
-0.51453914
-0.49414896
-0.48321853
-0.46736795
-0.49400659
-0.46402806
-0.45189793
-0.44110987
-0.43079003
-0.41703172
-0.40801381
-0.45356625
-0.43901761
-0.40909792
-0.44645485
-0.43269653
-0.42525929
-0.40434619
-0.41229131
-0.40406374
-0.38821316
-0.37364653
-0.38147831
-0.37721033
-0.34651066
-0.38548134
-0.38077412
-0.3725031
-0.34888653
-0.35952487
-0.34023437
-0.31311209
-0.31557627
-0.3140072
-0.31154301
-0.28867513
-0.31699893
-0.31960953
-0.31818686
-0.28867513
-0.32094387
-0.3193748
-0.31661779
-0.28867513
-0.31490231
-0.31229171
-0.28867513
-0.38548134
-0.37721033
-0.34888653
-0.38147831
-0.37364653
-0.36937854
-0.34651066
-0.36198599
-0.33844415
-0.31661779
-0.3140072
-0.32094387
-0.31818686
-0.31960953
-0.31699893
-0.31557627
-0.31311209
-0.25259074
-0.31548774
-0.43360935
-0.46755823
-0.47461857
-0.36332865
-0.36601399
-0.18042196
-0.18042196
-0.25259074
-0.25259074
-0.18042196
-0.18042196
-0.25259074
-0.22741348
-0.1960858
-0.27355641
-0.31346575
-0.2258397
-0.19556121
-0.27288241
-0.45388849
-0.4807288
-0.45388849
-0.3915879
-0.40539018
-0.42359442
-0.40539018
-0.49887883
-0.50833859
-0.47461857
-0.41466152
-0.43585707
-0.44217814
-0.41940192
-0.50833859
-0.49887883
-0.46755823
-0.41940192
-0.44217814
-0.43585707
-0.41466152
-0.37542843
-0.37899222
-0.36601399
-0.31355964
-0.3175929
-0.31878083
-0.31445475
-0.37899222
-0.37542843
-0.36332865
-0.31445475
-0.31878083
-0.3175929
-0.31355964
-0.27063294
-0.25259074
-0.27063294
-0.28867513
-0.27063294
-0.25259074
-0.27063294
-0.28867513
-0.28867513
-0.25259074
-0.25259074
-0.28867513
-0.36122012
-0.32715007
-0.33857332
-0.37264338
-0.35979742
-0.32597057
-0.3375063
-0.37133315
-0.38389014
-0.3371274
-0.31599324
-0.36008639
-0.437937
-0.44874069
-0.44874069
-0.437937
-0.41922014
-0.42853957
-0.42853957
-0.41922014
-0.4239916
-0.43316554
-0.44411472
-0.43316554
-0.48115175
-0.49195151
-0.4849108
-0.47411104
-0.45649784
-0.46579315
-0.45972808
-0.45043277
-0.46068734
-0.47696225
-0.48078241
-0.46385647
-0.49618797
-0.50428197
-0.49242891
-0.48433491
-0.46941881
-0.47638365
-0.46618856
-0.45922372
-0.47336388
-0.49224289
-0.48842273
-0.47019475
-0.38253609
-0.38731805
-0.3841799
-0.37939795
-0.35907085
-0.36265732
-0.36030371
-0.35671724
-0.36740248
-0.37420446
-0.37577091
-0.36871271
-0.38911133
-0.39268871
-0.38746752
-0.36400228
-0.36668532
-0.36276943
-0.38047024
-0.37890379
-0.19846416
-0.18042196
-0.19846416
-0.21650635
-0.19846416
-0.18042196
-0.19846416
-0.21650635
-0.21650635
-0.18042196
-0.18042196
-0.21650635
-0.19846416
-0.18042196
-0.19846416
-0.21650635
-0.19846416
-0.18042196
-0.19846416
-0.21650635
-0.21650635
-0.18042196
-0.18042196
-0.21650635
-0.27063294
-0.25259074
-0.27063294
-0.28867513
-0.27063294
-0.25259074
-0.27063294
-0.28867513
-0.28867513
-0.25259074
-0.25259074
-0.28867513
-0.27063294
-0.25259074
-0.27063294
-0.28867513
-0.27063294
-0.25259074
-0.27063294
-0.28867513
-0.28867513
-0.25259074
-0.25259074
-0.28867513
-0.19846416
-0.18042196
-0.19846416
-0.21650635
-0.19846416
-0.18042196
-0.19846416
-0.21650635
-0.21650635
-0.18042196
-0.18042196
-0.21650635
-0.19846416
-0.18042196
-0.19846416
-0.21650635
-0.19846416
-0.18042196
-0.19846416
-0.21650635
-0.21650635
-0.18042196
-0.18042196
-0.21650635
-0.27063294
-0.25259074
-0.27063294
-0.28867513
-0.27063294
-0.25259074
-0.27063294
-0.28867513
-0.28867513
-0.25259074
-0.25259074
-0.28867513
-0.26754524
-0.23616345
-0.25027497
-0.28165676
-0.26642135
-0.23524541
-0.24943205
-0.28060799
-0.29036466
-0.24360192
-0.22780693
-0.27190008
-0.2330047
-0.20431117
-0.21573443
-0.24442795
-0.23244275
-0.20391772
-0.21545345
-0.24397848
-0.25343551
-0.21201194
-0.19621695
-0.23497093
-0.31592653
-0.28454474
-0.29327973
-0.32466152
-0.31521518
-0.28403924
-0.29292406
-0.3241
-0.33628264
-0.29485907
-0.27372491
-0.31247889
-0.35837473
-0.32479108
-0.33643928
-0.37002293
-0.35695203
-0.32361158
-0.33537226
-0.36871271
-0.38089535
-0.33443141
-0.31397124
-0.35784029
-0.26529746
-0.23432736
-0.24858913
-0.27955922
-0.26417356
-0.23340932
-0.24774621
-0.27851045
-0.28796748
-0.24150354
-0.22623315
-0.2701022
-0.23188081
-0.20352428
-0.21517248
-0.24352901
-0.23131886
-0.20313083
-0.21489151
-0.24307954
-0.25223691
-0.21096275
-0.19569236
-0.23437163
-0.31450383
-0.28353374
-0.29256839
-0.32353848
-0.31379248
-0.28302824
-0.29221271
-0.32297695
-0.33478524
-0.29351108
-0.27305091
-0.31173019
-0.45763418
-0.47034806
-0.47225826
-0.45954437
-0.4362187
-0.44717841
-0.44881871
-0.43785899
-0.44233947
-0.45151341
-0.46601307
-0.45506389
-0.48688233
-0.50150641
-0.50150641
-0.48688233
-0.46141872
-0.47401872
-0.47401872
-0.46141872
-0.46778831
-0.48051273
-0.4950124
-0.48051273
-0.45954437
-0.47225826
-0.47034806
-0.45763418
-0.43785899
-0.44881871
-0.44717841
-0.4362187
-0.44233947
-0.45506389
-0.46601307
-0.45151341
-0.40050329
-0.40833845
-0.40833845
-0.40050329
-0.38178644
-0.38813733
-0.38813733
-0.38178644
-0.38790721
-0.39438252
-0.40209326
-0.39438252
-0.41480321
-0.42400876
-0.42537916
-0.41617361
-0.39338773
-0.40083912
-0.40193961
-0.39448822
-0.40085782
-0.40733313
-0.41751475
-0.40980401
-0.4359551
-0.44653104
-0.44653104
-0.4359551
-0.41049148
-0.41904336
-0.41904336
-0.41049148
-0.4187502
-0.42769638
-0.43787801
-0.42769638
-0.41617361
-0.42537916
-0.42400876
-0.41480321
-0.39448822
-0.40193961
-0.40083912
-0.39338773
-0.40085782
-0.40980401
-0.41751475
-0.40733313
-0.51613048
-0.52763244
-0.52129393
-0.50979198
-0.48661873
-0.4965139
-0.49104868
-0.48115352
-0.49323715
-0.50951206
-0.51463428
-0.49770834
-0.52645738
-0.53866154
-0.53162083
-0.51941668
-0.49547863
-0.50597365
-0.49990858
-0.48941357
-0.50217953
-0.51975649
-0.5248787
-0.50665072
-0.48866986
-0.50017182
-0.49242891
-0.48092695
-0.46295832
-0.47285348
-0.46618856
-0.4562934
-0.46702561
-0.48460257
-0.48842273
-0.47019475
-0.43184392
-0.43963478
-0.43454535
-0.4267545
-0.40719001
-0.41347642
-0.40936263
-0.40307622
-0.41380843
-0.4252255
-0.4278857
-0.41602229
-0.45710698
-0.46539535
-0.46080343
-0.45251506
-0.42759523
-0.4342768
-0.43055818
-0.42387661
-0.43664257
-0.44805964
-0.45161251
-0.4397491
-0.46449989
-0.47328576
-0.46819634
-0.45941046
-0.43352114
-0.44059788
-0.43648409
-0.42940735
-0.44285564
-0.45516538
-0.45871826
-0.44596217
-0.43724679
-0.44553515
-0.43994822
-0.43165985
-0.41153525
-0.41821682
-0.41370787
-0.4070263
-0.41823614
-0.43054589
-0.43320609
-0.42045
-0.53678428
-0.54417609
-0.53162083
-0.52422903
-0.50433854
-0.51070353
-0.49990858
-0.49354359
-0.5111219
-0.53000091
-0.5248787
-0.50665072
-0.52645738
-0.53314699
-0.52129393
-0.51460433
-0.49547863
-0.50124377
-0.49104868
-0.48528354
-0.50217953
-0.51975649
-0.51463428
-0.49770834
-0.48866986
-0.49606166
-0.4849108
-0.477519
-0.46295832
-0.46932332
-0.45972808
-0.45336309
-0.46702561
-0.48460257
-0.48078241
-0.46385647
-0.44264965
-0.44848534
-0.43994822
-0.43411253
-0.41588049
-0.42058703
-0.41370787
-0.40900133
-0.42266386
-0.43586628
-0.43320609
-0.42045
-0.47189279
-0.47723097
-0.46819634
-0.46285816
-0.43944704
-0.44375841
-0.43648409
-0.43217272
-0.4490687
-0.46227113
-0.45871826
-0.44596217
-0.46449989
-0.46934056
-0.46080343
-0.45596276
-0.43352114
-0.43743734
-0.43055818
-0.42664198
-0.44285564
-0.45516538
-0.45161251
-0.4397491
-0.43724679
-0.44258497
-0.43454535
-0.42920717
-0.41153525
-0.41584662
-0.40936263
-0.40505126
-0.41823614
-0.43054589
-0.4278857
-0.41602229
-0.39808348
-0.40315826
-0.40031293
-0.39523815
-0.37073139
-0.37453748
-0.37240348
-0.3685974
-0.38100644
-0.38780843
-0.38988731
-0.38282911
-0.40254239
-0.40790999
-0.40477184
-0.39940424
-0.37407557
-0.37810128
-0.37574766
-0.37172196
-0.38465177
-0.39196619
-0.39404507
-0.38647443
-0.38582371
-0.39089849
-0.38746752
-0.38239274
-0.36153657
-0.36534265
-0.36276943
-0.35896334
-0.37002293
-0.37733735
-0.37890379
-0.37133315
-0.33560561
-0.33799659
-0.33642752
-0.33403654
-0.31214037
-0.31333586
-0.31255133
-0.31135584
-0.32241543
-0.32533056
-0.32600189
-0.32297695
-0.34337931
-0.3459167
-0.34449403
-0.34195664
-0.31602722
-0.31729592
-0.31658458
-0.31531589
-0.3282457
-0.33116083
-0.33205178
-0.32902684
-0.34560876
-0.34829256
-0.34672349
-0.34403969
-0.31714195
-0.31848385
-0.31769931
-0.31635741
-0.32980798
-0.33294273
-0.33383368
-0.33058912
-0.33724942
-0.33978681
-0.33807133
-0.33553394
-0.31296228
-0.31423097
-0.31337323
-0.31210454
-0.32353848
-0.32667323
-0.32734456
-0.3241
-0.4070013
-0.41028585
-0.40477184
-0.40148728
-0.37741976
-0.37988317
-0.37574766
-0.37328425
-0.3882971
-0.39612396
-0.39404507
-0.38647443
-0.40254239
-0.40553412
-0.40031293
-0.3973212
-0.37407557
-0.37631938
-0.37240348
-0.37015968
-0.38465177
-0.39196619
-0.38988731
-0.38282911
-0.38582371
-0.38910827
-0.3841799
-0.36153657
-0.36399999
-0.36030371
-0.37733735
-0.37577091
-0.33889323
-0.34068192
-0.33807133
-0.31378418
-0.31467853
