MFEM mesh v1.0

#
# MFEM Geometry Types (see mesh/geom.hpp):
#
# POINT       = 0
# SEGMENT     = 1
# TRIANGLE    = 2
# SQUARE      = 3
# TETRAHEDRON = 4
# CUBE        = 5
#

dimension
3

elements
256
1 5 8 81 261 84 89 262 393 265
1 5 9 93 267 96 101 268 394 271
1 5 12 105 273 108 113 274 395 277
1 5 16 117 279 120 125 280 396 283
1 5 20 129 285 82 90 286 397 263
1 5 56 130 289 135 91 287 398 292
1 5 23 83 294 142 92 264 399 296
1 5 28 85 266 88 146 298 400 301
1 5 57 131 288 86 147 302 401 299
1 5 77 132 293 138 148 304 402 308
1 5 60 87 297 144 149 300 403 311
1 5 32 163 313 94 102 314 404 269
1 5 62 165 318 173 103 316 405 321
1 5 21 95 323 133 104 270 406 290
1 5 29 97 272 100 153 326 407 303
1 5 63 166 317 98 184 330 408 327
1 5 78 168 322 176 185 332 409 336
1 5 58 99 325 136 154 328 410 306
1 5 24 150 305 106 114 340 411 275
1 5 61 152 309 157 115 342 412 346
1 5 27 107 312 161 116 276 413 349
1 5 44 109 278 112 210 351 414 354
1 5 67 197 343 110 211 355 415 352
1 5 79 199 347 204 212 357 416 361
1 5 70 111 350 208 213 353 417 364
1 5 40 214 358 118 126 366 418 281
1 5 71 216 362 221 127 368 419 372
1 5 43 119 365 225 128 282 420 375
1 5 52 121 284 124 244 377 421 380
1 5 72 227 369 122 245 382 422 378
1 5 80 229 373 234 246 384 423 388
1 5 75 123 376 238 247 379 424 391
1 5 81 20 82 261 262 90 263 393
1 5 261 82 56 83 393 263 91 264
1 5 84 261 83 23 265 393 264 92
1 5 89 262 393 265 28 85 266 88
1 5 262 90 263 393 85 57 86 266
1 5 393 263 91 264 266 86 77 87
1 5 265 393 264 92 88 266 87 60
1 5 93 32 94 267 268 102 269 394
1 5 267 94 62 95 394 269 103 270
1 5 96 267 95 21 271 394 270 104
1 5 101 268 394 271 29 97 272 100
1 5 268 102 269 394 97 63 98 272
1 5 394 269 103 270 272 98 78 99
1 5 271 394 270 104 100 272 99 58
1 5 105 24 106 273 274 114 275 395
1 5 273 106 61 107 395 275 115 276
1 5 108 273 107 27 277 395 276 116
1 5 113 274 395 277 44 109 278 112
1 5 274 114 275 395 109 67 110 278
1 5 395 275 115 276 278 110 79 111
1 5 277 395 276 116 112 278 111 70
1 5 117 40 118 279 280 126 281 396
1 5 279 118 71 119 396 281 127 282
1 5 120 279 119 43 283 396 282 128
1 5 125 280 396 283 52 121 284 124
1 5 280 126 281 396 121 72 122 284
1 5 396 281 127 282 284 122 80 123
1 5 283 396 282 128 124 284 123 75
1 5 129 9 96 285 286 101 271 397
1 5 285 96 21 130 397 271 104 287
1 5 82 285 130 56 263 397 287 91
1 5 90 286 397 263 57 131 288 86
1 5 286 101 271 397 131 29 100 288
1 5 397 271 104 287 288 100 58 132
1 5 263 397 287 91 86 288 132 77
1 5 130 21 133 289 287 104 290 398
1 5 289 133 11 134 398 290 139 291
1 5 135 289 134 22 292 398 291 140
1 5 91 287 398 292 77 132 293 138
1 5 287 104 290 398 132 58 136 293
1 5 398 290 139 291 293 136 30 137
1 5 292 398 291 140 138 293 137 59
1 5 83 56 135 294 264 91 292 399
1 5 294 135 22 141 399 292 140 295
1 5 142 294 141 10 296 399 295 145
1 5 92 264 399 296 60 87 297 144
1 5 264 91 292 399 87 77 138 297
1 5 399 292 140 295 297 138 59 143
1 5 296 399 295 145 144 297 143 31
1 5 85 57 86 266 298 147 299 400
1 5 266 86 77 87 400 299 148 300
1 5 88 266 87 60 301 400 300 149
1 5 146 298 400 301 12 105 273 108
1 5 298 147 299 400 105 24 106 273
1 5 400 299 148 300 273 106 61 107
1 5 301 400 300 149 108 273 107 27
1 5 131 29 100 288 302 153 303 401
1 5 288 100 58 132 401 303 154 304
1 5 86 288 132 77 299 401 304 148
1 5 147 302 401 299 24 150 305 106
1 5 302 153 303 401 150 13 151 305
1 5 401 303 154 304 305 151 25 152
1 5 299 401 304 148 106 305 152 61
1 5 132 58 136 293 304 154 306 402
1 5 293 136 30 137 402 306 158 307
1 5 138 293 137 59 308 402 307 159
1 5 148 304 402 308 61 152 309 157
1 5 304 154 306 402 152 25 155 309
1 5 402 306 158 307 309 155 15 156
1 5 308 402 307 159 157 309 156 26
1 5 87 77 138 297 300 148 308 403
1 5 297 138 59 143 403 308 159 310
1 5 144 297 143 31 311 403 310 162
1 5 149 300 403 311 27 107 312 161
1 5 300 148 308 403 107 61 157 312
1 5 403 308 159 310 312 157 26 160
1 5 311 403 310 162 161 312 160 14
1 5 163 5 164 313 314 169 315 404
1 5 313 164 33 165 404 315 170 316
1 5 94 313 165 62 269 404 316 103
1 5 102 314 404 269 63 166 317 98
1 5 314 169 315 404 166 38 167 317
1 5 404 315 170 316 317 167 64 168
1 5 269 404 316 103 98 317 168 78
1 5 165 33 171 318 316 170 319 405
1 5 318 171 4 172 405 319 177 320
1 5 173 318 172 34 321 405 320 178
1 5 103 316 405 321 78 168 322 176
1 5 316 170 319 405 168 64 174 322
1 5 405 319 177 320 322 174 39 175
1 5 321 405 320 178 176 322 175 65
1 5 95 62 173 323 270 103 321 406
1 5 323 173 34 179 406 321 178 324
1 5 133 323 179 11 290 406 324 139
1 5 104 270 406 290 58 99 325 136
1 5 270 103 321 406 99 78 176 325
1 5 406 321 178 324 325 176 65 180
1 5 290 406 324 139 136 325 180 30
1 5 97 63 98 272 326 184 327 407
1 5 272 98 78 99 407 327 185 328
1 5 100 272 99 58 303 407 328 154
1 5 153 326 407 303 13 181 329 151
1 5 326 184 327 407 181 35 182 329
1 5 407 327 185 328 329 182 66 183
1 5 303 407 328 154 151 329 183 25
1 5 166 38 167 317 330 189 331 408
1 5 317 167 64 168 408 331 190 332
1 5 98 317 168 78 327 408 332 185
1 5 184 330 408 327 35 186 333 182
1 5 330 189 331 408 186 7 187 333
1 5 408 331 190 332 333 187 36 188
1 5 327 408 332 185 182 333 188 66
1 5 168 64 174 322 332 190 334 409
1 5 322 174 39 175 409 334 194 335
1 5 176 322 175 65 336 409 335 195
1 5 185 332 409 336 66 188 337 193
1 5 332 190 334 409 188 36 191 337
1 5 409 334 194 335 337 191 6 192
1 5 336 409 335 195 193 337 192 37
1 5 99 78 176 325 328 185 336 410
1 5 325 176 65 180 410 336 195 338
1 5 136 325 180 30 306 410 338 158
1 5 154 328 410 306 25 183 339 155
1 5 328 185 336 410 183 66 193 339
1 5 410 336 195 338 339 193 37 196
1 5 306 410 338 158 155 339 196 15
1 5 150 13 151 305 340 200 341 411
1 5 305 151 25 152 411 341 201 342
1 5 106 305 152 61 275 411 342 115
1 5 114 340 411 275 67 197 343 110
1 5 340 200 341 411 197 45 198 343
1 5 411 341 201 342 343 198 68 199
1 5 275 411 342 115 110 343 199 79
1 5 152 25 155 309 342 201 344 412
1 5 309 155 15 156 412 344 205 345
1 5 157 309 156 26 346 412 345 206
1 5 115 342 412 346 79 199 347 204
1 5 342 201 344 412 199 68 202 347
1 5 412 344 205 345 347 202 46 203
1 5 346 412 345 206 204 347 203 69
1 5 107 61 157 312 276 115 346 413
1 5 312 157 26 160 413 346 206 348
1 5 161 312 160 14 349 413 348 209
1 5 116 276 413 349 70 111 350 208
1 5 276 115 346 413 111 79 204 350
1 5 413 346 206 348 350 204 69 207
1 5 349 413 348 209 208 350 207 47
1 5 109 67 110 278 351 211 352 414
1 5 278 110 79 111 414 352 212 353
1 5 112 278 111 70 354 414 353 213
1 5 210 351 414 354 16 117 279 120
1 5 351 211 352 414 117 40 118 279
1 5 414 352 212 353 279 118 71 119
1 5 354 414 353 213 120 279 119 43
1 5 197 45 198 343 355 217 356 415
1 5 343 198 68 199 415 356 218 357
1 5 110 343 199 79 352 415 357 212
1 5 211 355 415 352 40 214 358 118
1 5 355 217 356 415 214 17 215 358
1 5 415 356 218 357 358 215 41 216
1 5 352 415 357 212 118 358 216 71
1 5 199 68 202 347 357 218 359 416
1 5 347 202 46 203 416 359 222 360
1 5 204 347 203 69 361 416 360 223
1 5 212 357 416 361 71 216 362 221
1 5 357 218 359 416 216 41 219 362
1 5 416 359 222 360 362 219 19 220
1 5 361 416 360 223 221 362 220 42
1 5 111 79 204 350 353 212 361 417
1 5 350 204 69 207 417 361 223 363
1 5 208 350 207 47 364 417 363 226
1 5 213 353 417 364 43 119 365 225
1 5 353 212 361 417 119 71 221 365
1 5 417 361 223 363 365 221 42 224
1 5 364 417 363 226 225 365 224 18
1 5 214 17 215 358 366 230 367 418
1 5 358 215 41 216 418 367 231 368
1 5 118 358 216 71 281 418 368 127
1 5 126 366 418 281 72 227 369 122
1 5 366 230 367 418 227 53 228 369
1 5 418 367 231 368 369 228 73 229
1 5 281 418 368 127 122 369 229 80
1 5 216 41 219 362 368 231 370 419
1 5 362 219 19 220 419 370 235 371
1 5 221 362 220 42 372 419 371 236
1 5 127 368 419 372 80 229 373 234
1 5 368 231 370 419 229 73 232 373
1 5 419 370 235 371 373 232 54 233
1 5 372 419 371 236 234 373 233 74
1 5 119 71 221 365 282 127 372 420
1 5 365 221 42 224 420 372 236 374
1 5 225 365 224 18 375 420 374 239
1 5 128 282 420 375 75 123 376 238
1 5 282 127 372 420 123 80 234 376
1 5 420 372 236 374 376 234 74 237
1 5 375 420 374 239 238 376 237 55
1 5 121 72 122 284 377 245 378 421
1 5 284 122 80 123 421 378 246 379
1 5 124 284 123 75 380 421 379 247
1 5 244 377 421 380 0 240 381 243
1 5 377 245 378 421 240 48 241 381
1 5 421 378 246 379 381 241 76 242
1 5 380 421 379 247 243 381 242 51
1 5 227 53 228 369 382 251 383 422
1 5 369 228 73 229 422 383 252 384
1 5 122 369 229 80 378 422 384 246
1 5 245 382 422 378 48 248 385 241
1 5 382 251 383 422 248 2 249 385
1 5 422 383 252 384 385 249 49 250
1 5 378 422 384 246 241 385 250 76
1 5 229 73 232 373 384 252 386 423
1 5 373 232 54 233 423 386 256 387
1 5 234 373 233 74 388 423 387 257
1 5 246 384 423 388 76 250 389 255
1 5 384 252 386 423 250 49 253 389
1 5 423 386 256 387 389 253 3 254
1 5 388 423 387 257 255 389 254 50
1 5 123 80 234 376 379 246 388 424
1 5 376 234 74 237 424 388 257 390
1 5 238 376 237 55 391 424 390 260
1 5 247 379 424 391 51 242 392 259
1 5 379 246 388 424 242 76 255 392
1 5 424 388 257 390 392 255 50 258
1 5 391 424 390 260 259 392 258 1

boundary
288
49 3 0 240 381 243
49 3 171 4 177 319
49 3 84 261 81 8
49 3 96 267 93 9
49 3 129 9 101 286
49 3 163 5 169 314
49 3 84 8 89 265
49 3 11 134 291 139
49 3 4 172 320 177
49 3 13 181 329 151
49 3 150 13 200 340
49 3 108 12 113 277
49 3 13 151 341 200
49 3 15 156 345 205
49 3 214 17 230 366
49 3 120 16 125 283
49 3 17 215 367 230
49 3 19 220 371 235
49 3 51 242 392 259
49 3 76 250 389 255
49 3 48 248 385 241
49 3 26 160 348 206
49 3 69 207 363 223
49 3 46 203 360 222
49 3 225 43 128 375
49 3 238 75 247 391
49 3 124 52 244 380
49 3 42 224 374 236
49 3 74 237 390 257
49 3 54 233 387 256
49 3 164 33 170 315
49 3 167 64 190 331
49 3 174 39 194 334
49 3 82 285 129 20
49 3 135 289 130 56
49 3 142 294 83 23
49 3 94 313 163 32
49 3 173 318 165 62
49 3 133 323 95 21
49 3 81 20 90 262
49 3 85 57 147 298
49 3 131 29 153 302
49 3 93 32 102 268
49 3 97 63 184 326
49 3 166 38 189 330
49 3 105 24 114 274
49 3 109 67 211 351
49 3 197 45 217 355
49 3 142 23 92 296
49 3 144 60 149 311
49 3 88 28 146 301
49 3 22 141 295 140
49 3 59 143 310 159
49 3 30 137 307 158
49 3 161 27 116 349
49 3 208 70 213 364
49 3 112 44 210 354
49 3 34 179 324 178
49 3 65 180 338 195
49 3 39 175 335 194
49 3 35 186 333 182
49 3 66 188 337 193
49 3 25 183 339 155
49 3 25 155 344 201
49 3 68 202 359 218
49 3 45 198 356 217
49 3 41 219 370 231
49 3 73 232 386 252
49 3 53 228 383 251
49 3 117 40 126 280
49 3 121 72 245 377
49 3 227 53 251 382
49 3 243 381 242 51
49 3 381 241 76 242
49 3 240 48 241 381
49 3 156 26 206 345
49 3 345 206 69 203
49 3 205 345 203 46
49 3 43 120 283 128
49 3 128 283 124 75
49 3 283 125 52 124
49 3 220 42 236 371
49 3 371 236 74 233
49 3 235 371 233 54
49 3 259 392 258 1
49 3 392 255 50 258
49 3 242 76 255 392
49 3 255 389 254 50
49 3 389 253 3 254
49 3 250 49 253 389
49 3 241 385 250 76
49 3 385 249 49 250
49 3 248 2 249 385
49 3 160 14 209 348
49 3 348 209 47 207
49 3 206 348 207 69
49 3 207 47 226 363
49 3 363 226 18 224
49 3 223 363 224 42
49 3 203 69 223 360
49 3 360 223 42 220
49 3 222 360 220 19
49 3 18 225 375 239
49 3 239 375 238 55
49 3 375 128 75 238
49 3 55 238 391 260
49 3 260 391 259 1
49 3 391 247 51 259
49 3 75 124 380 247
49 3 247 380 243 51
49 3 380 244 0 243
49 3 224 18 239 374
49 3 374 239 55 237
49 3 236 374 237 74
49 3 237 55 260 390
49 3 390 260 1 258
49 3 257 390 258 50
49 3 233 74 257 387
49 3 387 257 50 254
49 3 256 387 254 3
49 3 33 171 319 170
49 3 170 319 174 64
49 3 319 177 39 174
49 3 5 164 315 169
49 3 169 315 167 38
49 3 315 170 64 167
49 3 38 167 331 189
49 3 189 331 187 7
49 3 331 190 36 187
49 3 64 174 334 190
49 3 190 334 191 36
49 3 334 194 6 191
49 3 261 82 20 81
49 3 83 56 82 261
49 3 23 83 261 84
49 3 267 94 32 93
49 3 95 62 94 267
49 3 21 95 267 96
49 3 285 96 9 129
49 3 130 21 96 285
49 3 56 130 285 82
49 3 289 133 21 130
49 3 134 11 133 289
49 3 22 134 289 135
49 3 294 135 56 83
49 3 141 22 135 294
49 3 10 141 294 142
49 3 313 164 5 163
49 3 165 33 164 313
49 3 62 165 313 94
49 3 318 171 33 165
49 3 172 4 171 318
49 3 34 172 318 173
49 3 323 173 62 95
49 3 179 34 173 323
49 3 11 179 323 133
49 3 20 129 286 90
49 3 90 286 131 57
49 3 286 101 29 131
49 3 32 163 314 102
49 3 102 314 166 63
49 3 314 169 38 166
49 3 24 150 340 114
49 3 114 340 197 67
49 3 340 200 45 197
49 3 8 81 262 89
49 3 89 262 85 28
49 3 262 90 57 85
49 3 28 85 298 146
49 3 146 298 105 12
49 3 298 147 24 105
49 3 57 131 302 147
49 3 147 302 150 24
49 3 302 153 13 150
49 3 9 93 268 101
49 3 101 268 97 29
49 3 268 102 63 97
49 3 29 97 326 153
49 3 153 326 181 13
49 3 326 184 35 181
49 3 63 166 330 184
49 3 184 330 186 35
49 3 330 189 7 186
49 3 12 105 274 113
49 3 113 274 109 44
49 3 274 114 67 109
49 3 44 109 351 210
49 3 210 351 117 16
49 3 351 211 40 117
49 3 67 197 355 211
49 3 211 355 214 40
49 3 355 217 17 214
49 3 23 84 265 92
49 3 92 265 88 60
49 3 265 89 28 88
49 3 134 22 140 291
49 3 291 140 59 137
49 3 139 291 137 30
49 3 27 108 277 116
49 3 116 277 112 70
49 3 277 113 44 112
49 3 10 142 296 145
49 3 145 296 144 31
49 3 296 92 60 144
49 3 31 144 311 162
49 3 162 311 161 14
49 3 311 149 27 161
49 3 60 88 301 149
49 3 149 301 108 27
49 3 301 146 12 108
49 3 141 10 145 295
49 3 295 145 31 143
49 3 140 295 143 59
49 3 143 31 162 310
49 3 310 162 14 160
49 3 159 310 160 26
49 3 137 59 159 307
49 3 307 159 26 156
49 3 158 307 156 15
49 3 14 161 349 209
49 3 209 349 208 47
49 3 349 116 70 208
49 3 47 208 364 226
49 3 226 364 225 18
49 3 364 213 43 225
49 3 70 112 354 213
49 3 213 354 120 43
49 3 354 210 16 120
49 3 172 34 178 320
49 3 320 178 65 175
49 3 177 320 175 39
49 3 179 11 139 324
49 3 324 139 30 180
49 3 178 324 180 65
49 3 180 30 158 338
49 3 338 158 15 196
49 3 195 338 196 37
49 3 175 65 195 335
49 3 335 195 37 192
49 3 194 335 192 6
49 3 181 35 182 329
49 3 329 182 66 183
49 3 151 329 183 25
49 3 151 25 201 341
49 3 341 201 68 198
49 3 200 341 198 45
49 3 215 41 231 367
49 3 367 231 73 228
49 3 230 367 228 53
49 3 186 7 187 333
49 3 333 187 36 188
49 3 182 333 188 66
49 3 188 36 191 337
49 3 337 191 6 192
49 3 193 337 192 37
49 3 183 66 193 339
49 3 339 193 37 196
49 3 155 339 196 15
49 3 155 15 205 344
49 3 344 205 46 202
49 3 201 344 202 68
49 3 202 46 222 359
49 3 359 222 19 219
49 3 218 359 219 41
49 3 198 68 218 356
49 3 356 218 41 215
49 3 217 356 215 17
49 3 219 19 235 370
49 3 370 235 54 232
49 3 231 370 232 73
49 3 232 54 256 386
49 3 386 256 3 253
49 3 252 386 253 49
49 3 228 73 252 383
49 3 383 252 49 249
49 3 251 383 249 2
49 3 40 214 366 126
49 3 126 366 227 72
49 3 366 230 53 227
49 3 16 117 280 125
49 3 125 280 121 52
49 3 280 126 72 121
49 3 52 121 377 244
49 3 244 377 240 0
49 3 377 245 48 240
49 3 72 227 382 245
49 3 245 382 248 48
49 3 382 251 2 248

vertices
425

nodes
FiniteElementSpace
FiniteElementCollection: H1_3D_P2
VDim: 3
Ordering: 0

-2.1684043e-19
0.093042196
-5.8546917e-18
0.11052157
0.26568513
2.9273459e-18
0.22229806
5.0957502e-18
-6.9117888e-18
-6.7762636e-19
0.11530805
0.27788281
1.9380114e-18
8.4432244e-18
0.10703716
0.20621024
3.3203692e-18
7.0473141e-18
0.099661134
0.14907545
-3.7947076e-18
0.1389414
0.19659543
0.057654025
5.1906179e-18
0.10310512
0.1566237
0.05351858
-2.4868887e-18
3.882799e-18
0.24204652
0.11117261
1.1248598e-18
0.13284256
0.27178397
6.7694873e-18
0.11114903
0.21425415
4.011548e-18
0.24399159
5.1838416e-18
0.074537724
0.12436829
0.049830567
2.6291903e-18
7.7452693e-18
0.17764284
0.10334915
-3.0357661e-18
0.055260787
0.10178189
0.046521098
1.5517644e-18
5.9631119e-19
0.12979851
0.096351665
0.098297715
6.9795515e-19
0.12102326
0.17660956
0.055586303
0.078311849
0.13589198
3.9471735e-18
0.1219958
0.24301906
0.10712707
5.1872298e-18
0.088821421
0.14049599
0.051674574
0.062184145
1.0740378e-18
0.064899255
0.11307509
0.048175833
0.050890943
0.088304782
0.12150953
0.070247997
0.056537544
-5.3532482e-18
0.049148857
0.07797587
0.028827013
-8.9446679e-19
0.044152391
0.071945542
0.027793151
-4.6993388e-18
-1.5483762e-18
0.093301248
0.056620164
2.236167e-19
0.067945992
0.13741669
0.069470702
3.9149863e-18
0.060754765
0.1212664
0.060511631
1.6025863e-18
2.5360166e-18
0.12870076
0.12998233
3.5643146e-18
0.039155925
0.065915215
0.02675929
3.90821e-18
0.035123999
0.060961285
0.025837287
2.2836008e-18
5.1889238e-18
0.074279923
0.052596577
4.2521054e-18
0.031092073
0.056007356
0.024915284
1.3129011e-18
0.028268772
0.052356688
0.024087916
2.4360668e-18
3.1289397e-18
0.059360845
0.0490032
-2.236167e-18
0.11861956
2.2903771e-18
0.10466402
0.20841211
0.23723912
0.14744657
0.18153489
0.20932804
0.13245717
0.25996467
0.1866025
0.15595174
0.086481038
0.14389108
0.083379454
0.11324033
-2.7443867e-19
2.9442865e-18
0.083308316
0.054552442
6.8169212e-18
0.051552559
0.090708484
6.1630117e-18
0.11206419
0.15465768
0.18141697
0.11746777
0.22412838
0.16661663
0.13183043
0.08027787
0.10910488
2.0261028e-18
0.066421282
0.13436727
3.9793608e-18
0.060997899
0.12175266
3.469447e-18
0.12741918
0.19926384
0.26873455
0.20383798
0.1829937
0.24350533
0.18226429
0.25483836
0.25740151
0.27483339
0.24253279
7.6063559e-18
0.053563537
0.1051161
5.3583304e-18
0.1143183
5.9326188e-18
0.055574516
0.10913805
4.5536491e-18
0.11657241
0.16672355
0.21827611
0.16069061
0.23314483
0.2286366
0.21023219
6.4662495e-18
0.04441071
0.079534709
8.0942468e-18
0.095963269
0.13323213
0.15906942
0.105372
0.19192654
0.14855985
0.12192257
0.077511861
0.10519315
2.9747797e-18
5.1855357e-18
0.066216071
0.05075257
6.1155779e-18
0.037268862
0.068360935
7.3962917e-18
0.081679572
0.11180659
0.13672187
0.093276218
0.16335914
0.13243214
0.11201471
0.074745851
0.10150514
8.3517449e-19
0.032449628
0.0607184
3.8218127e-18
0.06971849
0.097348883
0.1214368
0.084806316
0.13943698
0.11872169
0.10471338
0.072263749
0.0980064
-1.6263033e-18
0.025445471
0.04870602
0.023260549
6.6746196e-19
-9.8086415e-19
0.053714243
0.047348465
-4.4452289e-18
0.027630394
0.053075865
-2.6291903e-18
0.060080021
0.082891181
0.10615173
0.076336414
0.12016004
0.10742849
0.097412041
0.069781647
0.09469693
0.038987935
-3.1238575e-18
0.046650624
0.074960706
0.028310082
0.035972771
0.068708347
2.0693015e-18
0.064350378
0.12934154
0.064991166
0.060633198
0.032957607
3.7362623e-18
0.037139962
0.06343825
0.026298288
0.030480643
0.028003678
2.7825032e-18
0.029680422
0.054182022
0.0245016
0.026178344
0.05930978
2.7105054e-20
0.11164179
0.052332011
0.17792934
0.1949735
0.22328358
0.13995187
0.15699603
0.1169638
0.14992141
0.084930246
0.10791831
1.3349239e-18
0.041654158
0.068930379
0.027276221
4.5536491e-18
0.056032095
0.097686253
0.045354242
0.16809628
0.19537251
0.12496247
0.13606273
0.13786076
0.081828662
0.098872822
0.067183637
3.0027318e-18
0.06370959
0.12805997
0.060876332
0.20155091
0.19112877
0.25611994
0.19305113
0.18262899
0.20612504
0.25868309
0.18189959
5.7606711e-18
0.057159151
0.11319125
0.052558048
4.9559898e-18
0.058286207
0.11544536
0.054569027
0.17485862
0.23089072
0.17147745
0.16370708
0.22638249
0.15767414
6.6415853e-18
0.047981635
0.085121596
0.039767355
0.1439449
0.17024319
0.11141988
0.11930206
0.1268765
0.078894865
0.091441928
4.0801577e-18
0.033108036
0.058484321
0.025376285
6.2909137e-18
0.040839786
0.073947822
0.034180467
0.12251936
0.14789564
0.099324107
0.1025414
0.11696864
0.076128856
0.084011034
3.4753762e-18
0.034859245
0.064539667
0.0303592
0.10457773
0.12907933
0.089041267
0.0910776
0.10836404
0.0735048
0.078535032
-1.567011e-19
0.026857122
0.050531354
0.023674233
0.02435301
-1.8050272e-18
0.030040011
0.056897132
0.026537932
0.090120032
0.11379426
0.080571365
0.079613797
0.10106271
0.071022698
0.07305903
0.037480353
0.064670772
0.031719125
0.027091011
0.055820895
0.16746269
0.11244106
0.034465189
0.048843126
0.14652938
0.10339557
0.064029984
0.19208995
0.19401232
0.056595623
0.057722679
0.17316804
0.16978687
0.042560798
0.12768239
0.095157375
0.02924216
0.036973911
0.11092173
0.087726481
0.032269834
0.096809501
0.081273033
0.025265677
0.028448566
0.085345698
0.075797031
-6.1325185e-18
0.019493967
0.033907474
0.014413506
-3.9115982e-18
0.018740177
0.032895218
0.014155041
-5.8055638e-18
-4.2385529e-18
0.038234144
0.028568547
-2.2700483e-19
0.034354173
0.069089525
0.034735351
1.8359439e-18
0.032335386
0.064830969
0.032495583
4.6247999e-19
1.1464591e-18
0.06668956
0.067230934
2.751163e-18
0.016478804
0.029858449
0.013379645
3.0099316e-18
0.015859563
0.029008707
0.013149144
2.1108061e-18
3.6502885e-18
0.032338366
0.026528789
3.7862373e-18
0.014001839
0.026459481
0.012457642
2.609285e-18
0.013545506
0.025796306
0.0122508
2.878218e-18
3.5173043e-18
0.027547345
0.024708442
-3.0154373e-18
0.02965489
0.054229319
0.024574429
-7.6063559e-19
0.027910448
0.05123576
0.023325312
-2.6715419e-18
-1.104531e-18
0.057565337
0.047899741
0.10845864
0.14827445
0.16268796
0.12287214
0.10247152
0.13955224
0.15370728
0.11662656
0.095799482
0.11513067
0.17269601
0.14369922
0.067814948
0.097469837
0.10172242
0.072067532
0.065790435
0.093700883
0.098685653
0.070775205
0.057137095
0.076468288
0.11470243
0.085705642
-1.6906778e-18
0.017986386
0.031882961
0.013896576
5.3024262e-19
0.017232595
0.030870705
0.01363811
-1.3806637e-18
2.2022857e-19
0.03521898
0.027534686
1.4941661e-18
0.026166005
0.048242201
0.022076195
3.7489678e-18
0.024421563
0.045248642
0.020827079
1.8211208e-18
3.4220131e-18
0.050587569
0.042903274
0.096484402
0.13083003
0.1447266
0.11038098
0.090497284
0.12210782
0.13574593
0.10413539
0.085806549
0.10117514
0.15176271
0.12870982
0.063765923
0.089931928
0.095648884
0.069482878
0.06174141
0.086162973
0.092612115
0.068190552
0.055069372
0.07043796
0.10565694
0.082604058
1.5754813e-18
0.033591818
0.067564814
0.033972996
2.7693742e-18
0.032014992
0.064190181
0.032175189
1.8304382e-18
2.5144173e-18
0.06560681
0.066148185
0.13512963
0.16795909
0.20269444
0.16986498
0.12838036
0.16007496
0.19257054
0.16087595
0.13229637
0.13121362
0.19682043
0.19844456
0.13817905
0.17177087
0.20726857
0.17367676
0.12966194
0.16167693
0.19449291
0.16247792
0.13446187
0.13337912
0.20006868
0.2016928
3.8988927e-18
0.030316599
0.060572414
0.030255815
5.9618414e-18
0.028297811
0.056313859
0.028016047
5.0229054e-18
4.8378287e-18
0.05861441
0.058271863
3.9632672e-18
0.030438166
0.060815548
0.030377382
5.1571601e-18
0.02886134
0.057440915
0.028579575
4.652752e-18
4.4676753e-18
0.059299505
0.058956958
0.1216311
0.15219083
0.18244664
0.15188691
0.11488183
0.1443067
0.17232275
0.14289788
0.11791392
0.11859901
0.17789852
0.17687087
0.12114483
0.15158299
0.18171724
0.15127908
0.11262772
0.14148906
0.16894158
0.14008024
0.11654373
0.11722882
0.17584323
0.17481559
6.0037695e-18
0.022677121
0.042255083
0.019577962
5.9152546e-18
0.021280399
0.03985038
0.018569981
5.1897709e-18
6.7292532e-18
0.04395752
0.038147943
0.084510166
0.1133856
0.12676525
0.097889811
0.07970076
0.106402
0.11955114
0.092849904
0.076295886
0.08791504
0.13187256
0.11444383
0.059716898
0.082394018
0.089575346
0.066898225
0.058017414
0.079297813
0.08702612
0.065745721
0.053057579
0.064676732
0.097015099
0.079586368
3.2687001e-18
0.015240321
0.028158965
0.012918643
3.5274687e-18
0.01462108
0.027309223
0.012688143
2.801985e-18
3.9941839e-18
0.029861402
0.025606786
5.8267396e-18
0.019883677
0.037445677
0.017561999
5.7382247e-18
0.018486955
0.035040973
0.016554018
5.1863827e-18
6.3785816e-18
0.038370633
0.034116017
0.074891353
0.099418386
0.11233703
0.087809997
0.070081947
0.092434777
0.10512292
0.082770089
0.068232034
0.076741265
0.1151119
0.10234805
0.05631793
0.076201607
0.084476894
0.064593217
0.054618446
0.073105401
0.081927668
0.063440713
0.051213572
0.059722803
0.089584205
0.076820358
5.6497098e-18
0.017090234
0.03263627
0.015546036
3.3021579e-18
0.016134917
0.030975128
0.014840211
4.1563907e-18
4.795477e-18
0.03322515
0.030386248
0.06527254
0.085451168
0.09790881
0.077730182
0.061950256
0.080674584
0.092925384
0.074201056
0.060772495
0.066450301
0.099675451
0.091158743
0.052918962
0.070009195
0.079378443
0.062288209
0.051592611
0.067727528
0.077388917
0.061254
0.049416883
0.055094689
0.082642034
0.074125325
1.4323327e-18
0.013089172
0.02513313
0.012043958
2.5538043e-19
0.012632839
0.024469955
0.011837116
1.1096132e-18
5.7809999e-19
0.025722011
0.023881074
9.5460613e-19
0.0151796
0.029313986
0.014134386
-1.3929457e-18
0.014224283
0.027652844
0.013428561
4.6586812e-20
-4.8492636e-19
0.029403883
0.027562947
0.058627972
0.075898
0.087941958
0.07067193
0.055305688
0.071121415
0.082958532
0.067142804
0.055125894
0.058807766
0.088211649
0.08268884
0.05026626
0.06544586
0.075399391
0.060219791
0.04893991
0.063164193
0.073409865
0.059185582
0.047762149
0.051444021
0.077166032
0.071643223
-4.5739779e-18
0.044068396
-2.3361169e-18
0.042065489
0.073723286
0.088136792
0.058481902
0.069975936
0.084130977
0.05622053
0.043240519
0.042465123
-3.5931138e-18
-2.0091622e-18
0.036726562
0.028051617
-9.8255822e-20
0.040062581
-4.2521054e-19
0.045401508
0.066228586
0.080125162
0.053959157
0.090803015
0.073453124
0.041689727
0.056103233
6.7423823e-19
0.068327169
2.3026591e-18
0.064510575
0.10191899
0.13665434
0.10306252
0.096525567
0.12902115
0.097006158
0.10420605
0.097486749
2.7426927e-18
2.9921439e-18
0.062651985
0.062751398
3.9310799e-18
0.060693981
3.2415951e-18
0.062552571
0.091132147
0.12138796
0.090949796
0.12510514
0.12530397
0.090767446
0.1255028
4.3774663e-18
0.036056766
4.4625931e-18
0.034429543
0.058733887
0.072113532
0.049436411
0.055709942
0.068859087
0.047578688
0.040138935
0.039447433
2.4563955e-18
3.8222362e-18
0.031099884
0.026067788
4.5477199e-18
0.032802321
5.1880768e-18
0.03613198
0.052685998
0.065604641
0.045720964
0.07226396
0.062199768
0.03875593
0.052135575
4.7179735e-18
0.029547875
2.9557215e-18
0.028385717
0.046638109
0.059095751
0.042005517
0.044520634
0.056771433
0.040636517
0.037372925
0.0367524
1.9939156e-18
2.0477021e-18
0.026634678
0.024294758
1.1934694e-18
0.027223558
2.1014887e-18
0.028974597
0.042403158
0.054447116
0.039267516
0.057949194
0.053269355
0.036131874
0.048589516
-1.4568967e-18
0.064390241
8.148457e-19
0.060406031
0.12878048
0.08896467
0.12081206
0.083731343
1.1587411e-18
0.054076453
3.0865881e-18
0.056421821
0.11284364
0.078498016
0.10815291
0.19317072
0.18121809
0.24314746
0.25756096
0.20758423
0.22746908
0.24162412
0.19537313
0.26892374
0.23026135
0.21691727
0.172021
0.20494304
0.16327718
0.19159896
0.16222936
0.13620452
0.16926546
0.1882542
0.21179071
0.22568728
0.18316204
0.25100559
0.21630581
0.1929688
0.15453337
0.18160603
0.13220519
0.12619647
0.17627358
0.13645777
0.16826195
0.13118124
0.15293658
0.1356299
0.10089454
0.13158087
0.099085287
0.11427419
0.11017969
0.08415485
0.12018774
0.16025032
0.1259047
0.14690625
0.12753185
0.09727603
0.11220647
2.1396052e-18
0.038059674
0.062481237
0.076119347
0.051697784
0.040914331
8.3178635e-19
2.4496193e-18
0.033711398
0.027017755
4.0674522e-18
0.040405041
0.080810082
0.067422797
0.054035511
5.3583304e-18
0.052437611
0.084048142
0.10487522
0.073264689
5.6852851e-18
0.047098684
7.6300728e-18
0.025776279
0.0484534
7.3031181e-18
0.053792327
0.077328838
0.096906801
0.068031363
0.10758465
0.094197368
0.15731283
0.19611233
0.20975044
0.17095094
0.23308745
0.20235027
0.18099457
0.14578955
0.1716131
0.14129605
0.12121512
0.1288814
0.1453602
0.16137698
0.18043396
0.1938136
0.15873985
0.21516931
0.18839474
0.16902033
0.13704574
0.16162016
0.11417902
0.15223869
0.12062816
0.14087592
0.12348282
0.095466773
0.11013874
0.10113419
0.081053266
0.1081703
0.14422706
0.11535163
0.13484559
0.1194338
0.093657516
0.10807102
2.4767243e-18
0.033210641
0.066802459
3.2360894e-18
0.031854795
0.063869787
3.1983964e-18
0.065065436
0.099631922
0.13360492
0.10077546
0.095564385
0.12773957
0.096044976
0.13013087
3.4910463e-18
0.062453158
3.9954544e-18
0.030498949
0.060937115
3.7404975e-18
0.062353744
0.091496848
0.12187423
0.091314497
0.12470749
0.12490632
0.1660532
0.20040738
0.15927398
0.19160936
0.19519631
0.23247449
0.26720984
0.23514273
0.22298357
0.25547915
0.22410494
0.26026174
0.26242724
0.27025926
0.23781097
0.25676072
0.22522632
0.26459274
0.18735947
0.18765771
0.15249475
0.18281135
0.18706123
0.21349265
0.24374846
0.21306716
0.24941498
0.24981263
0.24326219
0.21264168
0.25021029
0.20498151
0.19353173
0.27330868
0.24047921
0.2580423
0.2263477
0.26675824
0.2763581
0.25932388
0.18795595
0.18208194
0.24277592
0.21221619
0.25060794
0.24228966
5.5595007e-18
0.056877387
0.085738726
0.11375477
0.084893434
8.0247901e-18
0.026279024
0.052055304
6.6835135e-18
0.054576836
7.1879216e-18
0.026781769
0.053060793
6.0639089e-18
0.055361344
0.080345306
0.10612159
0.078837072
0.11072269
0.10915367
0.10411061
4.7548194e-18
0.029143104
0.058004443
4.2825986e-18
0.059642053
0.087429311
0.11600889
0.086584019
0.11928411
6.351053e-18
0.027284513
0.054066282
5.4443043e-18
0.056145853
5.5141845e-18
0.027787258
0.055071771
4.8246997e-18
0.056930361
0.083361774
0.11014354
0.08185354
0.11386072
0.11229171
0.10813256
0.14571552
0.17401333
0.17892616
0.20400173
0.23201777
0.20202938
0.23856821
0.23719802
0.22976366
0.20005703
0.23582783
0.13642257
0.16219885
0.13390884
0.16843756
0.16608403
0.13893629
0.16521531
0.17079108
0.19451081
0.22028708
0.19099159
0.22772145
0.22458341
0.21626513
0.18747238
0.22144538
0.17063216
0.22750955
0.19808468
0.23445764
0.22525544
0.13139512
0.15616591
0.16373051
0.15918238
0.21224317
0.18395317
0.21830734
0.20822121
7.3679161e-18
0.023990817
0.045271216
8.2687356e-18
0.049767097
0.071972452
0.090542433
0.063841197
0.099534194
6.5539174e-18
0.041164076
7.1057594e-18
0.022205355
0.042089032
7.9197581e-18
0.046196173
0.066616066
0.084178065
0.059651032
0.092392345
0.082328153
0.11995409
0.13581365
0.14930129
0.16793572
0.18108487
0.14896279
0.19906839
0.17583008
0.15940152
0.12998987
0.15259177
0.12349223
0.10839594
0.11102678
0.1262671
0.13858852
0.15543749
0.16835613
0.13918574
0.18478469
0.16465631
0.14978271
0.122934
0.14452792
0.10328863
0.13771817
0.11101694
0.12935346
0.11603483
0.09204401
0.10611516
0.093299652
0.078203363
0.098406962
0.13120928
0.10668225
0.12439954
0.11263586
0.090430504
0.10427115
4.6328467e-18
0.031175098
0.049662054
0.062350196
0.043863241
0.038064428
3.1475744e-18
4.1661316e-18
0.028622919
0.025145784
5.1846887e-18
0.032100054
0.064200108
0.057245839
0.050291569
6.8436027e-18
0.020419893
0.038906849
7.5707805e-18
0.042625248
0.061259679
0.077813697
0.055460866
0.085250497
6.2032458e-18
0.035577189
6.581446e-18
0.018634431
0.035724665
7.2218029e-18
0.039054324
0.055903293
0.071449329
0.051270701
0.078108648
0.071154378
0.10209947
0.11672055
0.12787574
0.14293925
0.15562739
0.12940869
0.17050099
0.15348253
0.14016389
0.11587812
0.13646407
0.10673157
0.096300163
0.093172155
0.10717399
0.11716297
0.13044102
0.14289866
0.11963164
0.1562173
0.14230876
0.13054508
0.10882225
0.12840022
0.093525294
0.12470039
0.10234756
0.11944561
0.10923689
0.088816998
0.10242714
0.085868758
0.075437353
0.088643626
0.1181915
0.098012873
0.11449168
0.10583792
0.087203492
0.10058314
3.6485944e-18
0.017429622
0.033564539
5.4345634e-18
0.036064053
0.052288867
0.067129078
0.04840475
0.072128107
2.1552753e-18
0.031314517
7.1574284e-19
0.016224814
0.031404414
2.2090619e-18
0.033654436
0.048674442
0.062808828
0.0455388
0.067308873
0.062629033
0.087148112
0.10069362
0.10819216
0.12200736
0.13425816
0.11294442
0.14425621
0.1329006
0.12390051
0.10388148
0.12154499
0.09394355
0.086923792
0.081124069
0.094213241
0.10096331
0.1135737
0.12561766
0.1062572
0.13461775
0.12525807
0.11725594
0.098940702
0.11589839
0.08515715
0.11354287
0.094818539
0.11018938
0.10318522
0.0857556
0.098833767
0.079904033
0.072884274
0.081670674
0.10889423
0.091624204
0.10653871
0.10053252
0.084307707
0.097179032
-5.6878262e-19
0.026061399
0.040285682
0.052122799
0.037898516
0.035511349
-9.2157185e-19
0.012176505
0.02380678
0.011630274
2.2531076e-19
-8.9150218e-19
0.024809344
0.023467391
-2.3310347e-18
0.012722736
0.024899241
-2.0083151e-18
0.026151296
0.038168207
0.049798481
0.036529515
0.052302593
0.049618687
0.047613559
0.034890823
0.046934782
-2.2171087e-18
0.015020005
0.029244288
-1.0164395e-18
0.031244819
0.045060016
0.058488577
0.042672849
0.062489638
-3.7404975e-18
0.013268966
0.025991702
-3.1251281e-18
0.027493249
-5.1499603e-18
0.013815197
0.027084163
-4.241941e-18
0.028835202
0.04144559
0.054168326
0.039806899
0.057670404
0.054986499
0.051983404
0.075100027
0.087732865
0.093734458
0.10514004
0.11697715
0.099569982
0.12497928
0.11761553
0.11061138
0.093999926
0.11025179
0.066344831
0.077975106
0.063613678
0.082479748
0.078453889
0.069075984
0.081252489
0.086505606
0.096706378
0.10833665
0.092882764
0.11534081
0.109973
0.10396681
0.089059149
0.10460519
0.078184198
0.1042456
0.08842987
0.10288804
0.09787982
0.082859814
0.095524298
0.060882525
0.071420339
0.058151372
0.074428031
0.070402172
0.074697722
0.099596963
0.085235535
0.099237375
0.095227118
0.081411921
0.093869563
0.016953737
-5.0220583e-18
0.019117072
0.033401346
0.014284274
0.016447609
0.034544762
8.0446954e-19
0.03334478
0.066960247
0.033615467
0.032415485
0.014929224
2.8805473e-18
0.016169183
0.029433578
0.013264395
0.014504353
0.01322974
3.1977611e-18
0.013773672
0.026127893
0.012354221
0.012898153
0.027114659
-1.8880364e-18
0.028782669
0.052732539
0.02394987
0.02561788
0.1355733
0.10546508
0.14391334
0.15819762
0.11974935
0.1280894
0.084768685
0.066802691
0.09558536
0.10020404
0.071421368
0.082238044
0.015941481
-5.8021757e-19
0.01760949
0.031376833
0.013767343
0.015435353
0.0241211
2.621567e-18
0.025293784
0.046745421
0.021451637
0.022624321
0.1206055
0.093490843
0.12646892
0.14023626
0.10725819
0.11312161
0.079707403
0.062753666
0.088047451
0.094130499
0.068836715
0.077176763
0.033782407
2.1724278e-18
0.032803405
0.065877498
0.033074093
0.032095091
0.16891204
0.131755
0.16401703
0.19763249
0.16537046
0.16047545
0.17272381
0.13392049
0.1667239
0.20088074
0.16807734
0.16207742
0.030286207
4.930367e-18
0.029307205
0.058443136
0.029135931
0.028156929
0.030407774
4.5602136e-18
0.029649753
0.059128232
0.029478479
0.028720458
0.15203887
0.11825646
0.14824876
0.17738469
0.14739239
0.14360229
0.15143104
0.11688627
0.14653603
0.17532941
0.14567966
0.14078465
0.021127542
5.9595121e-18
0.02197876
0.041052732
0.019073972
0.01992519
0.10563771
0.082105463
0.1098938
0.12315819
0.095369858
0.09962595
0.074646122
0.058867156
0.080845916
0.088300733
0.066321973
0.072521767
0.014079482
3.3980844e-18
0.014930701
0.027734094
0.012803393
0.013654611
0.018722838
5.7824822e-18
0.019185316
0.036243325
0.017058009
0.017520487
0.093614191
0.07248665
0.095926582
0.10872997
0.085290043
0.087602433
0.070397412
0.055468188
0.074653504
0.083202281
0.064016965
0.068273057
0.016318135
4.4759339e-18
0.016612575
0.031805699
0.015193124
0.015487564
0.081590675
0.063611398
0.083062876
0.095417097
0.075965619
0.07743782
0.066148702
0.052255786
0.068868362
0.07838368
0.061771104
0.064490764
0.012566565
8.4385657e-19
0.012861005
0.024801543
0.011940537
0.012234977
0.014656993
-2.1916978e-19
0.014701942
0.028483415
0.013781473
0.013826422
0.073284965
0.05696683
0.073509708
0.085450245
0.068907367
0.06913211
0.062832825
0.049603085
0.064305027
0.074404628
0.059702686
0.061174887
0.022034198
-3.4550474e-18
0.043066942
0.021032744
0.066102594
0.071849611
0.086133885
0.057351216
0.063098233
0.050861211
0.042852821
0.049342826
-2.801138e-18
0.018363281
0.032389089
0.014025808
-1.2171863e-18
0.022700754
0.041064035
0.020031291
0.068102261
0.08212807
0.055089843
0.060093872
0.064778179
0.042077425
0.047824442
0.034163585
1.4884486e-18
0.066418872
0.032255288
0.10249075
0.099222278
0.13283774
0.10003434
0.096765863
0.10363429
0.1008464
0.097246454
2.8674183e-18
0.031325992
0.062701692
0.031375699
3.1168695e-18
0.031276286
0.062602278
0.030346991
0.093828857
0.12520456
0.093977977
0.091040972
0.12540338
0.094127098
0.090858621
0.018028383
4.4200297e-18
0.035243155
0.017214772
0.054085149
0.057221915
0.070486309
0.048507549
0.051644315
0.044787673
0.039793184
0.04351306
3.1393159e-18
0.015549942
0.028583836
0.013033894
4.5051565e-18
0.01806599
0.033615932
0.01640116
0.05419797
0.067231864
0.046649826
0.049203481
0.057167672
0.039101682
0.042238447
0.014773938
3.8368475e-18
0.028966796
0.014192858
0.044321813
0.045579371
0.057933592
0.041321017
0.042578575
0.039689221
0.037062663
0.038694458
2.0208089e-18
0.013317339
0.025464718
0.012147379
2.0745954e-18
0.014487299
0.027804637
0.013611779
0.043461896
0.055609275
0.039952016
0.040835337
0.050929436
0.036442137
0.037699695
0.03219512
-3.2102549e-19
0.062398136
0.030203015
0.096585361
0.12479627
0.086348006
0.090609046
0.081343978
0.07685364
3.6676527e-19
0.027038226
0.04973898
1.9507169e-18
0.058413926
0.02821091
0.11682785
0.081114679
0.084632731
0.099477961
0.072363301
0.1609756
0.18719441
0.15101508
0.22536584
0.23530827
0.24959254
0.20147868
0.21142111
0.18980261
0.21093016
0.16764909
0.17932516
0.13519113
0.14921694
0.11350377
0.1568785
0.17524178
0.14105455
0.21962989
0.2336557
0.18926759
0.19747637
0.19895592
0.15890528
0.1688477
0.11017099
0.12920083
0.10516372
0.15423939
0.17226777
0.1338195
0.14722921
0.11867616
0.13360538
0.099989916
0.11513326
0.091816405
0.097167268
0.070129042
0.1231921
0.10015645
0.16425614
0.12854297
0.14021903
0.12955636
0.098180658
0.11159036
1.0206747e-18
0.039061127
0.019029837
0.064354912
0.078122255
0.05282847
0.05708951
0.041302029
0.046306058
1.6407028e-18
0.016855699
0.030364577
0.013508878
3.2585357e-18
0.020202521
0.03705822
0.060607562
0.074116439
0.050567097
0.060729154
0.040526633
4.2224592e-18
0.054429716
0.026218805
0.087407794
0.10885943
0.075881353
0.078656416
0.067872963
4.8763687e-18
0.023549342
0.043751863
6.4942016e-18
0.026896163
0.050445505
0.0242267
0.08068849
0.10089101
0.070648026
0.072680101
0.087503725
0.063382625
0.16328915
0.13109403
0.20395152
0.21771886
0.17705649
0.18353164
0.18698169
0.15016146
0.15837025
0.11774671
0.13125559
0.1010126
0.13448082
0.15133652
0.1211335
0.18827314
0.20178202
0.16484539
0.1695869
0.17500745
0.14141764
0.14789279
0.11718338
0.095149184
0.15624451
0.12326643
0.13320886
0.12550733
0.096371401
0.10804747
0.084278496
0.091093731
0.067544389
0.11117466
0.090141915
0.14823288
0.11798989
0.12619868
0.12145831
0.094562144
0.10450457
0.03340123
2.8564069e-18
0.032532718
0.065336123
0.031934894
0.10020369
0.097598154
0.13067225
0.098410216
0.095804681
0.10134722
0.096285272
3.3663207e-18
0.031226579
0.062502865
3.6157719e-18
0.031176872
0.062403451
0.030468558
0.093530617
0.1248069
0.093679737
0.091405673
0.12500573
0.091223322
0.16700615
0.16266359
0.19600837
0.15967447
0.23380861
0.22772903
0.26134449
0.22962384
0.22354426
0.23647685
0.26350999
0.23151865
0.22466563
0.15613289
0.18750859
0.15638143
0.15588436
0.18721035
0.15234279
0.21823811
0.2496138
0.21858605
0.2132799
0.25001146
0.218934
0.21285442
0.17081792
0.19925662
0.16127644
0.23914509
0.26567549
0.23341346
0.22578701
0.24181334
0.26784099
0.22690839
0.15662996
0.18810508
0.18780683
0.15173495
0.25040911
0.21928195
0.21242893
0.25080677
0.21200345
4.7452903e-18
0.058785684
0.028438693
0.088435437
0.11757137
0.087921615
0.08531608
0.084470788
6.9933158e-18
0.027288418
0.054184581
0.026027652
6.3737112e-18
0.027680672
0.05496909
0.026530396
0.083042016
0.10993818
0.081865253
0.079591189
0.10836916
0.078082955
4.3751369e-18
0.029821026
0.059470779
0.029002222
0.089463079
0.11894156
0.088949258
0.087006665
0.086161373
5.7541066e-18
0.028072926
0.055753599
0.027033141
5.134502e-18
0.028465181
0.056538107
0.027535886
0.085395542
0.11307621
0.084218779
0.082607657
0.1115072
0.081099423
0.14910513
0.17841234
0.14501111
0.20874719
0.23788312
0.20754827
0.20301555
0.23651293
0.20634935
0.2010432
0.14036463
0.1672608
0.13840336
0.1351657
0.1423259
0.16961432
0.13767943
0.19925627
0.22615243
0.19651048
0.1927512
0.22301439
0.1937647
0.18923199
0.17635705
0.14219347
0.23514274
0.20515044
0.19907085
0.23377255
0.19709851
0.13644209
0.16255374
0.13013826
0.16490727
0.13265198
0.21987636
0.19101892
0.18571277
0.21673832
0.18219356
7.4989944e-18
0.024883548
0.046862308
0.022635608
0.074650645
0.093724617
0.06593628
0.067906825
0.05977557
5.8709971e-18
0.020582038
0.038648028
7.2368377e-18
0.023098086
0.043680124
