MFEM mesh v1.0

#
# MFEM Geometry Types (see mesh/geom.hpp):
#
# POINT       = 0
# SEGMENT     = 1
# TRIANGLE    = 2
# SQUARE      = 3
# TETRAHEDRON = 4
# CUBE        = 5
#

dimension
3

elements
704
1 5 11 177 601 180 185 602 937 605
1 5 8 189 607 192 197 608 938 611
1 5 9 201 613 204 209 614 939 617
1 5 5 213 619 216 221 620 940 623
1 5 6 225 625 228 233 626 941 629
1 5 28 237 631 240 245 632 942 635
1 5 19 249 637 252 257 638 943 641
1 5 30 261 643 264 269 644 944 647
1 5 31 273 649 276 281 650 945 653
1 5 33 285 655 288 293 656 946 659
1 5 17 297 661 300 305 662 947 665
1 5 38 309 667 178 186 668 948 603
1 5 115 311 672 319 187 670 949 675
1 5 41 179 677 323 188 604 950 678
1 5 46 181 606 184 329 680 951 683
1 5 116 312 671 182 330 685 952 681
1 5 166 314 676 322 331 687 953 691
1 5 119 183 679 324 332 682 954 694
1 5 40 318 696 190 198 674 955 609
1 5 121 346 699 350 199 697 956 702
1 5 52 191 704 354 200 610 957 705
1 5 49 193 612 196 345 693 958 709
1 5 118 321 698 194 342 690 959 707
1 5 167 347 703 353 359 712 960 716
1 5 124 195 706 355 360 708 961 719
1 5 58 372 721 202 210 722 962 615
1 5 126 374 726 382 211 724 963 729
1 5 50 203 731 348 212 616 964 700
1 5 48 205 618 208 341 733 965 711
1 5 127 375 725 206 390 737 966 734
1 5 168 377 730 385 391 739 967 743
1 5 122 207 732 351 363 735 968 714
1 5 51 349 747 214 222 701 969 621
1 5 131 403 750 407 223 748 970 753
1 5 68 215 755 414 224 622 971 757
1 5 57 217 624 220 371 718 972 761
1 5 123 352 749 218 368 715 973 759
1 5 169 404 754 410 421 764 974 768
1 5 134 219 758 416 422 760 975 771
1 5 60 381 773 226 234 728 976 627
1 5 136 435 777 441 235 775 977 780
1 5 66 227 782 405 236 628 978 751
1 5 56 229 630 232 367 745 979 763
1 5 129 384 776 230 401 742 980 785
1 5 170 437 781 444 451 789 981 793
1 5 132 231 784 408 425 786 982 766
1 5 79 461 797 238 246 798 983 633
1 5 140 463 802 471 247 800 984 805
1 5 82 239 807 475 248 634 985 808
1 5 83 241 636 244 477 810 986 813
1 5 141 464 801 242 478 814 987 811
1 5 171 466 806 474 479 816 988 819
1 5 144 243 809 476 480 812 989 821
1 5 87 486 822 250 258 823 990 639
1 5 145 487 826 492 259 824 991 829
1 5 90 251 831 498 260 640 992 833
1 5 94 253 642 256 506 835 993 838
1 5 146 488 825 254 507 840 994 836
1 5 172 489 830 495 508 842 995 846
1 5 149 255 834 500 509 837 996 849
1 5 81 470 851 262 270 804 997 645
1 5 151 520 854 524 271 852 998 857
1 5 88 263 859 490 272 646 999 827
1 5 86 265 648 268 485 820 1000 841
1 5 143 473 853 266 484 818 1001 861
1 5 173 521 858 527 529 864 1002 867
1 5 147 267 860 493 512 862 1003 844
1 5 100 533 869 274 282 870 1004 651
1 5 154 535 874 543 283 872 1005 877
1 5 97 275 879 522 284 652 1006 855
1 5 85 277 654 280 483 882 1007 863
1 5 155 536 873 278 551 885 1008 883
1 5 174 538 878 546 552 887 1009 890
1 5 152 279 881 525 530 884 1010 865
1 5 98 523 892 286 294 856 1011 657
1 5 158 558 896 564 295 894 1012 899
1 5 107 287 901 569 296 658 1013 902
1 5 95 289 660 292 515 868 1014 906
1 5 153 526 895 290 532 866 1015 904
1 5 175 560 900 567 571 908 1016 911
1 5 161 291 903 570 572 905 1017 913
1 5 106 563 914 298 306 898 1018 663
1 5 162 578 918 584 307 916 1019 921
1 5 112 299 923 591 308 664 1020 925
1 5 109 301 666 304 576 912 1021 929
1 5 160 566 917 302 575 910 1022 927
1 5 176 580 922 587 595 931 1023 934
1 5 165 303 926 593 596 928 1024 936
1 5 177 38 178 601 602 186 603 937
1 5 601 178 115 179 937 603 187 604
1 5 180 601 179 41 605 937 604 188
1 5 185 602 937 605 46 181 606 184
1 5 602 186 603 937 181 116 182 606
1 5 937 603 187 604 606 182 166 183
1 5 605 937 604 188 184 606 183 119
1 5 189 40 190 607 608 198 609 938
1 5 607 190 121 191 938 609 199 610
1 5 192 607 191 52 611 938 610 200
1 5 197 608 938 611 49 193 612 196
1 5 608 198 609 938 193 118 194 612
1 5 938 609 199 610 612 194 167 195
1 5 611 938 610 200 196 612 195 124
1 5 201 58 202 613 614 210 615 939
1 5 613 202 126 203 939 615 211 616
1 5 204 613 203 50 617 939 616 212
1 5 209 614 939 617 48 205 618 208
1 5 614 210 615 939 205 127 206 618
1 5 939 615 211 616 618 206 168 207
1 5 617 939 616 212 208 618 207 122
1 5 213 51 214 619 620 222 621 940
1 5 619 214 131 215 940 621 223 622
1 5 216 619 215 68 623 940 622 224
1 5 221 620 940 623 57 217 624 220
1 5 620 222 621 940 217 123 218 624
1 5 940 621 223 622 624 218 169 219
1 5 623 940 622 224 220 624 219 134
1 5 225 60 226 625 626 234 627 941
1 5 625 226 136 227 941 627 235 628
1 5 228 625 227 66 629 941 628 236
1 5 233 626 941 629 56 229 630 232
1 5 626 234 627 941 229 129 230 630
1 5 941 627 235 628 630 230 170 231
1 5 629 941 628 236 232 630 231 132
1 5 237 79 238 631 632 246 633 942
1 5 631 238 140 239 942 633 247 634
1 5 240 631 239 82 635 942 634 248
1 5 245 632 942 635 83 241 636 244
1 5 632 246 633 942 241 141 242 636
1 5 942 633 247 634 636 242 171 243
1 5 635 942 634 248 244 636 243 144
1 5 249 87 250 637 638 258 639 943
1 5 637 250 145 251 943 639 259 640
1 5 252 637 251 90 641 943 640 260
1 5 257 638 943 641 94 253 642 256
1 5 638 258 639 943 253 146 254 642
1 5 943 639 259 640 642 254 172 255
1 5 641 943 640 260 256 642 255 149
1 5 261 81 262 643 644 270 645 944
1 5 643 262 151 263 944 645 271 646
1 5 264 643 263 88 647 944 646 272
1 5 269 644 944 647 86 265 648 268
1 5 644 270 645 944 265 143 266 648
1 5 944 645 271 646 648 266 173 267
1 5 647 944 646 272 268 648 267 147
1 5 273 100 274 649 650 282 651 945
1 5 649 274 154 275 945 651 283 652
1 5 276 649 275 97 653 945 652 284
1 5 281 650 945 653 85 277 654 280
1 5 650 282 651 945 277 155 278 654
1 5 945 651 283 652 654 278 174 279
1 5 653 945 652 284 280 654 279 152
1 5 285 98 286 655 656 294 657 946
1 5 655 286 158 287 946 657 295 658
1 5 288 655 287 107 659 946 658 296
1 5 293 656 946 659 95 289 660 292
1 5 656 294 657 946 289 153 290 660
1 5 946 657 295 658 660 290 175 291
1 5 659 946 658 296 292 660 291 161
1 5 297 106 298 661 662 306 663 947
1 5 661 298 162 299 947 663 307 664
1 5 300 661 299 112 665 947 664 308
1 5 305 662 947 665 109 301 666 304
1 5 662 306 663 947 301 160 302 666
1 5 947 663 307 664 666 302 176 303
1 5 665 947 664 308 304 666 303 165
1 5 309 12 310 667 668 315 669 948
1 5 667 310 39 311 948 669 316 670
1 5 178 667 311 115 603 948 670 187
1 5 186 668 948 603 116 312 671 182
1 5 668 315 669 948 312 47 313 671
1 5 948 669 316 670 671 313 117 314
1 5 603 948 670 187 182 671 314 166
1 5 311 39 317 672 670 316 673 949
1 5 672 317 9 318 949 673 209 674
1 5 319 672 318 40 675 949 674 198
1 5 187 670 949 675 166 314 676 322
1 5 670 316 673 949 314 117 320 676
1 5 949 673 209 674 676 320 48 321
1 5 675 949 674 198 322 676 321 118
1 5 179 115 319 677 604 187 675 950
1 5 677 319 40 189 950 675 198 608
1 5 323 677 189 8 678 950 608 197
1 5 188 604 950 678 119 183 679 324
1 5 604 187 675 950 183 166 322 679
1 5 950 675 198 608 679 322 118 193
1 5 678 950 608 197 324 679 193 49
1 5 181 116 182 606 680 330 681 951
1 5 606 182 166 183 951 681 331 682
1 5 184 606 183 119 683 951 682 332
1 5 329 680 951 683 20 325 684 328
1 5 680 330 681 951 325 42 326 684
1 5 951 681 331 682 684 326 120 327
1 5 683 951 682 332 328 684 327 45
1 5 312 47 313 671 685 336 686 952
1 5 671 313 117 314 952 686 337 687
1 5 182 671 314 166 681 952 687 331
1 5 330 685 952 681 42 333 688 326
1 5 685 336 686 952 333 21 334 688
1 5 952 686 337 687 688 334 43 335
1 5 681 952 687 331 326 688 335 120
1 5 314 117 320 676 687 337 689 953
1 5 676 320 48 321 953 689 341 690
1 5 322 676 321 118 691 953 690 342
1 5 331 687 953 691 120 335 692 340
1 5 687 337 689 953 335 43 338 692
1 5 953 689 341 690 692 338 23 339
1 5 691 953 690 342 340 692 339 44
1 5 183 166 322 679 682 331 691 954
1 5 679 322 118 193 954 691 342 693
1 5 324 679 193 49 694 954 693 345
1 5 332 682 954 694 45 327 695 344
1 5 682 331 691 954 327 120 340 695
1 5 954 691 342 693 695 340 44 343
1 5 694 954 693 345 344 695 343 22
1 5 318 9 204 696 674 209 617 955
1 5 696 204 50 346 955 617 212 697
1 5 190 696 346 121 609 955 697 199
1 5 198 674 955 609 118 321 698 194
1 5 674 209 617 955 321 48 208 698
1 5 955 617 212 697 698 208 122 347
1 5 609 955 697 199 194 698 347 167
1 5 346 50 348 699 697 212 700 956
1 5 699 348 6 349 956 700 233 701
1 5 350 699 349 51 702 956 701 222
1 5 199 697 956 702 167 347 703 353
1 5 697 212 700 956 347 122 351 703
1 5 956 700 233 701 703 351 56 352
1 5 702 956 701 222 353 703 352 123
1 5 191 121 350 704 610 199 702 957
1 5 704 350 51 213 957 702 222 620
1 5 354 704 213 5 705 957 620 221
1 5 200 610 957 705 124 195 706 355
1 5 610 199 702 957 195 167 353 706
1 5 957 702 222 620 706 353 123 217
1 5 705 957 620 221 355 706 217 57
1 5 193 118 194 612 693 342 707 958
1 5 612 194 167 195 958 707 359 708
1 5 196 612 195 124 709 958 708 360
1 5 345 693 958 709 22 343 710 358
1 5 693 342 707 958 343 44 356 710
1 5 958 707 359 708 710 356 125 357
1 5 709 958 708 360 358 710 357 55
1 5 321 48 208 698 690 341 711 959
1 5 698 208 122 347 959 711 363 712
1 5 194 698 347 167 707 959 712 359
1 5 342 690 959 707 44 339 713 356
1 5 690 341 711 959 339 23 361 713
1 5 959 711 363 712 713 361 53 362
1 5 707 959 712 359 356 713 362 125
1 5 347 122 351 703 712 363 714 960
1 5 703 351 56 352 960 714 367 715
1 5 353 703 352 123 716 960 715 368
1 5 359 712 960 716 125 362 717 366
1 5 712 363 714 960 362 53 364 717
1 5 960 714 367 715 717 364 26 365
1 5 716 960 715 368 366 717 365 54
1 5 195 167 353 706 708 359 716 961
1 5 706 353 123 217 961 716 368 718
1 5 355 706 217 57 719 961 718 371
1 5 360 708 961 719 55 357 720 370
1 5 708 359 716 961 357 125 366 720
1 5 961 716 368 718 720 366 54 369
1 5 719 961 718 371 370 720 369 25
1 5 372 10 373 721 722 378 723 962
1 5 721 373 59 374 962 723 379 724
1 5 202 721 374 126 615 962 724 211
1 5 210 722 962 615 127 375 725 206
1 5 722 378 723 962 375 64 376 725
1 5 962 723 379 724 725 376 128 377
1 5 615 962 724 211 206 725 377 168
1 5 374 59 380 726 724 379 727 963
1 5 726 380 7 381 963 727 386 728
1 5 382 726 381 60 729 963 728 234
1 5 211 724 963 729 168 377 730 385
1 5 724 379 727 963 377 128 383 730
1 5 963 727 386 728 730 383 65 384
1 5 729 963 728 234 385 730 384 129
1 5 203 126 382 731 616 211 729 964
1 5 731 382 60 225 964 729 234 626
1 5 348 731 225 6 700 964 626 233
1 5 212 616 964 700 122 207 732 351
1 5 616 211 729 964 207 168 385 732
1 5 964 729 234 626 732 385 129 229
1 5 700 964 626 233 351 732 229 56
1 5 205 127 206 618 733 390 734 965
1 5 618 206 168 207 965 734 391 735
1 5 208 618 207 122 711 965 735 363
1 5 341 733 965 711 23 387 736 361
1 5 733 390 734 965 387 61 388 736
1 5 965 734 391 735 736 388 130 389
1 5 711 965 735 363 361 736 389 53
1 5 375 64 376 725 737 395 738 966
1 5 725 376 128 377 966 738 396 739
1 5 206 725 377 168 734 966 739 391
1 5 390 737 966 734 61 392 740 388
1 5 737 395 738 966 392 24 393 740
1 5 966 738 396 739 740 393 62 394
1 5 734 966 739 391 388 740 394 130
1 5 377 128 383 730 739 396 741 967
1 5 730 383 65 384 967 741 400 742
1 5 385 730 384 129 743 967 742 401
1 5 391 739 967 743 130 394 744 399
1 5 739 396 741 967 394 62 397 744
1 5 967 741 400 742 744 397 27 398
1 5 743 967 742 401 399 744 398 63
1 5 207 168 385 732 735 391 743 968
1 5 732 385 129 229 968 743 401 745
1 5 351 732 229 56 714 968 745 367
1 5 363 735 968 714 53 389 746 364
1 5 735 391 743 968 389 130 399 746
1 5 968 743 401 745 746 399 63 402
1 5 714 968 745 367 364 746 402 26
1 5 349 6 228 747 701 233 629 969
1 5 747 228 66 403 969 629 236 748
1 5 214 747 403 131 621 969 748 223
1 5 222 701 969 621 123 352 749 218
1 5 701 233 629 969 352 56 232 749
1 5 969 629 236 748 749 232 132 404
1 5 621 969 748 223 218 749 404 169
1 5 403 66 405 750 748 236 751 970
1 5 750 405 1 406 970 751 411 752
1 5 407 750 406 67 753 970 752 412
1 5 223 748 970 753 169 404 754 410
1 5 748 236 751 970 404 132 408 754
1 5 970 751 411 752 754 408 72 409
1 5 753 970 752 412 410 754 409 133
1 5 215 131 407 755 622 223 753 971
1 5 755 407 67 413 971 753 412 756
1 5 414 755 413 2 757 971 756 417
1 5 224 622 971 757 134 219 758 416
1 5 622 223 753 971 219 169 410 758
1 5 971 753 412 756 758 410 133 415
1 5 757 971 756 417 416 758 415 73
1 5 217 123 218 624 718 368 759 972
1 5 624 218 169 219 972 759 421 760
1 5 220 624 219 134 761 972 760 422
1 5 371 718 972 761 25 369 762 420
1 5 718 368 759 972 369 54 418 762
1 5 972 759 421 760 762 418 135 419
1 5 761 972 760 422 420 762 419 71
1 5 352 56 232 749 715 367 763 973
1 5 749 232 132 404 973 763 425 764
1 5 218 749 404 169 759 973 764 421
1 5 368 715 973 759 54 365 765 418
1 5 715 367 763 973 365 26 423 765
1 5 973 763 425 764 765 423 69 424
1 5 759 973 764 421 418 765 424 135
1 5 404 132 408 754 764 425 766 974
1 5 754 408 72 409 974 766 429 767
1 5 410 754 409 133 768 974 767 430
1 5 421 764 974 768 135 424 769 428
1 5 764 425 766 974 424 69 426 769
1 5 974 766 429 767 769 426 14 427
1 5 768 974 767 430 428 769 427 70
1 5 219 169 410 758 760 421 768 975
1 5 758 410 133 415 975 768 430 770
1 5 416 758 415 73 771 975 770 433
1 5 422 760 975 771 71 419 772 432
1 5 760 421 768 975 419 135 428 772
1 5 975 768 430 770 772 428 70 431
1 5 771 975 770 433 432 772 431 15
1 5 381 7 434 773 728 386 774 976
1 5 773 434 74 435 976 774 438 775
1 5 226 773 435 136 627 976 775 235
1 5 234 728 976 627 129 384 776 230
1 5 728 386 774 976 384 65 436 776
1 5 976 774 438 775 776 436 137 437
1 5 627 976 775 235 230 776 437 170
1 5 435 74 439 777 775 438 778 977
1 5 777 439 0 440 977 778 445 779
1 5 441 777 440 75 780 977 779 446
1 5 235 775 977 780 170 437 781 444
1 5 775 438 778 977 437 137 442 781
1 5 977 778 445 779 781 442 78 443
1 5 780 977 779 446 444 781 443 138
1 5 227 136 441 782 628 235 780 978
1 5 782 441 75 447 978 780 446 783
1 5 405 782 447 1 751 978 783 411
1 5 236 628 978 751 132 231 784 408
1 5 628 235 780 978 231 170 444 784
1 5 978 780 446 783 784 444 138 448
1 5 751 978 783 411 408 784 448 72
1 5 229 129 230 630 745 401 785 979
1 5 630 230 170 231 979 785 451 786
1 5 232 630 231 132 763 979 786 425
1 5 367 745 979 763 26 402 787 423
1 5 745 401 785 979 402 63 449 787
1 5 979 785 451 786 787 449 139 450
1 5 763 979 786 425 423 787 450 69
1 5 384 65 436 776 742 400 788 980
1 5 776 436 137 437 980 788 454 789
1 5 230 776 437 170 785 980 789 451
1 5 401 742 980 785 63 398 790 449
1 5 742 400 788 980 398 27 452 790
1 5 980 788 454 789 790 452 76 453
1 5 785 980 789 451 449 790 453 139
1 5 437 137 442 781 789 454 791 981
1 5 781 442 78 443 981 791 458 792
1 5 444 781 443 138 793 981 792 459
1 5 451 789 981 793 139 453 794 457
1 5 789 454 791 981 453 76 455 794
1 5 981 791 458 792 794 455 13 456
1 5 793 981 792 459 457 794 456 77
1 5 231 170 444 784 786 451 793 982
1 5 784 444 138 448 982 793 459 795
1 5 408 784 448 72 766 982 795 429
1 5 425 786 982 766 69 450 796 426
1 5 786 451 793 982 450 139 457 796
1 5 982 793 459 795 796 457 77 460
1 5 766 982 795 429 426 796 460 14
1 5 461 29 462 797 798 467 799 983
1 5 797 462 80 463 983 799 468 800
1 5 238 797 463 140 633 983 800 247
1 5 246 798 983 633 141 464 801 242
1 5 798 467 799 983 464 84 465 801
1 5 983 799 468 800 801 465 142 466
1 5 633 983 800 247 242 801 466 171
1 5 463 80 469 802 800 468 803 984
1 5 802 469 31 470 984 803 281 804
1 5 471 802 470 81 805 984 804 270
1 5 247 800 984 805 171 466 806 474
1 5 800 468 803 984 466 142 472 806
1 5 984 803 281 804 806 472 85 473
1 5 805 984 804 270 474 806 473 143
1 5 239 140 471 807 634 247 805 985
1 5 807 471 81 261 985 805 270 644
1 5 475 807 261 30 808 985 644 269
1 5 248 634 985 808 144 243 809 476
1 5 634 247 805 985 243 171 474 809
1 5 985 805 270 644 809 474 143 265
1 5 808 985 644 269 476 809 265 86
1 5 241 141 242 636 810 478 811 986
1 5 636 242 171 243 986 811 479 812
1 5 244 636 243 144 813 986 812 480
1 5 477 810 986 813 11 177 601 180
1 5 810 478 811 986 177 38 178 601
1 5 986 811 479 812 601 178 115 179
1 5 813 986 812 480 180 601 179 41
1 5 464 84 465 801 814 481 815 987
1 5 801 465 142 466 987 815 482 816
1 5 242 801 466 171 811 987 816 479
1 5 478 814 987 811 38 309 667 178
1 5 814 481 815 987 309 12 310 667
1 5 987 815 482 816 667 310 39 311
1 5 811 987 816 479 178 667 311 115
1 5 466 142 472 806 816 482 817 988
1 5 806 472 85 473 988 817 483 818
1 5 474 806 473 143 819 988 818 484
1 5 479 816 988 819 115 311 672 319
1 5 816 482 817 988 311 39 317 672
1 5 988 817 483 818 672 317 9 318
1 5 819 988 818 484 319 672 318 40
1 5 243 171 474 809 812 479 819 989
1 5 809 474 143 265 989 819 484 820
1 5 476 809 265 86 821 989 820 485
1 5 480 812 989 821 41 179 677 323
1 5 812 479 819 989 179 115 319 677
1 5 989 819 484 820 677 319 40 189
1 5 821 989 820 485 323 677 189 8
1 5 486 30 264 822 823 269 647 990
1 5 822 264 88 487 990 647 272 824
1 5 250 822 487 145 639 990 824 259
1 5 258 823 990 639 146 488 825 254
1 5 823 269 647 990 488 86 268 825
1 5 990 647 272 824 825 268 147 489
1 5 639 990 824 259 254 825 489 172
1 5 487 88 490 826 824 272 827 991
1 5 826 490 33 491 991 827 293 828
1 5 492 826 491 89 829 991 828 496
1 5 259 824 991 829 172 489 830 495
1 5 824 272 827 991 489 147 493 830
1 5 991 827 293 828 830 493 95 494
1 5 829 991 828 496 495 830 494 148
1 5 251 145 492 831 640 259 829 992
1 5 831 492 89 497 992 829 496 832
1 5 498 831 497 18 833 992 832 501
1 5 260 640 992 833 149 255 834 500
1 5 640 259 829 992 255 172 495 834
1 5 992 829 496 832 834 495 148 499
1 5 833 992 832 501 500 834 499 96
1 5 253 146 254 642 835 507 836 993
1 5 642 254 172 255 993 836 508 837
1 5 256 642 255 149 838 993 837 509
1 5 506 835 993 838 3 502 839 505
1 5 835 507 836 993 502 91 503 839
1 5 993 836 508 837 839 503 150 504
1 5 838 993 837 509 505 839 504 93
1 5 488 86 268 825 840 485 841 994
1 5 825 268 147 489 994 841 512 842
1 5 254 825 489 172 836 994 842 508
1 5 507 840 994 836 91 510 843 503
1 5 840 485 841 994 510 8 192 843
1 5 994 841 512 842 843 192 52 511
1 5 836 994 842 508 503 843 511 150
1 5 489 147 493 830 842 512 844 995
1 5 830 493 95 494 995 844 515 845
1 5 495 830 494 148 846 995 845 516
1 5 508 842 995 846 150 511 847 514
1 5 842 512 844 995 511 52 354 847
1 5 995 844 515 845 847 354 5 513
1 5 846 995 845 516 514 847 513 92
1 5 255 172 495 834 837 508 846 996
1 5 834 495 148 499 996 846 516 848
1 5 500 834 499 96 849 996 848 519
1 5 509 837 996 849 93 504 850 518
1 5 837 508 846 996 504 150 514 850
1 5 996 846 516 848 850 514 92 517
1 5 849 996 848 519 518 850 517 4
1 5 470 31 276 851 804 281 653 997
1 5 851 276 97 520 997 653 284 852
1 5 262 851 520 151 645 997 852 271
1 5 270 804 997 645 143 473 853 266
1 5 804 281 653 997 473 85 280 853
1 5 997 653 284 852 853 280 152 521
1 5 645 997 852 271 266 853 521 173
1 5 520 97 522 854 852 284 855 998
1 5 854 522 34 523 998 855 528 856
1 5 524 854 523 98 857 998 856 294
1 5 271 852 998 857 173 521 858 527
1 5 852 284 855 998 521 152 525 858
1 5 998 855 528 856 858 525 99 526
1 5 857 998 856 294 527 858 526 153
1 5 263 151 524 859 646 271 857 999
1 5 859 524 98 285 999 857 294 656
1 5 490 859 285 33 827 999 656 293
1 5 272 646 999 827 147 267 860 493
1 5 646 271 857 999 267 173 527 860
1 5 999 857 294 656 860 527 153 289
1 5 827 999 656 293 493 860 289 95
1 5 265 143 266 648 820 484 861 1000
1 5 648 266 173 267 1000 861 529 862
1 5 268 648 267 147 841 1000 862 512
1 5 485 820 1000 841 8 189 607 192
1 5 820 484 861 1000 189 40 190 607
1 5 1000 861 529 862 607 190 121 191
1 5 841 1000 862 512 192 607 191 52
1 5 473 85 280 853 818 483 863 1001
1 5 853 280 152 521 1001 863 530 864
1 5 266 853 521 173 861 1001 864 529
1 5 484 818 1001 861 40 318 696 190
1 5 818 483 863 1001 318 9 204 696
1 5 1001 863 530 864 696 204 50 346
1 5 861 1001 864 529 190 696 346 121
1 5 521 152 525 858 864 530 865 1002
1 5 858 525 99 526 1002 865 531 866
1 5 527 858 526 153 867 1002 866 532
1 5 529 864 1002 867 121 346 699 350
1 5 864 530 865 1002 346 50 348 699
1 5 1002 865 531 866 699 348 6 349
1 5 867 1002 866 532 350 699 349 51
1 5 267 173 527 860 862 529 867 1003
1 5 860 527 153 289 1003 867 532 868
1 5 493 860 289 95 844 1003 868 515
1 5 512 862 1003 844 52 191 704 354
1 5 862 529 867 1003 191 121 350 704
1 5 1003 867 532 868 704 350 51 213
1 5 844 1003 868 515 354 704 213 5
1 5 533 32 534 869 870 539 871 1004
1 5 869 534 101 535 1004 871 540 872
1 5 274 869 535 154 651 1004 872 283
1 5 282 870 1004 651 155 536 873 278
1 5 870 539 871 1004 536 103 537 873
1 5 1004 871 540 872 873 537 156 538
1 5 651 1004 872 283 278 873 538 174
1 5 535 101 541 874 872 540 875 1005
1 5 874 541 35 542 1005 875 547 876
1 5 543 874 542 102 877 1005 876 548
1 5 283 872 1005 877 174 538 878 546
1 5 872 540 875 1005 538 156 544 878
1 5 1005 875 547 876 878 544 104 545
1 5 877 1005 876 548 546 878 545 157
1 5 275 154 543 879 652 283 877 1006
1 5 879 543 102 549 1006 877 548 880
1 5 522 879 549 34 855 1006 880 528
1 5 284 652 1006 855 152 279 881 525
1 5 652 283 877 1006 279 174 546 881
1 5 1006 877 548 880 881 546 157 550
1 5 855 1006 880 528 525 881 550 99
1 5 277 155 278 654 882 551 883 1007
1 5 654 278 174 279 1007 883 552 884
1 5 280 654 279 152 863 1007 884 530
1 5 483 882 1007 863 9 201 613 204
1 5 882 551 883 1007 201 58 202 613
1 5 1007 883 552 884 613 202 126 203
1 5 863 1007 884 530 204 613 203 50
1 5 536 103 537 873 885 553 886 1008
1 5 873 537 156 538 1008 886 554 887
1 5 278 873 538 174 883 1008 887 552
1 5 551 885 1008 883 58 372 721 202
1 5 885 553 886 1008 372 10 373 721
1 5 1008 886 554 887 721 373 59 374
1 5 883 1008 887 552 202 721 374 126
1 5 538 156 544 878 887 554 888 1009
1 5 878 544 104 545 1009 888 555 889
1 5 546 878 545 157 890 1009 889 556
1 5 552 887 1009 890 126 374 726 382
1 5 887 554 888 1009 374 59 380 726
1 5 1009 888 555 889 726 380 7 381
1 5 890 1009 889 556 382 726 381 60
1 5 279 174 546 881 884 552 890 1010
1 5 881 546 157 550 1010 890 556 891
1 5 525 881 550 99 865 1010 891 531
1 5 530 884 1010 865 50 203 731 348
1 5 884 552 890 1010 203 126 382 731
1 5 1010 890 556 891 731 382 60 225
1 5 865 1010 891 531 348 731 225 6
1 5 523 34 557 892 856 528 893 1011
1 5 892 557 105 558 1011 893 561 894
1 5 286 892 558 158 657 1011 894 295
1 5 294 856 1011 657 153 526 895 290
1 5 856 528 893 1011 526 99 559 895
1 5 1011 893 561 894 895 559 159 560
1 5 657 1011 894 295 290 895 560 175
1 5 558 105 562 896 894 561 897 1012
1 5 896 562 16 563 1012 897 568 898
1 5 564 896 563 106 899 1012 898 306
1 5 295 894 1012 899 175 560 900 567
1 5 894 561 897 1012 560 159 565 900
1 5 1012 897 568 898 900 565 108 566
1 5 899 1012 898 306 567 900 566 160
1 5 287 158 564 901 658 295 899 1013
1 5 901 564 106 297 1013 899 306 662
1 5 569 901 297 17 902 1013 662 305
1 5 296 658 1013 902 161 291 903 570
1 5 658 295 899 1013 291 175 567 903
1 5 1013 899 306 662 903 567 160 301
1 5 902 1013 662 305 570 903 301 109
1 5 289 153 290 660 868 532 904 1014
1 5 660 290 175 291 1014 904 571 905
1 5 292 660 291 161 906 1014 905 572
1 5 515 868 1014 906 5 213 619 216
1 5 868 532 904 1014 213 51 214 619
1 5 1014 904 571 905 619 214 131 215
1 5 906 1014 905 572 216 619 215 68
1 5 526 99 559 895 866 531 907 1015
1 5 895 559 159 560 1015 907 573 908
1 5 290 895 560 175 904 1015 908 571
1 5 532 866 1015 904 51 349 747 214
1 5 866 531 907 1015 349 6 228 747
1 5 1015 907 573 908 747 228 66 403
1 5 904 1015 908 571 214 747 403 131
1 5 560 159 565 900 908 573 909 1016
1 5 900 565 108 566 1016 909 574 910
1 5 567 900 566 160 911 1016 910 575
1 5 571 908 1016 911 131 403 750 407
1 5 908 573 909 1016 403 66 405 750
1 5 1016 909 574 910 750 405 1 406
1 5 911 1016 910 575 407 750 406 67
1 5 291 175 567 903 905 571 911 1017
1 5 903 567 160 301 1017 911 575 912
1 5 570 903 301 109 913 1017 912 576
1 5 572 905 1017 913 68 215 755 414
1 5 905 571 911 1017 215 131 407 755
1 5 1017 911 575 912 755 407 67 413
1 5 913 1017 912 576 414 755 413 2
1 5 563 16 577 914 898 568 915 1018
1 5 914 577 110 578 1018 915 581 916
1 5 298 914 578 162 663 1018 916 307
1 5 306 898 1018 663 160 566 917 302
1 5 898 568 915 1018 566 108 579 917
1 5 1018 915 581 916 917 579 163 580
1 5 663 1018 916 307 302 917 580 176
1 5 578 110 582 918 916 581 919 1019
1 5 918 582 37 583 1019 919 588 920
1 5 584 918 583 111 921 1019 920 589
1 5 307 916 1019 921 176 580 922 587
1 5 916 581 919 1019 580 163 585 922
1 5 1019 919 588 920 922 585 113 586
1 5 921 1019 920 589 587 922 586 164
1 5 299 162 584 923 664 307 921 1020
1 5 923 584 111 590 1020 921 589 924
1 5 591 923 590 36 925 1020 924 594
1 5 308 664 1020 925 165 303 926 593
1 5 664 307 921 1020 303 176 587 926
1 5 1020 921 589 924 926 587 164 592
1 5 925 1020 924 594 593 926 592 114
1 5 301 160 302 666 912 575 927 1021
1 5 666 302 176 303 1021 927 595 928
1 5 304 666 303 165 929 1021 928 596
1 5 576 912 1021 929 2 413 756 417
1 5 912 575 927 1021 413 67 412 756
1 5 1021 927 595 928 756 412 133 415
1 5 929 1021 928 596 417 756 415 73
1 5 566 108 579 917 910 574 930 1022
1 5 917 579 163 580 1022 930 597 931
1 5 302 917 580 176 927 1022 931 595
1 5 575 910 1022 927 67 406 752 412
1 5 910 574 930 1022 406 1 411 752
1 5 1022 930 597 931 752 411 72 409
1 5 927 1022 931 595 412 752 409 133
1 5 580 163 585 922 931 597 932 1023
1 5 922 585 113 586 1023 932 598 933
1 5 587 922 586 164 934 1023 933 599
1 5 595 931 1023 934 133 409 767 430
1 5 931 597 932 1023 409 72 429 767
1 5 1023 932 598 933 767 429 14 427
1 5 934 1023 933 599 430 767 427 70
1 5 303 176 587 926 928 595 934 1024
1 5 926 587 164 592 1024 934 599 935
1 5 593 926 592 114 936 1024 935 600
1 5 596 928 1024 936 73 415 770 433
1 5 928 595 934 1024 415 133 430 770
1 5 1024 934 599 935 770 430 70 431
1 5 936 1024 935 600 433 770 431 15

boundary
576
13 3 309 12 315 668
13 3 180 11 185 605
13 3 12 310 669 315
13 3 20 325 684 328
13 3 372 10 378 722
13 3 518 850 517 4
13 3 192 8 197 611
13 3 22 343 710 358
13 3 10 373 723 378
13 3 23 387 736 361
13 3 216 5 221 623
13 3 25 369 762 420
13 3 1 447 782 405
13 3 7 434 774 386
13 3 0 440 779 445
13 3 26 402 787 423
13 3 240 631 237 28
13 3 252 637 249 19
13 3 264 643 261 30
13 3 276 649 273 31
13 3 288 655 285 33
13 3 461 29 467 798
13 3 240 28 245 635
13 3 486 30 269 823
13 3 29 462 799 467
13 3 533 32 539 870
13 3 33 491 828 293
13 3 18 498 833 501
13 3 32 534 871 539
13 3 35 542 876 547
13 3 288 33 293 659
13 3 34 557 893 528
13 3 300 661 297 17
13 3 300 17 305 665
13 3 16 577 915 568
13 3 37 583 920 588
13 3 177 38 186 602
13 3 181 116 330 680
13 3 312 47 336 685
13 3 323 41 188 678
13 3 324 119 332 694
13 3 184 46 329 683
13 3 39 317 673 316
13 3 117 320 689 337
13 3 47 313 686 336
13 3 201 58 210 614
13 3 205 127 390 733
13 3 375 64 395 737
13 3 61 392 740 388
13 3 130 394 744 399
13 3 53 389 746 364
13 3 63 398 790 449
13 3 139 453 794 457
13 3 69 450 796 426
13 3 42 333 688 326
13 3 120 335 692 340
13 3 45 327 695 344
13 3 44 339 713 356
13 3 125 362 717 366
13 3 55 357 720 370
13 3 54 365 765 418
13 3 135 424 769 428
13 3 71 419 772 432
13 3 514 847 513 92
13 3 503 843 511 150
13 3 505 839 504 93
13 3 354 52 200 705
13 3 355 124 360 719
13 3 196 49 345 709
13 3 414 68 224 757
13 3 416 134 422 771
13 3 220 57 371 761
13 3 90 252 641 260
13 3 149 256 838 509
13 3 96 500 849 519
13 3 591 112 308 925
13 3 593 165 596 936
13 3 304 109 576 929
13 3 59 380 727 379
13 3 128 383 741 396
13 3 64 376 738 395
13 3 75 440 777 441
13 3 136 435 773 226
13 3 66 227 625 228
13 3 274 869 533 100
13 3 543 874 535 154
13 3 522 879 275 97
13 3 101 541 875 540
13 3 156 544 888 554
13 3 103 537 886 553
13 3 102 549 880 548
13 3 157 550 891 556
13 3 104 545 889 555
13 3 105 562 897 561
13 3 159 565 909 573
13 3 99 559 907 531
13 3 74 439 778 438
13 3 137 442 791 454
13 3 65 436 788 400
13 3 75 447 783 446
13 3 138 448 795 459
13 3 78 443 792 458
13 3 110 582 919 581
13 3 163 585 932 597
13 3 108 579 930 574
13 3 238 797 461 79
13 3 471 802 463 140
13 3 475 807 239 82
13 3 250 822 486 87
13 3 492 826 487 145
13 3 498 831 251 90
13 3 262 851 470 81
13 3 524 854 520 151
13 3 490 859 263 88
13 3 286 892 523 98
13 3 564 896 558 158
13 3 569 901 287 107
13 3 89 497 832 496
13 3 148 499 848 516
13 3 95 494 845 515
13 3 569 107 296 902
13 3 570 161 572 913
13 3 292 95 515 906
13 3 111 590 924 589
13 3 164 592 935 599
13 3 113 586 933 598
13 3 237 79 246 632
13 3 241 141 478 810
13 3 464 84 481 814
13 3 475 82 248 808
13 3 476 144 480 821
13 3 244 83 477 813
13 3 249 87 258 638
13 3 253 146 507 835
13 3 488 86 485 840
13 3 80 469 803 468
13 3 142 472 817 482
13 3 84 465 815 481
13 3 273 100 282 650
13 3 277 155 551 882
13 3 536 103 553 885
13 3 298 914 563 106
13 3 584 918 578 162
13 3 591 923 299 112
13 3 38 309 668 186
13 3 186 668 312 116
13 3 668 315 47 312
13 3 41 180 605 188
13 3 188 605 184 119
13 3 605 185 46 184
13 3 11 177 602 185
13 3 185 602 181 46
13 3 602 186 116 181
13 3 46 181 680 329
13 3 329 680 325 20
13 3 680 330 42 325
13 3 116 312 685 330
13 3 330 685 333 42
13 3 685 336 21 333
13 3 8 323 678 197
13 3 197 678 324 49
13 3 678 188 119 324
13 3 49 324 694 345
13 3 345 694 344 22
13 3 694 332 45 344
13 3 119 184 683 332
13 3 332 683 328 45
13 3 683 329 20 328
13 3 310 39 316 669
13 3 669 316 117 313
13 3 315 669 313 47
13 3 58 372 722 210
13 3 210 722 375 127
13 3 722 378 64 375
13 3 387 61 388 736
13 3 736 388 130 389
13 3 361 736 389 53
13 3 402 63 449 787
13 3 787 449 139 450
13 3 423 787 450 69
13 3 317 9 209 673
13 3 673 209 48 320
13 3 316 673 320 117
13 3 320 48 341 689
13 3 689 341 23 338
13 3 337 689 338 43
13 3 313 117 337 686
13 3 686 337 43 334
13 3 336 686 334 21
13 3 9 201 614 209
13 3 209 614 205 48
13 3 614 210 127 205
13 3 48 205 733 341
13 3 341 733 387 23
13 3 733 390 61 387
13 3 127 375 737 390
13 3 390 737 392 61
13 3 737 395 24 392
13 3 392 24 393 740
13 3 740 393 62 394
13 3 388 740 394 130
13 3 394 62 397 744
13 3 744 397 27 398
13 3 399 744 398 63
13 3 389 130 399 746
13 3 746 399 63 402
13 3 364 746 402 26
13 3 398 27 452 790
13 3 790 452 76 453
13 3 449 790 453 139
13 3 453 76 455 794
13 3 794 455 13 456
13 3 457 794 456 77
13 3 450 139 457 796
13 3 796 457 77 460
13 3 426 796 460 14
13 3 325 42 326 684
13 3 684 326 120 327
13 3 328 684 327 45
13 3 343 44 356 710
13 3 710 356 125 357
13 3 358 710 357 55
13 3 369 54 418 762
13 3 762 418 135 419
13 3 420 762 419 71
13 3 333 21 334 688
13 3 688 334 43 335
13 3 326 688 335 120
13 3 335 43 338 692
13 3 692 338 23 339
13 3 340 692 339 44
13 3 327 120 340 695
13 3 695 340 44 343
13 3 344 695 343 22
13 3 339 23 361 713
13 3 713 361 53 362
13 3 356 713 362 125
13 3 362 53 364 717
13 3 717 364 26 365
13 3 366 717 365 54
13 3 357 125 366 720
13 3 720 366 54 369
13 3 370 720 369 25
13 3 365 26 423 765
13 3 765 423 69 424
13 3 418 765 424 135
13 3 424 69 426 769
13 3 769 426 14 427
13 3 428 769 427 70
13 3 419 135 428 772
13 3 772 428 70 431
13 3 432 772 431 15
13 3 850 514 92 517
13 3 504 150 514 850
13 3 93 504 850 518
13 3 52 192 611 200
13 3 200 611 196 124
13 3 611 197 49 196
13 3 68 216 623 224
13 3 224 623 220 134
13 3 623 221 57 220
13 3 498 90 260 833
13 3 833 260 149 500
13 3 501 833 500 96
13 3 112 300 665 308
13 3 308 665 304 165
13 3 665 305 109 304
13 3 847 354 5 513
13 3 511 52 354 847
13 3 150 511 847 514
13 3 843 192 52 511
13 3 510 8 192 843
13 3 91 510 843 503
13 3 839 503 150 504
13 3 502 91 503 839
13 3 3 502 839 505
13 3 5 354 705 221
13 3 221 705 355 57
13 3 705 200 124 355
13 3 57 355 719 371
13 3 371 719 370 25
13 3 719 360 55 370
13 3 124 196 709 360
13 3 360 709 358 55
13 3 709 345 22 358
13 3 2 414 757 417
13 3 417 757 416 73
13 3 757 224 134 416
13 3 73 416 771 433
13 3 433 771 432 15
13 3 771 422 71 432
13 3 134 220 761 422
13 3 422 761 420 71
13 3 761 371 25 420
13 3 252 19 257 641
13 3 641 257 94 256
13 3 260 641 256 149
13 3 256 94 506 838
13 3 838 506 3 505
13 3 509 838 505 93
13 3 500 149 509 849
13 3 849 509 93 518
13 3 519 849 518 4
13 3 36 591 925 594
13 3 594 925 593 114
13 3 925 308 165 593
13 3 114 593 936 600
13 3 600 936 433 15
13 3 936 596 73 433
13 3 165 304 929 596
13 3 596 929 417 73
13 3 929 576 2 417
13 3 373 59 379 723
13 3 723 379 128 376
13 3 378 723 376 64
13 3 380 7 386 727
13 3 727 386 65 383
13 3 379 727 383 128
13 3 383 65 400 741
13 3 741 400 27 397
13 3 396 741 397 62
13 3 376 128 396 738
13 3 738 396 62 393
13 3 395 738 393 24
13 3 447 75 441 782
13 3 782 441 136 227
13 3 405 782 227 66
13 3 649 274 100 273
13 3 275 154 274 649
13 3 97 275 649 276
13 3 534 101 540 871
13 3 871 540 156 537
13 3 539 871 537 103
13 3 542 102 548 876
13 3 876 548 157 545
13 3 547 876 545 104
13 3 557 105 561 893
13 3 893 561 159 559
13 3 528 893 559 99
13 3 440 0 439 777
13 3 777 439 74 435
13 3 441 777 435 136
13 3 435 74 434 773
13 3 773 434 7 381
13 3 226 773 381 60
13 3 227 136 226 625
13 3 625 226 60 225
13 3 228 625 225 6
13 3 869 534 32 533
13 3 535 101 534 869
13 3 154 535 869 274
13 3 874 541 101 535
13 3 542 35 541 874
13 3 102 542 874 543
13 3 879 543 154 275
13 3 549 102 543 879
13 3 34 549 879 522
13 3 541 35 547 875
13 3 875 547 104 544
13 3 540 875 544 156
13 3 544 104 555 888
13 3 888 555 7 380
13 3 554 888 380 59
13 3 537 156 554 886
13 3 886 554 59 373
13 3 553 886 373 10
13 3 549 34 528 880
13 3 880 528 99 550
13 3 548 880 550 157
13 3 550 99 531 891
13 3 891 531 6 225
13 3 556 891 225 60
13 3 545 157 556 889
13 3 889 556 60 381
13 3 555 889 381 7
13 3 562 16 568 897
13 3 897 568 108 565
13 3 561 897 565 159
13 3 565 108 574 909
13 3 909 574 1 405
13 3 573 909 405 66
13 3 559 159 573 907
13 3 907 573 66 228
13 3 531 907 228 6
13 3 434 74 438 774
13 3 774 438 137 436
13 3 386 774 436 65
13 3 440 75 446 779
13 3 779 446 138 443
13 3 445 779 443 78
13 3 577 110 581 915
13 3 915 581 163 579
13 3 568 915 579 108
13 3 439 0 445 778
13 3 778 445 78 442
13 3 438 778 442 137
13 3 442 78 458 791
13 3 791 458 13 455
13 3 454 791 455 76
13 3 436 137 454 788
13 3 788 454 76 452
13 3 400 788 452 27
13 3 447 1 411 783
13 3 783 411 72 448
13 3 446 783 448 138
13 3 448 72 429 795
13 3 795 429 14 460
13 3 459 795 460 77
13 3 443 138 459 792
13 3 792 459 77 456
13 3 458 792 456 13
13 3 582 37 588 919
13 3 919 588 113 585
13 3 581 919 585 163
13 3 585 113 598 932
13 3 932 598 14 429
13 3 597 932 429 72
13 3 579 163 597 930
13 3 930 597 72 411
13 3 574 930 411 1
13 3 631 238 79 237
13 3 239 140 238 631
13 3 82 239 631 240
13 3 797 462 29 461
13 3 463 80 462 797
13 3 140 463 797 238
13 3 802 469 80 463
13 3 470 31 469 802
13 3 81 470 802 471
13 3 807 471 140 239
13 3 261 81 471 807
13 3 30 261 807 475
13 3 637 250 87 249
13 3 251 145 250 637
13 3 90 251 637 252
13 3 643 262 81 261
13 3 263 151 262 643
13 3 88 263 643 264
13 3 822 264 30 486
13 3 487 88 264 822
13 3 145 487 822 250
13 3 826 490 88 487
13 3 491 33 490 826
13 3 89 491 826 492
13 3 831 492 145 251
13 3 497 89 492 831
13 3 18 497 831 498
13 3 851 276 31 470
13 3 520 97 276 851
13 3 151 520 851 262
13 3 854 522 97 520
13 3 523 34 522 854
13 3 98 523 854 524
13 3 859 524 151 263
13 3 285 98 524 859
13 3 33 285 859 490
13 3 655 286 98 285
13 3 287 158 286 655
13 3 107 287 655 288
13 3 491 89 496 828
13 3 828 496 148 494
13 3 293 828 494 95
13 3 107 288 659 296
13 3 296 659 292 161
13 3 659 293 95 292
13 3 583 111 589 920
13 3 920 589 164 586
13 3 588 920 586 113
13 3 892 557 34 523
13 3 558 105 557 892
13 3 158 558 892 286
13 3 896 562 105 558
13 3 563 16 562 896
13 3 106 563 896 564
13 3 901 564 158 287
13 3 297 106 564 901
13 3 17 297 901 569
13 3 497 18 501 832
13 3 832 501 96 499
13 3 496 832 499 148
13 3 499 96 519 848
13 3 848 519 4 517
13 3 516 848 517 92
13 3 494 148 516 845
13 3 845 516 92 513
13 3 515 845 513 5
13 3 17 569 902 305
13 3 305 902 570 109
13 3 902 296 161 570
13 3 109 570 913 576
13 3 576 913 414 2
13 3 913 572 68 414
13 3 161 292 906 572
13 3 572 906 216 68
13 3 906 515 5 216
13 3 590 36 594 924
13 3 924 594 114 592
13 3 589 924 592 164
13 3 592 114 600 935
13 3 935 600 15 431
13 3 599 935 431 70
13 3 586 164 599 933
13 3 933 599 70 427
13 3 598 933 427 14
13 3 79 461 798 246
13 3 246 798 464 141
13 3 798 467 84 464
13 3 82 240 635 248
13 3 248 635 244 144
13 3 635 245 83 244
13 3 87 486 823 258
13 3 258 823 488 146
13 3 823 269 86 488
13 3 28 237 632 245
13 3 245 632 241 83
13 3 632 246 141 241
13 3 83 241 810 477
13 3 477 810 177 11
13 3 810 478 38 177
13 3 141 464 814 478
13 3 478 814 309 38
13 3 814 481 12 309
13 3 30 475 808 269
13 3 269 808 476 86
13 3 808 248 144 476
13 3 86 476 821 485
13 3 485 821 323 8
13 3 821 480 41 323
13 3 144 244 813 480
13 3 480 813 180 41
13 3 813 477 11 180
13 3 19 249 638 257
13 3 257 638 253 94
13 3 638 258 146 253
13 3 94 253 835 506
13 3 506 835 502 3
13 3 835 507 91 502
13 3 146 488 840 507
13 3 507 840 510 91
13 3 840 485 8 510
13 3 462 80 468 799
13 3 799 468 142 465
13 3 467 799 465 84
13 3 100 533 870 282
13 3 282 870 536 155
13 3 870 539 103 536
13 3 469 31 281 803
13 3 803 281 85 472
13 3 468 803 472 142
13 3 472 85 483 817
13 3 817 483 9 317
13 3 482 817 317 39
13 3 465 142 482 815
13 3 815 482 39 310
13 3 481 815 310 12
13 3 31 273 650 281
13 3 281 650 277 85
13 3 650 282 155 277
13 3 85 277 882 483
13 3 483 882 201 9
13 3 882 551 58 201
13 3 155 536 885 551
13 3 551 885 372 58
13 3 885 553 10 372
13 3 661 298 106 297
13 3 299 162 298 661
13 3 112 299 661 300
13 3 914 577 16 563
13 3 578 110 577 914
13 3 162 578 914 298
13 3 918 582 110 578
13 3 583 37 582 918
13 3 111 583 918 584
13 3 923 584 162 299
13 3 590 111 584 923
13 3 36 590 923 591

vertices
1025

nodes
FiniteElementSpace
FiniteElementCollection: H1_3D_P2
VDim: 3
Ordering: 0

0.13464912
0
-0.14433757
-0.28867513
-0.28867513
-0.14433757
1.0842022e-18
0.11052157
-0.14433757
-1.9515639e-18
0.093042196
-0.14433757
-2.1684043e-18
0.13464912
-2.1684043e-18
-0.14433757
-1.3010426e-18
-0.18319635
-0.37864925
-0.38463884
-0.14433757
-1.9651164e-19
-0.14433757
6.2002812e-19
0.093042196
-0.14433757
9.486769e-20
0.11052157
-0.19368993
-3.2526065e-19
-0.19728907
-1.8295912e-18
0.099661134
-0.19368993
-1.2739376e-18
0.14907545
-0.19368993
-3.2526065e-19
-0.072168784
-2.0599841e-18
-0.072168784
-0.14433757
-0.072168784
2.1175824e-19
-0.072168784
-0.14433757
-0.14433757
-1.182458e-18
-6.657679e-19
-0.14433757
-4.3368087e-19
-0.072168784
-0.14433757
3.574479e-19
-0.072168784
-0.14433757
5.8953493e-19
-0.14433757
0.046521098
0.10178189
0.055260787
0.046521098
0.10178189
0.055260787
0.093042196
0.11052157
5.4210109e-19
-0.072168784
-0.14433757
-1.0367683e-18
-0.072168784
-0.14433757
-1.0842022e-18
-0.14433757
0.12258535
0.067324562
0.12258535
0.067324562
0.13464912
-0.096844965
-1.0774259e-18
-0.098644537
-0.1954895
-0.16901375
-1.2468325e-18
-1.8905775e-18
-0.17081332
-0.29096396
-0.1954895
-0.28616959
-0.38164404
-0.21650635
-0.21650635
-0.28867513
-0.33665699
-0.16901375
-0.33366219
-1.5517644e-18
-0.096844965
-9.486769e-20
0.049830567
0.12436829
0.074537724
0.096351665
0.12979851
-1.2874901e-18
-0.091598175
-0.18844314
-6.505213e-19
-0.16376696
-8.1315163e-19
-0.096844965
-0.18844314
-1.2468325e-18
-0.16901375
-0.072168784
-0.072168784
-9.2411295e-19
-0.072168784
-0.14433757
-0.072168784
-0.072168784
-3.8116483e-20
-0.072168784
-0.14433757
-0.072168784
0.050890943
0.046521098
0.10178189
0.055260787
0.050890943
-0.072168784
-2.4733362e-19
-0.072168784
-0.14433757
-0.072168784
0.061292674
0.12258535
0.067324562
0.061292674
-0.097744751
-0.084506874
-1.568705e-18
-0.08540666
-0.16991353
-0.28856677
-0.25373515
-0.16991353
-0.25133797
-0.33515959
-0.21650635
-0.097744751
-9.9272261e-19
-0.084506874
0.062184145
0.048175833
0.11307509
0.064899255
-0.09422157
-3.726945e-19
-0.081883479
-0.16639035
-0.09422157
-9.486769e-19
-0.084506874
-0.16639035
-0.072168784
-0.072168784
0.050890943
-0.072168784
0.061292674
-0.084956767
-0.25253656
-0.084956767
0.056537544
-0.083195177
-0.083195177
-0.10825318
-0.072168784
-0.10825318
-0.14433757
-0.10825318
-0.072168784
-0.10825318
-0.14433757
-0.14433757
-0.072168784
-0.072168784
-0.14433757
-0.10825318
-0.072168784
-0.10825318
-0.14433757
-0.10825318
-0.072168784
-0.10825318
-0.14433757
-0.14433757
-0.072168784
-0.072168784
-0.14433757
0.023260549
0.04870602
0.025445471
-1.1926224e-18
0.023260549
0.04870602
0.025445471
-3.5194219e-19
-1.3086659e-18
0.046521098
0.050890943
-2.3589868e-19
-0.10825318
-0.072168784
-0.10825318
-0.14433757
-0.10825318
-0.072168784
-0.10825318
-0.14433757
-0.14433757
-0.072168784
