MFEM mesh v1.0

#
# MFEM Geometry Types (see mesh/geom.hpp):
#
# POINT       = 0
# SEGMENT     = 1
# TRIANGLE    = 2
# SQUARE      = 3
# TETRAHEDRON = 4
# CUBE        = 5
#

dimension
3

elements
448
1 5 2 129 425 132 137 426 649 429
1 5 12 141 431 144 149 432 650 435
1 5 14 153 437 156 161 438 651 441
1 5 16 165 443 168 173 444 652 447
1 5 18 177 449 180 185 450 653 453
1 5 19 189 455 192 197 456 654 459
1 5 20 201 461 204 209 462 655 465
1 5 30 213 467 130 138 468 656 427
1 5 87 215 472 223 139 470 657 475
1 5 33 131 477 230 140 428 658 479
1 5 38 133 430 136 234 481 659 484
1 5 88 216 471 134 235 485 660 482
1 5 122 218 476 226 236 487 661 491
1 5 91 135 480 232 237 483 662 494
1 5 34 238 488 142 150 496 663 433
1 5 92 240 492 245 151 498 664 502
1 5 37 143 495 248 152 434 665 504
1 5 46 145 436 148 260 506 666 509
1 5 93 250 499 146 261 510 667 507
1 5 123 252 503 257 262 512 668 516
1 5 96 147 505 259 263 508 669 519
1 5 36 244 521 154 162 501 670 439
1 5 98 276 525 282 163 523 671 528
1 5 52 155 530 287 164 440 672 531
1 5 49 157 442 160 274 518 673 535
1 5 95 256 524 158 272 515 674 533
1 5 124 278 529 285 289 537 675 541
1 5 101 159 532 288 290 534 676 544
1 5 51 281 546 166 174 527 677 445
1 5 103 303 550 309 175 548 678 553
1 5 60 167 555 316 176 446 679 557
1 5 57 169 448 172 301 543 680 561
1 5 100 284 549 170 298 540 681 559
1 5 125 305 554 312 323 564 682 568
1 5 106 171 558 318 324 560 683 571
1 5 42 264 513 178 186 573 684 451
1 5 97 265 517 270 187 574 685 578
1 5 45 179 520 273 188 452 686 580
1 5 70 181 454 184 347 582 687 585
1 5 108 336 575 182 348 587 688 583
1 5 126 337 579 340 349 589 689 593
1 5 111 183 581 342 350 584 690 596
1 5 74 364 598 190 198 599 691 457
1 5 113 366 603 374 199 601 692 606
1 5 43 191 608 268 200 458 693 576
1 5 71 193 460 196 354 611 694 588
1 5 114 367 602 194 385 615 695 612
1 5 127 369 607 377 386 617 696 621
1 5 109 195 610 338 355 613 697 591
1 5 44 269 538 202 210 577 698 463
1 5 102 292 542 296 211 626 699 630
1 5 55 203 545 300 212 464 700 633
1 5 73 205 466 208 363 595 701 637
1 5 110 339 627 206 360 592 702 635
1 5 128 399 631 403 412 640 703 644
1 5 120 207 634 407 413 636 704 647
1 5 129 30 130 425 426 138 427 649
1 5 425 130 87 131 649 427 139 428
1 5 132 425 131 33 429 649 428 140
1 5 137 426 649 429 38 133 430 136
1 5 426 138 427 649 133 88 134 430
1 5 649 427 139 428 430 134 122 135
1 5 429 649 428 140 136 430 135 91
1 5 141 34 142 431 432 150 433 650
1 5 431 142 92 143 650 433 151 434
1 5 144 431 143 37 435 650 434 152
1 5 149 432 650 435 46 145 436 148
1 5 432 150 433 650 145 93 146 436
1 5 650 433 151 434 436 146 123 147
1 5 435 650 434 152 148 436 147 96
1 5 153 36 154 437 438 162 439 651
1 5 437 154 98 155 651 439 163 440
1 5 156 437 155 52 441 651 440 164
1 5 161 438 651 441 49 157 442 160
1 5 438 162 439 651 157 95 158 442
1 5 651 439 163 440 442 158 124 159
1 5 441 651 440 164 160 442 159 101
1 5 165 51 166 443 444 174 445 652
1 5 443 166 103 167 652 445 175 446
1 5 168 443 167 60 447 652 446 176
1 5 173 444 652 447 57 169 448 172
1 5 444 174 445 652 169 100 170 448
1 5 652 445 175 446 448 170 125 171
1 5 447 652 446 176 172 448 171 106
1 5 177 42 178 449 450 186 451 653
1 5 449 178 97 179 653 451 187 452
1 5 180 449 179 45 453 653 452 188
1 5 185 450 653 453 70 181 454 184
1 5 450 186 451 653 181 108 182 454
1 5 653 451 187 452 454 182 126 183
1 5 453 653 452 188 184 454 183 111
1 5 189 74 190 455 456 198 457 654
1 5 455 190 113 191 654 457 199 458
1 5 192 455 191 43 459 654 458 200
1 5 197 456 654 459 71 193 460 196
1 5 456 198 457 654 193 114 194 460
1 5 654 457 199 458 460 194 127 195
1 5 459 654 458 200 196 460 195 109
1 5 201 44 202 461 462 210 463 655
1 5 461 202 102 203 655 463 211 464
1 5 204 461 203 55 465 655 464 212
1 5 209 462 655 465 73 205 466 208
1 5 462 210 463 655 205 110 206 466
1 5 655 463 211 464 466 206 128 207
1 5 465 655 464 212 208 466 207 120
1 5 213 3 214 467 468 219 469 656
1 5 467 214 31 215 656 469 220 470
1 5 130 467 215 87 427 656 470 139
1 5 138 468 656 427 88 216 471 134
1 5 468 219 469 656 216 39 217 471
1 5 656 469 220 470 471 217 89 218
1 5 427 656 470 139 134 471 218 122
1 5 215 31 221 472 470 220 473 657
1 5 472 221 1 222 657 473 227 474
1 5 223 472 222 32 475 657 474 228
1 5 139 470 657 475 122 218 476 226
1 5 470 220 473 657 218 89 224 476
1 5 657 473 227 474 476 224 40 225
1 5 475 657 474 228 226 476 225 90
1 5 131 87 223 477 428 139 475 658
1 5 477 223 32 229 658 475 228 478
1 5 230 477 229 0 479 658 478 233
1 5 140 428 658 479 91 135 480 232
1 5 428 139 475 658 135 122 226 480
1 5 658 475 228 478 480 226 90 231
1 5 479 658 478 233 232 480 231 41
1 5 133 88 134 430 481 235 482 659
1 5 430 134 122 135 659 482 236 483
1 5 136 430 135 91 484 659 483 237
1 5 234 481 659 484 12 141 431 144
1 5 481 235 482 659 141 34 142 431
1 5 659 482 236 483 431 142 92 143
1 5 484 659 483 237 144 431 143 37
1 5 216 39 217 471 485 241 486 660
1 5 471 217 89 218 660 486 242 487
1 5 134 471 218 122 482 660 487 236
1 5 235 485 660 482 34 238 488 142
1 5 485 241 486 660 238 13 239 488
1 5 660 486 242 487 488 239 35 240
1 5 482 660 487 236 142 488 240 92
1 5 218 89 224 476 487 242 489 661
1 5 476 224 40 225 661 489 246 490
1 5 226 476 225 90 491 661 490 247
1 5 236 487 661 491 92 240 492 245
1 5 487 242 489 661 240 35 243 492
1 5 661 489 246 490 492 243 15 244
1 5 491 661 490 247 245 492 244 36
1 5 135 122 226 480 483 236 491 662
1 5 480 226 90 231 662 491 247 493
1 5 232 480 231 41 494 662 493 249
1 5 237 483 662 494 37 143 495 248
1 5 483 236 491 662 143 92 245 495
1 5 662 491 247 493 495 245 36 153
1 5 494 662 493 249 248 495 153 14
1 5 238 13 239 488 496 253 497 663
1 5 488 239 35 240 663 497 254 498
1 5 142 488 240 92 433 663 498 151
1 5 150 496 663 433 93 250 499 146
1 5 496 253 497 663 250 47 251 499
1 5 663 497 254 498 499 251 94 252
1 5 433 663 498 151 146 499 252 123
1 5 240 35 243 492 498 254 500 664
1 5 492 243 15 244 664 500 258 501
1 5 245 492 244 36 502 664 501 162
1 5 151 498 664 502 123 252 503 257
1 5 498 254 500 664 252 94 255 503
1 5 664 500 258 501 503 255 48 256
1 5 502 664 501 162 257 503 256 95
1 5 143 92 245 495 434 151 502 665
1 5 495 245 36 153 665 502 162 438
1 5 248 495 153 14 504 665 438 161
1 5 152 434 665 504 96 147 505 259
1 5 434 151 502 665 147 123 257 505
1 5 665 502 162 438 505 257 95 157
1 5 504 665 438 161 259 505 157 49
1 5 145 93 146 436 506 261 507 666
1 5 436 146 123 147 666 507 262 508
1 5 148 436 147 96 509 666 508 263
1 5 260 506 666 509 18 177 449 180
1 5 506 261 507 666 177 42 178 449
1 5 666 507 262 508 449 178 97 179
1 5 509 666 508 263 180 449 179 45
1 5 250 47 251 499 510 266 511 667
1 5 499 251 94 252 667 511 267 512
1 5 146 499 252 123 507 667 512 262
1 5 261 510 667 507 42 264 513 178
1 5 510 266 511 667 264 19 192 513
1 5 667 511 267 512 513 192 43 265
1 5 507 667 512 262 178 513 265 97
1 5 252 94 255 503 512 267 514 668
1 5 503 255 48 256 668 514 271 515
1 5 257 503 256 95 516 668 515 272
1 5 262 512 668 516 97 265 517 270
1 5 512 267 514 668 265 43 268 517
1 5 668 514 271 515 517 268 21 269
1 5 516 668 515 272 270 517 269 44
1 5 147 123 257 505 508 262 516 669
1 5 505 257 95 157 669 516 272 518
1 5 259 505 157 49 519 669 518 274
1 5 263 508 669 519 45 179 520 273
1 5 508 262 516 669 179 97 270 520
1 5 669 516 272 518 520 270 44 201
1 5 519 669 518 274 273 520 201 20
1 5 244 15 275 521 501 258 522 670
1 5 521 275 50 276 670 522 279 523
1 5 154 521 276 98 439 670 523 163
1 5 162 501 670 439 95 256 524 158
1 5 501 258 522 670 256 48 277 524
1 5 670 522 279 523 524 277 99 278
1 5 439 670 523 163 158 524 278 124
1 5 276 50 280 525 523 279 526 671
1 5 525 280 17 281 671 526 286 527
1 5 282 525 281 51 528 671 527 174
1 5 163 523 671 528 124 278 529 285
1 5 523 279 526 671 278 99 283 529
1 5 671 526 286 527 529 283 56 284
1 5 528 671 527 174 285 529 284 100
1 5 155 98 282 530 440 163 528 672
1 5 530 282 51 165 672 528 174 444
1 5 287 530 165 16 531 672 444 173
1 5 164 440 672 531 101 159 532 288
1 5 440 163 528 672 159 124 285 532
1 5 672 528 174 444 532 285 100 169
1 5 531 672 444 173 288 532 169 57
1 5 157 95 158 442 518 272 533 673
1 5 442 158 124 159 673 533 289 534
1 5 160 442 159 101 535 673 534 290
1 5 274 518 673 535 20 201 461 204
1 5 518 272 533 673 201 44 202 461
1 5 673 533 289 534 461 202 102 203
1 5 535 673 534 290 204 461 203 55
1 5 256 48 277 524 515 271 536 674
1 5 524 277 99 278 674 536 293 537
1 5 158 524 278 124 533 674 537 289
1 5 272 515 674 533 44 269 538 202
1 5 515 271 536 674 269 21 291 538
1 5 674 536 293 537 538 291 53 292
1 5 533 674 537 289 202 538 292 102
1 5 278 99 283 529 537 293 539 675
1 5 529 283 56 284 675 539 297 540
1 5 285 529 284 100 541 675 540 298
1 5 289 537 675 541 102 292 542 296
1 5 537 293 539 675 292 53 294 542
1 5 675 539 297 540 542 294 23 295
1 5 541 675 540 298 296 542 295 54
1 5 159 124 285 532 534 289 541 676
1 5 532 285 100 169 676 541 298 543
1 5 288 532 169 57 544 676 543 301
1 5 290 534 676 544 55 203 545 300
1 5 534 289 541 676 203 102 296 545
1 5 676 541 298 543 545 296 54 299
1 5 544 676 543 301 300 545 299 22
1 5 281 17 302 546 527 286 547 677
1 5 546 302 58 303 677 547 306 548
1 5 166 546 303 103 445 677 548 175
1 5 174 527 677 445 100 284 549 170
1 5 527 286 547 677 284 56 304 549
1 5 677 547 306 548 549 304 104 305
1 5 445 677 548 175 170 549 305 125
1 5 303 58 307 550 548 306 551 678
1 5 550 307 8 308 678 551 313 552
1 5 309 550 308 59 553 678 552 314
1 5 175 548 678 553 125 305 554 312
1 5 548 306 551 678 305 104 310 554
1 5 678 551 313 552 554 310 64 311
1 5 553 678 552 314 312 554 311 105
1 5 167 103 309 555 446 175 553 679
1 5 555 309 59 315 679 553 314 556
1 5 316 555 315 9 557 679 556 319
1 5 176 446 679 557 106 171 558 318
1 5 446 175 553 679 171 125 312 558
1 5 679 553 314 556 558 312 105 317
1 5 557 679 556 319 318 558 317 65
1 5 169 100 170 448 543 298 559 680
1 5 448 170 125 171 680 559 323 560
1 5 172 448 171 106 561 680 560 324
1 5 301 543 680 561 22 299 562 322
1 5 543 298 559 680 299 54 320 562
1 5 680 559 323 560 562 320 107 321
1 5 561 680 560 324 322 562 321 63
1 5 284 56 304 549 540 297 563 681
1 5 549 304 104 305 681 563 327 564
1 5 170 549 305 125 559 681 564 323
1 5 298 540 681 559 54 295 565 320
1 5 540 297 563 681 295 23 325 565
1 5 681 563 327 564 565 325 61 326
1 5 559 681 564 323 320 565 326 107
1 5 305 104 310 554 564 327 566 682
1 5 554 310 64 311 682 566 331 567
1 5 312 554 311 105 568 682 567 332
1 5 323 564 682 568 107 326 569 330
1 5 564 327 566 682 326 61 328 569
1 5 682 566 331 567 569 328 10 329
1 5 568 682 567 332 330 569 329 62
1 5 171 125 312 558 560 323 568 683
1 5 558 312 105 317 683 568 332 570
1 5 318 558 317 65 571 683 570 335
1 5 324 560 683 571 63 321 572 334
1 5 560 323 568 683 321 107 330 572
1 5 683 568 332 570 572 330 62 333
1 5 571 683 570 335 334 572 333 11
1 5 264 19 192 513 573 197 459 684
1 5 513 192 43 265 684 459 200 574
1 5 178 513 265 97 451 684 574 187
1 5 186 573 684 451 108 336 575 182
1 5 573 197 459 684 336 71 196 575
1 5 684 459 200 574 575 196 109 337
1 5 451 684 574 187 182 575 337 126
1 5 265 43 268 517 574 200 576 685
1 5 517 268 21 269 685 576 341 577
1 5 270 517 269 44 578 685 577 210
1 5 187 574 685 578 126 337 579 340
1 5 574 200 576 685 337 109 338 579
1 5 685 576 341 577 579 338 72 339
1 5 578 685 577 210 340 579 339 110
1 5 179 97 270 520 452 187 578 686
1 5 520 270 44 201 686 578 210 462
1 5 273 520 201 20 580 686 462 209
1 5 188 452 686 580 111 183 581 342
1 5 452 187 578 686 183 126 340 581
1 5 686 578 210 462 581 340 110 205
1 5 580 686 462 209 342 581 205 73
1 5 181 108 182 454 582 348 583 687
1 5 454 182 126 183 687 583 349 584
1 5 184 454 183 111 585 687 584 350
1 5 347 582 687 585 24 343 586 346
1 5 582 348 583 687 343 66 344 586
1 5 687 583 349 584 586 344 112 345
1 5 585 687 584 350 346 586 345 69
1 5 336 71 196 575 587 354 588 688
1 5 575 196 109 337 688 588 355 589
1 5 182 575 337 126 583 688 589 349
1 5 348 587 688 583 66 351 590 344
1 5 587 354 588 688 351 25 352 590
1 5 688 588 355 589 590 352 67 353
1 5 583 688 589 349 344 590 353 112
1 5 337 109 338 579 589 355 591 689
1 5 579 338 72 339 689 591 359 592
1 5 340 579 339 110 593 689 592 360
1 5 349 589 689 593 112 353 594 358
1 5 589 355 591 689 353 67 356 594
1 5 689 591 359 592 594 356 27 357
1 5 593 689 592 360 358 594 357 68
1 5 183 126 340 581 584 349 593 690
1 5 581 340 110 205 690 593 360 595
1 5 342 581 205 73 596 690 595 363
1 5 350 584 690 596 69 345 597 362
1 5 584 349 593 690 345 112 358 597
1 5 690 593 360 595 597 358 68 361
1 5 596 690 595 363 362 597 361 26
1 5 364 4 365 598 599 370 600 691
1 5 598 365 75 366 691 600 371 601
1 5 190 598 366 113 457 691 601 199
1 5 198 599 691 457 114 367 602 194
1 5 599 370 600 691 367 80 368 602
1 5 691 600 371 601 602 368 115 369
1 5 457 691 601 199 194 602 369 127
1 5 366 75 372 603 601 371 604 692
1 5 603 372 5 373 692 604 378 605
1 5 374 603 373 76 606 692 605 379
1 5 199 601 692 606 127 369 607 377
1 5 601 371 604 692 369 115 375 607
1 5 692 604 378 605 607 375 81 376
1 5 606 692 605 379 377 607 376 116
1 5 191 113 374 608 458 199 606 693
1 5 608 374 76 380 693 606 379 609
1 5 268 608 380 21 576 693 609 341
1 5 200 458 693 576 109 195 610 338
1 5 458 199 606 693 195 127 377 610
1 5 693 606 379 609 610 377 116 381
1 5 576 693 609 341 338 610 381 72
1 5 193 114 194 460 611 385 612 694
1 5 460 194 127 195 694 612 386 613
1 5 196 460 195 109 588 694 613 355
1 5 354 611 694 588 25 382 614 352
1 5 611 385 612 694 382 77 383 614
1 5 694 612 386 613 614 383 117 384
1 5 588 694 613 355 352 614 384 67
1 5 367 80 368 602 615 390 616 695
1 5 602 368 115 369 695 616 391 617
1 5 194 602 369 127 612 695 617 386
1 5 385 615 695 612 77 387 618 383
1 5 615 390 616 695 387 6 388 618
1 5 695 616 391 617 618 388 78 389
1 5 612 695 617 386 383 618 389 117
1 5 369 115 375 607 617 391 619 696
1 5 607 375 81 376 696 619 395 620
1 5 377 607 376 116 621 696 620 396
1 5 386 617 696 621 117 389 622 394
1 5 617 391 619 696 389 78 392 622
1 5 696 619 395 620 622 392 7 393
1 5 621 696 620 396 394 622 393 79
1 5 195 127 377 610 613 386 621 697
1 5 610 377 116 381 697 621 396 623
1 5 338 610 381 72 591 697 623 359
1 5 355 613 697 591 67 384 624 356
1 5 613 386 621 697 384 117 394 624
1 5 697 621 396 623 624 394 79 397
1 5 591 697 623 359 356 624 397 27
1 5 269 21 291 538 577 341 625 698
1 5 538 291 53 292 698 625 400 626
1 5 202 538 292 102 463 698 626 211
1 5 210 577 698 463 110 339 627 206
1 5 577 341 625 698 339 72 398 627
1 5 698 625 400 626 627 398 118 399
1 5 463 698 626 211 206 627 399 128
1 5 292 53 294 542 626 400 628 699
1 5 542 294 23 295 699 628 404 629
1 5 296 542 295 54 630 699 629 405
1 5 211 626 699 630 128 399 631 403
1 5 626 400 628 699 399 118 401 631
1 5 699 628 404 629 631 401 85 402
1 5 630 699 629 405 403 631 402 119
1 5 203 102 296 545 464 211 630 700
1 5 545 296 54 299 700 630 405 632
1 5 300 545 299 22 633 700 632 408
1 5 212 464 700 633 120 207 634 407
1 5 464 211 630 700 207 128 403 634
1 5 700 630 405 632 634 403 119 406
1 5 633 700 632 408 407 634 406 86
1 5 205 110 206 466 595 360 635 701
1 5 466 206 128 207 701 635 412 636
1 5 208 466 207 120 637 701 636 413
1 5 363 595 701 637 26 361 638 411
1 5 595 360 635 701 361 68 409 638
1 5 701 635 412 636 638 409 121 410
1 5 637 701 636 413 411 638 410 84
1 5 339 72 398 627 592 359 639 702
1 5 627 398 118 399 702 639 416 640
1 5 206 627 399 128 635 702 640 412
1 5 360 592 702 635 68 357 641 409
1 5 592 359 639 702 357 27 414 641
1 5 702 639 416 640 641 414 82 415
1 5 635 702 640 412 409 641 415 121
1 5 399 118 401 631 640 416 642 703
1 5 631 401 85 402 703 642 420 643
1 5 403 631 402 119 644 703 643 421
1 5 412 640 703 644 121 415 645 419
1 5 640 416 642 703 415 82 417 645
1 5 703 642 420 643 645 417 29 418
1 5 644 703 643 421 419 645 418 83
1 5 207 128 403 634 636 412 644 704
1 5 634 403 119 406 704 644 421 646
1 5 407 634 406 86 647 704 646 424
1 5 413 636 704 647 84 410 648 423
1 5 636 412 644 704 410 121 419 648
1 5 704 644 421 646 648 419 83 422
1 5 647 704 646 424 423 648 422 28

boundary
448
48 3 213 3 219 468
48 3 132 2 137 429
48 3 0 229 477 230
48 3 3 214 469 219
48 3 1 222 474 227
48 3 156 437 153 14
48 3 168 443 165 16
48 3 238 13 253 496
48 3 144 12 149 435
48 3 13 239 497 253
48 3 192 455 189 19
48 3 156 14 161 441
48 3 15 275 522 258
48 3 168 16 173 447
48 3 17 302 547 286
48 3 8 308 552 313
48 3 22 299 562 322
48 3 264 19 197 573
48 3 364 4 370 599
48 3 180 18 185 453
48 3 24 343 586 346
48 3 4 365 600 370
48 3 5 373 605 378
48 3 25 382 614 352
48 3 204 20 209 465
48 3 21 291 625 341
48 3 23 295 629 404
48 3 26 361 638 411
48 3 129 30 138 426
48 3 133 88 235 481
48 3 216 39 241 485
48 3 141 34 150 432
48 3 145 93 261 506
48 3 250 47 266 510
48 3 177 42 186 450
48 3 181 108 348 582
48 3 336 71 354 587
48 3 189 74 198 456
48 3 193 114 385 611
48 3 367 80 390 615
48 3 230 33 140 479
48 3 232 91 237 494
48 3 136 38 234 484
48 3 32 229 478 228
48 3 90 231 493 247
48 3 40 225 490 246
48 3 154 521 244 36
48 3 282 525 276 98
48 3 287 530 155 52
48 3 166 546 281 51
48 3 309 550 303 103
48 3 316 555 167 60
48 3 32 222 472 223
48 3 87 215 467 130
48 3 33 131 425 132
48 3 31 221 473 220
48 3 89 224 489 242
48 3 39 217 486 241
48 3 35 243 500 254
48 3 94 255 514 267
48 3 47 251 511 266
48 3 190 598 364 74
48 3 374 603 366 113
48 3 268 608 191 43
48 3 50 280 526 279
48 3 99 283 539 293
48 3 48 277 536 271
48 3 248 37 152 504
48 3 259 96 263 519
48 3 148 46 260 509
48 3 287 52 164 531
48 3 288 101 290 544
48 3 160 49 274 535
48 3 316 60 176 557
48 3 318 106 324 571
48 3 172 57 301 561
48 3 273 45 188 580
48 3 342 111 350 596
48 3 184 70 347 585
48 3 58 307 551 306
48 3 104 310 566 327
48 3 56 304 563 297
48 3 59 315 556 314
48 3 105 317 570 332
48 3 64 311 567 331
48 3 54 295 565 320
48 3 107 326 569 330
48 3 63 321 572 334
48 3 54 299 632 405
48 3 119 406 646 421
48 3 85 402 643 420
48 3 66 351 590 344
48 3 112 353 594 358
48 3 69 345 597 362
48 3 68 357 641 409
48 3 121 415 645 419
48 3 84 410 648 423
48 3 75 372 604 371
48 3 115 375 619 391
48 3 80 368 616 390
48 3 76 380 609 379
48 3 116 381 623 396
48 3 81 376 620 395
48 3 53 294 628 400
48 3 118 401 642 416
48 3 72 398 639 359
48 3 77 387 618 383
48 3 117 389 622 394
48 3 67 384 624 356
48 3 300 55 212 633
48 3 407 120 413 647
48 3 208 73 363 637
48 3 30 213 468 138
48 3 138 468 216 88
48 3 468 219 39 216
48 3 34 238 496 150
48 3 150 496 250 93
48 3 496 253 47 250
48 3 42 264 573 186
48 3 186 573 336 108
48 3 573 197 71 336
48 3 74 364 599 198
48 3 198 599 367 114
48 3 599 370 80 367
48 3 2 129 426 137
48 3 137 426 133 38
48 3 426 138 88 133
48 3 38 133 481 234
48 3 234 481 141 12
48 3 481 235 34 141
48 3 88 216 485 235
48 3 235 485 238 34
48 3 485 241 13 238
48 3 12 141 432 149
48 3 149 432 145 46
48 3 432 150 93 145
48 3 46 145 506 260
48 3 260 506 177 18
48 3 506 261 42 177
48 3 93 250 510 261
48 3 261 510 264 42
48 3 510 266 19 264
48 3 18 177 450 185
48 3 185 450 181 70
48 3 450 186 108 181
48 3 70 181 582 347
48 3 347 582 343 24
48 3 582 348 66 343
48 3 108 336 587 348
48 3 348 587 351 66
48 3 587 354 25 351
48 3 19 189 456 197
48 3 197 456 193 71
48 3 456 198 114 193
48 3 71 193 611 354
48 3 354 611 382 25
48 3 611 385 77 382
48 3 114 367 615 385
48 3 385 615 387 77
48 3 615 390 6 387
48 3 33 132 429 140
48 3 140 429 136 91
48 3 429 137 38 136
48 3 222 32 228 474
48 3 474 228 90 225
48 3 227 474 225 40
48 3 437 154 36 153
48 3 155 98 154 437
48 3 52 155 437 156
48 3 443 166 51 165
48 3 167 103 166 443
48 3 60 167 443 168
48 3 0 230 479 233
48 3 233 479 232 41
48 3 479 140 91 232
48 3 41 232 494 249
48 3 249 494 248 14
48 3 494 237 37 248
48 3 91 136 484 237
48 3 237 484 144 37
48 3 484 234 12 144
48 3 229 0 233 478
48 3 478 233 41 231
48 3 228 478 231 90
48 3 231 41 249 493
48 3 493 249 14 153
48 3 247 493 153 36
48 3 225 90 247 490
48 3 490 247 36 244
48 3 246 490 244 15
48 3 521 275 15 244
48 3 276 50 275 521
48 3 98 276 521 154
48 3 525 280 50 276
48 3 281 17 280 525
48 3 51 281 525 282
48 3 530 282 98 155
48 3 165 51 282 530
48 3 16 165 530 287
48 3 546 302 17 281
48 3 303 58 302 546
48 3 103 303 546 166
48 3 550 307 58 303
48 3 308 8 307 550
48 3 59 308 550 309
48 3 555 309 103 167
48 3 315 59 309 555
48 3 9 315 555 316
48 3 229 32 223 477
48 3 477 223 87 131
48 3 230 477 131 33
48 3 214 31 220 469
48 3 469 220 89 217
48 3 219 469 217 39
48 3 239 35 254 497
48 3 497 254 94 251
48 3 253 497 251 47
48 3 455 190 74 189
48 3 191 113 190 455
48 3 43 191 455 192
48 3 275 50 279 522
48 3 522 279 99 277
48 3 258 522 277 48
48 3 222 1 221 472
48 3 472 221 31 215
48 3 223 472 215 87
48 3 215 31 214 467
48 3 467 214 3 213
48 3 130 467 213 30
48 3 131 87 130 425
48 3 425 130 30 129
48 3 132 425 129 2
48 3 221 1 227 473
48 3 473 227 40 224
48 3 220 473 224 89
48 3 224 40 246 489
48 3 489 246 15 243
48 3 242 489 243 35
48 3 217 89 242 486
48 3 486 242 35 239
48 3 241 486 239 13
48 3 243 15 258 500
48 3 500 258 48 255
48 3 254 500 255 94
48 3 255 48 271 514
48 3 514 271 21 268
48 3 267 514 268 43
48 3 251 94 267 511
48 3 511 267 43 192
48 3 266 511 192 19
48 3 598 365 4 364
48 3 366 75 365 598
48 3 113 366 598 190
48 3 603 372 75 366
48 3 373 5 372 603
48 3 76 373 603 374
48 3 608 374 113 191
48 3 380 76 374 608
48 3 21 380 608 268
48 3 280 17 286 526
48 3 526 286 56 283
48 3 279 526 283 99
48 3 283 56 297 539
48 3 539 297 23 294
48 3 293 539 294 53
48 3 277 99 293 536
48 3 536 293 53 291
48 3 271 536 291 21
48 3 37 144 435 152
48 3 152 435 148 96
48 3 435 149 46 148
48 3 52 156 441 164
48 3 164 441 160 101
48 3 441 161 49 160
48 3 60 168 447 176
48 3 176 447 172 106
48 3 447 173 57 172
48 3 45 180 453 188
48 3 188 453 184 111
48 3 453 185 70 184
48 3 14 248 504 161
48 3 161 504 259 49
48 3 504 152 96 259
48 3 49 259 519 274
48 3 274 519 273 20
48 3 519 263 45 273
48 3 96 148 509 263
48 3 263 509 180 45
48 3 509 260 18 180
48 3 16 287 531 173
48 3 173 531 288 57
48 3 531 164 101 288
48 3 57 288 544 301
48 3 301 544 300 22
48 3 544 290 55 300
48 3 101 160 535 290
48 3 290 535 204 55
48 3 535 274 20 204
48 3 9 316 557 319
48 3 319 557 318 65
48 3 557 176 106 318
48 3 65 318 571 335
48 3 335 571 334 11
48 3 571 324 63 334
48 3 106 172 561 324
48 3 324 561 322 63
48 3 561 301 22 322
48 3 20 273 580 209
48 3 209 580 342 73
48 3 580 188 111 342
48 3 73 342 596 363
48 3 363 596 362 26
48 3 596 350 69 362
48 3 111 184 585 350
48 3 350 585 346 69
48 3 585 347 24 346
48 3 302 58 306 547
48 3 547 306 104 304
48 3 286 547 304 56
48 3 307 8 313 551
48 3 551 313 64 310
48 3 306 551 310 104
48 3 310 64 331 566
48 3 566 331 10 328
48 3 327 566 328 61
48 3 304 104 327 563
48 3 563 327 61 325
48 3 297 563 325 23
48 3 308 59 314 552
48 3 552 314 105 311
48 3 313 552 311 64
48 3 315 9 319 556
48 3 556 319 65 317
48 3 314 556 317 105
48 3 317 65 335 570
48 3 570 335 11 333
48 3 332 570 333 62
48 3 311 105 332 567
48 3 567 332 62 329
48 3 331 567 329 10
48 3 299 54 320 562
48 3 562 320 107 321
48 3 322 562 321 63
48 3 295 54 405 629
48 3 629 405 119 402
48 3 404 629 402 85
48 3 295 23 325 565
48 3 565 325 61 326
48 3 320 565 326 107
48 3 326 61 328 569
48 3 569 328 10 329
48 3 330 569 329 62
48 3 321 107 330 572
48 3 572 330 62 333
48 3 334 572 333 11
48 3 299 22 408 632
48 3 632 408 86 406
48 3 405 632 406 119
48 3 406 86 424 646
48 3 646 424 28 422
48 3 421 646 422 83
48 3 402 119 421 643
48 3 643 421 83 418
48 3 420 643 418 29
48 3 343 66 344 586
48 3 586 344 112 345
48 3 346 586 345 69
48 3 361 68 409 638
48 3 638 409 121 410
48 3 411 638 410 84
48 3 351 25 352 590
48 3 590 352 67 353
48 3 344 590 353 112
48 3 353 67 356 594
48 3 594 356 27 357
48 3 358 594 357 68
48 3 345 112 358 597
48 3 597 358 68 361
48 3 362 597 361 26
48 3 357 27 414 641
48 3 641 414 82 415
48 3 409 641 415 121
48 3 415 82 417 645
48 3 645 417 29 418
48 3 419 645 418 83
48 3 410 121 419 648
48 3 648 419 83 422
48 3 423 648 422 28
48 3 365 75 371 600
48 3 600 371 115 368
48 3 370 600 368 80
48 3 372 5 378 604
48 3 604 378 81 375
48 3 371 604 375 115
48 3 375 81 395 619
48 3 619 395 7 392
48 3 391 619 392 78
48 3 368 115 391 616
48 3 616 391 78 388
48 3 390 616 388 6
48 3 373 76 379 605
48 3 605 379 116 376
48 3 378 605 376 81
48 3 291 53 400 625
48 3 625 400 118 398
48 3 341 625 398 72
48 3 380 21 341 609
48 3 609 341 72 381
48 3 379 609 381 116
48 3 381 72 359 623
48 3 623 359 27 397
48 3 396 623 397 79
48 3 376 116 396 620
48 3 620 396 79 393
48 3 395 620 393 7
48 3 294 23 404 628
48 3 628 404 85 401
48 3 400 628 401 118
48 3 401 85 420 642
48 3 642 420 29 417
48 3 416 642 417 82
48 3 398 118 416 639
48 3 639 416 82 414
48 3 359 639 414 27
48 3 382 77 383 614
48 3 614 383 117 384
48 3 352 614 384 67
48 3 387 6 388 618
48 3 618 388 78 389
48 3 383 618 389 117
48 3 389 78 392 622
48 3 622 392 7 393
48 3 394 622 393 79
48 3 384 117 394 624
48 3 624 394 79 397
48 3 356 624 397 27
48 3 55 204 465 212
48 3 212 465 208 120
48 3 465 209 73 208
48 3 22 300 633 408
48 3 408 633 407 86
48 3 633 212 120 407
48 3 86 407 647 424
48 3 424 647 423 28
48 3 647 413 84 423
48 3 120 208 637 413
48 3 413 637 411 84
48 3 637 363 26 411

vertices
705

nodes
FiniteElementSpace
FiniteElementCollection: H1_3D_P2
VDim: 3
Ordering: 0

-1.9515639e-18
0.093042196
-2.1684043e-18
0.11052157
0.1716001
0.11108439
0.1716001
0.11108439
0.13464912
-2.1684043e-18
0.13464912
-1.9515639e-18
-1.9651164e-19
0.11052157
6.2002812e-19
0.093042196
9.486769e-20
0.11052157
-2.5072175e-19
0.11052157
9.8933448e-19
0.093042196
-2.3039296e-19
0.11052157
2.1006417e-19
0.11052157
8.6736174e-19
0.093042196
2.981556e-19
0.11052157
0.055260787
0.10178189
0.046521098
-2.0599841e-18
0.055260787
0.10178189
0.046521098
2.1175824e-19
-1.182458e-18
0.11052157
0.093042196
-6.657679e-19
0.055260787
0.10178189
0.046521098
3.6930637e-19
-2.236167e-19
0.11052157
0.093042196
8.046813e-19
0.10178189
0.055260787
3.574479e-19
0.10178189
0.055260787
3.7947076e-19
0.11052157
-6.7762636e-20
0.12258535
0.067324562
-1.0367683e-18
0.12258535
0.067324562
-1.0909784e-18
0.13464912
-2.0599841e-18
0.055260787
0.10178189
0.046521098
5.3871295e-19
-2.0328791e-20
0.11052157
0.093042196
9.2834811e-19
0.14106084
0.14134225
0.10206329
0.14106084
0.14134225
0.10206329
0.1716001
0.11108439
0.10178189
0.055260787
5.8275867e-19
0.11052157
3.3881318e-20
0.050890943
0.055260787
0.10178189
0.046521098
-9.2411295e-19
0.050890943
0.055260787
0.10178189
0.046521098
2.905323e-19
0.050890943
0.050890943
0.10178189
0.055260787
3.6845933e-19
0.050890943
0.061292674
0.12258535
0.067324562
-1.0638734e-18
0.061292674
0.055260787
0.10178189
0.046521098
4.5400966e-19
0.050890943
0.12156207
0.14106084
0.14134225
0.10206329
0.12156207
0.10178189
0.055260787
4.8111471e-19
0.050890943
0.050890943
0.050890943
0.050890943
0.061292674
0.050890943
0.12156207
0.050890943
0.027630394
0.053075865
0.025445471
-2.1141942e-18
0.027630394
0.053075865
0.025445471
-1.0532855e-18
-1.6754312e-18
0.055260787
0.050890943
-1.4920485e-18
0.027630394
0.053075865
0.025445471
7.6232965e-21
0.027630394
0.053075865
0.025445471
3.3457801e-20
-2.1006417e-19
0.055260787
0.050890943
2.5114527e-19
0.023260549
0.04870602
0.025445471
4.8873801e-19
0.023260549
0.04870602
0.025445471
5.8657032e-19
7.1235471e-19
0.046521098
0.050890943
3.6295362e-19
0.027630394
0.058276731
0.030646337
-4.7095032e-19
0.027630394
0.058276731
0.030646337
-5.6581801e-19
1.3552527e-20
0.055260787
0.061292674
-1.0503209e-18
0.027630394
0.053075865
0.025445471
5.9292306e-20
0.027630394
0.053075865
0.025445471
2.1684043e-19
-1.3552527e-19
0.055260787
0.050890943
4.1165801e-19
0.12579121
0.13131145
0.11167198
0.10615173
0.12579121
0.13131145
0.11167198
0.10615173
0.11052157
0.14106084
0.12156207
0.10178189
0.023260549
0.04870602
0.025445471
6.8440262e-19
0.023260549
0.04870602
0.025445471
7.0473141e-19
9.588413e-19
0.046521098
0.050890943
4.3029274e-19
0.082891181
0.10615173
0.076336414
0.082891181
0.10615173
0.076336414
0.11052157
0.10178189
0.097412041
0.069781647
0.04870602
0.097412041
0.069781647
0.04870602
0.093042196
0.046521098
0.023260549
-2.005774e-18
0.023260549
-7.9494042e-19
-1.3086659e-18
-6.8948482e-19
0.055260787
0.050890943
-3.5617735e-19
0.082891181
0.10615173
0.076336414
0.11052157
0.10178189
0.097412041
0.069781647
0.04870602
0.093042196
0.046521098
4.1589318e-19
-2.286989e-20
0.082891181
0.10615173
0.076336414
0.11052157
0.10178189
0.097412041
0.069781647
0.04870602
0.093042196
5.476068e-19
-2.3716923e-19
0.055260787
0.050890943
3.2991933e-19
0.082891181
0.076336414
0.11052157
0.10178189
0.097412041
0.069781647
0.04870602
0.093042196
0.046521098
6.7932042e-19
8.9700789e-19
0.097412041
0.076336414
0.097412041
0.076336414
0.10178189
0.10615173
0.082891181
0.053075865
0.10615173
0.082891181
0.053075865
0.11052157
2.261578e-19
1.5034835e-19
0.050890943
3.7396505e-19
0.097412041
0.076336414
0.10178189
0.10615173
0.082891181
0.053075865
0.11052157
0.055260787
0.027630394
7.4538899e-20
-1.490778e-19
0.11655346
0.091939012
0.11655346
0.091939012
0.12258535
0.12861724
0.10098684
0.064308618
0.12861724
0.10098684
0.064308618
0.13464912
0.067324562
0.033662281
-1.6025863e-18
0.033662281
-1.5619288e-18
-2.1141942e-18
0.058276731
0.030646337
-6.606857e-19
0.061292674
-1.0774259e-18
0.11655346
0.091939012
0.12258535
0.12861724
0.10098684
0.064308618
0.13464912
0.067324562
0.033662281
-1.5212712e-18
-2.005774e-18
0.082891181
0.076336414
0.097412041
0.069781647
0.04870602
0.093042196
6.9117888e-19
0.027630394
0.053075865
0.025445471
3.7438856e-19
9.486769e-20
0.055260787
0.050890943
4.9636131e-19
0.082891181
0.10615173
0.076336414
0.11052157
0.10178189
0.097412041
0.069781647
0.04870602
0.093042196
0.046521098
0.023260549
7.0303735e-19
8.9785492e-19
0.15633047
0.15647117
0.13145216
0.15633047
0.15647117
0.13145216
0.1716001
0.14134225
0.12621332
0.10657384
0.11181268
0.12621332
0.10657384
0.11181268
0.11108439
0.10206329
0.097552745
0.097552745
0.12579121
0.13131145
0.11167198
0.14106084
0.12156207
0.15633047
0.15647117
0.13145216
0.1716001
0.14134225
0.12621332
0.10657384
0.11181268
0.11108439
0.10206329
0.097552745
0.097412041
0.076336414
0.10178189
0.10615173
0.082891181
0.053075865
0.11052157
0.055260787
0.027630394
2.5749802e-19
-9.8255822e-20
0.04870602
0.025445471
7.250602e-19
0.050890943
5.3193669e-19
0.097412041
0.076336414
0.10178189
0.10615173
0.082891181
0.053075865
0.11052157
0.055260787
0.027630394
4.4045713e-19
1.6601846e-19
0.026537932
0.027630394
0.053075865
0.025445471
-1.5837399e-18
0.026537932
0.026537932
0.027630394
0.053075865
0.025445471
2.0540549e-20
0.026537932
0.02435301
0.023260549
0.04870602
0.025445471
5.3765416e-19
0.02435301
0.029138365
0.027630394
0.058276731
0.030646337
-5.1838416e-19
0.029138365
0.026537932
0.027630394
0.053075865
0.025445471
1.3806637e-19
0.026537932
0.11873159
0.12579121
0.13131145
0.11167198
0.10615173
0.11873159
0.02435301
0.023260549
0.04870602
0.025445471
6.9456702e-19
0.02435301
0.079613797
0.082891181
0.10615173
0.076336414
0.079613797
0.07305903
0.097412041
0.069781647
0.04870602
0.07305903
0.02435301
0.023260549
-1.4003572e-18
0.02435301
0.027630394
0.053075865
0.025445471
-5.2283109e-19
0.082891181
0.10615173
0.076336414
0.079613797
0.097412041
0.069781647
0.04870602
0.07305903
0.023260549
-1.8952362e-19
0.02435301
0.082891181
0.10615173
0.076336414
0.079613797
0.097412041
0.069781647
0.04870602
0.07305903
4.8174999e-19
0.02435301
0.027630394
0.053075865
0.025445471
4.6375054e-20
0.082891181
0.10615173
0.076336414
0.079613797
0.097412041
0.069781647
0.04870602
0.07305903
0.023260549
6.1346361e-19
0.02435301
0.07305903
0.097412041
0.076336414
0.07305903
0.079613797
0.10615173
0.082891181
0.053075865
0.079613797
0.026537932
1.8825307e-19
0.026537932
0.04870602
0.025445471
6.3548647e-19
0.097412041
0.076336414
0.07305903
0.10615173
0.082891181
0.053075865
0.079613797
0.027630394
1.1244362e-19
0.026537932
0.087415096
0.11655346
0.091939012
0.087415096
0.096462927
0.12861724
0.10098684
0.064308618
0.096462927
0.032154309
0.033662281
-1.5822575e-18
0.032154309
0.058276731
0.030646337
-6.1325185e-19
0.029138365
0.11655346
0.091939012
0.087415096
0.12861724
0.10098684
0.064308618
0.096462927
0.033662281
-1.5416e-18
0.032154309
0.082891181
0.076336414
0.079613797
0.097412041
0.069781647
0.04870602
0.07305903
6.8524965e-19
0.02435301
0.027630394
0.053075865
0.025445471
2.956145e-19
0.026537932
0.082891181
0.10615173
0.076336414
0.079613797
0.097412041
0.069781647
0.04870602
0.07305903
0.023260549
6.9710812e-19
0.02435301
0.14389131
0.15633047
0.15647117
0.13145216
0.14389131
0.119013
0.12621332
0.10657384
0.11181268
0.119013
0.10461236
0.097552745
0.10461236
0.12579121
0.13131145
0.11167198
0.11873159
0.15633047
0.15647117
0.13145216
0.14389131
0.12621332
0.10657384
0.11181268
0.119013
0.097552745
0.10461236
0.097412041
0.076336414
0.07305903
0.10615173
0.082891181
0.053075865
0.079613797
0.027630394
1.6601846e-19
0.026537932
0.04870602
0.025445471
7.1489581e-19
0.02435301
0.097412041
0.076336414
0.07305903
0.10615173
0.082891181
0.053075865
0.079613797
0.027630394
3.4897757e-19
0.026537932
0.026537932
0.026537932
0.02435301
0.029138365
0.026537932
0.11873159
0.02435301
0.079613797
0.07305903
0.02435301
0.026537932
0.079613797
0.07305903
0.02435301
0.079613797
0.07305903
0.02435301
0.026537932
0.079613797
0.07305903
0.02435301
0.07305903
0.079613797
0.026537932
0.02435301
0.07305903
0.079613797
0.026537932
0.087415096
0.096462927
0.032154309
0.029138365
0.087415096
0.096462927
0.032154309
0.079613797
0.07305903
0.02435301
0.026537932
0.079613797
0.07305903
0.02435301
0.14389131
0.119013
0.10461236
0.11873159
0.14389131
0.119013
0.10461236
0.07305903
0.079613797
0.026537932
0.02435301
0.07305903
0.079613797
0.026537932
0.013815197
0.027084163
0.013268966
-2.1412993e-18
0.013815197
0.027084163
0.013268966
-1.6295855e-18
-1.9219178e-18
0.027630394
0.026537932
-1.848967e-18
0.013815197
0.027084163
0.013268966
-9.4444174e-20
0.013815197
0.027084163
0.013268966
-9.4761811e-20
-2.0328791e-19
0.027630394
0.026537932
1.4081923e-20
0.011630274
0.02380678
0.012176505
5.5438306e-19
0.011630274
0.02380678
0.012176505
6.2500444e-19
6.6619141e-19
0.023260549
0.02435301
5.1319609e-19
0.013815197
0.028384379
0.014569183
-1.8804131e-19
0.013815197
0.028384379
0.014569183
-2.5241582e-19
5.4210109e-20
0.027630394
0.029138365
-4.9466724e-19
0.013815197
0.027084163
0.013268966
-9.5714723e-20
0.013815197
0.027084163
0.013268966
1.2705494e-21
-1.9312351e-19
0.027630394
0.026537932
9.8679338e-20
0.11815639
0.1222614
0.11244166
0.10833665
0.11815639
0.1222614
0.11244166
0.10833665
0.11052157
0.12579121
0.11873159
0.10615173
0.011630274
0.02380678
0.012176505
8.3686855e-19
0.011630274
0.02380678
0.012176505
8.2670416e-19
9.7408789e-19
0.023260549
0.02435301
6.8948482e-19
0.069075984
0.081252489
0.066344831
0.054168326
0.069075984
0.081252489
0.066344831
0.054168326
0.055260787
0.082891181
0.079613797
0.053075865
0.063613678
0.074697722
0.060882525
0.049798481
0.063613678
0.074697722
0.060882525
0.049798481
0.050890943
0.076336414
0.07305903
0.04870602
0.012722736
0.024899241
0.012176505
-2.0328791e-18
0.012722736
0.024899241
0.012176505
-1.4462029e-18
-1.7760163e-18
0.025445471
0.02435301
-1.7030656e-18
0.013815197
0.027084163
0.013268966
-1.1178717e-18
0.013815197
0.027084163
0.013268966
-6.0615795e-19
-9.3597141e-19
0.027630394
0.026537932
-7.8805828e-19
0.069075984
0.081252489
0.066344831
0.054168326
0.069075984
0.081252489
0.066344831
0.054168326
0.055260787
0.082891181
0.079613797
0.053075865
0.063613678
0.074697722
0.060882525
0.049798481
0.063613678
0.074697722
0.060882525
0.049798481
0.050890943
0.076336414
0.07305903
0.04870602
0.012722736
0.024899241
0.012176505
-8.5952668e-19
0.012722736
0.024899241
0.012176505
-2.7285049e-19
-6.4014515e-19
0.025445471
0.02435301
-4.9223202e-19
0.069075984
0.081252489
0.066344831
0.054168326
0.069075984
0.081252489
0.066344831
0.054168326
0.055260787
0.082891181
0.079613797
0.053075865
0.063613678
0.074697722
0.060882525
0.049798481
0.063613678
0.074697722
0.060882525
0.049798481
0.050890943
0.076336414
0.07305903
0.04870602
0.012722736
0.024899241
0.012176505
3.1382571e-19
0.012722736
0.024899241
0.012176505
3.6644763e-19
2.3145175e-19
0.025445471
0.02435301
4.4882158e-19
0.013815197
0.027084163
0.013268966
-9.5079448e-20
0.013815197
0.027084163
0.013268966
-9.5397086e-20
-2.3039296e-19
0.027630394
0.026537932
3.9916428e-20
0.069075984
0.081252489
0.066344831
0.054168326
0.069075984
0.081252489
0.066344831
0.054168326
0.055260787
0.082891181
0.079613797
0.053075865
0.063613678
0.074697722
0.060882525
0.049798481
0.063613678
0.074697722
0.060882525
0.049798481
0.050890943
0.076336414
0.07305903
0.04870602
0.012722736
0.024899241
0.012176505
4.1906955e-19
0.012722736
0.024899241
0.012176505
4.7169147e-19
3.1022582e-19
0.025445471
0.02435301
5.8053521e-19
0.058151372
0.071420339
0.060882525
0.047613559
0.058151372
0.071420339
0.060882525
0.047613559
0.046521098
0.069781647
0.07305903
0.04870602
0.063613678
0.077975106
0.066344831
0.051983404
0.063613678
0.077975106
0.066344831
0.051983404
0.050890943
0.076336414
0.079613797
0.053075865
0.012722736
0.025991702
0.013268966
2.9180285e-19
0.012722736
0.025991702
0.013268966
2.7560335e-19
3.6020076e-19
0.025445471
0.026537932
2.0720543e-19
0.011630274
0.02380678
0.012176505
6.9562581e-19
0.011630274
0.02380678
0.012176505
7.6624718e-19
8.508446e-19
0.023260549
0.02435301
6.1102839e-19
0.058151372
0.071420339
0.060882525
0.047613559
0.058151372
0.071420339
0.060882525
0.047613559
0.046521098
0.069781647
0.07305903
0.04870602
0.063613678
0.077975106
0.066344831
0.051983404
0.063613678
0.077975106
0.066344831
0.051983404
0.050890943
0.076336414
0.079613797
0.053075865
0.012722736
0.025991702
0.013268966
2.5940384e-19
0.012722736
0.025991702
0.013268966
2.4320433e-19
3.7121219e-19
0.025445471
0.026537932
1.3139599e-19
0.069075984
0.085153138
0.072845913
0.056768759
0.069075984
0.085153138
0.072845913
0.056768759
0.055260787
0.082891181
0.087415096
0.058276731
0.076615843
0.094200969
0.080385772
0.062800646
0.076615843
0.094200969
0.080385772
0.062800646
0.061292674
0.091939012
0.096462927
0.064308618
0.015323169
0.031400323
0.016077154
-1.3196773e-18
0.015323169
0.031400323
0.016077154
-1.3162892e-18
-1.0435446e-18
0.030646337
0.032154309
-1.5924219e-18
0.013815197
0.028384379
0.014569183
-3.1679032e-19
0.013815197
0.028384379
0.014569183
-3.8116483e-19
-1.0842022e-19
0.027630394
0.029138365
-5.8953493e-19
0.069075984
0.085153138
0.072845913
0.056768759
0.069075984
0.085153138
0.072845913
0.056768759
0.055260787
0.082891181
0.087415096
0.058276731
0.076615843
0.094200969
0.080385772
0.062800646
0.076615843
0.094200969
0.080385772
0.062800646
0.061292674
0.091939012
0.096462927
0.064308618
0.015323169
0.031400323
0.016077154
-1.3129011e-18
0.015323169
0.031400323
0.016077154
-1.3095129e-18
-1.0706496e-18
0.030646337
0.032154309
-1.5517644e-18
0.069075984
0.081252489
0.066344831
0.054168326
0.069075984
0.081252489
0.066344831
0.054168326
0.055260787
0.082891181
0.079613797
0.053075865
0.063613678
0.074697722
0.060882525
0.049798481
0.063613678
0.074697722
0.060882525
0.049798481
0.050890943
0.076336414
0.07305903
0.04870602
0.012722736
0.024899241
0.012176505
5.2431339e-19
0.012722736
0.024899241
0.012176505
5.4845383e-19
3.9048219e-19
0.025445471
0.02435301
6.8228504e-19
0.013815197
0.027084163
0.013268966
9.8255822e-20
0.013815197
0.027084163
0.013268966
1.9524109e-19
3.726945e-20
0.027630394
0.026537932
2.5622747e-19
0.069075984
0.081252489
0.066344831
0.054168326
0.069075984
0.081252489
0.066344831
0.054168326
0.055260787
0.082891181
0.079613797
0.053075865
0.063613678
0.074697722
0.060882525
0.049798481
0.063613678
0.074697722
0.060882525
0.049798481
0.050890943
0.076336414
0.07305903
0.04870602
0.012722736
0.024899241
0.012176505
5.7259427e-19
0.012722736
0.024899241
0.012176505
5.9673471e-19
4.7518548e-19
0.025445471
0.02435301
6.941435e-19
0.14869565
0.15011089
0.13760138
0.13618614
0.14869565
0.15011089
0.13760138
0.13618614
0.14106084
0.15633047
0.14389131
0.13131145
0.12650711
0.12523258
0.11541284
0.11668737
0.12650711
