MFEM mesh v1.0

#
# MFEM Geometry Types (see mesh/geom.hpp):
#
# POINT       = 0
# SEGMENT     = 1
# TRIANGLE    = 2
# SQUARE      = 3
# TETRAHEDRON = 4
# CUBE        = 5
#

dimension
3

elements
448
1 5 1 123 409 126 131 410 629 413
1 5 8 135 415 138 143 416 630 419
1 5 20 147 421 150 155 422 631 425
1 5 9 159 427 162 167 428 632 431
1 5 1 123 410 131 175 433 633 436
1 5 0 179 438 182 187 439 634 442
1 5 4 191 444 194 199 445 635 448
1 5 28 203 450 124 132 451 636 411
1 5 82 204 454 209 133 452 637 457
1 5 31 125 459 216 134 412 638 461
1 5 36 127 414 130 220 463 639 466
1 5 83 205 453 128 221 467 640 464
1 5 116 206 458 212 222 469 641 473
1 5 86 129 462 218 223 465 642 476
1 5 32 224 470 136 144 478 643 417
1 5 87 225 474 230 145 479 644 483
1 5 35 137 477 233 146 418 645 485
1 5 44 139 420 142 242 487 646 490
1 5 88 235 480 140 243 491 647 488
1 5 117 236 484 239 244 493 648 497
1 5 91 141 486 241 245 489 649 500
1 5 34 229 502 148 156 482 650 423
1 5 93 260 506 266 157 504 651 509
1 5 50 149 511 273 158 424 652 513
1 5 47 151 426 154 258 499 653 517
1 5 90 238 505 152 255 496 654 515
1 5 118 262 510 269 280 520 655 524
1 5 96 153 514 275 281 516 656 527
1 5 40 246 494 160 168 529 657 429
1 5 92 248 498 253 169 531 658 535
1 5 43 161 501 257 170 430 659 538
1 5 60 163 432 166 310 540 660 543
1 5 98 293 532 164 311 545 661 541
1 5 119 295 536 300 312 547 662 551
1 5 101 165 539 304 313 542 663 554
1 5 28 203 451 132 176 556 664 434
1 5 83 205 467 221 177 557 665 561
1 5 36 127 463 220 178 435 666 564
1 5 68 171 437 174 340 566 667 569
1 5 103 327 558 172 341 571 668 567
1 5 120 328 562 331 342 573 669 577
1 5 106 173 565 334 343 568 670 580
1 5 29 207 455 180 188 582 671 440
1 5 84 210 471 227 189 584 672 588
1 5 37 181 468 226 190 441 673 559
1 5 69 183 443 186 347 591 674 572
1 5 108 357 585 184 369 595 675 592
1 5 121 359 589 364 370 597 676 601
1 5 104 185 590 329 348 593 677 575
1 5 33 228 481 192 200 587 678 446
1 5 89 237 495 250 201 606 679 610
1 5 45 193 492 249 202 447 680 613
1 5 70 195 449 198 352 603 681 617
1 5 110 363 607 196 380 600 682 615
1 5 122 383 611 387 396 620 683 624
1 5 114 197 614 391 397 616 684 627
1 5 123 28 124 409 410 132 411 629
1 5 409 124 82 125 629 411 133 412
1 5 126 409 125 31 413 629 412 134
1 5 131 410 629 413 36 127 414 130
1 5 410 132 411 629 127 83 128 414
1 5 629 411 133 412 414 128 116 129
1 5 413 629 412 134 130 414 129 86
1 5 135 32 136 415 416 144 417 630
1 5 415 136 87 137 630 417 145 418
1 5 138 415 137 35 419 630 418 146
1 5 143 416 630 419 44 139 420 142
1 5 416 144 417 630 139 88 140 420
1 5 630 417 145 418 420 140 117 141
1 5 419 630 418 146 142 420 141 91
1 5 147 34 148 421 422 156 423 631
1 5 421 148 93 149 631 423 157 424
1 5 150 421 149 50 425 631 424 158
1 5 155 422 631 425 47 151 426 154
1 5 422 156 423 631 151 90 152 426
1 5 631 423 157 424 426 152 118 153
1 5 425 631 424 158 154 426 153 96
1 5 159 40 160 427 428 168 429 632
1 5 427 160 92 161 632 429 169 430
1 5 162 427 161 43 431 632 430 170
1 5 167 428 632 431 60 163 432 166
1 5 428 168 429 632 163 98 164 432
1 5 632 429 169 430 432 164 119 165
1 5 431 632 430 170 166 432 165 101
1 5 123 28 132 410 433 176 434 633
1 5 410 132 83 127 633 434 177 435
1 5 131 410 127 36 436 633 435 178
1 5 175 433 633 436 68 171 437 174
1 5 433 176 434 633 171 103 172 437
1 5 633 434 177 435 437 172 120 173
1 5 436 633 435 178 174 437 173 106
1 5 179 29 180 438 439 188 440 634
1 5 438 180 84 181 634 440 189 441
1 5 182 438 181 37 442 634 441 190
1 5 187 439 634 442 69 183 443 186
1 5 439 188 440 634 183 108 184 443
1 5 634 440 189 441 443 184 121 185
1 5 442 634 441 190 186 443 185 104
1 5 191 33 192 444 445 200 446 635
1 5 444 192 89 193 635 446 201 447
1 5 194 444 193 45 448 635 447 202
1 5 199 445 635 448 70 195 449 198
1 5 445 200 446 635 195 110 196 449
1 5 635 446 201 447 449 196 122 197
1 5 448 635 447 202 198 449 197 114
1 5 203 0 179 450 451 182 438 636
1 5 450 179 29 204 636 438 180 452
1 5 124 450 204 82 411 636 452 133
1 5 132 451 636 411 83 205 453 128
1 5 451 182 438 636 205 37 181 453
1 5 636 438 180 452 453 181 84 206
1 5 411 636 452 133 128 453 206 116
1 5 204 29 207 454 452 180 455 637
1 5 454 207 2 208 637 455 213 456
1 5 209 454 208 30 457 637 456 214
1 5 133 452 637 457 116 206 458 212
1 5 452 180 455 637 206 84 210 458
1 5 637 455 213 456 458 210 38 211
1 5 457 637 456 214 212 458 211 85
1 5 125 82 209 459 412 133 457 638
1 5 459 209 30 215 638 457 214 460
1 5 216 459 215 7 461 638 460 219
1 5 134 412 638 461 86 129 462 218
1 5 412 133 457 638 129 116 212 462
1 5 638 457 214 460 462 212 85 217
1 5 461 638 460 219 218 462 217 39
1 5 127 83 128 414 463 221 464 639
1 5 414 128 116 129 639 464 222 465
1 5 130 414 129 86 466 639 465 223
1 5 220 463 639 466 8 135 415 138
1 5 463 221 464 639 135 32 136 415
1 5 639 464 222 465 415 136 87 137
1 5 466 639 465 223 138 415 137 35
1 5 205 37 181 453 467 226 468 640
1 5 453 181 84 206 640 468 227 469
1 5 128 453 206 116 464 640 469 222
1 5 221 467 640 464 32 224 470 136
1 5 467 226 468 640 224 4 191 470
1 5 640 468 227 469 470 191 33 225
1 5 464 640 469 222 136 470 225 87
1 5 206 84 210 458 469 227 471 641
1 5 458 210 38 211 641 471 231 472
1 5 212 458 211 85 473 641 472 232
1 5 222 469 641 473 87 225 474 230
1 5 469 227 471 641 225 33 228 474
1 5 641 471 231 472 474 228 11 229
1 5 473 641 472 232 230 474 229 34
1 5 129 116 212 462 465 222 473 642
1 5 462 212 85 217 642 473 232 475
1 5 218 462 217 39 476 642 475 234
1 5 223 465 642 476 35 137 477 233
1 5 465 222 473 642 137 87 230 477
1 5 642 473 232 475 477 230 34 147
1 5 476 642 475 234 233 477 147 20
1 5 224 4 191 470 478 194 444 643
1 5 470 191 33 225 643 444 192 479
1 5 136 470 225 87 417 643 479 145
1 5 144 478 643 417 88 235 480 140
1 5 478 194 444 643 235 45 193 480
1 5 643 444 192 479 480 193 89 236
1 5 417 643 479 145 140 480 236 117
1 5 225 33 228 474 479 192 481 644
1 5 474 228 11 229 644 481 240 482
1 5 230 474 229 34 483 644 482 156
1 5 145 479 644 483 117 236 484 239
1 5 479 192 481 644 236 89 237 484
1 5 644 481 240 482 484 237 46 238
1 5 483 644 482 156 239 484 238 90
1 5 137 87 230 477 418 145 483 645
1 5 477 230 34 147 645 483 156 422
1 5 233 477 147 20 485 645 422 155
1 5 146 418 645 485 91 141 486 241
1 5 418 145 483 645 141 117 239 486
1 5 645 483 156 422 486 239 90 151
1 5 485 645 422 155 241 486 151 47
1 5 139 88 140 420 487 243 488 646
1 5 420 140 117 141 646 488 244 489
1 5 142 420 141 91 490 646 489 245
1 5 242 487 646 490 9 159 427 162
1 5 487 243 488 646 159 40 160 427
1 5 646 488 244 489 427 160 92 161
1 5 490 646 489 245 162 427 161 43
1 5 235 45 193 480 491 249 492 647
1 5 480 193 89 236 647 492 250 493
1 5 140 480 236 117 488 647 493 244
1 5 243 491 647 488 40 246 494 160
1 5 491 249 492 647 246 5 247 494
1 5 647 492 250 493 494 247 41 248
1 5 488 647 493 244 160 494 248 92
1 5 236 89 237 484 493 250 495 648
1 5 484 237 46 238 648 495 254 496
1 5 239 484 238 90 497 648 496 255
1 5 244 493 648 497 92 248 498 253
1 5 493 250 495 648 248 41 251 498
1 5 648 495 254 496 498 251 13 252
1 5 497 648 496 255 253 498 252 42
1 5 141 117 239 486 489 244 497 649
1 5 486 239 90 151 649 497 255 499
1 5 241 486 151 47 500 649 499 258
1 5 245 489 649 500 43 161 501 257
1 5 489 244 497 649 161 92 253 501
1 5 649 497 255 499 501 253 42 256
1 5 500 649 499 258 257 501 256 22
1 5 229 11 259 502 482 240 503 650
1 5 502 259 48 260 650 503 263 504
1 5 148 502 260 93 423 650 504 157
1 5 156 482 650 423 90 238 505 152
1 5 482 240 503 650 238 46 261 505
1 5 650 503 263 504 505 261 94 262
1 5 423 650 504 157 152 505 262 118
1 5 260 48 264 506 504 263 507 651
1 5 506 264 12 265 651 507 270 508
1 5 266 506 265 49 509 651 508 271
1 5 157 504 651 509 118 262 510 269
1 5 504 263 507 651 262 94 267 510
1 5 651 507 270 508 510 267 54 268
1 5 509 651 508 271 269 510 268 95
1 5 149 93 266 511 424 157 509 652
1 5 511 266 49 272 652 509 271 512
1 5 273 511 272 21 513 652 512 276
1 5 158 424 652 513 96 153 514 275
1 5 424 157 509 652 153 118 269 514
1 5 652 509 271 512 514 269 95 274
1 5 513 652 512 276 275 514 274 55
1 5 151 90 152 426 499 255 515 653
1 5 426 152 118 153 653 515 280 516
1 5 154 426 153 96 517 653 516 281
1 5 258 499 653 517 22 256 518 279
1 5 499 255 515 653 256 42 277 518
1 5 653 515 280 516 518 277 97 278
1 5 517 653 516 281 279 518 278 53
1 5 238 46 261 505 496 254 519 654
1 5 505 261 94 262 654 519 284 520
1 5 152 505 262 118 515 654 520 280
1 5 255 496 654 515 42 252 521 277
1 5 496 254 519 654 252 13 282 521
1 5 654 519 284 520 521 282 51 283
1 5 515 654 520 280 277 521 283 97
1 5 262 94 267 510 520 284 522 655
1 5 510 267 54 268 655 522 288 523
1 5 269 510 268 95 524 655 523 289
1 5 280 520 655 524 97 283 525 287
1 5 520 284 522 655 283 51 285 525
1 5 655 522 288 523 525 285 14 286
1 5 524 655 523 289 287 525 286 52
1 5 153 118 269 514 516 280 524 656
1 5 514 269 95 274 656 524 289 526
1 5 275 514 274 55 527 656 526 292
1 5 281 516 656 527 53 278 528 291
1 5 516 280 524 656 278 97 287 528
1 5 656 524 289 526 528 287 52 290
1 5 527 656 526 292 291 528 290 23
1 5 246 5 247 494 529 296 530 657
1 5 494 247 41 248 657 530 297 531
1 5 160 494 248 92 429 657 531 169
1 5 168 529 657 429 98 293 532 164
1 5 529 296 530 657 293 61 294 532
1 5 657 530 297 531 532 294 99 295
1 5 429 657 531 169 164 532 295 119
1 5 248 41 251 498 531 297 533 658
1 5 498 251 13 252 658 533 301 534
1 5 253 498 252 42 535 658 534 302
1 5 169 531 658 535 119 295 536 300
1 5 531 297 533 658 295 99 298 536
1 5 658 533 301 534 536 298 62 299
1 5 535 658 534 302 300 536 299 100
1 5 161 92 253 501 430 169 535 659
1 5 501 253 42 256 659 535 302 537
1 5 257 501 256 22 538 659 537 305
1 5 170 430 659 538 101 165 539 304
1 5 430 169 535 659 165 119 300 539
1 5 659 535 302 537 539 300 100 303
1 5 538 659 537 305 304 539 303 63
1 5 163 98 164 432 540 311 541 660
1 5 432 164 119 165 660 541 312 542
1 5 166 432 165 101 543 660 542 313
1 5 310 540 660 543 10 306 544 309
1 5 540 311 541 660 306 56 307 544
1 5 660 541 312 542 544 307 102 308
1 5 543 660 542 313 309 544 308 59
1 5 293 61 294 532 545 317 546 661
1 5 532 294 99 295 661 546 318 547
1 5 164 532 295 119 541 661 547 312
1 5 311 545 661 541 56 314 548 307
1 5 545 317 546 661 314 6 315 548
1 5 661 546 318 547 548 315 57 316
1 5 541 661 547 312 307 548 316 102
1 5 295 99 298 536 547 318 549 662
1 5 536 298 62 299 662 549 322 550
1 5 300 536 299 100 551 662 550 323
1 5 312 547 662 551 102 316 552 321
1 5 547 318 549 662 316 57 319 552
1 5 662 549 322 550 552 319 15 320
1 5 551 662 550 323 321 552 320 58
1 5 165 119 300 539 542 312 551 663
1 5 539 300 100 303 663 551 323 553
1 5 304 539 303 63 554 663 553 326
1 5 313 542 663 554 59 308 555 325
1 5 542 312 551 663 308 102 321 555
1 5 663 551 323 553 555 321 58 324
1 5 554 663 553 326 325 555 324 24
1 5 203 0 182 451 556 187 442 664
1 5 451 182 37 205 664 442 190 557
1 5 132 451 205 83 434 664 557 177
1 5 176 556 664 434 103 327 558 172
1 5 556 187 442 664 327 69 186 558
1 5 664 442 190 557 558 186 104 328
1 5 434 664 557 177 172 558 328 120
1 5 205 37 226 467 557 190 559 665
1 5 467 226 4 224 665 559 199 560
1 5 221 467 224 32 561 665 560 332
1 5 177 557 665 561 120 328 562 331
1 5 557 190 559 665 328 104 329 562
1 5 665 559 199 560 562 329 70 330
1 5 561 665 560 332 331 562 330 105
1 5 127 83 221 463 435 177 561 666
1 5 463 221 32 135 666 561 332 563
1 5 220 463 135 8 564 666 563 335
1 5 178 435 666 564 106 173 565 334
1 5 435 177 561 666 173 120 331 565
1 5 666 561 332 563 565 331 105 333
1 5 564 666 563 335 334 565 333 71
1 5 171 103 172 437 566 341 567 667
1 5 437 172 120 173 667 567 342 568
1 5 174 437 173 106 569 667 568 343
1 5 340 566 667 569 16 336 570 339
1 5 566 341 567 667 336 64 337 570
1 5 667 567 342 568 570 337 107 338
1 5 569 667 568 343 339 570 338 67
1 5 327 69 186 558 571 347 572 668
1 5 558 186 104 328 668 572 348 573
1 5 172 558 328 120 567 668 573 342
1 5 341 571 668 567 64 344 574 337
1 5 571 347 572 668 344 3 345 574
1 5 668 572 348 573 574 345 65 346
1 5 567 668 573 342 337 574 346 107
1 5 328 104 329 562 573 348 575 669
1 5 562 329 70 330 669 575 352 576
1 5 331 562 330 105 577 669 576 353
1 5 342 573 669 577 107 346 578 351
1 5 573 348 575 669 346 65 349 578
1 5 669 575 352 576 578 349 17 350
1 5 577 669 576 353 351 578 350 66
1 5 173 120 331 565 568 342 577 670
1 5 565 331 105 333 670 577 353 579
1 5 334 565 333 71 580 670 579 356
1 5 343 568 670 580 67 338 581 355
1 5 568 342 577 670 338 107 351 581
1 5 670 577 353 579 581 351 66 354
1 5 580 670 579 356 355 581 354 25
1 5 207 2 213 455 582 360 583 671
1 5 455 213 38 210 671 583 361 584
1 5 180 455 210 84 440 671 584 189
1 5 188 582 671 440 108 357 585 184
1 5 582 360 583 671 357 75 358 585
1 5 671 583 361 584 585 358 109 359
1 5 440 671 584 189 184 585 359 121
1 5 210 38 231 471 584 361 586 672
1 5 471 231 11 228 672 586 365 587
1 5 227 471 228 33 588 672 587 200
1 5 189 584 672 588 121 359 589 364
1 5 584 361 586 672 359 109 362 589
1 5 672 586 365 587 589 362 76 363
1 5 588 672 587 200 364 589 363 110
1 5 181 84 227 468 441 189 588 673
1 5 468 227 33 191 673 588 200 445
1 5 226 468 191 4 559 673 445 199
1 5 190 441 673 559 104 185 590 329
1 5 441 189 588 673 185 121 364 590
1 5 673 588 200 445 590 364 110 195
1 5 559 673 445 199 329 590 195 70
1 5 183 108 184 443 591 369 592 674
1 5 443 184 121 185 674 592 370 593
1 5 186 443 185 104 572 674 593 348
1 5 347 591 674 572 3 366 594 345
1 5 591 369 592 674 366 72 367 594
1 5 674 592 370 593 594 367 111 368
1 5 572 674 593 348 345 594 368 65
1 5 357 75 358 585 595 374 596 675
1 5 585 358 109 359 675 596 375 597
1 5 184 585 359 121 592 675 597 370
1 5 369 595 675 592 72 371 598 367
1 5 595 374 596 675 371 19 372 598
1 5 675 596 375 597 598 372 73 373
1 5 592 675 597 370 367 598 373 111
1 5 359 109 362 589 597 375 599 676
1 5 589 362 76 363 676 599 379 600
1 5 364 589 363 110 601 676 600 380
1 5 370 597 676 601 111 373 602 378
1 5 597 375 599 676 373 73 376 602
1 5 676 599 379 600 602 376 26 377
1 5 601 676 600 380 378 602 377 74
1 5 185 121 364 590 593 370 601 677
1 5 590 364 110 195 677 601 380 603
1 5 329 590 195 70 575 677 603 352
1 5 348 593 677 575 65 368 604 349
1 5 593 370 601 677 368 111 378 604
1 5 677 601 380 603 604 378 74 381
1 5 575 677 603 352 349 604 381 17
1 5 228 11 240 481 587 365 605 678
1 5 481 240 46 237 678 605 384 606
1 5 192 481 237 89 446 678 606 201
1 5 200 587 678 446 110 363 607 196
1 5 587 365 605 678 363 76 382 607
1 5 678 605 384 606 607 382 112 383
1 5 446 678 606 201 196 607 383 122
1 5 237 46 254 495 606 384 608 679
1 5 495 254 13 251 679 608 388 609
1 5 250 495 251 41 610 679 609 389
1 5 201 606 679 610 122 383 611 387
1 5 606 384 608 679 383 112 385 611
1 5 679 608 388 609 611 385 80 386
1 5 610 679 609 389 387 611 386 113
1 5 193 89 250 492 447 201 610 680
1 5 492 250 41 247 680 610 389 612
1 5 249 492 247 5 613 680 612 392
1 5 202 447 680 613 114 197 614 391
1 5 447 201 610 680 197 122 387 614
1 5 680 610 389 612 614 387 113 390
1 5 613 680 612 392 391 614 390 81
1 5 195 110 196 449 603 380 615 681
1 5 449 196 122 197 681 615 396 616
1 5 198 449 197 114 617 681 616 397
1 5 352 603 681 617 17 381 618 395
1 5 603 380 615 681 381 74 393 618
1 5 681 615 396 616 618 393 115 394
1 5 617 681 616 397 395 618 394 79
1 5 363 76 382 607 600 379 619 682
1 5 607 382 112 383 682 619 400 620
1 5 196 607 383 122 615 682 620 396
1 5 380 600 682 615 74 377 621 393
1 5 600 379 619 682 377 26 398 621
1 5 682 619 400 620 621 398 77 399
1 5 615 682 620 396 393 621 399 115
1 5 383 112 385 611 620 400 622 683
1 5 611 385 80 386 683 622 404 623
1 5 387 611 386 113 624 683 623 405
1 5 396 620 683 624 115 399 625 403
1 5 620 400 622 683 399 77 401 625
1 5 683 622 404 623 625 401 27 402
1 5 624 683 623 405 403 625 402 78
1 5 197 122 387 614 616 396 624 684
1 5 614 387 113 390 684 624 405 626
1 5 391 614 390 81 627 684 626 408
1 5 397 616 684 627 79 394 628 407
1 5 616 396 624 684 394 115 403 628
1 5 684 624 405 626 628 403 78 406
1 5 627 684 626 408 407 628 406 18

boundary
416
1 3 7 215 459 216
1 3 1 123 433 175
1 3 0 179 439 187
1 3 30 208 454 209
1 3 82 204 450 124
1 3 31 125 409 126
1 3 28 203 556 176
1 3 103 327 571 341
1 3 68 171 566 340
1 3 29 207 582 188
1 3 108 357 595 369
1 3 69 183 591 347
1 3 215 30 209 459
1 3 459 209 82 125
1 3 216 459 125 31
1 3 123 28 176 433
1 3 433 176 103 171
1 3 175 433 171 68
1 3 179 29 188 439
1 3 439 188 108 183
1 3 187 439 183 69
1 3 208 2 207 454
1 3 454 207 29 204
1 3 209 454 204 82
1 3 204 29 179 450
1 3 450 179 0 203
1 3 124 450 203 28
1 3 125 82 124 409
1 3 409 124 28 123
1 3 126 409 123 1
1 3 203 0 187 556
1 3 556 187 69 327
1 3 176 556 327 103
1 3 327 69 347 571
1 3 571 347 3 344
1 3 341 571 344 64
1 3 171 103 341 566
1 3 566 341 64 336
1 3 340 566 336 16
1 3 207 2 360 582
1 3 582 360 75 357
1 3 188 582 357 108
1 3 357 75 374 595
1 3 595 374 19 371
1 3 369 595 371 72
1 3 183 108 369 591
1 3 591 369 72 366
1 3 347 591 366 3
63 3 126 1 131 413
63 3 2 208 456 213
63 3 150 421 147 20
63 3 138 8 143 419
63 3 8 135 416 143
63 3 150 20 155 425
63 3 11 259 503 240
63 3 12 265 508 270
63 3 22 256 518 279
63 3 162 9 167 431
63 3 9 159 428 167
63 3 5 247 530 296
63 3 13 252 534 301
63 3 10 306 544 309
63 3 131 1 175 436
63 3 4 224 560 199
63 3 16 336 570 339
63 3 194 4 199 448
63 3 2 213 583 360
63 3 3 366 594 345
63 3 11 240 605 365
63 3 13 251 609 388
63 3 17 381 618 395
63 3 216 31 134 461
63 3 218 86 223 476
63 3 130 36 220 466
63 3 233 35 146 485
63 3 241 91 245 500
63 3 142 44 242 490
63 3 273 50 158 513
63 3 275 96 281 527
63 3 154 47 258 517
63 3 30 215 460 214
63 3 85 217 475 232
63 3 38 211 472 231
63 3 148 502 229 34
63 3 266 506 260 93
63 3 273 511 149 50
63 3 32 224 478 144
63 3 88 235 491 243
63 3 44 139 487 242
63 3 257 43 170 538
63 3 304 101 313 554
63 3 166 60 310 543
63 3 40 246 529 168
63 3 98 293 545 311
63 3 60 163 540 310
63 3 220 36 178 564
63 3 334 106 343 580
63 3 174 68 340 569
63 3 32 135 563 332
63 3 105 333 579 353
63 3 70 330 576 352
63 3 249 45 202 613
63 3 391 114 397 627
63 3 198 70 352 617
63 3 48 264 507 263
63 3 94 267 522 284
63 3 46 261 519 254
63 3 38 231 586 361
63 3 109 362 599 375
63 3 75 358 596 374
63 3 46 254 608 384
63 3 112 385 622 400
63 3 76 382 619 379
63 3 74 377 621 393
63 3 115 399 625 403
63 3 79 394 628 407
63 3 49 272 512 271
63 3 95 274 526 289
63 3 54 268 523 288
63 3 42 252 521 277
63 3 97 283 525 287
63 3 53 278 528 291
63 3 41 251 533 297
63 3 99 298 549 318
63 3 61 294 546 317
63 3 42 256 537 302
63 3 100 303 553 323
63 3 62 299 550 322
63 3 56 314 548 307
63 3 102 316 552 321
63 3 59 308 555 325
63 3 41 247 612 389
63 3 113 390 626 405
63 3 80 386 623 404
63 3 64 344 574 337
63 3 107 346 578 351
63 3 67 338 581 355
63 3 72 371 598 367
63 3 111 373 602 378
63 3 65 368 604 349
63 3 31 126 413 134
63 3 134 413 130 86
63 3 413 131 36 130
63 3 35 138 419 146
63 3 146 419 142 91
63 3 419 143 44 142
63 3 50 150 425 158
63 3 158 425 154 96
63 3 425 155 47 154
63 3 7 216 461 219
63 3 219 461 218 39
63 3 461 134 86 218
63 3 39 218 476 234
63 3 234 476 233 20
63 3 476 223 35 233
63 3 86 130 466 223
63 3 223 466 138 35
63 3 466 220 8 138
63 3 20 233 485 155
63 3 155 485 241 47
63 3 485 146 91 241
63 3 47 241 500 258
63 3 258 500 257 22
63 3 500 245 43 257
63 3 91 142 490 245
63 3 245 490 162 43
63 3 490 242 9 162
63 3 21 273 513 276
63 3 276 513 275 55
63 3 513 158 96 275
63 3 55 275 527 292
63 3 292 527 291 23
63 3 527 281 53 291
63 3 96 154 517 281
63 3 281 517 279 53
63 3 517 258 22 279
63 3 208 30 214 456
63 3 456 214 85 211
63 3 213 456 211 38
63 3 421 148 34 147
63 3 149 93 148 421
63 3 50 149 421 150
63 3 215 7 219 460
63 3 460 219 39 217
63 3 214 460 217 85
63 3 217 39 234 475
63 3 475 234 20 147
63 3 232 475 147 34
63 3 211 85 232 472
63 3 472 232 34 229
63 3 231 472 229 11
63 3 502 259 11 229
63 3 260 48 259 502
63 3 93 260 502 148
63 3 506 264 48 260
63 3 265 12 264 506
63 3 49 265 506 266
63 3 511 266 93 149
63 3 272 49 266 511
63 3 21 272 511 273
63 3 135 32 144 416
63 3 416 144 88 139
63 3 143 416 139 44
63 3 43 162 431 170
63 3 170 431 166 101
63 3 431 167 60 166
63 3 159 40 168 428
63 3 428 168 98 163
63 3 167 428 163 60
63 3 36 131 436 178
63 3 178 436 174 106
63 3 436 175 68 174
63 3 224 32 332 560
63 3 560 332 105 330
63 3 199 560 330 70
63 3 45 194 448 202
63 3 202 448 198 114
63 3 448 199 70 198
63 3 224 4 194 478
63 3 478 194 45 235
63 3 144 478 235 88
63 3 235 45 249 491
63 3 491 249 5 246
63 3 243 491 246 40
63 3 139 88 243 487
63 3 487 243 40 159
63 3 242 487 159 9
63 3 22 257 538 305
63 3 305 538 304 63
63 3 538 170 101 304
63 3 63 304 554 326
63 3 326 554 325 24
63 3 554 313 59 325
63 3 101 166 543 313
63 3 313 543 309 59
63 3 543 310 10 309
63 3 246 5 296 529
63 3 529 296 61 293
63 3 168 529 293 98
63 3 293 61 317 545
63 3 545 317 6 314
63 3 311 545 314 56
63 3 163 98 311 540
63 3 540 311 56 306
63 3 310 540 306 10
63 3 8 220 564 335
63 3 335 564 334 71
63 3 564 178 106 334
63 3 71 334 580 356
63 3 356 580 355 25
63 3 580 343 67 355
63 3 106 174 569 343
63 3 343 569 339 67
63 3 569 340 16 339
63 3 135 8 335 563
63 3 563 335 71 333
63 3 332 563 333 105
63 3 333 71 356 579
63 3 579 356 25 354
63 3 353 579 354 66
63 3 330 105 353 576
63 3 576 353 66 350
63 3 352 576 350 17
63 3 5 249 613 392
63 3 392 613 391 81
63 3 613 202 114 391
63 3 81 391 627 408
63 3 408 627 407 18
63 3 627 397 79 407
63 3 114 198 617 397
63 3 397 617 395 79
63 3 617 352 17 395
63 3 259 48 263 503
63 3 503 263 94 261
63 3 240 503 261 46
63 3 213 38 361 583
63 3 583 361 109 358
63 3 360 583 358 75
63 3 240 46 384 605
63 3 605 384 112 382
63 3 365 605 382 76
63 3 381 74 393 618
63 3 618 393 115 394
63 3 395 618 394 79
63 3 264 12 270 507
63 3 507 270 54 267
63 3 263 507 267 94
63 3 267 54 288 522
63 3 522 288 14 285
63 3 284 522 285 51
63 3 261 94 284 519
63 3 519 284 51 282
63 3 254 519 282 13
63 3 231 11 365 586
63 3 586 365 76 362
63 3 361 586 362 109
63 3 362 76 379 599
63 3 599 379 26 376
63 3 375 599 376 73
63 3 358 109 375 596
63 3 596 375 73 372
63 3 374 596 372 19
63 3 254 13 388 608
63 3 608 388 80 385
63 3 384 608 385 112
63 3 385 80 404 622
63 3 622 404 27 401
63 3 400 622 401 77
63 3 382 112 400 619
63 3 619 400 77 398
63 3 379 619 398 26
63 3 377 26 398 621
63 3 621 398 77 399
63 3 393 621 399 115
63 3 399 77 401 625
63 3 625 401 27 402
63 3 403 625 402 78
63 3 394 115 403 628
63 3 628 403 78 406
63 3 407 628 406 18
63 3 265 49 271 508
63 3 508 271 95 268
63 3 270 508 268 54
63 3 272 21 276 512
63 3 512 276 55 274
63 3 271 512 274 95
63 3 274 55 292 526
63 3 526 292 23 290
63 3 289 526 290 52
63 3 268 95 289 523
63 3 523 289 52 286
63 3 288 523 286 14
63 3 256 42 277 518
63 3 518 277 97 278
63 3 279 518 278 53
63 3 247 41 297 530
63 3 530 297 99 294
63 3 296 530 294 61
63 3 252 42 302 534
63 3 534 302 100 299
63 3 301 534 299 62
63 3 306 56 307 544
63 3 544 307 102 308
63 3 309 544 308 59
63 3 251 41 389 609
63 3 609 389 113 386
63 3 388 609 386 80
63 3 252 13 282 521
63 3 521 282 51 283
63 3 277 521 283 97
63 3 283 51 285 525
63 3 525 285 14 286
63 3 287 525 286 52
63 3 278 97 287 528
63 3 528 287 52 290
63 3 291 528 290 23
63 3 251 13 301 533
63 3 533 301 62 298
63 3 297 533 298 99
63 3 298 62 322 549
63 3 549 322 15 319
63 3 318 549 319 57
63 3 294 99 318 546
63 3 546 318 57 315
63 3 317 546 315 6
63 3 256 22 305 537
63 3 537 305 63 303
63 3 302 537 303 100
63 3 303 63 326 553
63 3 553 326 24 324
63 3 323 553 324 58
63 3 299 100 323 550
63 3 550 323 58 320
63 3 322 550 320 15
63 3 314 6 315 548
63 3 548 315 57 316
63 3 307 548 316 102
63 3 316 57 319 552
63 3 552 319 15 320
63 3 321 552 320 58
63 3 308 102 321 555
63 3 555 321 58 324
63 3 325 555 324 24
63 3 247 5 392 612
63 3 612 392 81 390
63 3 389 612 390 113
63 3 390 81 408 626
63 3 626 408 18 406
63 3 405 626 406 78
63 3 386 113 405 623
63 3 623 405 78 402
63 3 404 623 402 27
63 3 336 64 337 570
63 3 570 337 107 338
63 3 339 570 338 67
63 3 366 72 367 594
63 3 594 367 111 368
63 3 345 594 368 65
63 3 344 3 345 574
63 3 574 345 65 346
63 3 337 574 346 107
63 3 346 65 349 578
63 3 578 349 17 350
63 3 351 578 350 66
63 3 338 107 351 581
63 3 581 351 66 354
63 3 355 581 354 25
63 3 371 19 372 598
63 3 598 372 73 373
63 3 367 598 373 111
63 3 373 73 376 602
63 3 602 376 26 377
63 3 378 602 377 74
63 3 368 111 378 604
63 3 604 378 74 381
63 3 349 604 381 17

vertices
685

nodes
FiniteElementSpace
FiniteElementCollection: H1_3D_P2
VDim: 3
Ordering: 0

0.57680281
0.30998466
0.59718411
0.67220951
0.50295308
0.42586599
0.34303776
0.35742227
0.26568513
0.22229806
0.17834803
0.46713824
0.14916884
0.34802459
0.13575486
0.24764874
0.37298049
0.56955658
0.46850803
0.80820096
0.27788281
0.11530805
0.20621024
0.10703716
0.14907545
0.30721416
0.60844596
0.42529438
0.44339373
0.58699346
0.47730319
0.33370346
0.3843191
0.48504566
0.37251052
0.27178397
0.28783489
0.53987794
0.53216118
0.31765254
0.32408202
0.38694529
0.27711741
0.21425415
0.24399159
0.46440953
0.40758141
0.24204652
0.30815354
0.13223844
0.19659543
0.24188972
0.12139601
0.1566237
0.14246185
0.11117261
0.2606929
0.29534325
0.1983621
0.16371174
0.20032305
0.38445187
0.29783667
0.17764284
0.522595
0.62088304
0.43838537
0.34009732
0.34148257
0.62450616
0.53625483
0.28644964
0.74020524
0.70832346
0.58900127
0.70269254
0.5377921
0.51687017
0.4469012
0.5190323
0.38665948
0.44718701
0.46034846
0.41385642
0.53601956
0.42490686
0.30274372
0.37841481
0.35420056
0.43599547
0.32481397
0.24301906
0.30059972
0.25237448
0.27502163
0.12681723
0.17660956
0.19925671
0.29238746
0.34114427
0.23773975
0.18898294
0.2295275
0.48299437
0.58038049
0.41135223
0.31396611
0.48049018
0.66359935
0.62024232
0.53702346
0.66460325
0.46222579
0.41692324
0.49172092
0.51795124
0.41938164
0.33950727
0.2258156
0.26506361
0.4471733
0.60031141
0.47697335
0.3766892
0.4518711
0.39702596
0.32184406
0.35084566
0.41661903
0.36106268
0.2952893
0.29890978
0.42862508
0.43986505
0.31822359
0.32500211
0.38136696
0.32509939
0.26873455
0.29909608
0.34685391
0.29126316
0.24350533
0.25483836
0.36925983
0.35896104
0.25740151
0.32519667
0.3124425
0.22448496
0.23723912
0.28343024
0.27531478
0.20121258
0.20932804
0.25996467
0.34866224
0.23909504
0.1866025
0.27319004
0.31234087
0.25742693
0.21827611
0.24635525
0.27872553
0.22702328
0.194653
0.21131056
0.30823474
0.28283166
0.20161855
0.41223847
0.46508383
0.3805697
0.32772434
0.32573362
0.46319405
0.43051486
0.3009005
0.58189813
0.56150651
0.53794875
0.55834037
0.64405275
0.63195538
0.59034595
0.60244333
0.60065448
0.6252964
0.56816548
0.56012922
0.49399937
0.46052056
0.4502025
0.4836813
0.53663914
0.50699841
0.48434714
0.51398787
0.51960395
0.51103456
0.45648441
0.47806522
0.51009827
0.52367096
0.47686718
0.4777006
0.59208879
0.53724365
0.46882583
0.53409037
0.47853402
0.42214425
0.56467264
0.45110502
0.41736273
0.34556287
0.3712797
0.31019813
0.3375374
0.27676001
0.39908776
0.39889822
0.28726384
0.44363609
0.43173023
0.52141551
0.51053261
0.47609195
0.41982438
0.37546267
0.49964971
0.39870869
0.27483339
0.29776767
0.40930505
0.38775137
0.42178844
0.36619769
0.33216062
0.43735982
0.24253279
0.23314483
0.33914129
0.32005349
0.2286366
0.374974
0.40640564
0.3437725
0.44513776
0.41147038
0.36748494
0.312571
0.28885856
0.377803
0.30096569
0.24166382
0.21023219
0.22412838
0.38764589
0.28026401
0.34130152
0.25041861
0.29158758
0.22866119
0.14070364
0.19230646
0.20874174
0.13463954
0.17631641
0.14581534
0.12952784
0.12377325
0.15595174
0.11899492
0.14389108
0.11324033
0.23818706
0.1779402
0.18141697
0.21253615
0.16661663
0.29495715
0.22057322
0.25845568
0.18882229
0.12857544
0.16032636
0.13910835
0.12410662
0.11421659
0.13183043
0.10910488
0.33841967
0.36279807
0.30310394
0.40515893
0.36404478
0.31949047
0.26778821
0.25140168
0.32293063
0.25742858
0.2076913
0.18331289
0.19192654
0.21952046
0.2451102
0.19661962
0.17102989
0.18933554
0.27654018
0.24729555
0.17634734
0.30186533
0.31919051
0.26243537
0.36374482
0.31824376
0.271496
0.22300542
0.2139448
0.2727427
0.21805092
0.17371877
0.15639359
0.16335914
0.55375026
0.5137769
0.55831766
0.47380353
0.42926277
0.39783567
0.34890094
0.30020787
0.27606738
0.44778774
0.50154259
0.41029375
0.3565389
0.35723153
0.50279468
0.46383174
0.32703171
0.59740226
0.64654628
0.55068661
0.64835784
0.60063177
0.59521981
0.50397097
0.45943777
0.5529057
0.4248688
0.37279976
0.32365574
0.2968319
0.68314594
0.66146743
0.61027686
0.64993833
0.57620175
0.57901721
0.53740778
0.56866743
0.50246517
0.70620738
0.70240425
0.64274315
0.70190229
0.63245733
0.7742031
0.75826221
0.68646336
0.75544675
0.66428289
0.65838471
0.59872361
0.62680226
0.57311903
0.56301237
0.57927892
0.50000894
0.46959957
0.4349036
0.42444264
0.40179136
0.4469483
0.36734203
0.40193426
0.43205513
0.46945396
0.4365265
0.55347625
0.51849177
0.54429444
0.49746229
0.50537661
0.56265806
0.5174107
0.48954798
0.47108227
0.43609779
0.48242622
0.40597693
0.43191222
0.45770461
0.49377016
0.45784752
0.38685758
0.36376743
0.43424506
0.37904432
0.30856668
0.35595417
0.32505075
0.3120491
0.36411044
0.30818128
0.25611994
0.29517962
0.27484081
0.30431345
0.29387864
0.21284877
0.22328358
0.24232141
0.26530849
0.25977265
0.2955332
0.2422251
0.20646455
0.23668926
0.39446383
0.44685445
0.36570768
0.31331706
0.39640409
0.55992344
0.61297544
0.59673094
0.56414735
0.58039185
0.61719935
0.47210093
0.51531926
0.48375949
0.46727482
0.49883459
0.51049314
0.51688461
0.49348272
0.50068578
0.47728389
0.53045731
0.56308958
0.50788883
0.44548504
0.47811731
0.40719435
0.39432121
0.3278805
0.36617119
0.33792388
0.39899299
0.34308103
0.28201193
0.46025163
0.51597406
0.45471542
0.43768316
0.50509116
0.4491792
0.39880346
0.42577731
0.34823818
0.29251576
0.32514803
0.42647057
0.4097408
0.39852821
0.44894019
0.39301103
0.35381164
0.37697453
0.25868309
0.2873467
0.28614306
0.32959739
0.27434505
0.23089072
0.39213953
0.42830407
0.36576193
0.35937325
0.39463669
0.33938434
0.31050959
0.32817175
0.26254703
0.22638249
0.24954538
0.35004419
0.3644737
0.26534131
0.30830815
0.21048383
0.21870146
0.13767159
0.18431144
0.19252908
0.1741291
0.12138408
0.14992141
0.16010375
0.25675092
0.18957639
0.19537251
0.20980201
0.31812934
0.23549592
0.26657211
0.19878202
0.13160749
0.16832139
0.17457433
0.11660575
0.13786076
0.1460784
0.35669684
0.38460185
0.32343822
0.3207618
0.3434877
0.2901796
0.27013012
0.28544607
0.22467756
0.19677254
0.21735729
0.23293786
0.26191786
0.21182145
0.18284144
0.20807004
0.3201425
0.34099429
0.28276966
0.28215035
0.29549323
0.24539681
0.23267324
0.2427204
0.19070503
0.16985324
0.18516919
0.53192427
0.49532204
0.53376358
0.53986659
0.45871981
0.41417526
0.49379021
0.33695153
0.28848394
0.36473532
0.43001311
0.48331321
0.39543173
0.34213162
0.42904075
0.57557626
0.6244948
0.53223176
0.57404444
0.57676874
0.48888725
0.44435027
0.52732879
0.36085035
0.31193181
0.39154676
0.63761737
0.61307004
0.57218361
0.6467114
0.53933346
0.50674986
0.53960002
0.57384232
0.56349255
0.67513007
0.66717981
0.61654455
0.67447526
0.72867452
0.70986482
0.64837011
0.73033323
0.61870096
0.5680657
0.59773485
0.64259349
0.55795903
0.61101104
0.46868438
0.44569401
0.50350368
0.40112282
0.38463815
0.42920934
0.43569547
0.41923038
0.45729586
0.45820113
0.53023733
0.50141945
0.52914116
0.54888535
0.5313335
0.49350514
0.55806716
0.44776246
0.41894458
0.46468726
0.47675425
0.44487987
0.48161206
0.48809819
0.37140587
0.31011519
0.25858111
0.25099888
0.38008576
0.5885614
0.49129704
0.49708425
0.50428731
0.38668277
0.34050246
0.45748353
0.45194731
0.34565961
0.41810569
0.40137592
0.30624737
0.28024405
0.37895073
0.35257314
0.26844604
0.32917617
0.20150645
0.16711643
0.22606171
0.28744013
0.1835517
0.15309107
0.34006753
0.30680891
0.23345133
0.22237965
0.30145608
0.26408324
0.20126324
0.51362315
0.47702092
0.3513296
0.41272242
0.55390401
0.5105595
0.37814104
0.60490049
0.53946674
0.5397333
0.64583731
0.68852232
0.6082179
0.58725179
0.47622194
0.41516608
0.4432526
0.52968924
0.53078542
0.45622486
0.47314966
0.34333693
0.38177339
0.35435082
0.31591436
0.3313386
0.36758665
0.33998628
0.30373823
0.30444722
0.37022831
0.37913173
0.31520537
0.29534362
0.32502643
0.29689265
0.26720984
0.28344373
0.31108214
0.28311756
0.25547915
0.26026174
0.31852561
0.31758297
0.26242724
0.30153974
0.30001874
0.25603996
0.25756096
0.28213906
0.28144728
0.24093235
0.24162412
0.26892374
0.31475506
0.26671096
0.23026135
0.24774405
0.26924927
0.2417923
0.22028708
0.2355416
0.25538576
0.22873171
0.20888755
0.21680431
0.26648135
0.25815368
0.21237033
0.36009872
0.38727479
0.34670141
0.31952534
0.31785914
0.38557651
0.37192659
0.30611342
0.57935047
0.57091079
0.55913191
0.56757159
0.60681496
0.60076842
0.58447662
0.59052317
0.58872864
0.59743679
0.57424242
0.56936611
0.49847622
0.48305015
0.47789112
0.49331719
0.5174616
0.50330815
0.49506581
0.50921927
0.51127852
0.50465931
0.48169899
0.49125795
0.476746
0.51349144
0.48437786
0.44763241
0.4610539
0.49528349
0.46566466
0.43143507
0.4360094
0.5017905
0.50698443
0.44305808
0.49200971
0.52706413
0.49964157
0.46458714
0.47027541
0.50248654
0.47488617
0.44267504
0.45010676
0.51217837
0.51737231
0.45715543
0.36536471
0.40211015
0.37637861
0.33963316
0.34863395
0.38286354
0.35728163
0.32305204
0.32596353
0.38803514
0.39693856
0.33672168
0.31934027
0.35339991
0.32562174
0.2915621
0.30734195
0.33921317
0.31125719
0.27938597
0.28229745
0.34438477
0.34822831
0.28865061
0.4453618
0.47707553
0.44695146
0.41523772
0.4296697
0.45886758
0.42823826
0.39904038
0.40647209
0.46855941
0.46738371
0.40780601
0.44854112
0.47790895
0.45013078
0.42076294
0.42680682
0.45333136
0.42537538
0.39885084
0.40913993
0.46620801
0.46503231
0.41047385
0.3319032
0.36361693
0.33818466
0.30647092
0.31517244
0.34437032
0.31908768
0.2898898
0.29500378
0.35207185
0.3559154
0.30135694
0.4139776
0.44065963
0.40952506
0.38284303
0.3978652
0.42228813
0.39110806
0.36668513
0.37678947
0.43505333
0.42789442
0.3727387
0.40507252
0.42875377
0.40061999
0.37693874
0.38435092
0.40555836
0.37759378
0.35638634
0.36868793
0.42073552
0.41357661
0.36463715
0.29844168
0.32512371
0.29999071
0.27330868
0.28279139
0.30721432
0.28246523
0.2580423
0.26459274
0.31664033
0.3156977
0.26675824
0.27154384
0.29713785
0.26934247
0.24374846
0.25964395
0.28319356
0.25556739
0.23201777
0.23856821
0.29261957
0.28771184
0.23719802
0.38175281
0.40391663
0.37269106
0.35052724
0.36564041
0.38554513
0.35427406
0.33436934
0.34667093
0.40072229
0.38873947
0.33822565
0.36362932
0.38236295
0.35456757
0.33583394
0.34290771
0.35916754
0.33154136
0.31528154
0.32978038
0.37675665
0.36477383
0.3213351
0.26714111
0.28930493
0.26493975
0.24277592
0.25149083
0.27139554
0.24741427
0.22750955
0.23582783
0.2828041
0.27789637
0.23445764
0.39616745
0.38493429
0.33124335
0.34247651
0.37083664
0.3610936
0.31152741
0.32127044
0.36058638
0.40641771
0.33961018
0.30316057
0.26631925
0.24537392
0.20139514
0.22234047
0.25221818
0.23342388
0.19290894
0.21170324
0.24573476
0.27280266
0.20599514
0.18830895
0.21054019
0.19930703
0.16504042
0.17627358
0.19972563
0.1899826
0.15851892
0.16826195
0.19159896
0.21866686
0.17062276
0.15293658
0.26273838
0.26287583
0.22582473
0.22568728
0.24333771
0.24430437
0.21071711
0.20975044
0.23308745
0.27298864
0.23419156
0.20235027
0.34550583
0.33725292
0.29181147
0.30006437
0.32017502
0.31341224
0.27209553
0.27885831
0.31288983
0.35279102
0.29787414
0.26603285
0.23811711
0.22147384
0.18442274
0.201066
0.22401603
0.20952381
0.17593654
0.19042877
0.21917588
0.24295726
0.18804039
0.1723189
0.18891107
0.18065816
0.15199742
0.16025032
0.17809651
0.17133373
0.14547591
0.15223869
0.1716131
0.19539449
0.15659741
0.14087592
0.34952801
0.36717363
0.33585706
0.31821145
0.33246579
0.34838218
0.31780037
0.30188397
0.31615838
0.36583542
0.34972039
0.30393704
0.32218611
0.33597213
0.30851516
0.29472914
0.30313494
0.31512357
0.28846952
0.27648089
0.29171569
0.33360536
0.31749033
0.27949434
0.23584054
0.25348616
0.22988879
0.21224317
0.22192183
0.23783822
0.21511194
0.19919554
0.20793635
0.24982602
0.24149836
0.20350237
0.22333915
0.24152226
0.21567113
0.19748802
0.2111367
0.22765876
0.20261055
0.18608849
0.19482929
0.23964656
0.22953446
0.18874722
0.31540356
0.32959073
0.29974367
0.2855565
0.29834134
0.31079929
0.28168697
0.26922902
0.28446382
0.32928108
0.31110894
0.2703217
0.28408377
0.29427501
0.26842388
0.25823264
0.2650326
0.27342645
0.24837824
0.23998439
0.25617958
0.2929368
0.27476465
0.24203746
0.20800311
0.22219028
0.20033509
0.18614792
0.19408439
0.20654234
0.18555824
0.17310029
0.18266514
0.21942236
0.20931026
0.17658307
0.49755916
0.52277371
0.4802388
0.45502425
0.45329389
0.52101127
0.50355294
0.43773976
0.46291845
0.48617148
0.44559809
0.42234506
0.42218564
0.48609461
0.46863628
0.40663151
0.33330409
0.35851864
0.31990677
0.29469222
0.2943677
0.35827667
0.34462674
0.28262198
0.37686052
0.40432128
0.36206421
0.33460346
0.39362232
0.42136776
0.37742702
0.34968158
0.34935705
0.42112579
0.40456325
0.33492798
0.51837231
0.54375692
0.49942371
0.4740391
0.53918547
0.56474013
0.51860861
0.49305395
0.49289452
0.56466326
0.54383379
0.47419852
0.4804751
0.50378356
0.46152649
0.43821803
0.49803175
0.52139563
0.47745489
0.45409101
0.45550252
0.52300433
0.50217486
0.43680652
0.34726791
0.37265251
0.3324716
0.30708699
0.36123172
0.38678638
0.34503642
0.31948176
0.32049891
0.38800072
0.37143818
0.30606984
0.58954112
0.57758918
0.56229804
0.57424998
0.63145688
0.62125893
0.60081572
0.61101367
0.60614493
0.61485308
0.58399503
0.57911873
0.53505496
0.51959076
0.50781188
0.52327608
0.57017455
0.55582518
0.53953338
0.55388275
0.55209252
0.55313699
0.52227895
0.52506631
0.53891335
0.5269614
0.51869478
0.53064673
0.56213828
0.55194033
0.53979994
0.5499979
0.55000358
0.55104805
0.52785368
0.53064105
0.63427946
0.63062605
0.60982134
0.61347474
0.66174395
0.66048369
0.63516605
0.63642632
0.636432
0.65959141
0.63151833
0.61346906
0.67337265
0.66492867
0.63933339
0.64777736
0.71528841
0.70859842
0.67785106
0.68454105
0.68275082
0.70591023
0.66761686
0.64956759
0.60529413
0.59205959
0.57125488
0.58448942
0.64041372
0.62829401
0.60297638
0.61509609
0.61638437
0.62932349
0.59103011
0.58320114
0.58536322
0.57691925
0.5609051
0.56934908
0.60858816
0.60189817
0.58201026
0.58870025
0.59050613
0.60344525
0.57537217
0.5675432
0.4805688
0.46251607
0.45473038
0.47278311
0.50889221
0.4914859
0.47999071
0.49739702
0.49804011
0.49142091
0.46258106
0.47214003
0.42889196
0.40821257
0.40305353
0.42373293
0.45108921
0.43043004
0.42218771
0.44284688
0.44623994
0.43374122
0.40490138
0.42033986
0.45730602
0.43925329
0.43672091
0.45477365
0.47267002
0.45526371
0.45027423
0.46768054
0.47123738
0.45873866
0.43577833
0.45121681
0.53644699
0.52356614
0.51224051
0.52512135
0.55543237
0.54382414
0.5294152
0.54102343
0.54458026
0.54729909
0.52009119
0.52156451
0.53721562
0.52045573
0.50525104
0.52201094
0.56553903
0.54942556
0.53051137
0.54662485
0.55001791
0.55273674
0.51714455
0.51861787
0.47328646
0.45264752
0.44132188
0.46196083
0.49548372
0.474865
0.46045606
0.48107478
0.48721782
0.48155235
0.44596016
0.45581778
0.48803403
0.47127413
0.46382755
0.48058744
0.50339803
0.48728456
0.47738086
0.49349434
0.49854876
0.49288329
0.4656754
0.47553301
0.41004146
0.41936434
0.39619625
0.40282547
0.45610978
0.42868721
0.39194177
0.43705506
0.40945468
0.3752251
0.32777376
0.31339514
0.29337233
0.35730654
0.36368002
0.30192799
0.38235104
0.3862866
0.42124075
0.42543204
0.41800033
0.39022216
0.35850842
0.42962334
0.3700535
0.29901651
0.31048365
0.35466061
0.35320885
0.34065446
0.33711281
0.37989088
0.3517571
0.32507507
0.36153574
0.33357116
0.30914823
0.27025926
0.25676072
0.24941498
0.30557259
0.3026474
0.24981263
0.32664832
0.32101677
0.3617302
0.35548217
0.34318059
0.31538521
0.29322139
0.34923415
0.29972222
0.24326219
0.25021029
0.34885359
0.29364166
0.32648785
0.27622988
0.28240849
0.23842972
0.24966288
0.26648684
0.2259719
0.23571494
0.21691727
0.20494304
0.25100559
0.29387185
0.25045126
0.21630581
0.30412211
0.2588181
0.33673811
0.28459671
0.25056519
0.21351409
0.221767
0.23245532
0.20703067
0.1929688
0.18160603
0.29863603
0.28882468
0.2840037
0.27326604
0.30647029
0.27901333
0.26136771
0.28918243
0.26252838
0.24661199
