MFEM mesh v1.0

#
# MFEM Geometry Types (see mesh/geom.hpp):
#
# POINT       = 0
# SEGMENT     = 1
# TRIANGLE    = 2
# SQUARE      = 3
# TETRAHEDRON = 4
# CUBE        = 5
#

dimension
3

elements
576
1 5 13 153 513 156 161 514 793 517
1 5 12 165 519 168 173 520 794 523
1 5 14 177 525 180 185 526 795 529
1 5 21 189 531 192 197 532 796 535
1 5 20 201 537 204 209 538 797 541
1 5 28 213 543 216 221 544 798 547
1 5 19 225 549 228 233 550 799 553
1 5 30 237 555 240 245 556 800 559
1 5 32 249 561 252 257 562 801 565
1 5 34 261 567 154 162 568 802 515
1 5 101 263 572 271 163 570 803 575
1 5 37 155 577 276 164 516 804 578
1 5 42 157 518 160 282 580 805 583
1 5 102 264 571 158 283 585 806 581
1 5 144 266 576 274 284 587 807 591
1 5 105 159 579 277 285 582 808 594
1 5 36 270 596 166 174 574 809 521
1 5 107 299 600 305 175 598 810 603
1 5 48 167 605 312 176 522 811 607
1 5 45 169 524 172 297 593 812 611
1 5 104 273 599 170 295 590 813 609
1 5 145 301 604 308 316 613 814 617
1 5 110 171 608 314 317 610 815 620
1 5 40 292 614 178 186 622 816 527
1 5 111 319 618 323 187 624 817 628
1 5 51 179 621 327 188 528 818 631
1 5 58 181 530 184 346 633 819 636
1 5 112 329 625 182 347 638 820 634
1 5 146 331 629 336 348 640 821 644
1 5 115 183 632 340 349 635 822 647
1 5 62 363 649 190 198 650 823 533
1 5 117 365 654 373 199 652 824 657
1 5 65 191 659 377 200 534 825 660
1 5 66 193 536 196 379 662 826 665
1 5 118 366 653 194 380 666 827 663
1 5 147 368 658 376 381 668 828 671
1 5 121 195 661 378 382 664 829 673
1 5 64 372 674 202 210 656 830 539
1 5 122 388 677 392 211 675 831 680
1 5 72 203 682 396 212 540 832 683
1 5 69 205 542 208 387 672 833 687
1 5 120 375 676 206 386 670 834 685
1 5 148 389 681 395 398 689 835 692
1 5 125 207 684 397 399 686 836 694
1 5 75 404 695 214 222 696 837 545
1 5 126 406 700 414 223 698 838 703
1 5 70 215 705 390 224 546 839 678
1 5 68 217 548 220 385 707 840 688
1 5 127 407 699 218 422 711 841 708
1 5 149 409 704 417 423 713 842 717
1 5 123 219 706 393 400 709 843 690
1 5 71 391 721 226 234 679 844 551
1 5 131 435 724 439 235 722 845 727
1 5 85 227 729 446 236 552 846 731
1 5 74 229 554 232 403 693 847 735
1 5 124 394 723 230 402 691 848 733
1 5 150 436 728 442 453 738 849 742
1 5 134 231 732 448 454 734 850 745
1 5 77 413 747 238 246 702 851 557
1 5 136 467 751 473 247 749 852 754
1 5 83 239 756 437 248 558 853 725
1 5 73 241 560 244 401 719 854 737
1 5 129 416 750 242 433 716 855 759
1 5 151 469 755 476 483 763 856 767
1 5 132 243 758 440 457 760 857 740
1 5 96 493 771 250 258 772 858 563
1 5 140 494 775 498 259 773 859 777
1 5 98 251 779 503 260 564 860 781
1 5 99 253 566 256 507 783 861 786
1 5 141 495 774 254 508 787 862 784
1 5 152 496 778 500 509 788 863 790
1 5 143 255 782 505 510 785 864 792
1 5 153 34 154 513 514 162 515 793
1 5 513 154 101 155 793 515 163 516
1 5 156 513 155 37 517 793 516 164
1 5 161 514 793 517 42 157 518 160
1 5 514 162 515 793 157 102 158 518
1 5 793 515 163 516 518 158 144 159
1 5 517 793 516 164 160 518 159 105
1 5 165 36 166 519 520 174 521 794
1 5 519 166 107 167 794 521 175 522
1 5 168 519 167 48 523 794 522 176
1 5 173 520 794 523 45 169 524 172
1 5 520 174 521 794 169 104 170 524
1 5 794 521 175 522 524 170 145 171
1 5 523 794 522 176 172 524 171 110
1 5 177 40 178 525 526 186 527 795
1 5 525 178 111 179 795 527 187 528
1 5 180 525 179 51 529 795 528 188
1 5 185 526 795 529 58 181 530 184
1 5 526 186 527 795 181 112 182 530
1 5 795 527 187 528 530 182 146 183
1 5 529 795 528 188 184 530 183 115
1 5 189 62 190 531 532 198 533 796
1 5 531 190 117 191 796 533 199 534
1 5 192 531 191 65 535 796 534 200
1 5 197 532 796 535 66 193 536 196
1 5 532 198 533 796 193 118 194 536
1 5 796 533 199 534 536 194 147 195
1 5 535 796 534 200 196 536 195 121
1 5 201 64 202 537 538 210 539 797
1 5 537 202 122 203 797 539 211 540
1 5 204 537 203 72 541 797 540 212
1 5 209 538 797 541 69 205 542 208
1 5 538 210 539 797 205 120 206 542
1 5 797 539 211 540 542 206 148 207
1 5 541 797 540 212 208 542 207 125
1 5 213 75 214 543 544 222 545 798
1 5 543 214 126 215 798 545 223 546
1 5 216 543 215 70 547 798 546 224
1 5 221 544 798 547 68 217 548 220
1 5 544 222 545 798 217 127 218 548
1 5 798 545 223 546 548 218 149 219
1 5 547 798 546 224 220 548 219 123
1 5 225 71 226 549 550 234 551 799
1 5 549 226 131 227 799 551 235 552
1 5 228 549 227 85 553 799 552 236
1 5 233 550 799 553 74 229 554 232
1 5 550 234 551 799 229 124 230 554
1 5 799 551 235 552 554 230 150 231
1 5 553 799 552 236 232 554 231 134
1 5 237 77 238 555 556 246 557 800
1 5 555 238 136 239 800 557 247 558
1 5 240 555 239 83 559 800 558 248
1 5 245 556 800 559 73 241 560 244
1 5 556 246 557 800 241 129 242 560
1 5 800 557 247 558 560 242 151 243
1 5 559 800 558 248 244 560 243 132
1 5 249 96 250 561 562 258 563 801
1 5 561 250 140 251 801 563 259 564
1 5 252 561 251 98 565 801 564 260
1 5 257 562 801 565 99 253 566 256
1 5 562 258 563 801 253 141 254 566
1 5 801 563 259 564 566 254 152 255
1 5 565 801 564 260 256 566 255 143
1 5 261 22 262 567 568 267 569 802
1 5 567 262 35 263 802 569 268 570
1 5 154 567 263 101 515 802 570 163
1 5 162 568 802 515 102 264 571 158
1 5 568 267 569 802 264 43 265 571
1 5 802 569 268 570 571 265 103 266
1 5 515 802 570 163 158 571 266 144
1 5 263 35 269 572 570 268 573 803
1 5 572 269 23 270 803 573 275 574
1 5 271 572 270 36 575 803 574 174
1 5 163 570 803 575 144 266 576 274
1 5 570 268 573 803 266 103 272 576
1 5 803 573 275 574 576 272 44 273
1 5 575 803 574 174 274 576 273 104
1 5 155 101 271 577 516 163 575 804
1 5 577 271 36 165 804 575 174 520
1 5 276 577 165 12 578 804 520 173
1 5 164 516 804 578 105 159 579 277
1 5 516 163 575 804 159 144 274 579
1 5 804 575 174 520 579 274 104 169
1 5 578 804 520 173 277 579 169 45
1 5 157 102 158 518 580 283 581 805
1 5 518 158 144 159 805 581 284 582
1 5 160 518 159 105 583 805 582 285
1 5 282 580 805 583 15 278 584 281
1 5 580 283 581 805 278 38 279 584
1 5 805 581 284 582 584 279 106 280
1 5 583 805 582 285 281 584 280 41
1 5 264 43 265 571 585 289 586 806
1 5 571 265 103 266 806 586 290 587
1 5 158 571 266 144 581 806 587 284
1 5 283 585 806 581 38 286 588 279
1 5 585 289 586 806 286 24 287 588
1 5 806 586 290 587 588 287 39 288
1 5 581 806 587 284 279 588 288 106
1 5 266 103 272 576 587 290 589 807
1 5 576 272 44 273 807 589 294 590
1 5 274 576 273 104 591 807 590 295
1 5 284 587 807 591 106 288 592 293
1 5 587 290 589 807 288 39 291 592
1 5 807 589 294 590 592 291 25 292
1 5 591 807 590 295 293 592 292 40
1 5 159 144 274 579 582 284 591 808
1 5 579 274 104 169 808 591 295 593
1 5 277 579 169 45 594 808 593 297
1 5 285 582 808 594 41 280 595 296
1 5 582 284 591 808 280 106 293 595
1 5 808 591 295 593 595 293 40 177
1 5 594 808 593 297 296 595 177 14
1 5 270 23 298 596 574 275 597 809
1 5 596 298 46 299 809 597 302 598
1 5 166 596 299 107 521 809 598 175
1 5 174 574 809 521 104 273 599 170
1 5 574 275 597 809 273 44 300 599
1 5 809 597 302 598 599 300 108 301
1 5 521 809 598 175 170 599 301 145
1 5 299 46 303 600 598 302 601 810
1 5 600 303 7 304 810 601 309 602
1 5 305 600 304 47 603 810 602 310
1 5 175 598 810 603 145 301 604 308
1 5 598 302 601 810 301 108 306 604
1 5 810 601 309 602 604 306 52 307
1 5 603 810 602 310 308 604 307 109
1 5 167 107 305 605 522 175 603 811
1 5 605 305 47 311 811 603 310 606
1 5 312 605 311 3 607 811 606 315
1 5 176 522 811 607 110 171 608 314
1 5 522 175 603 811 171 145 308 608
1 5 811 603 310 606 608 308 109 313
1 5 607 811 606 315 314 608 313 53
1 5 169 104 170 524 593 295 609 812
1 5 524 170 145 171 812 609 316 610
1 5 172 524 171 110 611 812 610 317
1 5 297 593 812 611 14 177 525 180
1 5 593 295 609 812 177 40 178 525
1 5 812 609 316 610 525 178 111 179
1 5 611 812 610 317 180 525 179 51
1 5 273 44 300 599 590 294 612 813
1 5 599 300 108 301 813 612 320 613
1 5 170 599 301 145 609 813 613 316
1 5 295 590 813 609 40 292 614 178
1 5 590 294 612 813 292 25 318 614
1 5 813 612 320 613 614 318 49 319
1 5 609 813 613 316 178 614 319 111
1 5 301 108 306 604 613 320 615 814
1 5 604 306 52 307 814 615 324 616
1 5 308 604 307 109 617 814 616 325
1 5 316 613 814 617 111 319 618 323
1 5 613 320 615 814 319 49 321 618
1 5 814 615 324 616 618 321 9 322
1 5 617 814 616 325 323 618 322 50
1 5 171 145 308 608 610 316 617 815
1 5 608 308 109 313 815 617 325 619
1 5 314 608 313 53 620 815 619 328
1 5 317 610 815 620 51 179 621 327
1 5 610 316 617 815 179 111 323 621
1 5 815 617 325 619 621 323 50 326
1 5 620 815 619 328 327 621 326 4
1 5 292 25 318 614 622 332 623 816
1 5 614 318 49 319 816 623 333 624
1 5 178 614 319 111 527 816 624 187
1 5 186 622 816 527 112 329 625 182
1 5 622 332 623 816 329 59 330 625
1 5 816 623 333 624 625 330 113 331
1 5 527 816 624 187 182 625 331 146
1 5 319 49 321 618 624 333 626 817
1 5 618 321 9 322 817 626 337 627
1 5 323 618 322 50 628 817 627 338
1 5 187 624 817 628 146 331 629 336
1 5 624 333 626 817 331 113 334 629
1 5 817 626 337 627 629 334 60 335
1 5 628 817 627 338 336 629 335 114
1 5 179 111 323 621 528 187 628 818
1 5 621 323 50 326 818 628 338 630
1 5 327 621 326 4 631 818 630 341
1 5 188 528 818 631 115 183 632 340
1 5 528 187 628 818 183 146 336 632
1 5 818 628 338 630 632 336 114 339
1 5 631 818 630 341 340 632 339 61
1 5 181 112 182 530 633 347 634 819
1 5 530 182 146 183 819 634 348 635
1 5 184 530 183 115 636 819 635 349
1 5 346 633 819 636 16 342 637 345
1 5 633 347 634 819 342 54 343 637
1 5 819 634 348 635 637 343 116 344
1 5 636 819 635 349 345 637 344 57
1 5 329 59 330 625 638 353 639 820
1 5 625 330 113 331 820 639 354 640
1 5 182 625 331 146 634 820 640 348
1 5 347 638 820 634 54 350 641 343
1 5 638 353 639 820 350 26 351 641
1 5 820 639 354 640 641 351 55 352
1 5 634 820 640 348 343 641 352 116
1 5 331 113 334 629 640 354 642 821
1 5 629 334 60 335 821 642 358 643
1 5 336 629 335 114 644 821 643 359
1 5 348 640 821 644 116 352 645 357
1 5 640 354 642 821 352 55 355 645
1 5 821 642 358 643 645 355 11 356
1 5 644 821 643 359 357 645 356 56
1 5 183 146 336 632 635 348 644 822
1 5 632 336 114 339 822 644 359 646
1 5 340 632 339 61 647 822 646 362
1 5 349 635 822 647 57 344 648 361
1 5 635 348 644 822 344 116 357 648
1 5 822 644 359 646 648 357 56 360
1 5 647 822 646 362 361 648 360 5
1 5 363 27 364 649 650 369 651 823
1 5 649 364 63 365 823 651 370 652
1 5 190 649 365 117 533 823 652 199
1 5 198 650 823 533 118 366 653 194
1 5 650 369 651 823 366 67 367 653
1 5 823 651 370 652 653 367 119 368
1 5 533 823 652 199 194 653 368 147
1 5 365 63 371 654 652 370 655 824
1 5 654 371 28 372 824 655 221 656
1 5 373 654 372 64 657 824 656 210
1 5 199 652 824 657 147 368 658 376
1 5 652 370 655 824 368 119 374 658
1 5 824 655 221 656 658 374 68 375
1 5 657 824 656 210 376 658 375 120
1 5 191 117 373 659 534 199 657 825
1 5 659 373 64 201 825 657 210 538
1 5 377 659 201 20 660 825 538 209
1 5 200 534 825 660 121 195 661 378
1 5 534 199 657 825 195 147 376 661
1 5 825 657 210 538 661 376 120 205
1 5 660 825 538 209 378 661 205 69
1 5 193 118 194 536 662 380 663 826
1 5 536 194 147 195 826 663 381 664
1 5 196 536 195 121 665 826 664 382
1 5 379 662 826 665 3 311 606 315
1 5 662 380 663 826 311 47 310 606
1 5 826 663 381 664 606 310 109 313
1 5 665 826 664 382 315 606 313 53
1 5 366 67 367 653 666 383 667 827
1 5 653 367 119 368 827 667 384 668
1 5 194 653 368 147 663 827 668 381
1 5 380 666 827 663 47 304 602 310
1 5 666 383 667 827 304 7 309 602
1 5 827 667 384 668 602 309 52 307
1 5 663 827 668 381 310 602 307 109
1 5 368 119 374 658 668 384 669 828
1 5 658 374 68 375 828 669 385 670
1 5 376 658 375 120 671 828 670 386
1 5 381 668 828 671 109 307 616 325
1 5 668 384 669 828 307 52 324 616
1 5 828 669 385 670 616 324 9 322
1 5 671 828 670 386 325 616 322 50
1 5 195 147 376 661 664 381 671 829
1 5 661 376 120 205 829 671 386 672
1 5 378 661 205 69 673 829 672 387
1 5 382 664 829 673 53 313 619 328
1 5 664 381 671 829 313 109 325 619
1 5 829 671 386 672 619 325 50 326
1 5 673 829 672 387 328 619 326 4
1 5 372 28 216 674 656 221 547 830
1 5 674 216 70 388 830 547 224 675
1 5 202 674 388 122 539 830 675 211
1 5 210 656 830 539 120 375 676 206
1 5 656 221 547 830 375 68 220 676
1 5 830 547 224 675 676 220 123 389
1 5 539 830 675 211 206 676 389 148
1 5 388 70 390 677 675 224 678 831
1 5 677 390 30 391 831 678 245 679
1 5 392 677 391 71 680 831 679 234
1 5 211 675 831 680 148 389 681 395
1 5 675 224 678 831 389 123 393 681
1 5 831 678 245 679 681 393 73 394
1 5 680 831 679 234 395 681 394 124
1 5 203 122 392 682 540 211 680 832
1 5 682 392 71 225 832 680 234 550
1 5 396 682 225 19 683 832 550 233
1 5 212 540 832 683 125 207 684 397
1 5 540 211 680 832 207 148 395 684
1 5 832 680 234 550 684 395 124 229
1 5 683 832 550 233 397 684 229 74
1 5 205 120 206 542 672 386 685 833
1 5 542 206 148 207 833 685 398 686
1 5 208 542 207 125 687 833 686 399
1 5 387 672 833 687 4 326 630 341
1 5 672 386 685 833 326 50 338 630
1 5 833 685 398 686 630 338 114 339
1 5 687 833 686 399 341 630 339 61
1 5 375 68 220 676 670 385 688 834
1 5 676 220 123 389 834 688 400 689
1 5 206 676 389 148 685 834 689 398
1 5 386 670 834 685 50 322 627 338
1 5 670 385 688 834 322 9 337 627
1 5 834 688 400 689 627 337 60 335
1 5 685 834 689 398 338 627 335 114
1 5 389 123 393 681 689 400 690 835
1 5 681 393 73 394 835 690 401 691
1 5 395 681 394 124 692 835 691 402
1 5 398 689 835 692 114 335 643 359
1 5 689 400 690 835 335 60 358 643
1 5 835 690 401 691 643 358 11 356
1 5 692 835 691 402 359 643 356 56
1 5 207 148 395 684 686 398 692 836
1 5 684 395 124 229 836 692 402 693
1 5 397 684 229 74 694 836 693 403
1 5 399 686 836 694 61 339 646 362
1 5 686 398 692 836 339 114 359 646
1 5 836 692 402 693 646 359 56 360
1 5 694 836 693 403 362 646 360 5
1 5 404 29 405 695 696 410 697 837
1 5 695 405 76 406 837 697 411 698
1 5 214 695 406 126 545 837 698 223
1 5 222 696 837 545 127 407 699 218
1 5 696 410 697 837 407 81 408 699
1 5 837 697 411 698 699 408 128 409
1 5 545 837 698 223 218 699 409 149
1 5 406 76 412 700 698 411 701 838
1 5 700 412 31 413 838 701 418 702
1 5 414 700 413 77 703 838 702 246
1 5 223 698 838 703 149 409 704 417
1 5 698 411 701 838 409 128 415 704
1 5 838 701 418 702 704 415 82 416
1 5 703 838 702 246 417 704 416 129
1 5 215 126 414 705 546 223 703 839
1 5 705 414 77 237 839 703 246 556
1 5 390 705 237 30 678 839 556 245
1 5 224 546 839 678 123 219 706 393
1 5 546 223 703 839 219 149 417 706
1 5 839 703 246 556 706 417 129 241
1 5 678 839 556 245 393 706 241 73
1 5 217 127 218 548 707 422 708 840
1 5 548 218 149 219 840 708 423 709
1 5 220 548 219 123 688 840 709 400
1 5 385 707 840 688 9 419 710 337
1 5 707 422 708 840 419 78 420 710
1 5 840 708 423 709 710 420 130 421
1 5 688 840 709 400 337 710 421 60
1 5 407 81 408 699 711 427 712 841
1 5 699 408 128 409 841 712 428 713
1 5 218 699 409 149 708 841 713 423
1 5 422 711 841 708 78 424 714 420
1 5 711 427 712 841 424 8 425 714
1 5 841 712 428 713 714 425 79 426
1 5 708 841 713 423 420 714 426 130
1 5 409 128 415 704 713 428 715 842
1 5 704 415 82 416 842 715 432 716
1 5 417 704 416 129 717 842 716 433
1 5 423 713 842 717 130 426 718 431
1 5 713 428 715 842 426 79 429 718
1 5 842 715 432 716 718 429 10 430
1 5 717 842 716 433 431 718 430 80
1 5 219 149 417 706 709 423 717 843
1 5 706 417 129 241 843 717 433 719
1 5 393 706 241 73 690 843 719 401
1 5 400 709 843 690 60 421 720 358
1 5 709 423 717 843 421 130 431 720
1 5 843 717 433 719 720 431 80 434
1 5 690 843 719 401 358 720 434 11
1 5 391 30 240 721 679 245 559 844
1 5 721 240 83 435 844 559 248 722
1 5 226 721 435 131 551 844 722 235
1 5 234 679 844 551 124 394 723 230
1 5 679 245 559 844 394 73 244 723
1 5 844 559 248 722 723 244 132 436
1 5 551 844 722 235 230 723 436 150
1 5 435 83 437 724 722 248 725 845
1 5 724 437 18 438 845 725 443 726
1 5 439 724 438 84 727 845 726 444
1 5 235 722 845 727 150 436 728 442
1 5 722 248 725 845 436 132 440 728
1 5 845 725 443 726 728 440 89 441
1 5 727 845 726 444 442 728 441 133
1 5 227 131 439 729 552 235 727 846
1 5 729 439 84 445 846 727 444 730
1 5 446 729 445 6 731 846 730 449
1 5 236 552 846 731 134 231 732 448
1 5 552 235 727 846 231 150 442 732
1 5 846 727 444 730 732 442 133 447
1 5 731 846 730 449 448 732 447 90
1 5 229 124 230 554 693 402 733 847
1 5 554 230 150 231 847 733 453 734
1 5 232 554 231 134 735 847 734 454
1 5 403 693 847 735 5 360 736 452
1 5 693 402 733 847 360 56 450 736
1 5 847 733 453 734 736 450 135 451
1 5 735 847 734 454 452 736 451 88
1 5 394 73 244 723 691 401 737 848
1 5 723 244 132 436 848 737 457 738
1 5 230 723 436 150 733 848 738 453
1 5 402 691 848 733 56 356 739 450
1 5 691 401 737 848 356 11 455 739
1 5 848 737 457 738 739 455 86 456
1 5 733 848 738 453 450 739 456 135
1 5 436 132 440 728 738 457 740 849
1 5 728 440 89 441 849 740 461 741
1 5 442 728 441 133 742 849 741 462
1 5 453 738 849 742 135 456 743 460
1 5 738 457 740 849 456 86 458 743
1 5 849 740 461 741 743 458 2 459
1 5 742 849 741 462 460 743 459 87
1 5 231 150 442 732 734 453 742 850
1 5 732 442 133 447 850 742 462 744
1 5 448 732 447 90 745 850 744 465
1 5 454 734 850 745 88 451 746 464
1 5 734 453 742 850 451 135 460 746
1 5 850 742 462 744 746 460 87 463
1 5 745 850 744 465 464 746 463 0
1 5 413 31 466 747 702 418 748 851
1 5 747 466 91 467 851 748 470 749
1 5 238 747 467 136 557 851 749 247
1 5 246 702 851 557 129 416 750 242
1 5 702 418 748 851 416 82 468 750
1 5 851 748 470 749 750 468 137 469
1 5 557 851 749 247 242 750 469 151
1 5 467 91 471 751 749 470 752 852
1 5 751 471 17 472 852 752 477 753
1 5 473 751 472 92 754 852 753 478
1 5 247 749 852 754 151 469 755 476
1 5 749 470 752 852 469 137 474 755
1 5 852 752 477 753 755 474 95 475
1 5 754 852 753 478 476 755 475 138
1 5 239 136 473 756 558 247 754 853
1 5 756 473 92 479 853 754 478 757
1 5 437 756 479 18 725 853 757 443
1 5 248 558 853 725 132 243 758 440
1 5 558 247 754 853 243 151 476 758
1 5 853 754 478 757 758 476 138 480
1 5 725 853 757 443 440 758 480 89
1 5 241 129 242 560 719 433 759 854
1 5 560 242 151 243 854 759 483 760
1 5 244 560 243 132 737 854 760 457
1 5 401 719 854 737 11 434 761 455
1 5 719 433 759 854 434 80 481 761
1 5 854 759 483 760 761 481 139 482
1 5 737 854 760 457 455 761 482 86
1 5 416 82 468 750 716 432 762 855
1 5 750 468 137 469 855 762 486 763
1 5 242 750 469 151 759 855 763 483
1 5 433 716 855 759 80 430 764 481
1 5 716 432 762 855 430 10 484 764
1 5 855 762 486 763 764 484 93 485
1 5 759 855 763 483 481 764 485 139
1 5 469 137 474 755 763 486 765 856
1 5 755 474 95 475 856 765 490 766
1 5 476 755 475 138 767 856 766 491
1 5 483 763 856 767 139 485 768 489
1 5 763 486 765 856 485 93 487 768
1 5 856 765 490 766 768 487 1 488
1 5 767 856 766 491 489 768 488 94
1 5 243 151 476 758 760 483 767 857
1 5 758 476 138 480 857 767 491 769
1 5 440 758 480 89 740 857 769 461
1 5 457 760 857 740 86 482 770 458
1 5 760 483 767 857 482 139 489 770
1 5 857 767 491 769 770 489 94 492
1 5 740 857 769 461 458 770 492 2
1 5 493 20 204 771 772 209 541 858
1 5 771 204 72 494 858 541 212 773
1 5 250 771 494 140 563 858 773 259
1 5 258 772 858 563 141 495 774 254
1 5 772 209 541 858 495 69 208 774
1 5 858 541 212 773 774 208 125 496
1 5 563 858 773 259 254 774 496 152
1 5 494 72 396 775 773 212 683 859
1 5 775 396 19 497 859 683 233 776
1 5 498 775 497 97 777 859 776 501
1 5 259 773 859 777 152 496 778 500
1 5 773 212 683 859 496 125 397 778
1 5 859 683 233 776 778 397 74 499
1 5 777 859 776 501 500 778 499 142
1 5 251 140 498 779 564 259 777 860
1 5 779 498 97 502 860 777 501 780
1 5 503 779 502 33 781 860 780 506
1 5 260 564 860 781 143 255 782 505
1 5 564 259 777 860 255 152 500 782
1 5 860 777 501 780 782 500 142 504
1 5 781 860 780 506 505 782 504 100
1 5 253 141 254 566 783 508 784 861
1 5 566 254 152 255 861 784 509 785
1 5 256 566 255 143 786 861 785 510
1 5 507 783 861 786 14 180 529 185
1 5 783 508 784 861 180 51 188 529
1 5 861 784 509 785 529 188 115 184
1 5 786 861 785 510 185 529 184 58
1 5 495 69 208 774 787 387 687 862
1 5 774 208 125 496 862 687 399 788
1 5 254 774 496 152 784 862 788 509
1 5 508 787 862 784 51 327 631 188
1 5 787 387 687 862 327 4 341 631
1 5 862 687 399 788 631 341 61 340
1 5 784 862 788 509 188 631 340 115
1 5 496 125 397 778 788 399 694 863
1 5 778 397 74 499 863 694 403 789
1 5 500 778 499 142 790 863 789 511
1 5 509 788 863 790 115 340 647 349
1 5 788 399 694 863 340 61 362 647
1 5 863 694 403 789 647 362 5 361
1 5 790 863 789 511 349 647 361 57
1 5 255 152 500 782 785 509 790 864
1 5 782 500 142 504 864 790 511 791
1 5 505 782 504 100 792 864 791 512
1 5 510 785 864 792 58 184 636 346
1 5 785 509 790 864 184 115 349 636
1 5 864 790 511 791 636 349 57 345
1 5 792 864 791 512 346 636 345 16

boundary
512
18 3 156 513 153 13
18 3 168 519 165 12
18 3 261 22 267 568
18 3 22 262 569 267
18 3 12 276 578 173
18 3 15 278 584 281
18 3 23 298 597 275
18 3 3 312 607 315
18 3 292 25 332 622
18 3 25 318 623 332
18 3 16 342 637 345
18 3 424 8 425 714
18 3 356 11 455 739
18 3 430 10 484 764
18 3 192 531 189 21
18 3 204 537 201 20
18 3 216 543 213 28
18 3 228 549 225 19
18 3 240 555 237 30
18 3 363 27 369 650
18 3 27 364 651 369
18 3 20 377 660 209
18 3 404 29 410 696
18 3 29 405 697 410
18 3 18 438 726 443
18 3 6 446 731 449
18 3 31 466 748 418
18 3 17 472 753 477
18 3 252 561 249 32
18 3 493 20 209 772
18 3 252 32 257 565
18 3 19 497 776 233
18 3 154 567 261 34
18 3 271 572 263 101
18 3 276 577 155 37
18 3 166 596 270 36
18 3 305 600 299 107
18 3 312 605 167 48
18 3 189 62 198 532
18 3 193 118 380 662
18 3 366 67 383 666
18 3 153 34 162 514
18 3 157 102 283 580
18 3 264 43 289 585
18 3 35 269 573 268
18 3 103 272 589 290
18 3 43 265 586 289
18 3 46 303 601 302
18 3 108 306 615 320
18 3 44 300 612 294
18 3 37 156 517 164
18 3 105 160 583 285
18 3 45 277 594 297
18 3 48 168 523 176
18 3 110 172 611 317
18 3 53 314 620 328
18 3 65 192 535 200
18 3 121 196 665 382
18 3 69 378 673 387
18 3 249 96 258 562
18 3 253 141 508 783
18 3 495 69 387 787
18 3 503 98 260 781
18 3 505 143 510 792
18 3 256 99 507 786
18 3 38 286 588 279
18 3 106 288 592 293
18 3 41 280 595 296
18 3 177 40 186 526
18 3 181 112 347 633
18 3 329 59 353 638
18 3 54 350 641 343
18 3 116 352 645 357
18 3 57 344 648 361
18 3 360 56 450 736
18 3 451 135 460 746
18 3 456 86 458 743
18 3 49 321 626 333
18 3 113 334 642 354
18 3 59 330 639 353
18 3 419 78 420 710
18 3 421 130 431 720
18 3 426 79 429 718
18 3 434 80 481 761
18 3 482 139 489 770
18 3 485 93 487 768
18 3 92 479 757 478
18 3 138 480 769 491
18 3 95 475 766 490
18 3 190 649 363 62
18 3 373 654 365 117
18 3 377 659 191 65
18 3 202 674 372 64
18 3 392 677 388 122
18 3 396 682 203 72
18 3 63 371 655 370
18 3 119 374 669 384
18 3 67 367 667 383
18 3 213 75 222 544
18 3 217 127 422 707
18 3 407 81 427 711
18 3 214 695 404 75
18 3 414 700 406 126
18 3 390 705 215 70
18 3 238 747 413 77
18 3 473 751 467 136
18 3 437 756 239 83
18 3 226 721 391 71
18 3 439 724 435 131
18 3 446 729 227 85
18 3 84 445 730 444
18 3 133 447 744 462
18 3 89 441 741 461
18 3 85 228 553 236
18 3 134 232 735 454
18 3 90 448 745 465
18 3 97 502 780 501
18 3 142 504 791 511
18 3 74 499 789 403
18 3 76 412 701 411
18 3 128 415 715 428
18 3 81 408 712 427
18 3 91 471 752 470
18 3 137 474 765 486
18 3 82 468 762 432
18 3 250 771 493 96
18 3 498 775 494 140
18 3 503 779 251 98
18 3 513 154 34 153
18 3 155 101 154 513
18 3 37 155 513 156
18 3 519 166 36 165
18 3 167 107 166 519
18 3 48 167 519 168
18 3 62 363 650 198
18 3 198 650 366 118
18 3 650 369 67 366
18 3 567 262 22 261
18 3 263 35 262 567
18 3 101 263 567 154
18 3 572 269 35 263
18 3 270 23 269 572
18 3 36 270 572 271
18 3 577 271 101 155
18 3 165 36 271 577
18 3 12 165 577 276
18 3 596 298 23 270
18 3 299 46 298 596
18 3 107 299 596 166
18 3 600 303 46 299
18 3 304 7 303 600
18 3 47 304 600 305
18 3 605 305 107 167
18 3 311 47 305 605
18 3 3 311 605 312
18 3 21 189 532 197
18 3 197 532 193 66
18 3 532 198 118 193
18 3 66 193 662 379
18 3 379 662 311 3
18 3 662 380 47 311
18 3 118 366 666 380
18 3 380 666 304 47
18 3 666 383 7 304
18 3 34 261 568 162
18 3 162 568 264 102
18 3 568 267 43 264
18 3 262 35 268 569
18 3 569 268 103 265
18 3 267 569 265 43
18 3 298 46 302 597
18 3 597 302 108 300
18 3 275 597 300 44
18 3 13 153 514 161
18 3 161 514 157 42
18 3 514 162 102 157
18 3 42 157 580 282
18 3 282 580 278 15
18 3 580 283 38 278
18 3 102 264 585 283
18 3 283 585 286 38
18 3 585 289 24 286
18 3 269 23 275 573
18 3 573 275 44 272
18 3 268 573 272 103
18 3 272 44 294 589
18 3 589 294 25 291
18 3 290 589 291 39
18 3 265 103 290 586
18 3 586 290 39 287
18 3 289 586 287 24
18 3 303 7 309 601
18 3 601 309 52 306
18 3 302 601 306 108
18 3 306 52 324 615
18 3 615 324 9 321
18 3 320 615 321 49
18 3 300 108 320 612
18 3 612 320 49 318
18 3 294 612 318 25
18 3 276 37 164 578
18 3 578 164 105 277
18 3 173 578 277 45
18 3 312 48 176 607
18 3 607 176 110 314
18 3 315 607 314 53
18 3 377 65 200 660
18 3 660 200 121 378
18 3 209 660 378 69
18 3 96 493 772 258
18 3 258 772 495 141
18 3 772 209 69 495
18 3 98 252 565 260
18 3 260 565 256 143
18 3 565 257 99 256
18 3 156 13 161 517
18 3 517 161 42 160
18 3 164 517 160 105
18 3 160 42 282 583
18 3 583 282 15 281
18 3 285 583 281 41
18 3 277 105 285 594
18 3 594 285 41 296
18 3 297 594 296 14
18 3 168 12 173 523
18 3 523 173 45 172
18 3 176 523 172 110
18 3 172 45 297 611
18 3 611 297 14 180
18 3 317 611 180 51
18 3 314 110 317 620
18 3 620 317 51 327
18 3 328 620 327 4
18 3 192 21 197 535
18 3 535 197 66 196
18 3 200 535 196 121
18 3 196 66 379 665
18 3 665 379 3 315
18 3 382 665 315 53
18 3 378 121 382 673
18 3 673 382 53 328
18 3 387 673 328 4
18 3 32 249 562 257
18 3 257 562 253 99
18 3 562 258 141 253
18 3 99 253 783 507
18 3 507 783 180 14
18 3 783 508 51 180
18 3 141 495 787 508
18 3 508 787 327 51
18 3 787 387 4 327
18 3 33 503 781 506
18 3 506 781 505 100
18 3 781 260 143 505
18 3 100 505 792 512
18 3 512 792 346 16
18 3 792 510 58 346
18 3 143 256 786 510
18 3 510 786 185 58
18 3 786 507 14 185
18 3 278 38 279 584
18 3 584 279 106 280
18 3 281 584 280 41
18 3 40 292 622 186
18 3 186 622 329 112
18 3 622 332 59 329
18 3 342 54 343 637
18 3 637 343 116 344
18 3 345 637 344 57
18 3 56 356 739 450
18 3 450 739 456 135
18 3 739 455 86 456
18 3 286 24 287 588
18 3 588 287 39 288
18 3 279 588 288 106
18 3 288 39 291 592
18 3 592 291 25 292
18 3 293 592 292 40
18 3 280 106 293 595
18 3 595 293 40 177
18 3 296 595 177 14
18 3 14 177 526 185
18 3 185 526 181 58
18 3 526 186 112 181
18 3 58 181 633 346
18 3 346 633 342 16
18 3 633 347 54 342
18 3 112 329 638 347
18 3 347 638 350 54
18 3 638 353 26 350
18 3 350 26 351 641
18 3 641 351 55 352
18 3 343 641 352 116
18 3 352 55 355 645
18 3 645 355 11 356
18 3 357 645 356 56
18 3 344 116 357 648
18 3 648 357 56 360
18 3 361 648 360 5
18 3 5 360 736 452
18 3 452 736 451 88
18 3 736 450 135 451
18 3 88 451 746 464
18 3 464 746 463 0
18 3 746 460 87 463
18 3 135 456 743 460
18 3 460 743 459 87
18 3 743 458 2 459
18 3 318 49 333 623
18 3 623 333 113 330
18 3 332 623 330 59
18 3 78 424 714 420
18 3 420 714 426 130
18 3 714 425 79 426
18 3 321 9 337 626
18 3 626 337 60 334
18 3 333 626 334 113
18 3 334 60 358 642
18 3 642 358 11 355
18 3 354 642 355 55
18 3 330 113 354 639
18 3 639 354 55 351
18 3 353 639 351 26
18 3 9 419 710 337
18 3 337 710 421 60
18 3 710 420 130 421
18 3 60 421 720 358
18 3 358 720 434 11
18 3 720 431 80 434
18 3 130 426 718 431
18 3 431 718 430 80
18 3 718 429 10 430
18 3 80 430 764 481
18 3 481 764 485 139
18 3 764 484 93 485
18 3 472 92 478 753
18 3 753 478 138 475
18 3 477 753 475 95
18 3 11 434 761 455
18 3 455 761 482 86
18 3 761 481 139 482
18 3 86 482 770 458
18 3 458 770 492 2
18 3 770 489 94 492
18 3 139 485 768 489
18 3 489 768 488 94
18 3 768 487 1 488
18 3 479 18 443 757
18 3 757 443 89 480
18 3 478 757 480 138
18 3 480 89 461 769
18 3 769 461 2 492
18 3 491 769 492 94
18 3 475 138 491 766
18 3 766 491 94 488
18 3 490 766 488 1
18 3 531 190 62 189
18 3 191 117 190 531
18 3 65 191 531 192
18 3 537 202 64 201
18 3 203 122 202 537
18 3 72 203 537 204
18 3 364 63 370 651
18 3 651 370 119 367
18 3 369 651 367 67
18 3 75 404 696 222
18 3 222 696 407 127
18 3 696 410 81 407
18 3 649 364 27 363
18 3 365 63 364 649
18 3 117 365 649 190
18 3 654 371 63 365
18 3 372 28 371 654
18 3 64 372 654 373
18 3 659 373 117 191
18 3 201 64 373 659
18 3 20 201 659 377
18 3 674 216 28 372
18 3 388 70 216 674
18 3 122 388 674 202
18 3 677 390 70 388
18 3 391 30 390 677
18 3 71 391 677 392
18 3 682 392 122 203
18 3 225 71 392 682
18 3 19 225 682 396
18 3 371 28 221 655
18 3 655 221 68 374
18 3 370 655 374 119
18 3 374 68 385 669
18 3 669 385 9 324
18 3 384 669 324 52
18 3 367 119 384 667
18 3 667 384 52 309
18 3 383 667 309 7
18 3 28 213 544 221
18 3 221 544 217 68
18 3 544 222 127 217
18 3 68 217 707 385
18 3 385 707 419 9
18 3 707 422 78 419
18 3 127 407 711 422
18 3 422 711 424 78
18 3 711 427 8 424
18 3 543 214 75 213
18 3 215 126 214 543
18 3 70 215 543 216
18 3 555 238 77 237
18 3 239 136 238 555
18 3 83 239 555 240
18 3 695 405 29 404
18 3 406 76 405 695
18 3 126 406 695 214
18 3 700 412 76 406
18 3 413 31 412 700
18 3 77 413 700 414
18 3 705 414 126 215
18 3 237 77 414 705
18 3 30 237 705 390
18 3 747 466 31 413
18 3 467 91 466 747
18 3 136 467 747 238
18 3 751 471 91 467
18 3 472 17 471 751
18 3 92 472 751 473
18 3 756 473 136 239
18 3 479 92 473 756
18 3 18 479 756 437
18 3 549 226 71 225
18 3 227 131 226 549
18 3 85 227 549 228
18 3 438 84 444 726
18 3 726 444 133 441
18 3 443 726 441 89
18 3 446 85 236 731
18 3 731 236 134 448
18 3 449 731 448 90
18 3 497 97 501 776
18 3 776 501 142 499
18 3 233 776 499 74
18 3 721 240 30 391
18 3 435 83 240 721
18 3 131 435 721 226
18 3 724 437 83 435
18 3 438 18 437 724
18 3 84 438 724 439
18 3 729 439 131 227
18 3 445 84 439 729
18 3 6 445 729 446
18 3 445 6 449 730
18 3 730 449 90 447
18 3 444 730 447 133
18 3 447 90 465 744
18 3 744 465 0 463
18 3 462 744 463 87
18 3 441 133 462 741
18 3 741 462 87 459
18 3 461 741 459 2
18 3 228 19 233 553
18 3 553 233 74 232
18 3 236 553 232 134
18 3 232 74 403 735
18 3 735 403 5 452
18 3 454 735 452 88
18 3 448 134 454 745
18 3 745 454 88 464
18 3 465 745 464 0
18 3 502 33 506 780
18 3 780 506 100 504
18 3 501 780 504 142
18 3 504 100 512 791
18 3 791 512 16 345
18 3 511 791 345 57
18 3 499 142 511 789
18 3 789 511 57 361
18 3 403 789 361 5
18 3 405 76 411 697
18 3 697 411 128 408
18 3 410 697 408 81
18 3 466 91 470 748
18 3 748 470 137 468
18 3 418 748 468 82
18 3 412 31 418 701
18 3 701 418 82 415
18 3 411 701 415 128
18 3 415 82 432 715
18 3 715 432 10 429
18 3 428 715 429 79
18 3 408 128 428 712
18 3 712 428 79 425
18 3 427 712 425 8
18 3 471 17 477 752
18 3 752 477 95 474
18 3 470 752 474 137
18 3 474 95 490 765
18 3 765 490 1 487
18 3 486 765 487 93
18 3 468 137 486 762
18 3 762 486 93 484
18 3 432 762 484 10
18 3 561 250 96 249
18 3 251 140 250 561
18 3 98 251 561 252
18 3 771 204 20 493
18 3 494 72 204 771
18 3 140 494 771 250
18 3 775 396 72 494
18 3 497 19 396 775
18 3 97 497 775 498
18 3 779 498 140 251
18 3 502 97 498 779
18 3 33 502 779 503

vertices
865

nodes
FiniteElementSpace
FiniteElementCollection: H1_3D_P2
VDim: 3
Ordering: 0

-0.28867513
0
-0.14433757
-0.28867513
-0.28867513
-0.28867513
-0.36084392
-0.14433757
-1.9515639e-18
-0.14433757
1.0842022e-18
-0.14433757
-0.28867513
-0.28867513
-0.28867513
-0.28867513
-0.28867513
-1.3010426e-18
-0.18319635
-0.37864925
-0.38463884
-0.37864925
-0.14433757
-0.14433757
-0.14433757
-0.14433757
-0.14433757
-0.19368993
-0.19728907
-1.8295912e-18
-0.19368993
-1.2739376e-18
-0.42041877
-0.40974402
-0.21650635
-0.14433757
-0.21650635
-0.28867513
-0.21650635
-0.14433757
-0.21650635
-0.28867513
-0.28867513
-0.14433757
-0.14433757
-0.28867513
-0.14433757
-0.21650635
-0.28867513
-0.14433757
-0.21650635
-0.28867513
-0.14433757
-0.28867513
-0.21650635
-0.14433757
-0.21650635
-0.28867513
-0.28867513
-0.14433757
-0.14433757
-0.28867513
-0.28616959
-0.1954895
-0.29096396
-0.38164404
-0.33366219
-0.16901375
-0.17081332
-0.33665699
-0.1954895
-0.28616959
-0.38164404
-0.16901375
-0.33366219
-0.098644537
-1.5517644e-18
-0.096844965
-0.072168784
-4.3368087e-19
-0.072168784
-1.8905775e-18
-9.486769e-20
-0.18844314
-0.27202013
-0.36974658
-0.14433757
-0.21650635
-0.28867513
-0.16376696
-0.32475953
-1.2874901e-18
-0.091598175
5.4210109e-19
-0.072168784
-6.505213e-19
-0.4025288
-0.39419663
-0.41508139
-0.35454695
-0.34920958
-0.21650635
-0.21650635
-0.14433757
-0.21650635
-0.28867513
-0.21650635
-0.21650635
-0.14433757
-0.21650635
-0.28867513
-0.21650635
-0.21650635
-0.14433757
-0.21650635
-0.28867513
-0.21650635
-0.28856677
-0.25133797
-0.16991353
-0.25373515
-0.33515959
-0.28856677
-0.16991353
-0.25133797
-0.33515959
-0.097744751
-0.08540666
-9.9272261e-19
-0.084506874
-0.072168784
-0.27909486
-0.16639035
-0.24426324
-0.32921086
-0.21650635
-0.09422157
-3.726945e-19
-0.081883479
-0.072168784
-0.39836272
-0.34560197
-0.34143588
-0.35187826
-0.21650635
-0.21650635
-0.21650635
-0.25253656
-0.25253656
-0.084956767
-0.24780061
-0.083195177
-0.34351893
-0.25259074
-0.21650635
-0.25259074
-0.28867513
-0.25259074
-0.21650635
-0.25259074
-0.28867513
-0.28867513
-0.21650635
-0.21650635
-0.28867513
-0.25259074
-0.21650635
-0.25259074
-0.28867513
-0.25259074
-0.21650635
-0.25259074
-0.28867513
-0.28867513
-0.21650635
-0.21650635
-0.28867513
-0.25259074
-0.21650635
-0.25259074
-0.28867513
-0.25259074
-0.21650635
-0.25259074
-0.28867513
-0.28867513
-0.21650635
-0.21650635
-0.28867513
-0.33240942
-0.28736818
-0.33510541
-0.38014665
-0.29250008
-0.25193727
-0.29384808
-0.33441089
-0.35615572
-0.26875378
-0.27055167
-0.35840182
-0.3378014
-0.28976537
-0.33510541
-0.38314144
-0.29519607
-0.25313586
-0.29384808
-0.33590829
-0.36064791
-0.27234956
-0.27055167
-0.35840182
-0.14796681
-0.098194644
-0.14661713
-0.19638929
-0.12810999
-0.085181714
-0.12743515
-0.17036343
-0.1840512
-0.092025599
-0.091350759
-0.18270152
-0.33240942
-0.28263223
-0.32442072
-0.37419792
-0.29250008
-0.24956929
-0.28850573
-0.33143653
-0.35615572
-0.26875378
-0.26344773
-0.34947872
-0.14526745
-0.095533267
-0.14133235
-0.19106653
-0.12676031
-0.083851025
-0.12479277
-0.16770205
-0.18135184
-0.090675919
-0.088708373
-0.17741675
-0.41147379
-0.40044576
-0.40672206
-0.41775008
-0.35007446
-0.34456045
-0.3476986
-0.35321261
-0.38748286
-0.37406539
-0.37094082
-0.38347983
-0.18042196
-0.14433757
-0.18042196
-0.18042196
-0.14433757
-0.18042196
-0.14433757
-0.14433757
-0.14433757
-0.18042196
-0.21650635
-0.14433757
-0.18042196
-0.21650635
-0.14433757
-0.28867513
-0.28867513
-0.25259074
-0.21650635
-0.25259074
-0.28867513
-0.28867513
-0.21650635
-0.21650635
-0.28867513
-0.18042196
-0.14433757
-0.18042196
-0.14433757
-0.14433757
-0.14433757
-0.18042196
-0.21650635
-0.14433757
-0.21650635
-0.28867513
-0.28867513
-0.14433757
-0.18042196
-0.14433757
-0.18042196
-0.14433757
-0.14433757
-0.18042196
-0.21650635
-0.14433757
-0.18042196
-0.21650635
-0.14433757
-0.21650635
-0.25259074
-0.28867513
-0.25259074
-0.28867513
-0.28867513
-0.21650635
-0.28867513
-0.14433757
-0.18042196
-0.14433757
-0.14433757
-0.18042196
-0.21650635
-0.14433757
-0.21650635
-0.25259074
-0.28867513
-0.28867513
-0.18042196
-0.14433757
-0.18042196
-0.14433757
-0.14433757
-0.14433757
-0.18042196
-0.21650635
-0.14433757
-0.21650635
-0.25259074
-0.28867513
-0.28867513
-0.25259074
-0.21650635
-0.25259074
-0.28867513
-0.28867513
-0.21650635
-0.21650635
-0.28867513
-0.18042196
-0.14433757
-0.18042196
-0.14433757
-0.14433757
-0.14433757
-0.18042196
-0.21650635
-0.14433757
-0.21650635
-0.25259074
-0.28867513
-0.28867513
-0.23992976
-0.19458972
-0.24202814
-0.21017586
-0.16946364
-0.21122505
-0.18135184
-0.18270152
-0.19638929
-0.24412652
-0.28976537
-0.17036343
-0.21227424
-0.25313586
-0.38314144
-0.33590829
-0.31116866
-0.23392216
-0.23452146
-0.31191736
-0.15667566
-0.15712555
-0.15757544
-0.23512075
-0.31266606
-0.24202814
-0.21122505
-0.19458972
-0.23992976
-0.28736818
-0.16946364
-0.21017586
-0.25193727
-0.38014665
-0.33441089
-0.23452146
-0.31191736
-0.15712555
-0.15667566
-0.23392216
-0.31116866
-0.049322268
-1.6906778e-18
-0.048872375
-0.04270333
-1.4416501e-18
-0.042478384
-1.8600844e-18
-1.2722435e-18
-1.412851e-18
-0.048422482
-0.097294858
-5.4379515e-19
-0.042253437
-0.084731821
-6.8440262e-19
-0.10825318
-0.072168784
-0.10825318
-0.078787722
-0.078562775
-0.036084392
-1.1926224e-18
-0.036084392
-1.9210707e-18
-7.1320174e-19
3.2526065e-19
-0.036084392
-0.072168784
4.9466724e-19
-0.078337829
-0.10825318
-0.233769
-0.20709548
-0.18581974
-0.22760824
-0.2755575
-0.16507866
-0.2040151
-0.24603192
-0.17348165
-0.25814169
-0.31643203
-0.36529525
-0.28451138
-0.32698519
-0.34280172
-0.21650635
-0.25259074
-0.28867513
-0.23215348
-0.308943
-0.14433757
-0.18042196
-0.15536396
-0.14433757
-0.18042196
-0.21650635
-0.15405226
-0.2303848
-0.25259074
-0.28867513
-0.30671733
-1.2807138e-18
-0.047110785
-2.3378109e-19
-0.041597588
-8.3009229e-19
-1.2942663e-18
-0.045799087
-0.092909872
-5.116079e-19
-0.04094174
-0.082539328
-9.7578196e-19
-0.086740827
-0.13739726
-0.12282522
-0.072168784
-0.10825318
-0.07768198
8.1315163e-19
-0.036084392
8.4703295e-20
2.7105054e-19
-0.036084392
-0.072168784
-3.2526065e-19
-0.077026131
-0.10825318
-0.39358382
-0.39000338
-0.34112948
-0.33933926
-0.38642294
-0.39627968
-0.33754904
-0.3424774
-0.36781626
-0.40197032
-0.4124127
-0.34532273
-0.35054392
-0.3794768
-0.32161104
-0.31713855
-0.31609703
-0.3202767
-0.31505551
-0.31894235
-0.25259074
-0.25259074
-0.21650635
-0.25259074
-0.28867513
-0.25259074
-0.25259074
-0.25259074
-0.21650635
-0.25259074
-0.28867513
-0.25259074
-0.25259074
-0.25259074
-0.21650635
-0.25259074
-0.28867513
-0.25259074
-0.33375741
-0.31245475
-0.26965272
-0.31447674
-0.35727877
-0.29317408
-0.3364534
-0.31649873
-0.27145061
-0.31447674
-0.35952487
-0.29452207
-0.14729197
-0.1380384
-0.091688179
-0.13702614
-0.18337636
-0.12777257
-0.32841507
-0.31245475
-0.26610076
-0.30646323
-0.35281722
-0.29050291
-0.1432999
-0.13601388
-0.089692146
-0.13306256
-0.17938429
-0.12577654
-0.40909792
-0.38077412
-0.3725031
-0.37721033
-0.38548134
-0.34888653
-0.18042196
-0.18042196
-0.14433757
-0.18042196
-0.18042196
-0.18042196
-0.14433757
-0.18042196
-0.21650635
-0.18042196
-0.25259074
-0.28867513
-0.25259074
-0.25259074
-0.21650635
-0.25259074
-0.28867513
-0.25259074
-0.18042196
-0.14433757
-0.18042196
-0.18042196
-0.14433757
-0.18042196
-0.21650635
-0.18042196
-0.25259074
-0.28867513
-0.25259074
-0.18042196
-0.14433757
-0.18042196
-0.18042196
-0.18042196
-0.14433757
-0.18042196
-0.21650635
-0.18042196
-0.25259074
-0.25259074
-0.28867513
-0.25259074
-0.21650635
-0.25259074
-0.28867513
-0.14433757
-0.18042196
-0.18042196
-0.14433757
-0.18042196
-0.21650635
-0.18042196
-0.25259074
-0.28867513
-0.25259074
-0.18042196
-0.14433757
-0.18042196
-0.18042196
-0.14433757
-0.18042196
-0.21650635
-0.18042196
-0.25259074
-0.28867513
-0.25259074
-0.25259074
-0.21650635
-0.25259074
-0.28867513
-0.25259074
-0.18042196
-0.14433757
-0.18042196
-0.18042196
-0.14433757
-0.18042196
-0.21650635
-0.18042196
-0.25259074
-0.28867513
-0.25259074
-0.24097895
-0.22505281
-0.18202668
-0.22662659
-0.21070045
-0.24307733
-0.18337636
-0.22820038
-0.27145061
-0.21174964
-0.3364534
-0.35952487
-0.29452207
-0.27254541
-0.23422181
-0.27321941
-0.31154301
-0.19529891
-0.1569006
-0.1958235
-0.1573505
-0.1963481
-0.2348211
-0.27389341
-0.31229171
-0.24307733
-0.22662659
-0.21174964
-0.24097895
-0.18202668
-0.22505281
-0.26965272
-0.21070045
-0.33375741
-0.35727877
-0.29317408
-0.2348211
-0.27321941
-0.31229171
-0.1573505
-0.1958235
-0.1569006
-0.19529891
-0.23422181
-0.27254541
-0.31154301
-0.049097322
-0.046012799
-1.5661639e-18
-0.045675379
-0.042590857
-0.048647429
-9.7832305e-19
-0.04533796
-0.091013339
-0.04236591
-0.14594229
-0.12709773
-0.11818158
-0.078675249
-0.11784416
-0.10825318
-0.039393861
-1.3171362e-18
-0.039281388
-0.036084392
-1.0926725e-19
-0.039168914
-0.078450302
-0.036084392
-0.11750674
-0.10825318
-0.23684938
-0.22043224
-0.20863567
-0.23068862
-0.1754492
-0.21581167
-0.26079471
-0.20555529
-0.32042637
-0.30047171
-0.34614022
-0.28650856
