MFEM mesh v1.0

#
# MFEM Geometry Types (see mesh/geom.hpp):
#
# POINT       = 0
# SEGMENT     = 1
# TRIANGLE    = 2
# SQUARE      = 3
# TETRAHEDRON = 4
# CUBE        = 5
#

dimension
3

elements
320
1 5 12 108 342 111 116 343 510 346
1 5 13 120 348 123 128 349 511 352
1 5 12 132 354 116 111 355 512 346
1 5 20 140 359 143 148 360 513 363
1 5 24 152 365 155 160 366 514 369
1 5 28 164 371 109 117 372 515 344
1 5 76 166 376 174 118 374 516 379
1 5 31 110 381 181 119 345 517 383
1 5 36 112 347 115 189 385 518 388
1 5 77 167 375 113 190 390 519 386
1 5 103 169 380 177 191 392 520 396
1 5 80 114 384 183 192 387 521 399
1 5 40 206 401 121 129 402 522 350
1 5 82 208 406 216 130 404 523 409
1 5 43 122 411 223 131 351 524 413
1 5 47 124 353 127 227 415 525 418
1 5 83 209 405 125 228 419 526 416
1 5 104 211 410 219 229 421 527 425
1 5 86 126 414 225 230 417 528 428
1 5 44 231 422 133 138 430 529 356
1 5 87 233 426 238 139 432 530 436
1 5 36 134 429 189 115 357 531 388
1 5 31 135 358 119 181 440 532 383
1 5 88 243 433 136 257 444 533 441
1 5 105 245 437 250 258 446 534 450
1 5 80 137 439 192 183 442 535 399
1 5 56 270 454 141 149 455 536 361
1 5 92 272 459 280 150 457 537 462
1 5 59 142 464 287 151 362 538 466
1 5 64 144 364 147 291 468 539 471
1 5 93 273 458 145 292 472 540 469
1 5 106 275 463 283 293 474 541 478
1 5 96 146 467 289 294 470 542 481
1 5 60 295 475 153 161 483 543 367
1 5 97 297 479 302 162 485 544 489
1 5 63 154 482 306 163 368 545 492
1 5 72 156 370 159 325 494 546 497
1 5 98 308 486 157 326 499 547 495
1 5 107 310 490 315 327 501 548 505
1 5 101 158 493 319 328 496 549 508
1 5 108 28 109 342 343 117 344 510
1 5 342 109 76 110 510 344 118 345
1 5 111 342 110 31 346 510 345 119
1 5 116 343 510 346 36 112 347 115
1 5 343 117 344 510 112 77 113 347
1 5 510 344 118 345 347 113 103 114
1 5 346 510 345 119 115 347 114 80
1 5 120 40 121 348 349 129 350 511
1 5 348 121 82 122 511 350 130 351
1 5 123 348 122 43 352 511 351 131
1 5 128 349 511 352 47 124 353 127
1 5 349 129 350 511 124 83 125 353
1 5 511 350 130 351 353 125 104 126
1 5 352 511 351 131 127 353 126 86
1 5 132 44 133 354 355 138 356 512
1 5 354 133 87 134 512 356 139 357
1 5 116 354 134 36 346 512 357 115
1 5 111 355 512 346 31 135 358 119
1 5 355 138 356 512 135 88 136 358
1 5 512 356 139 357 358 136 105 137
1 5 346 512 357 115 119 358 137 80
1 5 140 56 141 359 360 149 361 513
1 5 359 141 92 142 513 361 150 362
1 5 143 359 142 59 363 513 362 151
1 5 148 360 513 363 64 144 364 147
1 5 360 149 361 513 144 93 145 364
1 5 513 361 150 362 364 145 106 146
1 5 363 513 362 151 147 364 146 96
1 5 152 60 153 365 366 161 367 514
1 5 365 153 97 154 514 367 162 368
1 5 155 365 154 63 369 514 368 163
1 5 160 366 514 369 72 156 370 159
1 5 366 161 367 514 156 98 157 370
1 5 514 367 162 368 370 157 107 158
1 5 369 514 368 163 159 370 158 101
1 5 164 17 165 371 372 170 373 515
1 5 371 165 29 166 515 373 171 374
1 5 109 371 166 76 344 515 374 118
1 5 117 372 515 344 77 167 375 113
1 5 372 170 373 515 167 37 168 375
1 5 515 373 171 374 375 168 78 169
1 5 344 515 374 118 113 375 169 103
1 5 166 29 172 376 374 171 377 516
1 5 376 172 6 173 516 377 178 378
1 5 174 376 173 30 379 516 378 179
1 5 118 374 516 379 103 169 380 177
1 5 374 171 377 516 169 78 175 380
1 5 516 377 178 378 380 175 38 176
1 5 379 516 378 179 177 380 176 79
1 5 110 76 174 381 345 118 379 517
1 5 381 174 30 180 517 379 179 382
1 5 181 381 180 3 383 517 382 184
1 5 119 345 517 383 80 114 384 183
1 5 345 118 379 517 114 103 177 384
1 5 517 379 179 382 384 177 79 182
1 5 383 517 382 184 183 384 182 39
1 5 112 77 113 347 385 190 386 518
1 5 347 113 103 114 518 386 191 387
1 5 115 347 114 80 388 518 387 192
1 5 189 385 518 388 5 185 389 188
1 5 385 190 386 518 185 32 186 389
1 5 518 386 191 387 389 186 81 187
1 5 388 518 387 192 188 389 187 35
1 5 167 37 168 375 390 196 391 519
1 5 375 168 78 169 519 391 197 392
1 5 113 375 169 103 386 519 392 191
1 5 190 390 519 386 32 193 393 186
1 5 390 196 391 519 193 14 194 393
1 5 519 391 197 392 393 194 33 195
1 5 386 519 392 191 186 393 195 81
1 5 169 78 175 380 392 197 394 520
1 5 380 175 38 176 520 394 201 395
1 5 177 380 176 79 396 520 395 202
1 5 191 392 520 396 81 195 397 200
1 5 392 197 394 520 195 33 198 397
1 5 520 394 201 395 397 198 1 199
1 5 396 520 395 202 200 397 199 34
1 5 114 103 177 384 387 191 396 521
1 5 384 177 79 182 521 396 202 398
1 5 183 384 182 39 399 521 398 205
1 5 192 387 521 399 35 187 400 204
1 5 387 191 396 521 187 81 200 400
1 5 521 396 202 398 400 200 34 203
1 5 399 521 398 205 204 400 203 0
1 5 206 18 207 401 402 212 403 522
1 5 401 207 41 208 522 403 213 404
1 5 121 401 208 82 350 522 404 130
1 5 129 402 522 350 83 209 405 125
1 5 402 212 403 522 209 48 210 405
1 5 522 403 213 404 405 210 84 211
1 5 350 522 404 130 125 405 211 104
1 5 208 41 214 406 404 213 407 523
1 5 406 214 15 215 523 407 220 408
1 5 216 406 215 42 409 523 408 221
1 5 130 404 523 409 104 211 410 219
1 5 404 213 407 523 211 84 217 410
1 5 523 407 220 408 410 217 49 218
1 5 409 523 408 221 219 410 218 85
1 5 122 82 216 411 351 130 409 524
1 5 411 216 42 222 524 409 221 412
1 5 223 411 222 4 413 524 412 226
1 5 131 351 524 413 86 126 414 225
1 5 351 130 409 524 126 104 219 414
1 5 524 409 221 412 414 219 85 224
1 5 413 524 412 226 225 414 224 50
1 5 124 83 125 353 415 228 416 525
1 5 353 125 104 126 525 416 229 417
1 5 127 353 126 86 418 525 417 230
1 5 227 415 525 418 12 132 354 116
1 5 415 228 416 525 132 44 133 354
1 5 525 416 229 417 354 133 87 134
1 5 418 525 417 230 116 354 134 36
1 5 209 48 210 405 419 234 420 526
1 5 405 210 84 211 526 420 235 421
1 5 125 405 211 104 416 526 421 229
1 5 228 419 526 416 44 231 422 133
1 5 419 234 420 526 231 19 232 422
1 5 526 420 235 421 422 232 45 233
1 5 416 526 421 229 133 422 233 87
1 5 211 84 217 410 421 235 423 527
1 5 410 217 49 218 527 423 239 424
1 5 219 410 218 85 425 527 424 240
1 5 229 421 527 425 87 233 426 238
1 5 421 235 423 527 233 45 236 426
1 5 527 423 239 424 426 236 16 237
1 5 425 527 424 240 238 426 237 46
1 5 126 104 219 414 417 229 425 528
1 5 414 219 85 224 528 425 240 427
1 5 225 414 224 50 428 528 427 242
1 5 230 417 528 428 36 134 429 189
1 5 417 229 425 528 134 87 238 429
1 5 528 425 240 427 429 238 46 241
1 5 428 528 427 242 189 429 241 5
1 5 231 19 232 422 430 246 431 529
1 5 422 232 45 233 529 431 247 432
1 5 133 422 233 87 356 529 432 139
1 5 138 430 529 356 88 243 433 136
1 5 430 246 431 529 243 54 244 433
1 5 529 431 247 432 433 244 89 245
1 5 356 529 432 139 136 433 245 105
1 5 233 45 236 426 432 247 434 530
1 5 426 236 16 237 530 434 251 435
1 5 238 426 237 46 436 530 435 252
1 5 139 432 530 436 105 245 437 250
1 5 432 247 434 530 245 89 248 437
1 5 530 434 251 435 437 248 55 249
1 5 436 530 435 252 250 437 249 90
1 5 134 87 238 429 357 139 436 531
1 5 429 238 46 241 531 436 252 438
1 5 189 429 241 5 388 531 438 188
1 5 115 357 531 388 80 137 439 192
1 5 357 139 436 531 137 105 250 439
1 5 531 436 252 438 439 250 90 253
1 5 388 531 438 188 192 439 253 35
1 5 135 88 136 358 440 257 441 532
1 5 358 136 105 137 532 441 258 442
1 5 119 358 137 80 383 532 442 183
1 5 181 440 532 383 3 254 443 184
1 5 440 257 441 532 254 51 255 443
1 5 532 441 258 442 443 255 91 256
1 5 383 532 442 183 184 443 256 39
1 5 243 54 244 433 444 262 445 533
1 5 433 244 89 245 533 445 263 446
1 5 136 433 245 105 441 533 446 258
1 5 257 444 533 441 51 259 447 255
1 5 444 262 445 533 259 7 260 447
1 5 533 445 263 446 447 260 52 261
1 5 441 533 446 258 255 447 261 91
1 5 245 89 248 437 446 263 448 534
1 5 437 248 55 249 534 448 267 449
1 5 250 437 249 90 450 534 449 268
1 5 258 446 534 450 91 261 451 266
1 5 446 263 448 534 261 52 264 451
1 5 534 448 267 449 451 264 2 265
1 5 450 534 449 268 266 451 265 53
1 5 137 105 250 439 442 258 450 535
1 5 439 250 90 253 535 450 268 452
1 5 192 439 253 35 399 535 452 204
1 5 183 442 535 399 39 256 453 205
1 5 442 258 450 535 256 91 266 453
1 5 535 450 268 452 453 266 53 269
1 5 399 535 452 204 205 453 269 0
1 5 270 21 271 454 455 276 456 536
1 5 454 271 57 272 536 456 277 457
1 5 141 454 272 92 361 536 457 150
1 5 149 455 536 361 93 273 458 145
1 5 455 276 456 536 273 65 274 458
1 5 536 456 277 457 458 274 94 275
1 5 361 536 457 150 145 458 275 106
1 5 272 57 278 459 457 277 460 537
1 5 459 278 23 279 537 460 284 461
1 5 280 459 279 58 462 537 461 285
1 5 150 457 537 462 106 275 463 283
1 5 457 277 460 537 275 94 281 463
1 5 537 460 284 461 463 281 66 282
1 5 462 537 461 285 283 463 282 95
1 5 142 92 280 464 362 150 462 538
1 5 464 280 58 286 538 462 285 465
1 5 287 464 286 22 466 538 465 290
1 5 151 362 538 466 96 146 467 289
1 5 362 150 462 538 146 106 283 467
1 5 538 462 285 465 467 283 95 288
1 5 466 538 465 290 289 467 288 67
1 5 144 93 145 364 468 292 469 539
1 5 364 145 106 146 539 469 293 470
1 5 147 364 146 96 471 539 470 294
1 5 291 468 539 471 24 152 365 155
1 5 468 292 469 539 152 60 153 365
1 5 539 469 293 470 365 153 97 154
1 5 471 539 470 294 155 365 154 63
1 5 273 65 274 458 472 298 473 540
1 5 458 274 94 275 540 473 299 474
1 5 145 458 275 106 469 540 474 293
1 5 292 472 540 469 60 295 475 153
1 5 472 298 473 540 295 25 296 475
1 5 540 473 299 474 475 296 61 297
1 5 469 540 474 293 153 475 297 97
1 5 275 94 281 463 474 299 476 541
1 5 463 281 66 282 541 476 303 477
1 5 283 463 282 95 478 541 477 304
1 5 293 474 541 478 97 297 479 302
1 5 474 299 476 541 297 61 300 479
1 5 541 476 303 477 479 300 27 301
1 5 478 541 477 304 302 479 301 62
1 5 146 106 283 467 470 293 478 542
1 5 467 283 95 288 542 478 304 480
1 5 289 467 288 67 481 542 480 307
1 5 294 470 542 481 63 154 482 306
1 5 470 293 478 542 154 97 302 482
1 5 542 478 304 480 482 302 62 305
1 5 481 542 480 307 306 482 305 26
1 5 295 25 296 475 483 311 484 543
1 5 475 296 61 297 543 484 312 485
1 5 153 475 297 97 367 543 485 162
1 5 161 483 543 367 98 308 486 157
1 5 483 311 484 543 308 73 309 486
1 5 543 484 312 485 486 309 99 310
1 5 367 543 485 162 157 486 310 107
1 5 297 61 300 479 485 312 487 544
1 5 479 300 27 301 544 487 316 488
1 5 302 479 301 62 489 544 488 317
1 5 162 485 544 489 107 310 490 315
1 5 485 312 487 544 310 99 313 490
1 5 544 487 316 488 490 313 74 314
1 5 489 544 488 317 315 490 314 100
1 5 154 97 302 482 368 162 489 545
1 5 482 302 62 305 545 489 317 491
1 5 306 482 305 26 492 545 491 320
1 5 163 368 545 492 101 158 493 319
1 5 368 162 489 545 158 107 315 493
1 5 545 489 317 491 493 315 100 318
1 5 492 545 491 320 319 493 318 75
1 5 156 98 157 370 494 326 495 546
1 5 370 157 107 158 546 495 327 496
1 5 159 370 158 101 497 546 496 328
1 5 325 494 546 497 8 321 498 324
1 5 494 326 495 546 321 68 322 498
1 5 546 495 327 496 498 322 102 323
1 5 497 546 496 328 324 498 323 71
1 5 308 73 309 486 499 332 500 547
1 5 486 309 99 310 547 500 333 501
1 5 157 486 310 107 495 547 501 327
1 5 326 499 547 495 68 329 502 322
1 5 499 332 500 547 329 10 330 502
1 5 547 500 333 501 502 330 69 331
1 5 495 547 501 327 322 502 331 102
1 5 310 99 313 490 501 333 503 548
1 5 490 313 74 314 548 503 337 504
1 5 315 490 314 100 505 548 504 338
1 5 327 501 548 505 102 331 506 336
1 5 501 333 503 548 331 69 334 506
1 5 548 503 337 504 506 334 11 335
1 5 505 548 504 338 336 506 335 70
1 5 158 107 315 493 496 327 505 549
1 5 493 315 100 318 549 505 338 507
1 5 319 493 318 75 508 549 507 341
1 5 328 496 549 508 71 323 509 340
1 5 496 327 505 549 323 102 336 509
1 5 549 505 338 507 509 336 70 339
1 5 508 549 507 341 340 509 339 9

boundary
384
29 3 180 3 184 382
29 3 259 7 260 447
29 3 8 321 498 324
29 3 111 342 108 12
29 3 164 17 170 372
29 3 418 227 12 116
29 3 17 165 373 170
29 3 5 185 389 188
29 3 123 348 120 13
29 3 206 18 212 402
29 3 18 207 403 212
29 3 15 215 408 220
29 3 231 19 246 430
29 3 19 232 431 246
29 3 16 237 435 251
29 3 143 359 140 20
29 3 270 21 276 455
29 3 143 20 148 363
29 3 21 271 456 276
29 3 23 279 461 284
29 3 295 25 311 483
29 3 155 24 160 369
29 3 25 296 484 311
29 3 27 301 488 316
29 3 173 30 179 378
29 3 176 79 202 395
29 3 182 39 205 398
29 3 254 51 255 443
29 3 256 91 266 453
29 3 261 52 264 451
29 3 61 300 487 312
29 3 99 313 503 333
29 3 73 309 500 332
29 3 71 323 509 340
29 3 102 331 506 336
29 3 68 329 502 322
29 3 62 305 491 317
29 3 100 318 507 338
29 3 74 314 504 337
29 3 109 371 164 28
29 3 174 376 166 76
29 3 181 381 110 31
29 3 120 40 129 349
29 3 124 83 228 415
29 3 209 48 234 419
29 3 132 44 138 355
29 3 135 88 257 440
29 3 243 54 262 444
29 3 108 28 117 343
29 3 112 77 190 385
29 3 167 37 196 390
29 3 352 128 47 127
29 3 413 131 86 225
29 3 428 230 36 189
29 3 32 193 393 186
29 3 81 195 397 200
29 3 35 187 400 204
29 3 42 222 412 221
29 3 85 224 427 240
29 3 49 218 424 239
29 3 46 241 438 252
29 3 90 253 452 268
29 3 55 249 449 267
29 3 140 56 149 360
29 3 144 93 292 468
29 3 273 65 298 472
29 3 29 172 377 171
29 3 78 175 394 197
29 3 37 168 391 196
29 3 306 63 163 492
29 3 319 101 328 508
29 3 159 72 325 497
29 3 121 401 206 40
29 3 216 406 208 82
29 3 223 411 122 43
29 3 41 214 407 213
29 3 84 217 423 235
29 3 48 210 420 234
29 3 45 236 434 247
29 3 89 248 448 263
29 3 54 244 445 262
29 3 141 454 270 56
29 3 280 459 272 92
29 3 287 464 142 59
29 3 57 278 460 277
29 3 94 281 476 299
29 3 65 274 473 298
29 3 287 59 151 466
29 3 289 96 294 481
29 3 147 64 291 471
29 3 58 286 465 285
29 3 95 288 480 304
29 3 66 282 477 303
29 3 152 60 161 366
29 3 156 98 326 494
29 3 308 73 332 499
29 3 30 180 382 179
29 3 179 382 182 79
29 3 382 184 39 182
29 3 51 259 447 255
29 3 255 447 261 91
29 3 447 260 52 261
29 3 296 61 312 484
29 3 484 312 99 309
29 3 311 484 309 73
29 3 6 173 378 178
29 3 178 378 176 38
29 3 378 179 79 176
29 3 38 176 395 201
29 3 201 395 199 1
29 3 395 202 34 199
29 3 79 182 398 202
29 3 202 398 203 34
29 3 398 205 0 203
29 3 3 254 443 184
29 3 184 443 256 39
29 3 443 255 91 256
29 3 39 256 453 205
29 3 205 453 269 0
29 3 453 266 53 269
29 3 91 261 451 266
29 3 266 451 265 53
29 3 451 264 2 265
29 3 300 27 316 487
29 3 487 316 74 313
29 3 312 487 313 99
29 3 313 74 337 503
29 3 503 337 11 334
29 3 333 503 334 69
29 3 309 99 333 500
29 3 500 333 69 330
29 3 332 500 330 10
29 3 324 498 323 71
29 3 498 322 102 323
29 3 321 68 322 498
29 3 301 62 317 488
29 3 488 317 100 314
29 3 316 488 314 74
29 3 340 509 339 9
29 3 509 336 70 339
29 3 323 102 336 509
29 3 336 506 335 70
29 3 506 334 11 335
29 3 331 69 334 506
29 3 322 502 331 102
29 3 502 330 69 331
29 3 329 10 330 502
29 3 305 26 320 491
29 3 491 320 75 318
29 3 317 491 318 100
29 3 318 75 341 507
29 3 507 341 9 339
29 3 338 507 339 70
29 3 314 100 338 504
29 3 504 338 70 335
29 3 337 504 335 11
29 3 342 109 28 108
29 3 110 76 109 342
29 3 31 110 342 111
29 3 40 206 402 129
29 3 129 402 209 83
29 3 402 212 48 209
29 3 44 231 430 138
29 3 138 430 243 88
29 3 430 246 54 243
29 3 371 165 17 164
29 3 166 29 165 371
29 3 76 166 371 109
29 3 376 172 29 166
29 3 173 6 172 376
29 3 30 173 376 174
29 3 381 174 76 110
29 3 180 30 174 381
29 3 3 180 381 181
29 3 13 120 349 128
29 3 128 349 124 47
29 3 349 129 83 124
29 3 47 124 415 227
29 3 227 415 132 12
29 3 415 228 44 132
29 3 83 209 419 228
29 3 228 419 231 44
29 3 419 234 19 231
29 3 12 132 355 111
29 3 111 355 135 31
29 3 355 138 88 135
29 3 31 135 440 181
29 3 181 440 254 3
29 3 440 257 51 254
29 3 88 243 444 257
29 3 257 444 259 51
29 3 444 262 7 259
29 3 28 164 372 117
29 3 117 372 167 77
29 3 372 170 37 167
29 3 127 47 227 418
29 3 86 127 418 230
29 3 230 418 116 36
29 3 185 32 186 389
29 3 389 186 81 187
29 3 188 389 187 35
29 3 215 42 221 408
29 3 408 221 85 218
29 3 220 408 218 49
29 3 237 46 252 435
29 3 435 252 90 249
29 3 251 435 249 55
29 3 56 270 455 149
29 3 149 455 273 93
29 3 455 276 65 273
29 3 12 108 343 116
29 3 116 343 112 36
29 3 343 117 77 112
29 3 36 112 385 189
29 3 189 385 185 5
29 3 385 190 32 185
29 3 77 167 390 190
29 3 190 390 193 32
29 3 390 196 14 193
29 3 123 13 128 352
29 3 43 123 352 131
29 3 131 352 127 86
29 3 223 43 131 413
29 3 4 223 413 226
29 3 226 413 225 50
29 3 225 86 230 428
29 3 50 225 428 242
29 3 242 428 189 5
29 3 193 14 194 393
29 3 393 194 33 195
29 3 186 393 195 81
29 3 195 33 198 397
29 3 397 198 1 199
29 3 200 397 199 34
29 3 187 81 200 400
29 3 400 200 34 203
29 3 204 400 203 0
29 3 222 4 226 412
29 3 412 226 50 224
29 3 221 412 224 85
29 3 224 50 242 427
29 3 427 242 5 241
29 3 240 427 241 46
29 3 218 85 240 424
29 3 424 240 46 237
29 3 239 424 237 16
29 3 241 5 188 438
29 3 438 188 35 253
29 3 252 438 253 90
29 3 253 35 204 452
29 3 452 204 0 269
29 3 268 452 269 53
29 3 249 90 268 449
29 3 449 268 53 265
29 3 267 449 265 2
29 3 20 140 360 148
29 3 148 360 144 64
29 3 360 149 93 144
29 3 64 144 468 291
29 3 291 468 152 24
29 3 468 292 60 152
29 3 93 273 472 292
29 3 292 472 295 60
29 3 472 298 25 295
29 3 165 29 171 373
29 3 373 171 78 168
29 3 170 373 168 37
29 3 63 155 369 163
29 3 163 369 159 101
29 3 369 160 72 159
29 3 172 6 178 377
29 3 377 178 38 175
29 3 171 377 175 78
29 3 175 38 201 394
29 3 394 201 1 198
29 3 197 394 198 33
29 3 168 78 197 391
29 3 391 197 33 194
29 3 196 391 194 14
29 3 26 306 492 320
29 3 320 492 319 75
29 3 492 163 101 319
29 3 75 319 508 341
29 3 341 508 340 9
29 3 508 328 71 340
29 3 101 159 497 328
29 3 328 497 324 71
29 3 497 325 8 324
29 3 348 121 40 120
29 3 122 82 121 348
29 3 43 122 348 123
29 3 401 207 18 206
29 3 208 41 207 401
29 3 82 208 401 121
29 3 406 214 41 208
29 3 215 15 214 406
29 3 42 215 406 216
29 3 411 216 82 122
29 3 222 42 216 411
29 3 4 222 411 223
29 3 207 41 213 403
29 3 403 213 84 210
29 3 212 403 210 48
29 3 214 15 220 407
29 3 407 220 49 217
29 3 213 407 217 84
29 3 217 49 239 423
29 3 423 239 16 236
29 3 235 423 236 45
29 3 210 84 235 420
29 3 420 235 45 232
29 3 234 420 232 19
29 3 232 45 247 431
29 3 431 247 89 244
29 3 246 431 244 54
29 3 236 16 251 434
29 3 434 251 55 248
29 3 247 434 248 89
29 3 248 55 267 448
29 3 448 267 2 264
29 3 263 448 264 52
29 3 244 89 263 445
29 3 445 263 52 260
29 3 262 445 260 7
29 3 359 141 56 140
29 3 142 92 141 359
29 3 59 142 359 143
29 3 271 57 277 456
29 3 456 277 94 274
29 3 276 456 274 65
29 3 454 271 21 270
29 3 272 57 271 454
29 3 92 272 454 141
29 3 459 278 57 272
29 3 279 23 278 459
29 3 58 279 459 280
29 3 464 280 92 142
29 3 286 58 280 464
29 3 22 286 464 287
29 3 278 23 284 460
29 3 460 284 66 281
29 3 277 460 281 94
29 3 281 66 303 476
29 3 476 303 27 300
29 3 299 476 300 61
29 3 274 94 299 473
29 3 473 299 61 296
29 3 298 473 296 25
29 3 59 143 363 151
29 3 151 363 147 96
29 3 363 148 64 147
29 3 22 287 466 290
29 3 290 466 289 67
29 3 466 151 96 289
29 3 67 289 481 307
29 3 307 481 306 26
29 3 481 294 63 306
29 3 96 147 471 294
29 3 294 471 155 63
29 3 471 291 24 155
29 3 279 58 285 461
29 3 461 285 95 282
29 3 284 461 282 66
29 3 286 22 290 465
29 3 465 290 67 288
29 3 285 465 288 95
29 3 288 67 307 480
29 3 480 307 26 305
29 3 304 480 305 62
29 3 282 95 304 477
29 3 477 304 62 301
29 3 303 477 301 27
29 3 60 295 483 161
29 3 161 483 308 98
29 3 483 311 73 308
29 3 24 152 366 160
29 3 160 366 156 72
29 3 366 161 98 156
29 3 72 156 494 325
29 3 325 494 321 8
29 3 494 326 68 321
29 3 98 308 499 326
29 3 326 499 329 68
29 3 499 332 10 329

vertices
550

nodes
FiniteElementSpace
FiniteElementCollection: H1_3D_P2
VDim: 3
Ordering: 0

-0.28867513
-0.14433757
-0.28867513
-0.28867513
-0.4330127
-0.36084392
-0.14433757
-0.28867513
-0.14433757
7.5894152e-19
-0.14433757
-2.1684043e-19
-0.37864925
-0.47240707
-0.18319635
-0.47240707
-0.37864925
-0.19368993
-0.54236453
-0.40974402
-0.24775119
-0.25629728
-7.3251409e-18
1.9380114e-18
-0.19368993
-0.19728907
-4.8246997e-18
3.3203692e-18
-0.28616959
-0.16901375
-0.21650635
-0.33366219
-0.27202013
-0.16376696
-0.21650635
-0.32475953
-0.36974658
-0.18844314
-0.14433757
-0.28867513
-0.5073858
-0.5073858
-0.45270988
-0.45270988
-0.39419663
-0.39419663
-0.36974658
-0.42552816
-0.47605428
-0.42552816
-0.39692831
-0.28867513
-0.28867513
-0.28867513
-0.34920958
-0.33366219
-0.25202424
-0.12814864
-2.6935648e-18
-0.12387559
-0.1954895
-0.098644537
-7.5216526e-19
-0.096844965
-0.22072056
-0.22679318
2.6291903e-18
-6.0749203e-18
-0.14433757
-0.072168784
2.7105054e-19
-0.072168784
-0.16901375
-0.17081332
1.5517644e-18
-2.0328791e-18
-0.25133797
-0.27909486
-0.16639035
-0.21650635
-0.32921086
-0.24426324
-0.48004784
-0.45079122
-0.45079122
-0.41122823
-0.41122823
-0.38197161
-0.34143588
-0.34143588
-0.32921086
-0.28867513
-0.12601212
-0.22375687
-0.11339659
-1.722865e-18
-0.11036028
-0.097744751
-0.16991353
-0.08540666
-2.4055736e-19
-0.084506874
-0.072168784
-0.24780061
-0.43100973
-0.33532337
-0.11187843
-0.084956767
-0.33240942
-0.26875378
-0.29250008
-0.35615572
-0.32442072
-0.26344773
-0.28850573
-0.34947872
-0.37419792
-0.28263223
-0.24956929
-0.33143653
-0.48989643
-0.49371682
-0.46637886
-0.46255848
-0.43815969
-0.44090047
-0.42111898
-0.4183782
-0.44896761
-0.47908851
-0.45552878
-0.43196906
-0.38642294
-0.38808412
-0.3758591
-0.33754904
-0.33837963
-0.33226712
-0.36781626
-0.35864749
-0.24988771
-0.18901818
-0.12494386
-0.18581339
-0.22223871
-0.16781765
-0.11111936
-0.16554042
-0.23423587
-0.23789055
-0.11894528
-0.11711794
-0.19458972
-0.14661713
-0.097294858
-0.14526745
-0.16946364
-0.12743515
-0.084731821
-0.12676031
-0.18135184
-0.18270152
-0.091350759
-0.090675919
-0.23992976
-0.18135184
-0.21017586
-0.233769
-0.17741675
-0.20709548
-0.19106653
-0.16770205
-0.15667566
-0.18042196
-0.23392216
-0.15536396
-0.18042196
-0.23215348
-0.14433757
-0.21650635
-0.25259074
-0.31116866
-0.25259074
-0.308943
-0.28867513
-0.31643203
-0.25814169
-0.28451138
-0.34280172
-0.36529525
-0.2755575
-0.24603192
-0.32698519
-0.22760824
-0.17348165
-0.2040151
-0.18581974
-0.16507866
-0.15405226
-0.18042196
-0.2303848
-0.14433757
-0.21650635
-0.25259074
-0.30671733
-0.28867513
-0.52487517
-0.52487517
-0.49371682
-0.46342275
-0.46342275
-0.44090047
-0.50920941
-0.47908851
-0.48989643
-0.46255848
-0.46637886
-0.43815969
-0.4183782
-0.42111898
-0.44896761
-0.43196906
-0.44286129
-0.44286129
-0.40407827
-0.40407827
-0.41497051
-0.4020887
-0.42249392
-0.40649067
-0.39048741
-0.40197032
-0.40197032
-0.38808412
-0.44289915
-0.42249392
-0.38642294
-0.37419792
-0.3758591
-0.4020887
-0.39048741
-0.36529525
-0.37888611
-0.34532273
-0.34532273
-0.33837963
-0.3794768
-0.36781626
-0.33754904
-0.33143653
-0.33226712
-0.35615572
-0.34947872
-0.32698519
-0.28867513
-0.28867513
-0.28867513
-0.31505551
-0.31199925
-0.28867513
-0.28867513
-0.28867513
-0.31894235
-0.31505551
-0.28867513
-0.28867513
-0.28867513
-0.31116866
-0.308943
-0.28867513
-0.25416076
-0.19222296
-0.12708038
-0.22527502
-0.17009488
-0.11263751
-0.24154523
-0.12077262
-0.064074321
-3.7777669e-19
-0.063006059
-0.056698295
4.5316263e-19
-0.055939217
2.2836008e-18
-2.2082149e-18
-5.0093529e-18
-0.061937797
-3.8988927e-18
-0.055180139
-6.7000306e-18
-0.20720524
-0.20962319
-0.10481159
-0.10360262
-0.19638929
-0.14796681
-0.098194644
-0.21204113
-0.10602056
-0.049322268
1.2841019e-18
-0.048872375
2.9747797e-18
-1.2375151e-18
-2.7884325e-18
-0.048422482
-5.44981e-18
-0.17036343
-0.12810999
-0.085181714
-0.1840512
-0.092025599
-0.04270333
6.556035e-19
-0.042478384
2.4360668e-18
-4.9636131e-19
-1.1367182e-18
-0.042253437
-3.4287894e-18
-0.14433757
-0.10825318
-0.072168784
-0.10825318
-0.15667566
-0.15712555
-0.078562775
-0.078337829
-0.14433757
-0.10825318
-0.072168784
-0.15757544
-0.078787722
-0.036084392
2.7105054e-20
-0.036084392
6.6746196e-19
1.5246593e-20
5.1499603e-19
-0.036084392
-6.3696878e-19
-0.31245475
-0.32841507
-0.26610076
-0.29050291
-0.35281722
-0.30646323
-0.47813765
-0.46402806
-0.46730865
-0.44374892
-0.44046834
-0.42963933
-0.38114102
-0.36198599
-0.36323187
-0.35406311
-0.33490808
-0.18741578
-0.23606321
-0.17841791
-0.11803161
-0.1756769
-0.16667903
-0.14594229
-0.18202668
-0.13702614
-0.091013339
-0.13601388
-0.12709773
-0.22505281
-0.23684938
-0.17938429
-0.20863567
-0.22043224
-0.19529891
-0.15601981
-0.18042196
-0.23303782
-0.19375872
-0.27254541
-0.25259074
-0.31005583
-0.27054824
-0.32042637
-0.26079471
-0.28650856
-0.34614022
-0.30047171
-0.23068862
-0.1754492
-0.20555529
-0.21581167
-0.15470811
-0.18042196
-0.23126914
-0.19221853
-0.25259074
-0.30783016
-0.26855106
-0.50929599
-0.49414896
-0.49414896
-0.46730865
-0.45216161
-0.47813765
-0.46402806
-0.44046834
-0.44374892
-0.42963933
-0.45462008
-0.42346978
-0.42346978
-0.41259863
-0.41229131
-0.4144923
-0.39848904
-0.39628806
-0.43269653
-0.43269653
-0.4144923
-0.39502722
-0.41229131
-0.39628806
-0.39848904
-0.38114102
-0.38468676
-0.38468676
-0.37057717
-0.37364653
-0.37364653
-0.36323187
-0.34185118
-0.36198599
-0.35281722
-0.35406311
-0.33490808
-0.34614022
-0.32962615
-0.31311209
-0.31352738
-0.31047112
-0.28867513
-0.31699893
-0.31699893
-0.31352738
-0.28867513
-0.31311209
-0.31005583
-0.31047112
-0.28867513
-0.30783016
-0.28867513
-0.19062057
-0.23971789
-0.18115892
-0.11985895
-0.16895627
-0.06354019
-0.060386308
3.7692966e-20
-0.059472638
-0.056318756
-0.062471928
-4.4541228e-18
-0.058558968
-0.055559678
-0.20841421
-0.15721739
-0.10420711
-0.15540393
-0.21083216
-0.15903084
-0.10541608
-0.14729197
-0.053010282
8.6863229e-19
-0.052405796
-0.049097322
-3.3436626e-18
-0.051801311
-0.048647429
-0.18337636
-0.1380384
-0.091688179
-0.12777257
-0.046012799
9.6985272e-19
-0.045675379
-0.042590857
-1.9625753e-18
-0.04533796
-0.04236591
-0.1569006
-0.11784416
-0.078450302
-0.11750674
-0.10825318
-0.1573505
-0.11818158
-0.078675249
-0.10825318
-0.039393861
3.4135428e-19
-0.039281388
-0.036084392
-3.1086109e-19
-0.039168914
-0.036084392
-0.30945899
-0.45388849
-0.35802455
-0.17704741
-0.13652001
-0.22274252
-0.19452881
-0.27154682
-0.30346747
-0.21812196
-0.19298862
-0.26954965
-0.4807288
-0.45388849
-0.43360935
-0.40539018
-0.42359442
-0.40539018
-0.3915879
-0.3684392
-0.35802455
-0.35010166
-0.31179161
-0.31526316
-0.31179161
-0.30915064
-0.17978842
-0.059929473
-0.059015803
-0.15631066
-0.15812412
-0.052708039
-0.052103554
-0.13753227
-0.045844089
-0.04550667
-0.11767545
-0.11801287
-0.039337624
-0.039225151
-0.35552933
-0.32243208
-0.33430523
-0.36740248
-0.35130649
-0.31893703
-0.3311381
-0.36350757
-0.37642358
-0.33041224
-0.31095687
-0.35448647
-0.48115175
-0.48401704
-0.47034806
-0.46748277
-0.45649784
-0.45895828
-0.44717841
-0.44471797
-0.46068734
-0.47696225
-0.46601307
-0.45151341
-0.38253609
-0.38378198
-0.37766947
-0.35907085
-0.36000527
-0.35542088
-0.37420446
-0.36958278
-0.24881945
-0.21865175
-0.18661459
-0.21678229
-0.23514954
-0.20655531
-0.17636216
-0.20495639
-0.24099353
-0.24297546
-0.1822316
-0.18074515
-0.19413982
-0.170266
-0.14560487
-0.16947869
-0.18168926
-0.15927334
-0.13626694
-0.15868286
-0.18752088
-0.1883082
-0.14123115
-0.14064066
-0.26304967
-0.23249128
-0.24690329
-0.27746168
-0.2597408
-0.22979595
-0.24442164
-0.27436649
-0.28440091
-0.23838957
-0.22389767
-0.26742727
-0.23075691
-0.20273738
-0.21461053
-0.24263007
-0.22910248
-0.20158224
-0.21378332
-0.24130355
-0.25045363
-0.20940576
-0.19491386
-0.23347999
-0.31308114
-0.28252275
-0.29185704
-0.32241543
-0.31096972
-0.28102487
-0.29080133
-0.32074618
-0.33254936
-0.29150149
-0.27204612
-0.31061225
-0.34708365
-0.31544197
-0.32797097
-0.35961265
-0.34286081
-0.31194692
-0.32480384
-0.35571774
-0.36752092
-0.32242355
-0.30496535
-0.34780947
-0.25643193
-0.22710062
-0.24193999
-0.2712713
-0.25312306
-0.22440529
-0.23945833
-0.2681761
-0.27732618
-0.23222881
-0.2192771
-0.26212122
-0.22744804
-0.2004271
-0.2129561
-0.23997704
-0.22579361
-0.19927196
-0.21212888
-0.23865053
-0.24691627
-0.20632538
-0.19337367
-0.23171131
-0.3088583
-0.27952699
-0.28974562
-0.31907693
-0.30674688
-0.2780291
-0.28868991
-0.31740768
-0.32809803
-0.28750715
-0.27004894
-0.30838658
-0.51613048
-0.51708558
-0.50150641
-0.50055131
-0.48661873
-0.48743888
-0.47401872
-0.47319858
-0.49323715
-0.50951206
-0.4950124
-0.48051273
-0.48688233
-0.48592724
-0.47225826
-0.47321335
-0.46141872
-0.46059857
-0.44881871
-0.44963885
-0.46778831
-0.48051273
-0.46601307
-0.45506389
-0.45954437
-0.46049947
-0.44874069
-0.44778559
-0.43785899
-0.43867914
-0.42853957
-0.42771942
-0.44233947
-0.45506389
-0.44411472
-0.43316554
-0.43184392
-0.43389951
-0.42400876
-0.42195318
-0.40719001
-0.40884074
-0.40083912
-0.39918838
-0.41380843
-0.4252255
-0.41751475
-0.40733313
-0.45710698
-0.45779218
-0.44653104
-0.44584584
-0.42759523
-0.42814547
-0.41904336
-0.41849311
-0.43664257
-0.44805964
-0.43787801
-0.42769638
-0.4359551
-0.4352699
-0.42537916
-0.42606435
-0.41049148
-0.40994124
-0.40193961
-0.40248985
-0.4187502
-0.42769638
-0.41751475
-0.40980401
-0.41617361
-0.4168588
-0.40833845
-0.40765325
-0.39448822
-0.39503847
-0.38813733
-0.38758708
-0.40085782
-0.40980401
-0.40209326
-0.39438252
-0.39808348
-0.39849877
-0.39155567
-0.39114038
-0.37073139
-0.37104286
-0.36583554
-0.36552407
-0.38100644
-0.38780843
-0.38173321
-0.375658
-0.38502786
-0.38461257
-0.37850006
-0.37891535
-0.36093968
-0.36062821
-0.35604383
-0.3563553
-0.37030955
-0.375658
-0.36958278
-0.3649611
-0.37280284
-0.37321813
-0.36793621
-0.35177091
-0.35208238
-0.34812094
-0.3649611
-0.36033942
-0.33560561
-0.33622856
-0.3331723
-0.31214037
-0.31245185
-0.31092372
-0.32533056
-0.32334984
-0.34337931
-0.34358695
-0.3401154
-0.33990776
-0.31602722
-0.31613104
-0.31439527
-0.31429144
-0.3282457
-0.33116083
-0.32855717
-0.3259535
-0.3368515
-0.33664385
-0.3335876
-0.33379524
-0.31276332
-0.31265949
-0.31113137
-0.31123519
-0.32366131
-0.3259535
-0.32334984
-0.32136912
-0.33073899
-0.33094663
-0.32830567
-0.30970706
-0.30981088
-0.3084904
-0.32136912
-0.3193884
-0.2530925
-0.22239067
-0.18981937
-0.22052121
-0.23880422
-0.20975316
-0.17910317
-0.20815423
-0.24495739
-0.24693933
-0.18520449
-0.18371805
-0.12654625
-0.095310285
-0.063273124
-0.094509088
-0.11940211
-0.089894209
-0.059701055
-0.089208957
-0.1224787
-0.12346966
-0.061734831
-0.061239348
-0.12440972
-0.093707892
-0.062204862
-0.092906695
-0.11757477
-0.088523704
-0.058787385
-0.087838452
-0.12049676
-0.12148773
-0.060743865
-0.060248382
-0.22147964
-0.19445887
-0.16610973
-0.19313049
-0.20780973
-0.18236244
-0.1558573
-0.18130459
-0.2139629
-0.21532646
-0.16149485
-0.16047218
-0.22451595
-0.19711565
-0.16838696
-0.19578726
-0.21022767
-0.18447814
-0.15767075
-0.18342029
-0.21669003
-0.21805359
-0.16354019
-0.16251752
-0.11225797
-0.084478134
-0.056128987
-0.083908826
-0.10511384
-0.079062058
-0.052556918
-0.078608694
-0.10834501
-0.10902679
-0.054513397
-0.054172507
-0.11073982
-0.083339517
-0.055369909
-0.082770209
-0.10390486
-0.07815533
-0.051952432
-0.077701966
-0.10698145
-0.10766323
-0.053831616
-0.053490725
-0.19593939
-0.17184063
-0.14695455
-0.17105331
-0.18303894
-0.16045431
-0.1372792
-0.15986383
-0.18909551
-0.18988282
-0.14241212
-0.14182163
-0.097969697
-0.073645983
-0.048984849
-0.073308563
-0.091519469
-0.068766134
-0.045759734
-0.068513069
-0.094547755
-0.094941411
-0.047470706
-0.047273877
-0.097069911
-0.072971143
-0.048534956
-0.072633724
-0.090844629
-0.068260004
-0.045422315
-0.06800694
-0.093760442
-0.094154098
-0.047077049
-0.046880221
-0.16923869
-0.14828069
-0.12692902
-0.14788703
-0.15678813
-0.13728803
-0.1175911
-0.1370912
-0.1628447
-0.16318212
-0.12238659
-0.12213353
-0.17013848
-0.149068
-0.12760386
-0.14867434
-0.15723802
-0.13768169
-0.11792852
-0.13748486
-0.16351954
-0.16385696
-0.12289272
-0.12263966
-0.08506924
-0.063886285
-0.04253462
-0.063717575
-0.078619012
-0.059006437
-0.039309506
-0.058922082
-0.081759771
-0.081928481
-0.040964241
-0.040879886
-0.084619347
-0.063548866
-0.042309674
-0.063380156
-0.078394066
-0.058837727
-0.039197033
-0.058753372
-0.081422352
-0.081591061
-0.040795531
-0.040711176
-0.3092895
-0.29060426
-0.30552365
-0.28777987
-0.26004587
-0.27191903
-0.30247742
-0.25783502
-0.2700361
-0.29998095
-0.34490896
-0.34212687
-0.37197225
-0.3264179
-0.30796111
-0.35114797
-0.30175779
-0.28495548
-0.28086354
-0.26477425
-0.25562417
-0.26815317
-0.29748448
-0.24868495
-0.28950432
-0.33934479
-0.33032369
-0.49864112
-0.48592724
-0.47155828
-0.46059857
-0.48688233
-0.47321335
-0.47225826
-0.46141872
-0.44963885
-0.44881871
-0.45763418
-0.4362187
-0.43724788
-0.45109387
-0.44176391
-0.42942327
-0.44447545
-0.4352699
-0.46493986
-0.45410456
-0.4359551
-0.42606435
-0.42537916
-0.44326925
-0.43243395
-0.41480321
-0.42159865
-0.39030979
-0.38461257
-0.36490112
-0.36062821
-0.38502786
-0.37891535
-0.37850006
-0.36093968
-0.3563553
-0.35604383
-0.34976751
-0.34646631
-0.33949246
-0.33664385
-0.35462607
-0.35080575
-0.3368515
-0.33379524
-0.3335876
-0.34698543
-0.34316511
-0.25095597
-0.18821698
-0.23697688
-0.17773266
-0.15751515
-0.12547799
-0.15617982
-0.14868159
-0.11848844
-0.14753951
-0.15484449
-0.14639742
-0.22747821
-0.22915096
-0.17186322
-0.17060866
-0.22299779
-0.16724834
-0.23082371
-0.17311778
-0.13984804
-0.1114989
-0.1388992
-0.11541186
-0.11457548
-0.13795035
-0.11373911
-0.19503961
-0.14627971
-0.1823641
-0.13677307
-0.12218094
-0.097519804
-0.12161857
-0.11418845
-0.091182049
-0.11376667
-0.12105621
-0.1133449
-0.17518279
-0.17574516
-0.13180887
-0.1313871
-0.16968859
-0.12726644
-0.17630753
-0.13223064
-0.10619596
-0.084844294
-0.10591478
-0.088153763
-0.08787258
-0.10563359
-0.087591397
-0.21680984
-0.18752088
-0.20320232
-0.21395796
-0.18522541
-0.20106341
-0.19237823
-0.18036807
-0.17518279
-0.1895948
-0.21761433
-0.17354317
-0.18816886
-0.2156891
-0.1683579
-0.23530919
-0.22158738
-0.21110607
-0.18292994
-0.19892449
-0.18975484
-0.17840052
-0.17190355
-0.18674292
-0.21376386
-0.1670462
-0.20786557
-0.1628447
-0.17598728
-0.16186093
-0.17527431
-0.15634773
-0.15050661
-0.16237976
-0.18786043
-0.15017869
-0.16237976
-0.18747539
-0.14433757
-0.18042196
-0.19846416
-0.22521426
-0.19846416
-0.22477209
-0.21650635
-0.19414377
-0.23259565
-0.16087716
-0.17456134
-0.15569188
-0.14985076
-0.16237976
-0.18709034
-0.14433757
-0.18042196
-0.19846416
-0.22432991
-0.21650635
-0.25323379
-0.25229232
-0.23454855
-0.26256808
-0.23454855
-0.26206878
-0.25259074
-0.27063294
-0.2999219
-0.27063294
-0.29936548
-0.28867513
-0.27104753
-0.30949941
-0.25135086
-0.23454855
-0.26156949
-0.25259074
-0.27063294
-0.29880907
-0.28867513
-0.29799194
-0.28213109
-0.25341332
-0.26627024
-0.29498801
-0.33656271
-0.33863797
-0.30845187
-0.32163671
-0.35182282
-0.36306958
-0.3184292
-0.30196959
-0.34447097
-0.29422608
-0.26508091
-0.2793067
-0.27378882
-0.2594682
-0.25120247
-0.26438731
-0.29249154
-0.24514758
-0.28550997
-0.30463546
-0.33378062
-0.32587236
-0.20825418
-0.18063447
-0.19678558
-0.18713144
-0.17643297
-0.17026393
-0.18531697
-0.21183862
-0.1657345
-0.24981419
-0.22170996
-0.23697668
-0.22914843
-0.21696681
-0.2054023
-0.178339
-0.19464666
-0.18450805
-0.17446543
-0.16862431
-0.18389103
-0.20991339
-0.16442281
-0.2047852
-0.22413917
-0.15989338
-0.17384837
-0.15503604
-0.14952284
-0.16237976
-0.18670529
-0.14433757
-0.18042196
-0.19846416
-0.22388774
-0.21650635
-0.19811682
-0.21130166
-0.23732402
-0.19260358
-0.23082697
-0.15890961
-0.1731354
-0.15438019
-0.14919492
-0.16237976
-0.18632024
-0.14433757
-0.18042196
-0.19846416
-0.22344557
-0.21650635
-0.25040939
-0.23454855
-0.2610702
-0.25259074
-0.27063294
-0.29825265
-0.28867513
-0.27653122
-0.2876342
-0.31573843
-0.26905036
-0.30727375
-0.24946793
-0.23454855
-0.2605709
-0.25259074
-0.27063294
-0.29769623
-0.28867513
-0.53361985
-0.53361985
-0.51708558
-0.50167918
-0.50167918
-0.48743888
-0.52578697
-0.50951206
-0.51613048
-0.50055131
-0.50150641
-0.48661873
-0.47319858
-0.47401872
-0.49323715
-0.47878585
-0.4664452
-0.46973851
-0.46973851
-0.45779218
-0.49263184
-0.47878585
-0.45710698
-0.44584584
-0.44653104
-0.46493986
-0.45410456
-0.49864112
-0.48401704
-0.47155828
-0.45895828
-0.47696225
-0.48115175
-0.46748277
-0.47034806
-0.45649784
-0.44471797
-0.44717841
-0.46068734
-0.45151341
-0.45763418
-0.45954437
-0.4362187
-0.43785899
-0.44233947
-0.44176391
-0.43243395
-0.44447545
-0.43389951
-0.45109387
-0.43184392
-0.42195318
-0.42400876
-0.43724788
-0.42942327
-0.41480321
-0.41617361
-0.42159865
-0.46049947
-0.43867914
-0.44778559
-0.44874069
-0.42771942
-0.42853957
-0.43316554
-0.437937
-0.437937
-0.41922014
-0.41922014
-0.4239916
-0.42310399
-0.41377403
-0.4168588
-0.40765325
-0.40833845
-0.41377403
-0.40050329
-0.40050329
-0.40594941
-0.41739262
-0.40994124
-0.41049148
-0.40248985
-0.40193961
-0.39338773
-0.39036898
-0.39935713
-0.3932656
-0.38524299
-0.40834528
-0.40128821
-0.39423114
-0.38717407
-0.380117
-0.43779784
-0.43779784
-0.42814547
-0.45947671
-0.44805964
-0.42759523
-0.41849311
-0.41904336
-0.43664257
-0.41733343
-0.40931082
-0.40585717
-0.40585717
-0.39849877
-0.42632158
-0.41733343
-0.39808348
-0.39114038
-0.39155567
-0.40834528
-0.40128821
-0.41739262
-0.40884074
-0.4252255
-0.40719001
-0.39918838
-0.40083912
-0.41380843
-0.40733313
-0.39338773
-0.39448822
-0.40085782
-0.3932656
-0.38717407
-0.39030979
-0.38378198
-0.39935713
-0.38253609
-0.37642358
-0.37766947
-0.39036898
-0.38524299
-0.37197225
-0.37280284
-0.380117
-0.39503847
-0.38758708
-0.38813733
-0.39438252
-0.38178644
-0.38178644
-0.38790721
-0.38108254
-0.37499101
-0.37321813
-0.36752092
-0.36793621
-0.37499101
-0.36306958
-0.36986502
-0.37656166
-0.37656166
-0.37104286
-0.39461041
-0.38780843
-0.37073139
-0.36552407
-0.36583554
-0.38100644
-0.35948463
-0.35514519
-0.34726615
-0.34726615
-0.34358695
-0.36434319
-0.35948463
-0.34337931
-0.33990776
-0.3401154
-0.35462607
-0.35080575
-0.36490112
-0.36000527
-0.37420446
-0.35907085
-0.35448647
-0.35542088
-0.36740248
-0.36350757
-0.35114797
-0.35177091
-0.35961265
-0.34646631
-0.34316511
-0.33949246
-0.33622856
-0.34976751
-0.33560561
-0.33254936
-0.3331723
-0.34490896
-0.34212687
-0.33032369
-0.33073899
-0.33934479
-0.35208238
-0.34780947
-0.34812094
-0.35571774
-0.34447097
-0.33986391
-0.33094663
-0.32809803
-0.32830567
-0.33656271
-0.32587236
-0.3140838
-0.31265949
-0.31276332
-0.31123519
-0.31113137
-0.28867513
-0.28867513
-0.28867513
-0.30089361
-0.30023337
-0.28867513
-0.28867513
-0.28867513
-0.30186532
-0.30110126
-0.28867513
-0.28867513
-0.28867513
-0.30033719
-0.29957313
-0.28867513
-0.31797064
-0.31797064
-0.31613104
-0.33407597
-0.33116083
-0.31602722
-0.31429144
-0.31439527
-0.3282457
-0.28867513
-0.28867513
-0.28867513
-0.30283703
-0.30196915
-0.28867513
-0.28867513
-0.28867513
-0.30380874
-0.30283703
-0.28867513
-0.28867513
-0.28867513
-0.30186532
-0.30110126
-0.28867513
-0.3140838
-0.31245185
-0.32533056
-0.31214037
-0.31061225
-0.31092372
-0.32241543
-0.32074618
-0.30949941
-0.30970706
-0.31907693
-0.28867513
-0.28867513
-0.28867513
-0.30023337
-0.29957313
-0.28867513
-0.28867513
-0.30089361
-0.28867513
-0.28867513
-0.28867513
-0.2999219
-0.29936548
-0.28867513
-0.28867513
-0.29880907
-0.30981088
-0.30838658
-0.3084904
-0.31740768
-0.30727375
-0.28867513
-0.28867513
-0.29891289
-0.28867513
-0.28867513
-0.28867513
-0.29825265
-0.28867513
-0.25522902
-0.22426012
-0.19142177
-0.24063156
-0.21135208
-0.18047367
-0.24892126
-0.18669094
-0.1601858
-0.12761451
-0.15885048
-0.15096577
-0.12031578
-0.14982368
-0.12446063
-0.23249646
-0.17437234
-0.2260341
-0.19844403
-0.16952558
-0.23416921
-0.1756269
-0.14174574
-0.11301705
-0.14079689
-0.1170846
-0.11624823
-0.096111482
-0.063807256
-0.090579462
-0.06015789
-0.062230315
-0.032037161
7.8011734e-19
-0.031770095
-0.030193154
1.1606469e-18
-0.029964736
2.1108061e-18
-1.7004186e-19
-1.5356707e-18
-0.031503029
-1.085261e-18
-0.029736319
-2.4508898e-18
-0.058124114
-0.057705928
-0.085047442
-0.056508525
-0.058542301
-0.028349147
1.5411764e-18
-0.028159378
2.4563955e-18
2.454278e-19
-6.3485119e-19
-0.027969609
-1.96554e-18
-0.062738993
-0.05924422
-3.8514588e-18
-0.031235964
-3.3311688e-18
-0.029507901
-4.7317378e-18
-6.1672469e-18
-0.030968898
-5.5770767e-18
-0.029279484
-7.0125858e-18
-0.057287741
-0.056869554
-0.055749448
-2.8108788e-18
-0.027779839
-4.1765077e-18
-4.9869065e-18
-0.02759007
-6.3874755e-18
-0.2090187
-0.15676402
-0.13101449
-0.10450935
-0.13025888
-0.12950328
-0.20044759
-0.20150196
-0.15112647
-0.15033569
-0.20255634
-0.15191726
-0.10127817
-0.10075098
-0.10022379
-0.21143664
-0.18553599
-0.15857748
-0.21941715
-0.16456286
-0.1325257
