MFEM mesh v1.0

#
# MFEM Geometry Types (see mesh/geom.hpp):
#
# POINT       = 0
# SEGMENT     = 1
# TRIANGLE    = 2
# SQUARE      = 3
# TETRAHEDRON = 4
# CUBE        = 5
#

dimension
3

elements
576
1 5 7 159 529 162 167 530 813 533
1 5 8 171 535 174 179 536 814 539
1 5 5 183 541 186 191 542 815 545
1 5 6 195 547 198 203 548 816 551
1 5 20 207 553 210 215 554 817 557
1 5 22 219 559 222 227 560 818 563
1 5 26 231 565 234 239 566 819 569
1 5 13 243 571 246 251 572 820 575
1 5 15 255 577 258 263 578 821 581
1 5 36 267 583 160 168 584 822 531
1 5 106 268 587 273 169 585 823 590
1 5 39 161 592 277 170 532 824 593
1 5 44 163 534 166 283 595 825 598
1 5 107 269 586 164 284 600 826 596
1 5 150 270 591 276 285 602 827 606
1 5 110 165 594 278 286 597 828 609
1 5 48 299 611 172 180 612 829 537
1 5 112 301 616 309 181 614 830 619
1 5 37 173 621 271 182 538 831 588
1 5 45 175 540 178 290 623 832 601
1 5 113 302 615 176 317 627 833 624
1 5 151 304 620 312 318 629 834 633
1 5 108 177 622 274 291 625 835 604
1 5 38 272 637 184 192 589 836 543
1 5 117 330 640 334 193 638 837 643
1 5 58 185 645 341 194 544 838 647
1 5 47 187 546 190 298 608 839 651
1 5 109 275 639 188 296 605 840 649
1 5 152 331 644 337 345 653 841 657
1 5 120 189 648 343 346 650 842 660
1 5 50 308 662 196 204 618 843 549
1 5 122 358 666 364 205 664 844 669
1 5 56 197 671 332 206 550 845 641
1 5 46 199 552 202 295 635 846 652
1 5 115 311 665 200 328 632 847 674
1 5 153 360 670 367 374 678 848 682
1 5 118 201 673 335 349 675 849 655
1 5 42 293 654 208 216 686 850 555
1 5 121 348 658 352 217 688 851 692
1 5 61 209 661 355 218 556 852 694
1 5 73 211 558 214 398 696 853 699
1 5 126 384 689 212 399 701 854 697
1 5 154 386 693 391 400 703 855 707
1 5 129 213 695 393 401 698 856 710
1 5 60 351 712 220 228 691 857 561
1 5 131 415 716 421 229 714 858 719
1 5 79 221 721 426 230 562 859 722
1 5 76 223 564 226 413 709 860 726
1 5 128 390 715 224 411 706 861 724
1 5 155 417 720 424 428 728 862 732
1 5 134 225 723 427 429 725 863 735
1 5 71 408 729 232 240 737 864 567
1 5 135 431 733 435 241 739 865 743
1 5 82 233 736 438 242 568 866 745
1 5 89 235 570 238 454 747 867 750
1 5 136 440 740 236 455 752 868 748
1 5 156 442 744 447 456 754 869 758
1 5 139 237 746 449 457 749 870 761
1 5 78 420 763 244 252 718 871 573
1 5 141 472 767 478 253 765 872 770
1 5 95 245 772 485 254 574 873 774
1 5 84 247 576 250 439 734 874 778
1 5 133 423 766 248 437 731 875 776
1 5 157 474 771 481 489 780 876 784
1 5 144 249 775 487 490 777 877 787
1 5 81 434 781 256 264 742 878 579
1 5 145 492 785 496 265 790 879 794
1 5 98 257 788 500 266 580 880 797
1 5 92 259 582 262 470 760 881 801
1 5 138 446 791 260 467 757 882 799
1 5 158 503 795 507 516 804 883 808
1 5 148 261 798 511 517 800 884 811
1 5 159 36 160 529 530 168 531 813
1 5 529 160 106 161 813 531 169 532
1 5 162 529 161 39 533 813 532 170
1 5 167 530 813 533 44 163 534 166
1 5 530 168 531 813 163 107 164 534
1 5 813 531 169 532 534 164 150 165
1 5 533 813 532 170 166 534 165 110
1 5 171 48 172 535 536 180 537 814
1 5 535 172 112 173 814 537 181 538
1 5 174 535 173 37 539 814 538 182
1 5 179 536 814 539 45 175 540 178
1 5 536 180 537 814 175 113 176 540
1 5 814 537 181 538 540 176 151 177
1 5 539 814 538 182 178 540 177 108
1 5 183 38 184 541 542 192 543 815
1 5 541 184 117 185 815 543 193 544
1 5 186 541 185 58 545 815 544 194
1 5 191 542 815 545 47 187 546 190
1 5 542 192 543 815 187 109 188 546
1 5 815 543 193 544 546 188 152 189
1 5 545 815 544 194 190 546 189 120
1 5 195 50 196 547 548 204 549 816
1 5 547 196 122 197 816 549 205 550
1 5 198 547 197 56 551 816 550 206
1 5 203 548 816 551 46 199 552 202
1 5 548 204 549 816 199 115 200 552
1 5 816 549 205 550 552 200 153 201
1 5 551 816 550 206 202 552 201 118
1 5 207 42 208 553 554 216 555 817
1 5 553 208 121 209 817 555 217 556
1 5 210 553 209 61 557 817 556 218
1 5 215 554 817 557 73 211 558 214
1 5 554 216 555 817 211 126 212 558
1 5 817 555 217 556 558 212 154 213
1 5 557 817 556 218 214 558 213 129
1 5 219 60 220 559 560 228 561 818
1 5 559 220 131 221 818 561 229 562
1 5 222 559 221 79 563 818 562 230
1 5 227 560 818 563 76 223 564 226
1 5 560 228 561 818 223 128 224 564
1 5 818 561 229 562 564 224 155 225
1 5 563 818 562 230 226 564 225 134
1 5 231 71 232 565 566 240 567 819
1 5 565 232 135 233 819 567 241 568
1 5 234 565 233 82 569 819 568 242
1 5 239 566 819 569 89 235 570 238
1 5 566 240 567 819 235 136 236 570
1 5 819 567 241 568 570 236 156 237
1 5 569 819 568 242 238 570 237 139
1 5 243 78 244 571 572 252 573 820
1 5 571 244 141 245 820 573 253 574
1 5 246 571 245 95 575 820 574 254
1 5 251 572 820 575 84 247 576 250
1 5 572 252 573 820 247 133 248 576
1 5 820 573 253 574 576 248 157 249
1 5 575 820 574 254 250 576 249 144
1 5 255 81 256 577 578 264 579 821
1 5 577 256 145 257 821 579 265 580
1 5 258 577 257 98 581 821 580 266
1 5 263 578 821 581 92 259 582 262
1 5 578 264 579 821 259 138 260 582
1 5 821 579 265 580 582 260 158 261
1 5 581 821 580 266 262 582 261 148
1 5 267 8 174 583 584 179 539 822
1 5 583 174 37 268 822 539 182 585
1 5 160 583 268 106 531 822 585 169
1 5 168 584 822 531 107 269 586 164
1 5 584 179 539 822 269 45 178 586
1 5 822 539 182 585 586 178 108 270
1 5 531 822 585 169 164 586 270 150
1 5 268 37 271 587 585 182 588 823
1 5 587 271 6 272 823 588 203 589
1 5 273 587 272 38 590 823 589 192
1 5 169 585 823 590 150 270 591 276
1 5 585 182 588 823 270 108 274 591
1 5 823 588 203 589 591 274 46 275
1 5 590 823 589 192 276 591 275 109
1 5 161 106 273 592 532 169 590 824
1 5 592 273 38 183 824 590 192 542
1 5 277 592 183 5 593 824 542 191
1 5 170 532 824 593 110 165 594 278
1 5 532 169 590 824 165 150 276 594
1 5 824 590 192 542 594 276 109 187
1 5 593 824 542 191 278 594 187 47
1 5 163 107 164 534 595 284 596 825
1 5 534 164 150 165 825 596 285 597
1 5 166 534 165 110 598 825 597 286
1 5 283 595 825 598 18 279 599 282
1 5 595 284 596 825 279 40 280 599
1 5 825 596 285 597 599 280 111 281
1 5 598 825 597 286 282 599 281 43
1 5 269 45 178 586 600 290 601 826
1 5 586 178 108 270 826 601 291 602
1 5 164 586 270 150 596 826 602 285
1 5 284 600 826 596 40 287 603 280
1 5 600 290 601 826 287 19 288 603
1 5 826 601 291 602 603 288 41 289
1 5 596 826 602 285 280 603 289 111
1 5 270 108 274 591 602 291 604 827
1 5 591 274 46 275 827 604 295 605
1 5 276 591 275 109 606 827 605 296
1 5 285 602 827 606 111 289 607 294
1 5 602 291 604 827 289 41 292 607
1 5 827 604 295 605 607 292 21 293
1 5 606 827 605 296 294 607 293 42
1 5 165 150 276 594 597 285 606 828
1 5 594 276 109 187 828 606 296 608
1 5 278 594 187 47 609 828 608 298
1 5 286 597 828 609 43 281 610 297
1 5 597 285 606 828 281 111 294 610
1 5 828 606 296 608 610 294 42 207
1 5 609 828 608 298 297 610 207 20
1 5 299 0 300 611 612 305 613 829
1 5 611 300 49 301 829 613 306 614
1 5 172 611 301 112 537 829 614 181
1 5 180 612 829 537 113 302 615 176
1 5 612 305 613 829 302 54 303 615
1 5 829 613 306 614 615 303 114 304
1 5 537 829 614 181 176 615 304 151
1 5 301 49 307 616 614 306 617 830
1 5 616 307 1 308 830 617 313 618
1 5 309 616 308 50 619 830 618 204
1 5 181 614 830 619 151 304 620 312
1 5 614 306 617 830 304 114 310 620
1 5 830 617 313 618 620 310 55 311
1 5 619 830 618 204 312 620 311 115
1 5 173 112 309 621 538 181 619 831
1 5 621 309 50 195 831 619 204 548
1 5 271 621 195 6 588 831 548 203
1 5 182 538 831 588 108 177 622 274
1 5 538 181 619 831 177 151 312 622
1 5 831 619 204 548 622 312 115 199
1 5 588 831 548 203 274 622 199 46
1 5 175 113 176 540 623 317 624 832
1 5 540 176 151 177 832 624 318 625
1 5 178 540 177 108 601 832 625 291
1 5 290 623 832 601 19 314 626 288
1 5 623 317 624 832 314 51 315 626
1 5 832 624 318 625 626 315 116 316
1 5 601 832 625 291 288 626 316 41
1 5 302 54 303 615 627 322 628 833
1 5 615 303 114 304 833 628 323 629
1 5 176 615 304 151 624 833 629 318
1 5 317 627 833 624 51 319 630 315
1 5 627 322 628 833 319 9 320 630
1 5 833 628 323 629 630 320 52 321
1 5 624 833 629 318 315 630 321 116
1 5 304 114 310 620 629 323 631 834
1 5 620 310 55 311 834 631 327 632
1 5 312 620 311 115 633 834 632 328
1 5 318 629 834 633 116 321 634 326
1 5 629 323 631 834 321 52 324 634
1 5 834 631 327 632 634 324 10 325
1 5 633 834 632 328 326 634 325 53
1 5 177 151 312 622 625 318 633 835
1 5 622 312 115 199 835 633 328 635
1 5 274 622 199 46 604 835 635 295
1 5 291 625 835 604 41 316 636 292
1 5 625 318 633 835 316 116 326 636
1 5 835 633 328 635 636 326 53 329
1 5 604 835 635 295 292 636 329 21
1 5 272 6 198 637 589 203 551 836
1 5 637 198 56 330 836 551 206 638
1 5 184 637 330 117 543 836 638 193
1 5 192 589 836 543 109 275 639 188
1 5 589 203 551 836 275 46 202 639
1 5 836 551 206 638 639 202 118 331
1 5 543 836 638 193 188 639 331 152
1 5 330 56 332 640 638 206 641 837
1 5 640 332 4 333 837 641 338 642
1 5 334 640 333 57 643 837 642 339
1 5 193 638 837 643 152 331 644 337
1 5 638 206 641 837 331 118 335 644
1 5 837 641 338 642 644 335 62 336
1 5 643 837 642 339 337 644 336 119
1 5 185 117 334 645 544 193 643 838
1 5 645 334 57 340 838 643 339 646
1 5 341 645 340 3 647 838 646 344
1 5 194 544 838 647 120 189 648 343
1 5 544 193 643 838 189 152 337 648
1 5 838 643 339 646 648 337 119 342
1 5 647 838 646 344 343 648 342 63
1 5 187 109 188 546 608 296 649 839
1 5 546 188 152 189 839 649 345 650
1 5 190 546 189 120 651 839 650 346
1 5 298 608 839 651 20 207 553 210
1 5 608 296 649 839 207 42 208 553
1 5 839 649 345 650 553 208 121 209
1 5 651 839 650 346 210 553 209 61
1 5 275 46 202 639 605 295 652 840
1 5 639 202 118 331 840 652 349 653
1 5 188 639 331 152 649 840 653 345
1 5 296 605 840 649 42 293 654 208
1 5 605 295 652 840 293 21 347 654
1 5 840 652 349 653 654 347 59 348
1 5 649 840 653 345 208 654 348 121
1 5 331 118 335 644 653 349 655 841
1 5 644 335 62 336 841 655 353 656
1 5 337 644 336 119 657 841 656 354
1 5 345 653 841 657 121 348 658 352
1 5 653 349 655 841 348 59 350 658
1 5 841 655 353 656 658 350 23 351
1 5 657 841 656 354 352 658 351 60
1 5 189 152 337 648 650 345 657 842
1 5 648 337 119 342 842 657 354 659
1 5 343 648 342 63 660 842 659 356
1 5 346 650 842 660 61 209 661 355
1 5 650 345 657 842 209 121 352 661
1 5 842 657 354 659 661 352 60 219
1 5 660 842 659 356 355 661 219 22
1 5 308 1 357 662 618 313 663 843
1 5 662 357 64 358 843 663 361 664
1 5 196 662 358 122 549 843 664 205
1 5 204 618 843 549 115 311 665 200
1 5 618 313 663 843 311 55 359 665
1 5 843 663 361 664 665 359 123 360
1 5 549 843 664 205 200 665 360 153
1 5 358 64 362 666 664 361 667 844
1 5 666 362 2 363 844 667 368 668
1 5 364 666 363 65 669 844 668 369
1 5 205 664 844 669 153 360 670 367
1 5 664 361 667 844 360 123 365 670
1 5 844 667 368 668 670 365 68 366
1 5 669 844 668 369 367 670 366 124
1 5 197 122 364 671 550 205 669 845
1 5 671 364 65 370 845 669 369 672
1 5 332 671 370 4 641 845 672 338
1 5 206 550 845 641 118 201 673 335
1 5 550 205 669 845 201 153 367 673
1 5 845 669 369 672 673 367 124 371
1 5 641 845 672 338 335 673 371 62
1 5 199 115 200 552 635 328 674 846
1 5 552 200 153 201 846 674 374 675
1 5 202 552 201 118 652 846 675 349
1 5 295 635 846 652 21 329 676 347
1 5 635 328 674 846 329 53 372 676
1 5 846 674 374 675 676 372 125 373
1 5 652 846 675 349 347 676 373 59
1 5 311 55 359 665 632 327 677 847
1 5 665 359 123 360 847 677 377 678
1 5 200 665 360 153 674 847 678 374
1 5 328 632 847 674 53 325 679 372
1 5 632 327 677 847 325 10 375 679
1 5 847 677 377 678 679 375 66 376
1 5 674 847 678 374 372 679 376 125
1 5 360 123 365 670 678 377 680 848
1 5 670 365 68 366 848 680 381 681
1 5 367 670 366 124 682 848 681 382
1 5 374 678 848 682 125 376 683 380
1 5 678 377 680 848 376 66 378 683
1 5 848 680 381 681 683 378 11 379
1 5 682 848 681 382 380 683 379 67
1 5 201 153 367 673 675 374 682 849
1 5 673 367 124 371 849 682 382 684
1 5 335 673 371 62 655 849 684 353
1 5 349 675 849 655 59 373 685 350
1 5 675 374 682 849 373 125 380 685
1 5 849 682 382 684 685 380 67 383
1 5 655 849 684 353 350 685 383 23
1 5 293 21 347 654 686 387 687 850
1 5 654 347 59 348 850 687 388 688
1 5 208 654 348 121 555 850 688 217
1 5 216 686 850 555 126 384 689 212
1 5 686 387 687 850 384 74 385 689
1 5 850 687 388 688 689 385 127 386
1 5 555 850 688 217 212 689 386 154
1 5 348 59 350 658 688 388 690 851
1 5 658 350 23 351 851 690 392 691
1 5 352 658 351 60 692 851 691 228
1 5 217 688 851 692 154 386 693 391
1 5 688 388 690 851 386 127 389 693
1 5 851 690 392 691 693 389 75 390
1 5 692 851 691 228 391 693 390 128
1 5 209 121 352 661 556 217 692 852
1 5 661 352 60 219 852 692 228 560
1 5 355 661 219 22 694 852 560 227
1 5 218 556 852 694 129 213 695 393
1 5 556 217 692 852 213 154 391 695
1 5 852 692 228 560 695 391 128 223
1 5 694 852 560 227 393 695 223 76
1 5 211 126 212 558 696 399 697 853
1 5 558 212 154 213 853 697 400 698
1 5 214 558 213 129 699 853 698 401
1 5 398 696 853 699 24 394 700 397
1 5 696 399 697 853 394 69 395 700
1 5 853 697 400 698 700 395 130 396
1 5 699 853 698 401 397 700 396 72
1 5 384 74 385 689 701 405 702 854
1 5 689 385 127 386 854 702 406 703
1 5 212 689 386 154 697 854 703 400
1 5 399 701 854 697 69 402 704 395
1 5 701 405 702 854 402 25 403 704
1 5 854 702 406 703 704 403 70 404
1 5 697 854 703 400 395 704 404 130
1 5 386 127 389 693 703 406 705 855
1 5 693 389 75 390 855 705 410 706
1 5 391 693 390 128 707 855 706 411
1 5 400 703 855 707 130 404 708 409
1 5 703 406 705 855 404 70 407 708
1 5 855 705 410 706 708 407 27 408
1 5 707 855 706 411 409 708 408 71
1 5 213 154 391 695 698 400 707 856
1 5 695 391 128 223 856 707 411 709
1 5 393 695 223 76 710 856 709 413
1 5 401 698 856 710 72 396 711 412
1 5 698 400 707 856 396 130 409 711
1 5 856 707 411 709 711 409 71 231
1 5 710 856 709 413 412 711 231 26
1 5 351 23 414 712 691 392 713 857
1 5 712 414 77 415 857 713 418 714
1 5 220 712 415 131 561 857 714 229
1 5 228 691 857 561 128 390 715 224
1 5 691 392 713 857 390 75 416 715
1 5 857 713 418 714 715 416 132 417
1 5 561 857 714 229 224 715 417 155
1 5 415 77 419 716 714 418 717 858
1 5 716 419 12 420 858 717 425 718
1 5 421 716 420 78 719 858 718 252
1 5 229 714 858 719 155 417 720 424
1 5 714 418 717 858 417 132 422 720
1 5 858 717 425 718 720 422 83 423
1 5 719 858 718 252 424 720 423 133
1 5 221 131 421 721 562 229 719 859
1 5 721 421 78 243 859 719 252 572
1 5 426 721 243 13 722 859 572 251
1 5 230 562 859 722 134 225 723 427
1 5 562 229 719 859 225 155 424 723
1 5 859 719 252 572 723 424 133 247
1 5 722 859 572 251 427 723 247 84
1 5 223 128 224 564 709 411 724 860
1 5 564 224 155 225 860 724 428 725
1 5 226 564 225 134 726 860 725 429
1 5 413 709 860 726 26 231 565 234
1 5 709 411 724 860 231 71 232 565
1 5 860 724 428 725 565 232 135 233
1 5 726 860 725 429 234 565 233 82
1 5 390 75 416 715 706 410 727 861
1 5 715 416 132 417 861 727 432 728
1 5 224 715 417 155 724 861 728 428
1 5 411 706 861 724 71 408 729 232
1 5 706 410 727 861 408 27 430 729
1 5 861 727 432 728 729 430 80 431
1 5 724 861 728 428 232 729 431 135
1 5 417 132 422 720 728 432 730 862
1 5 720 422 83 423 862 730 436 731
1 5 424 720 423 133 732 862 731 437
1 5 428 728 862 732 135 431 733 435
1 5 728 432 730 862 431 80 433 733
1 5 862 730 436 731 733 433 14 434
1 5 732 862 731 437 435 733 434 81
1 5 225 155 424 723 725 428 732 863
1 5 723 424 133 247 863 732 437 734
1 5 427 723 247 84 735 863 734 439
1 5 429 725 863 735 82 233 736 438
1 5 725 428 732 863 233 135 435 736
1 5 863 732 437 734 736 435 81 255
1 5 735 863 734 439 438 736 255 15
1 5 408 27 430 729 737 443 738 864
1 5 729 430 80 431 864 738 444 739
1 5 232 729 431 135 567 864 739 241
1 5 240 737 864 567 136 440 740 236
1 5 737 443 738 864 440 90 441 740
1 5 864 738 444 739 740 441 137 442
1 5 567 864 739 241 236 740 442 156
1 5 431 80 433 733 739 444 741 865
1 5 733 433 14 434 865 741 448 742
1 5 435 733 434 81 743 865 742 264
1 5 241 739 865 743 156 442 744 447
1 5 739 444 741 865 442 137 445 744
1 5 865 741 448 742 744 445 91 446
1 5 743 865 742 264 447 744 446 138
1 5 233 135 435 736 568 241 743 866
1 5 736 435 81 255 866 743 264 578
1 5 438 736 255 15 745 866 578 263
1 5 242 568 866 745 139 237 746 449
1 5 568 241 743 866 237 156 447 746
1 5 866 743 264 578 746 447 138 259
1 5 745 866 578 263 449 746 259 92
1 5 235 136 236 570 747 455 748 867
1 5 570 236 156 237 867 748 456 749
1 5 238 570 237 139 750 867 749 457
1 5 454 747 867 750 28 450 751 453
1 5 747 455 748 867 450 85 451 751
1 5 867 748 456 749 751 451 140 452
1 5 750 867 749 457 453 751 452 88
1 5 440 90 441 740 752 461 753 868
1 5 740 441 137 442 868 753 462 754
1 5 236 740 442 156 748 868 754 456
1 5 455 752 868 748 85 458 755 451
1 5 752 461 753 868 458 29 459 755
1 5 868 753 462 754 755 459 86 460
1 5 748 868 754 456 451 755 460 140
1 5 442 137 445 744 754 462 756 869
1 5 744 445 91 446 869 756 466 757
1 5 447 744 446 138 758 869 757 467
1 5 456 754 869 758 140 460 759 465
1 5 754 462 756 869 460 86 463 759
1 5 869 756 466 757 759 463 16 464
1 5 758 869 757 467 465 759 464 87
1 5 237 156 447 746 749 456 758 870
1 5 746 447 138 259 870 758 467 760
1 5 449 746 259 92 761 870 760 470
1 5 457 749 870 761 88 452 762 469
1 5 749 456 758 870 452 140 465 762
1 5 870 758 467 760 762 465 87 468
1 5 761 870 760 470 469 762 468 17
1 5 420 12 471 763 718 425 764 871
1 5 763 471 93 472 871 764 475 765
1 5 244 763 472 141 573 871 765 253
1 5 252 718 871 573 133 423 766 248
1 5 718 425 764 871 423 83 473 766
1 5 871 764 475 765 766 473 142 474
1 5 573 871 765 253 248 766 474 157
1 5 472 93 476 767 765 475 768 872
1 5 767 476 31 477 872 768 482 769
1 5 478 767 477 94 770 872 769 483
1 5 253 765 872 770 157 474 771 481
1 5 765 475 768 872 474 142 479 771
1 5 872 768 482 769 771 479 99 480
1 5 770 872 769 483 481 771 480 143
1 5 245 141 478 772 574 253 770 873
1 5 772 478 94 484 873 770 483 773
1 5 485 772 484 30 774 873 773 488
1 5 254 574 873 774 144 249 775 487
1 5 574 253 770 873 249 157 481 775
1 5 873 770 483 773 775 481 143 486
1 5 774 873 773 488 487 775 486 100
1 5 247 133 248 576 734 437 776 874
1 5 576 248 157 249 874 776 489 777
1 5 250 576 249 144 778 874 777 490
1 5 439 734 874 778 15 255 577 258
1 5 734 437 776 874 255 81 256 577
1 5 874 776 489 777 577 256 145 257
1 5 778 874 777 490 258 577 257 98
1 5 423 83 473 766 731 436 779 875
1 5 766 473 142 474 875 779 493 780
1 5 248 766 474 157 776 875 780 489
1 5 437 731 875 776 81 434 781 256
1 5 731 436 779 875 434 14 491 781
1 5 875 779 493 780 781 491 96 492
1 5 776 875 780 489 256 781 492 145
1 5 474 142 479 771 780 493 782 876
1 5 771 479 99 480 876 782 497 783
1 5 481 771 480 143 784 876 783 498
1 5 489 780 876 784 145 492 785 496
1 5 780 493 782 876 492 96 494 785
1 5 876 782 497 783 785 494 33 495
1 5 784 876 783 498 496 785 495 97
1 5 249 157 481 775 777 489 784 877
1 5 775 481 143 486 877 784 498 786
1 5 487 775 486 100 787 877 786 501
1 5 490 777 877 787 98 257 788 500
1 5 777 489 784 877 257 145 496 788
1 5 877 784 498 786 788 496 97 499
1 5 787 877 786 501 500 788 499 32
1 5 434 14 491 781 742 448 789 878
1 5 781 491 96 492 878 789 504 790
1 5 256 781 492 145 579 878 790 265
1 5 264 742 878 579 138 446 791 260
1 5 742 448 789 878 446 91 502 791
1 5 878 789 504 790 791 502 146 503
1 5 579 878 790 265 260 791 503 158
1 5 492 96 494 785 790 504 792 879
1 5 785 494 33 495 879 792 508 793
1 5 496 785 495 97 794 879 793 509
1 5 265 790 879 794 158 503 795 507
1 5 790 504 792 879 503 146 505 795
1 5 879 792 508 793 795 505 104 506
1 5 794 879 793 509 507 795 506 147
1 5 257 145 496 788 580 265 794 880
1 5 788 496 97 499 880 794 509 796
1 5 500 788 499 32 797 880 796 512
1 5 266 580 880 797 148 261 798 511
1 5 580 265 794 880 261 158 507 798
1 5 880 794 509 796 798 507 147 510
1 5 797 880 796 512 511 798 510 105
1 5 259 138 260 582 760 467 799 881
1 5 582 260 158 261 881 799 516 800
1 5 262 582 261 148 801 881 800 517
1 5 470 760 881 801 17 468 802 515
1 5 760 467 799 881 468 87 513 802
1 5 881 799 516 800 802 513 149 514
1 5 801 881 800 517 515 802 514 103
1 5 446 91 502 791 757 466 803 882
1 5 791 502 146 503 882 803 520 804
1 5 260 791 503 158 799 882 804 516
1 5 467 757 882 799 87 464 805 513
1 5 757 466 803 882 464 16 518 805
1 5 882 803 520 804 805 518 101 519
1 5 799 882 804 516 513 805 519 149
1 5 503 146 505 795 804 520 806 883
1 5 795 505 104 506 883 806 524 807
1 5 507 795 506 147 808 883 807 525
1 5 516 804 883 808 149 519 809 523
1 5 804 520 806 883 519 101 521 809
1 5 883 806 524 807 809 521 35 522
1 5 808 883 807 525 523 809 522 102
1 5 261 158 507 798 800 516 808 884
1 5 798 507 147 510 884 808 525 810
1 5 511 798 510 105 811 884 810 528
1 5 517 800 884 811 103 514 812 527
1 5 800 516 808 884 514 149 523 812
1 5 884 808 525 810 812 523 102 526
1 5 811 884 810 528 527 812 526 34

boundary
544
1 3 5 183 592 277
1 3 6 195 621 271
1 3 3 340 645 341
1 3 4 370 671 332
1 3 38 272 587 273
1 3 106 268 583 160
1 3 39 161 529 162
1 3 50 308 616 309
1 3 112 301 611 172
1 3 37 173 535 174
1 3 57 333 640 334
1 3 117 330 637 184
1 3 58 185 541 186
1 3 65 363 666 364
1 3 122 358 662 196
1 3 56 197 547 198
1 3 183 38 273 592
1 3 592 273 106 161
1 3 277 592 161 39
1 3 195 50 309 621
1 3 621 309 112 173
1 3 271 621 173 37
1 3 340 57 334 645
1 3 645 334 117 185
1 3 341 645 185 58
1 3 370 65 364 671
1 3 671 364 122 197
1 3 332 671 197 56
1 3 272 6 271 587
1 3 587 271 37 268
1 3 273 587 268 106
1 3 268 37 174 583
1 3 583 174 8 267
1 3 160 583 267 36
1 3 161 106 160 529
1 3 529 160 36 159
1 3 162 529 159 7
1 3 308 1 307 616
1 3 616 307 49 301
1 3 309 616 301 112
1 3 301 49 300 611
1 3 611 300 0 299
1 3 172 611 299 48
1 3 173 112 172 535
1 3 535 172 48 171
1 3 174 535 171 8
1 3 333 4 332 640
1 3 640 332 56 330
1 3 334 640 330 117
1 3 330 56 198 637
1 3 637 198 6 272
1 3 184 637 272 38
1 3 185 117 184 541
1 3 541 184 38 183
1 3 186 541 183 5
1 3 363 2 362 666
1 3 666 362 64 358
1 3 364 666 358 122
1 3 358 64 357 662
1 3 662 357 1 308
1 3 196 662 308 50
1 3 197 122 196 547
1 3 547 196 50 195
1 3 198 547 195 6
35 3 267 8 179 584
35 3 299 0 305 612
35 3 162 7 167 533
35 3 18 279 599 282
35 3 0 300 613 305
35 3 19 314 626 288
35 3 186 5 191 545
35 3 4 333 642 338
35 3 1 357 663 313
35 3 2 363 668 368
35 3 21 329 676 347
35 3 222 559 219 22
35 3 293 21 387 686
35 3 210 20 215 557
35 3 21 347 687 387
35 3 24 394 700 397
35 3 222 22 227 563
35 3 23 414 713 392
35 3 408 27 443 737
35 3 234 26 239 569
35 3 27 430 738 443
35 3 28 450 751 453
35 3 246 571 243 13
35 3 246 13 251 575
35 3 12 471 764 425
35 3 31 477 769 482
35 3 258 15 263 581
35 3 14 491 789 448
35 3 33 495 793 508
35 3 17 468 802 515
35 3 159 36 168 530
35 3 163 107 284 595
35 3 269 45 290 600
35 3 277 39 170 593
35 3 278 110 286 609
35 3 166 44 283 598
35 3 40 287 603 280
35 3 111 289 607 294
35 3 43 281 610 297
35 3 207 42 216 554
35 3 211 126 399 696
35 3 384 74 405 701
35 3 171 48 180 536
35 3 175 113 317 623
35 3 302 54 322 627
35 3 51 319 630 315
35 3 116 321 634 326
35 3 41 316 636 292
35 3 49 307 617 306
35 3 114 310 631 323
35 3 54 303 628 322
35 3 64 362 667 361
35 3 123 365 680 377
35 3 55 359 677 327
35 3 341 58 194 647
35 3 343 120 346 660
35 3 190 47 298 651
35 3 355 61 218 694
35 3 393 129 401 710
35 3 214 73 398 699
35 3 57 340 646 339
35 3 119 342 659 354
35 3 62 336 656 353
35 3 65 370 672 369
35 3 124 371 684 382
35 3 68 366 681 381
35 3 53 325 679 372
35 3 125 376 683 380
35 3 59 373 685 350
35 3 220 712 351 60
35 3 421 716 415 131
35 3 426 721 221 79
35 3 59 350 690 388
35 3 127 389 705 406
35 3 74 385 702 405
35 3 77 419 717 418
35 3 132 422 730 432
35 3 75 416 727 410
35 3 244 763 420 78
35 3 478 767 472 141
35 3 485 772 245 95
35 3 69 402 704 395
35 3 130 404 708 409
35 3 72 396 711 412
35 3 231 71 240 566
35 3 235 136 455 747
35 3 440 90 461 752
35 3 80 433 741 444
35 3 137 445 756 462
35 3 90 441 753 461
35 3 85 458 755 451
35 3 140 460 759 465
35 3 88 452 762 469
35 3 426 79 230 722
35 3 427 134 429 735
35 3 226 76 413 726
35 3 485 95 254 774
35 3 487 144 490 787
35 3 250 84 439 778
35 3 500 98 266 797
35 3 511 148 517 811
35 3 262 92 470 801
35 3 438 82 242 745
35 3 449 139 457 761
35 3 238 89 454 750
35 3 93 476 768 475
35 3 142 479 782 493
35 3 83 473 779 436
35 3 96 494 792 504
35 3 146 505 806 520
35 3 91 502 803 466
35 3 87 464 805 513
35 3 149 519 809 523
35 3 103 514 812 527
35 3 94 484 773 483
35 3 143 486 786 498
35 3 99 480 783 497
35 3 97 499 796 509
35 3 147 510 810 525
35 3 104 506 807 524
35 3 36 267 584 168
35 3 168 584 269 107
35 3 584 179 45 269
35 3 39 162 533 170
35 3 170 533 166 110
35 3 533 167 44 166
35 3 279 40 280 599
35 3 599 280 111 281
35 3 282 599 281 43
35 3 42 293 686 216
35 3 216 686 384 126
35 3 686 387 74 384
35 3 7 159 530 167
35 3 167 530 163 44
35 3 530 168 107 163
35 3 44 163 595 283
35 3 283 595 279 18
35 3 595 284 40 279
35 3 107 269 600 284
35 3 284 600 287 40
35 3 600 290 19 287
35 3 5 277 593 191
35 3 191 593 278 47
35 3 593 170 110 278
35 3 47 278 609 298
35 3 298 609 297 20
35 3 609 286 43 297
35 3 110 166 598 286
35 3 286 598 282 43
35 3 598 283 18 282
35 3 287 19 288 603
35 3 603 288 41 289
35 3 280 603 289 111
35 3 289 41 292 607
35 3 607 292 21 293
35 3 294 607 293 42
35 3 281 111 294 610
35 3 610 294 42 207
35 3 297 610 207 20
35 3 20 207 554 215
35 3 215 554 211 73
35 3 554 216 126 211
35 3 73 211 696 398
35 3 398 696 394 24
35 3 696 399 69 394
35 3 126 384 701 399
35 3 399 701 402 69
35 3 701 405 25 402
35 3 48 299 612 180
35 3 180 612 302 113
35 3 612 305 54 302
35 3 314 51 315 626
35 3 626 315 116 316
35 3 288 626 316 41
35 3 8 171 536 179
35 3 179 536 175 45
35 3 536 180 113 175
35 3 45 175 623 290
35 3 290 623 314 19
35 3 623 317 51 314
35 3 113 302 627 317
35 3 317 627 319 51
35 3 627 322 9 319
35 3 319 9 320 630
35 3 630 320 52 321
35 3 315 630 321 116
35 3 321 52 324 634
35 3 634 324 10 325
35 3 326 634 325 53
35 3 316 116 326 636
35 3 636 326 53 329
35 3 292 636 329 21
35 3 300 49 306 613
35 3 613 306 114 303
35 3 305 613 303 54
35 3 357 64 361 663
35 3 663 361 123 359
35 3 313 663 359 55
35 3 307 1 313 617
35 3 617 313 55 310
35 3 306 617 310 114
35 3 310 55 327 631
35 3 631 327 10 324
35 3 323 631 324 52
35 3 303 114 323 628
35 3 628 323 52 320
35 3 322 628 320 9
35 3 362 2 368 667
35 3 667 368 68 365
35 3 361 667 365 123
35 3 365 68 381 680
35 3 680 381 11 378
35 3 377 680 378 66
35 3 359 123 377 677
35 3 677 377 66 375
35 3 327 677 375 10
35 3 58 186 545 194
35 3 194 545 190 120
35 3 545 191 47 190
35 3 61 210 557 218
35 3 218 557 214 129
35 3 557 215 73 214
35 3 3 341 647 344
35 3 344 647 343 63
35 3 647 194 120 343
35 3 63 343 660 356
35 3 356 660 355 22
35 3 660 346 61 355
35 3 120 190 651 346
35 3 346 651 210 61
35 3 651 298 20 210
35 3 22 355 694 227
35 3 227 694 393 76
35 3 694 218 129 393
35 3 76 393 710 413
35 3 413 710 412 26
35 3 710 401 72 412
35 3 129 214 699 401
35 3 401 699 397 72
35 3 699 398 24 397
35 3 333 57 339 642
35 3 642 339 119 336
35 3 338 642 336 62
35 3 363 65 369 668
35 3 668 369 124 366
35 3 368 668 366 68
35 3 329 53 372 676
35 3 676 372 125 373
35 3 347 676 373 59
35 3 559 220 60 219
35 3 221 131 220 559
35 3 79 221 559 222
35 3 347 59 388 687
35 3 687 388 127 385
35 3 387 687 385 74
35 3 414 77 418 713
35 3 713 418 132 416
35 3 392 713 416 75
35 3 571 244 78 243
35 3 245 141 244 571
35 3 95 245 571 246
35 3 340 3 344 646
35 3 646 344 63 342
35 3 339 646 342 119
35 3 342 63 356 659
35 3 659 356 22 219
35 3 354 659 219 60
35 3 336 119 354 656
35 3 656 354 60 351
35 3 353 656 351 23
35 3 370 4 338 672
35 3 672 338 62 371
35 3 369 672 371 124
35 3 371 62 353 684
35 3 684 353 23 383
35 3 382 684 383 67
35 3 366 124 382 681
35 3 681 382 67 379
35 3 381 681 379 11
35 3 325 10 375 679
35 3 679 375 66 376
35 3 372 679 376 125
35 3 376 66 378 683
35 3 683 378 11 379
35 3 380 683 379 67
35 3 373 125 380 685
35 3 685 380 67 383
35 3 350 685 383 23
35 3 712 414 23 351
35 3 415 77 414 712
35 3 131 415 712 220
35 3 716 419 77 415
35 3 420 12 419 716
35 3 78 420 716 421
35 3 721 421 131 221
35 3 243 78 421 721
35 3 13 243 721 426
35 3 350 23 392 690
35 3 690 392 75 389
35 3 388 690 389 127
35 3 389 75 410 705
35 3 705 410 27 407
35 3 406 705 407 70
35 3 385 127 406 702
35 3 702 406 70 403
35 3 405 702 403 25
35 3 419 12 425 717
35 3 717 425 83 422
35 3 418 717 422 132
35 3 422 83 436 730
35 3 730 436 14 433
35 3 432 730 433 80
35 3 416 132 432 727
35 3 727 432 80 430
35 3 410 727 430 27
35 3 763 471 12 420
35 3 472 93 471 763
35 3 141 472 763 244
35 3 767 476 93 472
35 3 477 31 476 767
35 3 94 477 767 478
35 3 772 478 141 245
35 3 484 94 478 772
35 3 30 484 772 485
35 3 394 69 395 700
35 3 700 395 130 396
35 3 397 700 396 72
35 3 71 408 737 240
35 3 240 737 440 136
35 3 737 443 90 440
35 3 430 80 444 738
35 3 738 444 137 441
35 3 443 738 441 90
35 3 450 85 451 751
35 3 751 451 140 452
35 3 453 751 452 88
35 3 402 25 403 704
35 3 704 403 70 404
35 3 395 704 404 130
35 3 404 70 407 708
35 3 708 407 27 408
35 3 409 708 408 71
35 3 396 130 409 711
35 3 711 409 71 231
35 3 412 711 231 26
35 3 26 231 566 239
35 3 239 566 235 89
35 3 566 240 136 235
35 3 89 235 747 454
35 3 454 747 450 28
35 3 747 455 85 450
35 3 136 440 752 455
35 3 455 752 458 85
35 3 752 461 29 458
35 3 433 14 448 741
35 3 741 448 91 445
35 3 444 741 445 137
35 3 445 91 466 756
35 3 756 466 16 463
35 3 462 756 463 86
35 3 441 137 462 753
35 3 753 462 86 459
35 3 461 753 459 29
35 3 458 29 459 755
35 3 755 459 86 460
35 3 451 755 460 140
35 3 460 86 463 759
35 3 759 463 16 464
35 3 465 759 464 87
35 3 452 140 465 762
35 3 762 465 87 468
35 3 469 762 468 17
35 3 79 222 563 230
35 3 230 563 226 134
35 3 563 227 76 226
35 3 95 246 575 254
35 3 254 575 250 144
35 3 575 251 84 250
35 3 98 258 581 266
35 3 266 581 262 148
35 3 581 263 92 262
35 3 13 426 722 251
35 3 251 722 427 84
35 3 722 230 134 427
35 3 84 427 735 439
35 3 439 735 438 15
35 3 735 429 82 438
35 3 134 226 726 429
35 3 429 726 234 82
35 3 726 413 26 234
35 3 30 485 774 488
35 3 488 774 487 100
35 3 774 254 144 487
35 3 100 487 787 501
35 3 501 787 500 32
35 3 787 490 98 500
35 3 144 250 778 490
35 3 490 778 258 98
35 3 778 439 15 258
35 3 32 500 797 512
35 3 512 797 511 105
35 3 797 266 148 511
35 3 105 511 811 528
35 3 528 811 527 34
35 3 811 517 103 527
35 3 148 262 801 517
35 3 517 801 515 103
35 3 801 470 17 515
35 3 82 234 569 242
35 3 242 569 238 139
35 3 569 239 89 238
35 3 15 438 745 263
35 3 263 745 449 92
35 3 745 242 139 449
35 3 92 449 761 470
35 3 470 761 469 17
35 3 761 457 88 469
35 3 139 238 750 457
35 3 457 750 453 88
35 3 750 454 28 453
35 3 471 93 475 764
35 3 764 475 142 473
35 3 425 764 473 83
35 3 491 96 504 789
35 3 789 504 146 502
35 3 448 789 502 91
35 3 468 87 513 802
35 3 802 513 149 514
35 3 515 802 514 103
35 3 476 31 482 768
35 3 768 482 99 479
35 3 475 768 479 142
35 3 479 99 497 782
35 3 782 497 33 494
35 3 493 782 494 96
35 3 473 142 493 779
35 3 779 493 96 491
35 3 436 779 491 14
35 3 494 33 508 792
35 3 792 508 104 505
35 3 504 792 505 146
35 3 505 104 524 806
35 3 806 524 35 521
35 3 520 806 521 101
35 3 502 146 520 803
35 3 803 520 101 518
35 3 466 803 518 16
35 3 464 16 518 805
35 3 805 518 101 519
35 3 513 805 519 149
35 3 519 101 521 809
35 3 809 521 35 522
35 3 523 809 522 102
35 3 514 149 523 812
35 3 812 523 102 526
35 3 527 812 526 34
35 3 477 94 483 769
35 3 769 483 143 480
35 3 482 769 480 99
35 3 484 30 488 773
35 3 773 488 100 486
35 3 483 773 486 143
35 3 486 100 501 786
35 3 786 501 32 499
35 3 498 786 499 97
35 3 480 143 498 783
35 3 783 498 97 495
35 3 497 783 495 33
35 3 495 97 509 793
35 3 793 509 147 506
35 3 508 793 506 104
35 3 499 32 512 796
35 3 796 512 105 510
35 3 509 796 510 147
35 3 510 105 528 810
35 3 810 528 34 526
35 3 525 810 526 102
35 3 506 147 525 807
35 3 807 525 102 522
35 3 524 807 522 35

vertices
885

nodes
FiniteElementSpace
FiniteElementCollection: H1_3D_P2
VDim: 3
Ordering: 0

0.59718411
0.16338835
0.59718411
-1.3010426e-18
0.35742227
1.0842022e-18
0.12464717
-4.7704896e-18
0.35742227
0.46713824
0.14916884
0.46713824
0.26568513
2.9273459e-18
0.22229806
5.0957502e-18
0.17834803
-1.3010426e-18
2.4733362e-19
0.27788281
-7.3725748e-18
0.11530805
-1.1519648e-18
0.27788281
-5.5429836e-18
0.10703716
-3.496552e-18
0.20621024
-1.2739376e-18
0.14907545
2.4733362e-19
0.30721416
-5.3329194e-18
0.2473562
-3.2526065e-19
0.19040097
0.17871113
0.24103472
0.062323584
-1.8431437e-18
0.1389414
0.19659543
0.057654025
-3.5626206e-18
-2.261578e-18
0.31765254
0.11997761
-3.1441863e-18
0.47730319
0.38028623
0.14401776
0.37251052
0.30815354
0.13223844
0.53216118
0.15627859
0.24103472
0.17871113
-1.0842022e-19
0.19659543
0.1389414
-4.2622698e-18
0.31765254
-1.2265037e-18
0.38028623
0.47730319
0.30815354
0.37251052
0.53216118
0.05351858
0.1566237
0.10310512
-4.5197678e-18
-6.4577792e-18
0.11117261
0.24204652
-2.3242584e-18
0.27178397
0.13284256
8.8769053e-19
0.21425415
0.11114903
7.995991e-19
0.24399159
4.011548e-18
0.074537724
0.16371174
0.089174016
-1.2874901e-18
-2.3852448e-18
0.17764284
0.20032305
1.8973538e-18
0.28644964
0.15360708
1.5873397e-18
0.23482713
0.1236781
-1.1858461e-19
0.27728518
-2.5427929e-18
0.1843745
0.095200485
-8.1315163e-19
0.21887858
-2.82909e-18
0.12051736
0.15882627
0.21881507
0.059988805
-2.7028821e-18
0.098297715
0.31066047
0.42490686
0.34421988
0.1381281
0.25237448
0.12051736
0.21881507
0.15882627
-2.185345e-18
0.098297715
0.31066047
0.34421988
0.42490686
0.25237448
0.055586303
0.17660956
0.12102326
-4.3910188e-18
0.078311849
0.13589198
0.24301906
0.1219958
8.4364482e-19
0.10712707
0.088821421
0.18898294
0.10016152
-2.4394549e-19
0.08185587
0.14322482
0.26063839
0.13864259
7.3437757e-19
0.11741356
0.20960082
0.10943929
-4.6586812e-19
0.09218725
0.10940754
0.28151748
0.10940754
0.28151748
0.088304782
0.12150953
0.094491472
0.13031919
0.10480041
0.089355567
0.14961425
0.06025868
-3.3068166e-18
0.079413135
0.1341169
0.054703768
-2.4822301e-18
-3.5160338e-18
0.1687687
0.11496245
-2.2730129e-18
0.41736273
0.39398183
0.2758476
0.29922849
0.3712797
0.35321217
0.25016628
0.26823381
0.3375374
0.45110502
0.29608898
0.2299249
0.031161792
0.091420472
0.06025868
4.8789098e-19
0.029994402
0.084698171
0.054703768
-2.6647657e-18
-1.0299921e-18
0.061156194
0.11496245
-1.1468826e-18
0.13433246
0.22733912
0.2758476
0.18284094
0.12905286
0.20982279
0.25016628
0.16939634
0.12231239
0.14107293
0.29608898
0.2299249
0.028827013
0.07797587
0.049148857
-5.8174223e-18
0.027793151
0.071945542
0.044152391
-5.424399e-18
-6.915177e-18
0.056620164
0.093301248
-4.3266443e-18
0.069470702
0.13741669
0.067945992
-1.3213714e-19
0.060511631
0.1212664
0.060754765
-7.403068e-19
-1.7381116e-18
0.12998233
0.12870076
8.6566767e-19
0.051552559
0.1051161
0.053563537
-1.3484765e-18
0.04441071
0.091656447
0.047245736
-1.3145951e-18
-2.9408984e-18
0.095963269
0.10080927
2.7782681e-19
0.066421282
0.13803369
0.07161241
2.2573428e-18
0.060997899
0.12615749
0.065159596
2.3729628e-18
3.469447e-18
0.12741918
0.13677201
1.1608587e-18
0.055574516
0.1142813
0.058706782
2.4885828e-18
0.050080762
0.10248097
0.052400204
7.1574284e-19
3.496552e-18
0.10565528
0.11110699
-2.9222637e-19
0.2680667
0.18077604
0.2382394
0.16411131
0.18284094
0.093485376
0.091420472
0.16939634
0.089983207
0.084698171
-3.7947076e-19
-2.9235342e-18
0.069470702
0.11861956
0.049148857
-1.6576435e-18
-1.0071222e-18
0.14888384
0.10385263
-3.1327514e-18
0.20841211
0.23723912
0.14744657
0.29776767
0.20770525
0.15595174
0.086481038
0.07797587
0.11764283
0.058821415
-5.4675977e-18
-5.2583805e-18
0.53724365
0.48873517
0.34547335
0.47853402
0.43819053
0.31286868
0.56467264
0.36225306
0.27183729
0.15370305
0.22733912
0.25024924
0.14720335
0.20982279
0.15983347
0.32519667
0.3124425
0.22448496
0.39870869
0.26694598
0.41982438
0.38764589
0.28026401
0.49964971
0.32618671
0.22866119
0.14070364
0.19230646
0.15272371
0.13518327
0.12377325
0.18077604
0.16411131
0.29922849
0.2680667
0.14961425
0.26823381
0.2382394
0.1341169
0.3375374
0.1687687
0.089355567
-7.0473141e-19
0.079413135
-1.7059244e-18
-1.2637732e-18
0.10385263
-3.2238074e-18
0.15595174
0.14744657
0.20770525
0.23723912
0.20841211
0.11861956
0.29776767
0.14888384
-2.7071173e-18
-1.1892343e-18
0.27183729
0.34547335
0.25024924
0.31286868
0.36225306
0.48873517
0.53724365
0.39398183
0.43819053
0.47853402
0.35321217
0.56467264
0.45110502
0.41736273
0.3712797
0.19230646
0.22448496
0.26694598
0.22866119
0.28026401
0.32618671
0.38764589
0.41982438
0.3124425
0.49964971
0.39870869
0.32519667
0.083379454
0.14389108
0.13245717
0.11324033
0.1866025
0.20932804
0.18153489
0.10466402
0.25996467
-3.3576386e-18
0.02675929
0.065915215
0.039155925
-5.0313757e-18
-6.0003814e-18
0.054552442
0.083308316
-4.4553933e-18
0.08027787
0.13183043
0.11746777
0.10910488
0.16661663
0.18141697
0.15465768
0.090708484
0.22412838
0.11206419
-4.0081599e-18
-2.9104052e-18
0.27483339
0.20383798
0.24253279
0.18226429
0.25740151
0.26873455
0.19926384
0.13436727
0.24350533
0.1829937
0.12175266
0.25483836
1.9075182e-18
2.4275964e-18
0.1143183
8.2162196e-19
0.21023219
0.16069061
0.2286366
0.21827611
0.16672355
0.10913805
0.23314483
0.11657241
2.9476747e-18
4.5536491e-18
0.13323213
0.18331289
0.14173721
0.19192654
0.20161855
0.194653
0.15024229
0.097326498
0.21131056
8.2670416e-19
0.037268862
0.078196797
0.040927935
-1.2807138e-18
-1.8295912e-18
0.081679572
0.088173671
-7.6571778e-19
0.11180659
0.15639359
0.1227838
0.16335914
0.17634734
0.17102989
0.13376102
0.085514943
0.18933554
0.09466777
0.044587008
-1.2942663e-18
2.981556e-19
0.27606738
0.21483723
0.25231499
0.19547879
0.27354401
0.2968319
0.23041062
0.14841595
0.26896178
0.20796388
0.13448089
0.29224967
0.14612483
0.076803539
9.1733668e-19
0.069321294
-9.0420767e-19
-1.1477296e-18
0.12386638
3.0789648e-19
0.2285626
0.17612035
0.24773276
0.24109166
0.18551715
0.12054583
0.26232069
0.13116034
0.061839049
-2.725752e-18
-3.9378562e-18
0.20496193
0.15720061
0.22221397
0.2142397
0.16415894
0.10711985
0.23311739
0.11655869
0.054719646
-1.6474791e-18
-4.0810047e-18
0.090680633
0.046093625
-1.0570971e-18
0.098493829
-6.3950988e-19
0.18136127
0.13828088
0.19698766
0.18738774
0.14280073
0.093693868
0.20463978
0.10231989
0.047600243
-5.6920614e-19
-1.5771753e-18
0.074807123
0.084384351
0.14186557
0.057481224
-2.8945233e-18
0.067058451
0.34660516
0.39432121
0.373597
0.26300694
0.28373115
0.31072299
0.045710236
0.030578097
0.088059321
0.057481224
-1.0884373e-18
0.042349085
0.20509003
0.13169266
0.21858095
0.26300694
0.17611864
0.18960957
0.038987935
0.028310082
0.074960706
0.046650624
-5.6209106e-18
0.035972771
0.068708347
0.064991166
0.12934154
0.064350378
-4.3622197e-19
0.060633198
0.052558048
0.047981635
0.098386271
0.050404637
-1.3315358e-18
0.045828223
0.069016846
0.06370959
0.13209559
0.068386003
2.3151528e-18
0.063078747
0.057140649
0.052827639
0.10838113
0.055553493
1.6021628e-18
0.051240483
0.22442137
0.25315305
0.17244367
0.20117535
0.13713071
0.17611864
0.091734292
0.088059321
0.12704726
0.045710236
-1.6515025e-18
0.042349085
0.074441918
0.12636823
0.051926313
-2.0699368e-18
0.05930978
0.22332575
0.25273646
0.15577894
0.17792934
0.16267404
0.088232123
0.08133702
0.1169638
0.029410708
-4.1955659e-18
0.038987935
0.4413585
0.50788883
0.46346285
0.32917102
0.39570135
0.2495882
0.26104326
0.1504532
0.21858095
0.23003601
0.20509003
0.18960957
0.34823818
0.33282734
0.23732562
0.27484081
0.4491792
0.41291821
0.29656635
0.35004419
0.23945521
0.14395349
0.20106463
0.21048383
0.12641305
0.1741291
0.13713071
0.17244367
0.12704726
0.22442137
0.28373115
0.25315305
0.14186557
0.20117535
0.074807123
0.084384351
-1.2053279e-18
0.067058451
0.08133702
0.051926313
-4.241094e-18
0.16267404
0.15577894
0.1169638
0.25273646
0.22332575
0.12636823
0.17792934
0.074441918
-2.2065208e-18
0.05930978
0.2495882
0.26104326
0.32917102
0.23003601
0.4413585
0.46346285
0.50788883
0.373597
0.39570135
0.34660516
0.39432121
0.31072299
0.20106463
0.23732562
0.1741291
0.23945521
0.29656635
0.21048383
0.41291821
0.4491792
0.33282734
0.35004419
0.34823818
0.27484081
0.084930246
0.14992141
0.13995187
0.10791831
0.22328358
0.1949735
0.11164179
0.15699603
-3.032378e-18
0.052332011
0.027276221
0.068930379
0.041654158
-5.2278874e-18
0.032957607
0.081828662
0.13786076
0.12496247
0.098872822
0.19537251
