MFEM mesh v1.0

#
# MFEM Geometry Types (see mesh/geom.hpp):
#
# POINT       = 0
# SEGMENT     = 1
# TRIANGLE    = 2
# SQUARE      = 3
# TETRAHEDRON = 4
# CUBE        = 5
#

dimension
3

elements
192
1 5 3 72 222 75 80 223 326 226
1 5 8 84 228 87 92 229 327 232
1 5 14 96 234 99 104 235 328 238
1 5 20 108 240 73 81 241 329 224
1 5 52 109 244 114 82 242 330 247
1 5 23 74 249 121 83 225 331 251
1 5 28 76 227 79 129 253 332 256
1 5 53 110 243 77 130 258 333 254
1 5 69 111 248 117 131 260 334 264
1 5 56 78 252 123 132 255 335 267
1 5 32 146 269 85 93 270 336 230
1 5 58 148 274 156 94 272 337 277
1 5 21 86 279 112 95 231 338 245
1 5 29 88 233 91 136 282 339 259
1 5 59 149 273 89 167 286 340 283
1 5 70 151 278 159 168 288 341 292
1 5 54 90 281 115 137 284 342 262
1 5 40 180 296 97 105 297 343 236
1 5 63 182 301 190 106 299 344 304
1 5 43 98 306 197 107 237 345 308
1 5 48 100 239 103 205 310 346 313
1 5 64 183 300 101 206 315 347 311
1 5 71 185 305 193 207 317 348 321
1 5 67 102 309 199 208 312 349 324
1 5 72 20 73 222 223 81 224 326
1 5 222 73 52 74 326 224 82 225
1 5 75 222 74 23 226 326 225 83
1 5 80 223 326 226 28 76 227 79
1 5 223 81 224 326 76 53 77 227
1 5 326 224 82 225 227 77 69 78
1 5 226 326 225 83 79 227 78 56
1 5 84 32 85 228 229 93 230 327
1 5 228 85 58 86 327 230 94 231
1 5 87 228 86 21 232 327 231 95
1 5 92 229 327 232 29 88 233 91
1 5 229 93 230 327 88 59 89 233
1 5 327 230 94 231 233 89 70 90
1 5 232 327 231 95 91 233 90 54
1 5 96 40 97 234 235 105 236 328
1 5 234 97 63 98 328 236 106 237
1 5 99 234 98 43 238 328 237 107
1 5 104 235 328 238 48 100 239 103
1 5 235 105 236 328 100 64 101 239
1 5 328 236 106 237 239 101 71 102
1 5 238 328 237 107 103 239 102 67
1 5 108 8 87 240 241 92 232 329
1 5 240 87 21 109 329 232 95 242
1 5 73 240 109 52 224 329 242 82
1 5 81 241 329 224 53 110 243 77
1 5 241 92 232 329 110 29 91 243
1 5 329 232 95 242 243 91 54 111
1 5 224 329 242 82 77 243 111 69
1 5 109 21 112 244 242 95 245 330
1 5 244 112 15 113 330 245 118 246
1 5 114 244 113 22 247 330 246 119
1 5 82 242 330 247 69 111 248 117
1 5 242 95 245 330 111 54 115 248
1 5 330 245 118 246 248 115 30 116
1 5 247 330 246 119 117 248 116 55
1 5 74 52 114 249 225 82 247 331
1 5 249 114 22 120 331 247 119 250
1 5 121 249 120 6 251 331 250 124
1 5 83 225 331 251 56 78 252 123
1 5 225 82 247 331 78 69 117 252
1 5 331 247 119 250 252 117 55 122
1 5 251 331 250 124 123 252 122 31
1 5 76 53 77 227 253 130 254 332
1 5 227 77 69 78 332 254 131 255
1 5 79 227 78 56 256 332 255 132
1 5 129 253 332 256 4 125 257 128
1 5 253 130 254 332 125 24 126 257
1 5 332 254 131 255 257 126 57 127
1 5 256 332 255 132 128 257 127 27
1 5 110 29 91 243 258 136 259 333
1 5 243 91 54 111 333 259 137 260
1 5 77 243 111 69 254 333 260 131
1 5 130 258 333 254 24 133 261 126
1 5 258 136 259 333 133 10 134 261
1 5 333 259 137 260 261 134 25 135
1 5 254 333 260 131 126 261 135 57
1 5 111 54 115 248 260 137 262 334
1 5 248 115 30 116 334 262 141 263
1 5 117 248 116 55 264 334 263 142
1 5 131 260 334 264 57 135 265 140
1 5 260 137 262 334 135 25 138 265
1 5 334 262 141 263 265 138 17 139
1 5 264 334 263 142 140 265 139 26
1 5 78 69 117 252 255 131 264 335
1 5 252 117 55 122 335 264 142 266
1 5 123 252 122 31 267 335 266 145
1 5 132 255 335 267 27 127 268 144
1 5 255 131 264 335 127 57 140 268
1 5 335 264 142 266 268 140 26 143
1 5 267 335 266 145 144 268 143 7
1 5 146 9 147 269 270 152 271 336
1 5 269 147 33 148 336 271 153 272
1 5 85 269 148 58 230 336 272 94
1 5 93 270 336 230 59 149 273 89
1 5 270 152 271 336 149 38 150 273
1 5 336 271 153 272 273 150 60 151
1 5 230 336 272 94 89 273 151 70
1 5 148 33 154 274 272 153 275 337
1 5 274 154 16 155 337 275 160 276
1 5 156 274 155 34 277 337 276 161
1 5 94 272 337 277 70 151 278 159
1 5 272 153 275 337 151 60 157 278
1 5 337 275 160 276 278 157 39 158
1 5 277 337 276 161 159 278 158 61
1 5 86 58 156 279 231 94 277 338
1 5 279 156 34 162 338 277 161 280
1 5 112 279 162 15 245 338 280 118
1 5 95 231 338 245 54 90 281 115
1 5 231 94 277 338 90 70 159 281
1 5 338 277 161 280 281 159 61 163
1 5 245 338 280 118 115 281 163 30
1 5 88 59 89 233 282 167 283 339
1 5 233 89 70 90 339 283 168 284
1 5 91 233 90 54 259 339 284 137
1 5 136 282 339 259 10 164 285 134
1 5 282 167 283 339 164 35 165 285
1 5 339 283 168 284 285 165 62 166
1 5 259 339 284 137 134 285 166 25
1 5 149 38 150 273 286 172 287 340
1 5 273 150 60 151 340 287 173 288
1 5 89 273 151 70 283 340 288 168
1 5 167 286 340 283 35 169 289 165
1 5 286 172 287 340 169 11 170 289
1 5 340 287 173 288 289 170 36 171
1 5 283 340 288 168 165 289 171 62
1 5 151 60 157 278 288 173 290 341
1 5 278 157 39 158 341 290 177 291
1 5 159 278 158 61 292 341 291 178
1 5 168 288 341 292 62 171 293 176
1 5 288 173 290 341 171 36 174 293
1 5 341 290 177 291 293 174 18 175
1 5 292 341 291 178 176 293 175 37
1 5 90 70 159 281 284 168 292 342
1 5 281 159 61 163 342 292 178 294
1 5 115 281 163 30 262 342 294 141
1 5 137 284 342 262 25 166 295 138
1 5 284 168 292 342 166 62 176 295
1 5 342 292 178 294 295 176 37 179
1 5 262 342 294 141 138 295 179 17
1 5 180 1 181 296 297 186 298 343
1 5 296 181 41 182 343 298 187 299
1 5 97 296 182 63 236 343 299 106
1 5 105 297 343 236 64 183 300 101
1 5 297 186 298 343 183 49 184 300
1 5 343 298 187 299 300 184 65 185
1 5 236 343 299 106 101 300 185 71
1 5 182 41 188 301 299 187 302 344
1 5 301 188 0 189 344 302 194 303
1 5 190 301 189 42 304 344 303 195
1 5 106 299 344 304 71 185 305 193
1 5 299 187 302 344 185 65 191 305
1 5 344 302 194 303 305 191 50 192
1 5 304 344 303 195 193 305 192 66
1 5 98 63 190 306 237 106 304 345
1 5 306 190 42 196 345 304 195 307
1 5 197 306 196 2 308 345 307 200
1 5 107 237 345 308 67 102 309 199
1 5 237 106 304 345 102 71 193 309
1 5 345 304 195 307 309 193 66 198
1 5 308 345 307 200 199 309 198 51
1 5 100 64 101 239 310 206 311 346
1 5 239 101 71 102 346 311 207 312
1 5 103 239 102 67 313 346 312 208
1 5 205 310 346 313 19 201 314 204
1 5 310 206 311 346 201 44 202 314
1 5 346 311 207 312 314 202 68 203
1 5 313 346 312 208 204 314 203 47
1 5 183 49 184 300 315 212 316 347
1 5 300 184 65 185 347 316 213 317
1 5 101 300 185 71 311 347 317 207
1 5 206 315 347 311 44 209 318 202
1 5 315 212 316 347 209 13 210 318
1 5 347 316 213 317 318 210 45 211
1 5 311 347 317 207 202 318 211 68
1 5 185 65 191 305 317 213 319 348
1 5 305 191 50 192 348 319 217 320
1 5 193 305 192 66 321 348 320 218
1 5 207 317 348 321 68 211 322 216
1 5 317 213 319 348 211 45 214 322
1 5 348 319 217 320 322 214 5 215
1 5 321 348 320 218 216 322 215 46
1 5 102 71 193 309 312 207 321 349
1 5 309 193 66 198 349 321 218 323
1 5 199 309 198 51 324 349 323 221
1 5 208 312 349 324 47 203 325 220
1 5 312 207 321 349 203 68 216 325
1 5 349 321 218 323 325 216 46 219
1 5 324 349 323 221 220 325 219 12

boundary
256
1 3 3 72 223 80
1 3 8 84 229 92
1 3 2 196 306 197
1 3 20 108 241 81
1 3 53 110 258 130
1 3 28 76 253 129
1 3 32 146 270 93
1 3 59 149 286 167
1 3 29 88 282 136
1 3 42 189 301 190
1 3 63 182 296 97
1 3 43 98 234 99
1 3 72 20 81 223
1 3 223 81 53 76
1 3 80 223 76 28
1 3 84 32 93 229
1 3 229 93 59 88
1 3 92 229 88 29
1 3 196 42 190 306
1 3 306 190 63 98
1 3 197 306 98 43
1 3 108 8 92 241
1 3 241 92 29 110
1 3 81 241 110 53
1 3 110 29 136 258
1 3 258 136 10 133
1 3 130 258 133 24
1 3 76 53 130 253
1 3 253 130 24 125
1 3 129 253 125 4
1 3 146 9 152 270
1 3 270 152 38 149
1 3 93 270 149 59
1 3 149 38 172 286
1 3 286 172 11 169
1 3 167 286 169 35
1 3 88 59 167 282
1 3 282 167 35 164
1 3 136 282 164 10
1 3 189 0 188 301
1 3 301 188 41 182
1 3 190 301 182 63
1 3 182 41 181 296
1 3 296 181 1 180
1 3 97 296 180 40
1 3 98 63 97 234
1 3 234 97 40 96
1 3 99 234 96 14
44 3 75 3 80 226
44 3 75 222 72 3
44 3 87 228 84 8
44 3 15 113 246 118
44 3 4 125 257 128
44 3 9 147 271 152
44 3 16 155 276 160
44 3 10 164 285 134
44 3 196 2 200 307
44 3 188 0 194 302
44 3 180 1 186 297
44 3 99 14 104 238
44 3 19 201 314 204
44 3 121 23 83 251
44 3 123 56 132 267
44 3 79 28 129 256
44 3 73 240 108 20
44 3 114 244 109 52
44 3 121 249 74 23
44 3 85 269 146 32
44 3 156 274 148 58
44 3 112 279 86 21
44 3 22 120 250 119
44 3 55 122 266 142
44 3 30 116 263 141
44 3 24 133 261 126
44 3 57 135 265 140
44 3 27 127 268 144
44 3 33 154 275 153
44 3 60 157 290 173
44 3 38 150 287 172
44 3 34 162 280 161
44 3 61 163 294 178
44 3 39 158 291 177
44 3 35 169 289 165
44 3 62 171 293 176
44 3 25 166 295 138
44 3 197 43 107 308
44 3 199 67 208 324
44 3 103 48 205 313
44 3 189 42 195 303
44 3 192 66 218 320
44 3 198 51 221 323
44 3 181 41 187 298
44 3 184 65 213 316
44 3 191 50 217 319
44 3 96 40 105 235
44 3 100 64 206 310
44 3 183 49 212 315
44 3 44 209 318 202
44 3 68 211 322 216
44 3 47 203 325 220
44 3 23 75 226 83
44 3 83 226 79 56
44 3 226 80 28 79
44 3 222 73 20 72
44 3 74 52 73 222
44 3 23 74 222 75
44 3 6 121 251 124
44 3 124 251 123 31
44 3 251 83 56 123
44 3 31 123 267 145
44 3 145 267 144 7
44 3 267 132 27 144
44 3 56 79 256 132
44 3 132 256 128 27
44 3 256 129 4 128
44 3 240 87 8 108
44 3 109 21 87 240
44 3 52 109 240 73
44 3 244 112 21 109
44 3 113 15 112 244
44 3 22 113 244 114
44 3 249 114 52 74
44 3 120 22 114 249
44 3 6 120 249 121
44 3 228 85 32 84
44 3 86 58 85 228
44 3 21 86 228 87
44 3 269 147 9 146
44 3 148 33 147 269
44 3 58 148 269 85
44 3 274 154 33 148
44 3 155 16 154 274
44 3 34 155 274 156
44 3 279 156 58 86
44 3 162 34 156 279
44 3 15 162 279 112
44 3 113 22 119 246
44 3 246 119 55 116
44 3 118 246 116 30
44 3 125 24 126 257
44 3 257 126 57 127
44 3 128 257 127 27
44 3 120 6 124 250
44 3 250 124 31 122
44 3 119 250 122 55
44 3 122 31 145 266
44 3 266 145 7 143
44 3 142 266 143 26
44 3 116 55 142 263
44 3 263 142 26 139
44 3 141 263 139 17
44 3 133 10 134 261
44 3 261 134 25 135
44 3 126 261 135 57
44 3 135 25 138 265
44 3 265 138 17 139
44 3 140 265 139 26
44 3 127 57 140 268
44 3 268 140 26 143
44 3 144 268 143 7
44 3 147 33 153 271
44 3 271 153 60 150
44 3 152 271 150 38
44 3 154 16 160 275
44 3 275 160 39 157
44 3 153 275 157 60
44 3 157 39 177 290
44 3 290 177 18 174
44 3 173 290 174 36
44 3 150 60 173 287
44 3 287 173 36 170
44 3 172 287 170 11
44 3 155 34 161 276
44 3 276 161 61 158
44 3 160 276 158 39
44 3 162 15 118 280
44 3 280 118 30 163
44 3 161 280 163 61
44 3 163 30 141 294
44 3 294 141 17 179
44 3 178 294 179 37
44 3 158 61 178 291
44 3 291 178 37 175
44 3 177 291 175 18
44 3 164 35 165 285
44 3 285 165 62 166
44 3 134 285 166 25
44 3 43 99 238 107
44 3 107 238 103 67
44 3 238 104 48 103
44 3 169 11 170 289
44 3 289 170 36 171
44 3 165 289 171 62
44 3 171 36 174 293
44 3 293 174 18 175
44 3 176 293 175 37
44 3 166 62 176 295
44 3 295 176 37 179
44 3 138 295 179 17
44 3 2 197 308 200
44 3 200 308 199 51
44 3 308 107 67 199
44 3 51 199 324 221
44 3 221 324 220 12
44 3 324 208 47 220
44 3 67 103 313 208
44 3 208 313 204 47
44 3 313 205 19 204
44 3 42 196 307 195
44 3 195 307 198 66
44 3 307 200 51 198
44 3 41 188 302 187
44 3 187 302 191 65
44 3 302 194 50 191
44 3 0 189 303 194
44 3 194 303 192 50
44 3 303 195 66 192
44 3 50 192 320 217
44 3 217 320 215 5
44 3 320 218 46 215
44 3 66 198 323 218
44 3 218 323 219 46
44 3 323 221 12 219
44 3 1 181 298 186
44 3 186 298 184 49
44 3 298 187 65 184
44 3 49 184 316 212
44 3 212 316 210 13
44 3 316 213 45 210
44 3 65 191 319 213
44 3 213 319 214 45
44 3 319 217 5 214
44 3 40 180 297 105
44 3 105 297 183 64
44 3 297 186 49 183
44 3 14 96 235 104
44 3 104 235 100 48
44 3 235 105 64 100
44 3 48 100 310 205
44 3 205 310 201 19
44 3 310 206 44 201
44 3 64 183 315 206
44 3 206 315 209 44
44 3 315 212 13 209
44 3 201 44 202 314
44 3 314 202 68 203
44 3 204 314 203 47
44 3 209 13 210 318
44 3 318 210 45 211
44 3 202 318 211 68
44 3 211 45 214 322
44 3 322 214 5 215
44 3 216 322 215 46
44 3 203 68 216 325
44 3 325 216 46 219
44 3 220 325 219 12

vertices
350

nodes
FiniteElementSpace
FiniteElementCollection: H1_3D_P2
VDim: 3
Ordering: 0

0.57680281
0.30998466
0.59718411
0.70710678
0.67220951
0.50295308
0.59296204
0.56955658
0.8867
0.2
0.80820096
0.18971773
0.46713824
0.26568513
0.35742227
0.66119981
0.17294184
0.60844596
0.16648196
0.27788281
0.79690339
0.7739499
0.62708092
0.65003441
0.74020524
0.70832346
0.58900127
0.62088304
0.68965815
0.84745048
0.63482288
0.58125931
0.54335
0.18647092
0.41707082
0.49895935
0.17809985
0.38746396
0.19485887
0.1697119
0.33370346
0.44339373
0.58699346
0.47730319
0.27178397
0.3843191
0.48504566
0.37251052
0.31765254
0.28783489
0.53987794
0.53216118
0.71199216
0.76855431
0.74113668
0.6080411
0.63545873
0.66460325
0.48021041
0.52115467
0.18228538
0.40226739
0.44321165
0.46034846
0.30274372
0.41385642
0.53601956
0.42490686
0.37841481
0.6882977
0.46171103
0.41938164
0.75200509
0.75444777
0.68101328
0.6785706
0.72910623
0.72842601
0.66187822
0.66255844
0.69838246
0.78272885
0.70014493
0.64274657
0.715025
0.5117802
0.62708016
0.83032495
0.68430258
0.49143285
0.60142386
0.79429358
0.86707524
0.53225234
0.47096072
0.75754329
0.34556287
0.39702596
0.46882583
0.41736273
0.31019813
0.36106268
0.42214425
0.3712797
0.3375374
0.31822359
0.43986505
0.45110502
0.84180169
0.74297103
0.8080024
0.71471719
0.71757485
0.64414037
0.66953654
0.68797978
0.62143199
0.6481694
0.64801134
0.61756101
0.61002148
0.62149823
0.5946502
0.60835902
0.58711068
0.70620738
0.70240425
0.64274315
0.64654628
0.68093383
0.75437978
0.67645048
0.62817089
0.7742031
0.75826221
0.68646336
0.82782572
0.72473007
0.65838471
0.59872361
0.62680226
0.62163442
0.59852118
0.57927892
0.59521981
0.57540794
0.371675
0.19323546
0.33334066
0.35800677
0.18857212
0.32199821
0.19742943
0.18437815
0.17970638
0.29500633
0.44864062
0.17599864
0.28598964
0.43198921
0.17132687
0.40966911
0.53913531
0.51854514
0.65358016
0.4710855
0.57576756
0.51005701
0.45246134
0.34433854
0.18390879
0.31065575
0.1922883
0.18019261
0.1722909
0.27697296
0.41533781
0.16809693
0.39486567
0.49795496
0.32184406
0.3766892
0.4518711
0.2952893
0.35084566
0.41661903
0.29890978
0.42862508
0.51009827
0.58189813
0.52367096
0.47686718
0.53794875
0.4777006
0.55834037
0.56150651
0.59208879
0.53724365
0.53409037
0.47853402
0.56467264
0.27483339
0.32509939
0.37546267
0.32519667
0.29776767
0.28726384
0.39889822
0.39870869
0.26873455
0.32500211
0.38136696
0.27676001
0.39908776
0.44363609
0.49399937
0.43173023
0.52141551
0.51053261
0.47609195
0.41982438
0.49964971
0.71650918
0.74055566
0.74143689
0.67144575
0.67056452
0.69549222
0.67105258
0.69966379
0.50160653
0.61425201
0.81230926
0.64286322
0.40719435
0.3278805
0.37904432
0.44548504
0.39432121
0.36617119
0.79238636
0.82490204
0.72884411
0.76135979
0.6935557
0.70277732
0.63278618
0.65885297
0.66807459
0.64551738
0.60233584
0.61492862
0.62826421
0.7176568
0.71541513
0.65231068
0.65455236
0.67447526
0.79110275
0.7762779
0.70059028
0.73033323
0.67318225
0.6100778
0.63748583
0.64259349
0.58696456
0.60178941
0.61101104
0.35250783
0.36484088
0.19090379
0.32766944
0.34000249
0.3141735
0.17785251
0.29049799
0.44031491
0.30399393
0.58310773
0.52884023
0.5599845
0.66894137
0.48125918
0.58859571
0.61467386
0.35117266
0.18624046
0.31632698
0.32749715
0.17414477
0.2814813
0.42366351
0.29381435
0.50825005
0.53686126
0.38685758
0.30856668
0.36376743
0.43424506
0.35595417
0.51688461
0.49348272
0.55992344
0.50068578
0.47728389
0.53045731
0.56308958
0.50788883
0.47811731
0.29251576
0.34308103
0.39880346
0.34823818
0.32514803
0.28201193
0.33792388
0.39899299
0.32505075
0.46025163
0.51597406
0.45471542
0.43768316
0.50509116
0.4491792
0.42577731
0.7060007
0.6569579
0.38668277
0.77687308
0.68081514
0.6368908
0.68498374
0.74584651
0.65533404
0.61963762
0.34625516
0.30908371
0.57154612
0.62876854
0.33374982
0.29890414
0.54842288
0.37140587
0.49708425
0.50428731
0.34565961
0.34050246
0.45748353
0.45194731
0.72955593
0.73425713
0.69753989
0.69283869
0.71946906
0.72327818
0.68828261
0.68447349
0.70274462
0.74628037
0.71125494
0.67456756
0.8008625
0.69303879
0.75068876
0.85851247
0.78336951
0.67831084
0.73463358
0.83969225
0.87688762
0.70734439
0.66400524
0.82131711
0.35149257
0.37637861
0.41227854
0.3873925
0.33270895
0.35728163
0.39050199
0.36592931
0.34747984
0.33672168
0.39693856
0.40584197
0.81935254
0.81709403
0.77341707
0.77567558
0.80381545
0.80088756
0.75915498
0.76208287
0.78981612
0.83335187
0.78462972
0.74794233
0.72748159
0.71826336
0.68154612
0.69076435
0.71449452
0.70482963
0.66983406
0.67949895
0.70606854
0.73590757
0.68718542
0.66419476
0.66552385
0.66326533
0.6335078
0.63576632
0.65709616
0.65416827
0.62590971
0.6288376
0.64639049
0.67622952
0.64120409
0.61821342
0.70938219
0.71229923
0.67902533
0.67610829
0.69929532
0.70132027
0.66976805
0.66774309
0.68529599
0.72338152
0.69023798
0.6585554
0.78827836
0.7846811
0.7448929
0.74849016
0.77274126
0.76847463
0.73063082
0.73489745
0.76146704
0.79955257
0.75360315
0.72192057
0.70150745
0.69139589
0.658122
0.66823355
0.68852038
0.67796216
0.64640993
0.65696815
0.68237409
0.70765373
0.66170431
0.64282762
0.64866847
0.64507121
0.61831161
0.62190887
0.64024078
0.63597415
0.61071352
0.61498015
0.63181481
0.65709445
0.62395092
0.60507422
0.4575125
0.36209142
0.43214402
0.5275651
0.44854661
0.35554802
0.42393084
0.51692943
0.53780117
0.36825794
0.3493815
0.50669337
0.40677554
0.32375708
0.38140706
0.46442551
0.39931508
0.31837657
0.37469931
0.45563782
0.47558557
0.33050505
0.3116286
0.44447776
0.70051503
0.60509395
0.65034129
0.74576238
0.68589765
0.59289906
0.63716172
0.7301603
0.7657466
0.62066608
0.57732693
0.71017609
0.76587653
0.6635829
0.7185784
0.82087203
0.74838354
0.64885495
0.70252322
0.80205181
0.8376381
0.67662197
0.63581588
0.78528574
0.43958072
0.34900463
0.41571767
0.50629376
0.43061483
0.34246124
0.4075045
0.49565809
0.51560584
0.35458971
0.33687615
0.48634601
0.39185462
0.31299607
0.36799157
0.44685012
0.38439416
0.30761556
0.36128382
0.43806243
0.45708619
0.31916259
0.30144903
0.42782636
0.67128027
0.58070418
0.62398214
0.71455823
0.65666289
0.56850929
0.61080256
0.69895616
0.73293338
0.59500978
0.55420369
0.68058101
0.32777376
0.35435082
0.39194177
0.36536471
0.31339514
0.33998628
0.3752251
0.34863395
0.32596353
0.31520537
0.37913173
0.38803514
0.45610978
0.48437786
0.52027779
0.49200971
0.43705506
0.46566466
0.49888502
0.47027541
0.45010676
0.44305808
0.50698443
0.51217837
0.47306451
0.49964157
0.53385048
0.50727342
0.44829503
0.47488617
0.50608807
0.47949693
0.46420411
0.45715543
0.51737231
0.52256624
0.31392533
0.33818466
0.36872544
0.34446612
0.29514172
0.31908768
0.34694889
0.32300293
0.30771011
0.30135694
0.3559154
0.35975894
0.29901651
0.32562174
0.35850842
0.3319032
0.28463788
0.31125719
0.34179175
0.31517244
0.29500378
0.28865061
0.34822831
0.35207185
0.41800033
0.44695146
0.47749224
0.44854112
0.39894561
0.42823826
0.45609947
0.42680682
0.40913993
0.40780601
0.46738371
0.46620801
0.42352555
0.45013078
0.47832566
0.45172044
0.39875607
0.42537538
0.45056325
0.42394394
0.41180777
0.41047385
0.46503231
0.46385661
0.77445424
0.73547848
0.76164225
0.7237188
0.73321996
0.69650272
0.69876123
0.72079091
0.68579534
0.68872323
0.6643025
0.65665554
0.69402031
0.73483094
0.70074646
0.66656148
0.74883027
0.71195912
0.77564158
0.73493145
0.70836186
0.67508796
0.67868522
0.69422132
0.66666198
0.64900858
0.63910265
0.6291875
0.59141639
0.61595806
0.57928221
0.49599531
0.55364528
0.64906637
0.48628362
0.54260636
0.63560495
0.80213743
0.78492628
0.85726286
0.69198318
0.64991056
0.80330142
0.60272863
0.56714803
0.5267035
0.49651969
0.47657194
0.53156744
0.62214354
0.46633588
0.60783793
0.76771513
0.74933999
0.33963316
0.40211015
0.32305204
0.38286354
0.42868721
0.46458714
0.43801009
0.40945468
0.44267504
0.4160839
0.44733296
0.42271312
0.32759497
0.31903931
0.37642698
0.38280046
0.30647092
0.36361693
0.31048365
0.3700535
0.39022216
0.42076294
0.39415772
0.42962334
0.43381464
0.39809328
0.43800594
0.86425084
0.81135565
0.84598864
0.79459117
0.75846047
0.76767869
0.7431937
0.75285859
0.81645222
0.76911644
0.82772644
0.77782669
0.72792694
0.73803849
0.72178065
0.70556528
0.69179623
0.68938733
0.65267009
0.66884803
0.67539433
0.64039876
0.65680066
0.65460558
0.63846327
0.63561064
0.64830873
0.62517359
0.63820699
0.62232097
0.67444487
0.65351119
0.67802719
0.69537855
0.66140133
0.62812744
0.64475329
0.64141711
0.62710908
0.61473654
0.62810525
0.61280105
0.65752696
0.64787188
0.6185512
0.62776943
0.60994843
0.61961332
0.60617866
0.60149176
0.60723013
0.59472326
0.60101965
0.59003636
0.6325775
0.61164382
0.6382168
0.60134565
0.61145721
0.59849302
0.58795476
0.59480916
0.58418499
0.73601829
0.70019944
0.6959328
0.66438058
0.66864721
0.64136162
0.68920844
0.69034132
0.66051077
0.6593779
0.67657167
0.71193209
0.6797295
0.65054932
0.72320631
0.72130474
0.68843975
0.74729251
0.70890969
0.68350375
0.6536732
0.65860921
0.67052687
0.64752692
0.6318131
0.63371466
0.62452697
0.80946423
0.7610622
0.75050398
0.71266017
0.72321839
0.75720417
0.75226816
0.71636874
0.78265292
0.73808987
0.79120203
0.78323159
0.74429772
0.81801334
0.76727005
0.73329284
0.69739341
0.70839829
0.71652677
0.69352682
0.67553331
0.66425814
0.64740833
0.61585611
0.63270592
0.62822865
0.6157549
0.60429949
0.61800351
0.60328114
0.66452842
0.63469787
0.64570276
0.64896376
0.63214405
0.68335409
0.6504891
0.66578348
0.63341533
0.60358479
0.62065855
0.61504019
0.60440071
0.59386244
0.60790176
0.59376122
0.62856173
0.59274287
0.60330109
0.59080738
0.58118625
0.58859868
0.57833363
0.62687709
0.60311542
0.60805143
0.61532433
0.59850461
0.61890665
0.5841401
0.59514498
0.58312174
0.57441775
0.58238819
0.57248226
0.2858375
0.19661773
0.27287165
0.28113516
0.19416661
0.26857948
0.19871472
0.19206963
0.18985319
0.25990579
0.34292425
0.18764097
0.25602379
0.3369623
0.18542453
0.36142383
0.34312882
0.27643282
0.1917155
0.26428731
0.19614415
0.18973796
0.18542875
0.25214179
0.33100035
0.18333177
0.32483382
0.18308865
0.24693994
0.18111533
0.24346811
0.17877944
0.17632411
0.23397408
0.30458991
0.17458969
0.23091243
0.29979085
0.17213435
0.29275216
0.35603858
0.43285572
0.35008355
0.42499201
0.41336996
0.30653882
0.43615206
0.17914201
0.23999628
0.17692557
0.17285527
0.22785077
0.29499178
0.17051938
0.28824382
0.34412852
0.4171283
0.40596825
0.51587418
0.50593051
0.47810307
0.56112152
0.46925467
0.55019317
0.53398777
0.60016756
0.58842579
0.56576531
0.49598685
0.46040626
0.53926482
0.52369268
0.57668401
0.58949919
0.55501386
0.46686026
0.52052853
0.60868212
0.73089056
0.63412701
0.68646803
0.66126076
0.6217212
0.57626975
0.48502243
0.54287968
0.50450818
0.47617234
0.45714858
0.50948961
0.59522071
0.4478365
0.58218163
0.64204551
0.27173048
0.18926438
0.25999514
0.19357358
0.18740629
0.18321654
0.2482598
0.3250384
0.181239
0.42164895
0.33591784
0.39929132
0.3477556
0.33062348
0.26702814
0.18681326
0.25570297
0.19100302
0.18507462
0.18100432
0.2443778
0.31907645
0.17914623
0.31349136
0.3769337
0.17716869
0.23652446
0.17507171
0.17112085
0.22478911
0.29019272
0.16890441
0.28373547
0.33817349
0.40926459
0.39856653
0.30223505
0.35457608
0.42927473
0.29635925
0.41950066
0.17519537
0.23305263
0.17321784
0.16938643
0.22172746
0.28539366
0.16728944
0.27922713
0.33221846
0.40140088
0.39116482
0.48604319
0.45155786
0.52833646
0.51339759
0.56494223
0.55631441
0.59762298
0.54264207
0.47609953
0.44270946
0.51740811
0.5031025
0.55320046
0.31591436
0.34333693
0.38177339
0.30373823
0.3313386
0.36758665
0.30444722
0.37022831
0.41004146
0.44763241
0.41936434
0.39619625
0.43143507
0.40282547
0.4360094
0.30192799
0.36368002
0.2915621
0.31934027
0.35339991
0.29337233
0.35730654
0.38235104
0.41523772
0.3862866
0.42124075
0.42543204
0.476746
0.51349144
0.4610539
0.49528349
0.5017905
0.54345054
0.57935047
0.54939137
0.52591155
0.55913191
0.52850385
0.56757159
0.57091079
0.5844458
0.55533221
0.56071498
0.53109614
0.57424998
0.48718407
0.48919319
0.4453618
0.47707553
0.48517495
0.50837256
0.53891335
0.50761632
0.54910916
0.5489361
0.53698415
0.50686008
0.54876303
0.52706413
0.50248654
0.58954112
0.56127305
0.56229804
0.53368844
0.57758918
0.59463645
0.56721388
0.56388111
0.53628074
0.58092838
0.49120231
0.49321143
0.47790895
0.53505496
0.50610384
0.54858997
0.53312577
0.5053476
0.54841691
0.2898898
0.34437032
0.37098963
0.39885084
0.37223153
0.37347344
0.2763581
0.29999071
0.32517235
0.30153974
0.28782524
0.28367457
0.33540382
0.33671742
0.27330868
0.29844168
0.32512371
0.2795239
0.33409021
0.3517571
0.37693874
0.35030535
0.38865652
0.38713306
0.3739866
0.34885359
0.38560961
0.27938597
0.30734195
0.33921317
0.28229745
0.34438477
0.36850582
0.39904038
0.36974773
0.40647209
0.27025926
0.29689265
0.32507507
0.27537324
0.33277661
0.26720984
0.29534362
0.32502643
0.27122257
0.331463
0.35466061
0.38284303
0.35320885
0.39170343
0.39017997
0.37989088
0.4296697
0.45886758
0.46855941
0.49083357
0.51869478
0.48672879
0.53064673
0.5269614
0.51325333
0.48262401
0.52327608
0.40952506
0.4347067
0.40507252
0.44758334
0.44322283
0.4139776
0.44065963
0.45194386
0.47329458
0.49847622
0.46584127
0.51218429
0.50498671
0.48952251
0.45838795
0.49778913
0.45333136
0.50781188
0.47851923
0.51959076
0.50237043
0.47441445
0.51590544
0.40061999
0.42280084
0.39616745
0.43886231
0.43450179
0.42875377
0.4805688
0.45093463
0.49059155
0.47161509
0.44348131
0.48339397
0.71354791
0.7245125
0.72876766
0.69291125
0.68865609
0.70387584
0.77577563
0.792116
0.68567481
0.74266117
0.84910236
0.75900155
0.38188555
0.34210076
0.36683012
0.40139026
0.3766609
0.36160547
0.7963848
0.81158399
0.80899079
0.76628603
0.76887923
0.78148522
0.70451386
0.72098806
0.7115465
0.67569009
0.68513165
0.69216429
0.64951583
0.66131
0.6587168
0.62970876
0.63230196
0.64150293
0.69420376
0.70433875
0.70680975
0.67439669
0.67192569
0.68453168
0.76658563
0.78050981
0.77657786
0.73776186
0.74169381
0.75168604
0.67981472
0.69501391
0.68467902
0.65226597
0.66260085
0.66746516
0.63349004
0.64445463
0.64052268
0.61451257
0.61844451
0.62547715
0.44482826
0.45302955
0.35881972
0.42803743
0.52224727
0.43623873
0.3940913
0.40304531
0.32106683
0.37805318
0.46003167
0.3870072
0.67542816
0.69320634
0.5989965
0.64375151
0.73796134
0.66152968
0.74222746
0.75713004
0.65621892
0.71055081
0.81146192
0.72545338
0.4276492
0.43509778
0.34573293
0.41161108
0.50097593
0.41905967
0.37992309
0.38812439
0.31030581
0.3646377
0.44245627
0.37283899
0.6476312
0.66397158
0.57460673
0.61739235
0.7067572
0.63373273
0.35985777
0.32058445
0.34716855
0.38358343
0.35699933
0.34431012
0.48819378
0.44658242
0.47502126
0.5095814
0.48114256
0.46797004
0.50345749
0.46067977
0.48726387
0.51996927
0.49338518
0.47719155
0.34132539
0.30453352
0.32863617
0.35783717
0.33373452
0.3210453
0.32876247
0.2918272
0.31843946
0.35015008
0.32353782
0.31321481
0.44774629
0.40847297
0.43759486
0.46679586
0.43767397
0.42752254
0.45092561
0.41114081
0.43775308
0.46444446
0.43783219
0.42465966
0.75496636
0.76804825
0.72959864
0.74268053
0.7159906
0.72700544
0.69114903
0.69374223
0.70475707
0.68153187
0.66047902
0.67268939
0.71442562
0.7177887
0.68365397
0.68029089
0.75523626
0.75528652
0.71783896
0.73039469
0.71457638
0.68044165
0.68370422
0.69352354
0.65288232
0.65283206
0.6638469
0.61030194
0.62257278
0.5853493
0.59762014
0.57253084
0.49113947
0.54812582
0.64233566
0.56094429
0.7256019
0.79353185
0.71026561
0.77462302
0.67094687
0.72660599
0.83028214
0.60934334
0.5116116
0.57321512
0.58493833
0.48142778
0.5370869
0.62887424
0.54935774
0.67858896
0.7763207
0.69492933
0.37087166
0.3313426
0.39248685
0.35295779
0.43334865
0.41907095
0.45363109
0.42704699
0.41276929
0.44267152
0.43502304
0.41939851
0.32331714
0.34773314
0.37961372
0.35519771
0.31476148
0.34026858
0.37324024
0.33504393
0.39983842
0.43171899
0.40512081
0.39218994
0.43591029
0.4104032
0.3961255
0.83780325
0.85511974
0.80297341
0.82028991
0.78490806
0.75082708
0.76026864
0.76889244
0.75044933
0.73682475
0.7960469
0.79278433
0.75202394
0.83685754
0.78620893
0.80277656
0.73556032
0.74544854
0.75287681
0.70800098
0.72320018
0.73201287
0.69868075
0.71749497
0.67911768
0.68239083
0.64653442
0.66282435
0.6660975
0.65857838
0.63039212
0.64325786
0.64750383
0.69811276
0.66397803
0.67386625
0.72235927
0.68491171
0.70297706
0.66839783
0.6342631
0.65077698
0.65307731
0.61995507
0.63315612
0.63642927
0.67701484
0.65269942
0.66683361
0.63803908
0.61424981
0.62369138
0.62891015
0.61749978
0.59810751
0.60412489
0.61031648
0.64961974
0.62211066
0.62537323
0.64304434
0.65665238
0.60564704
0.61553526
0.61978123
0.59133901
0.59791441
0.60313318
0.74242428
0.70607928
0.71810886
0.70214733
0.66973427
0.67366622
0.68229001
0.6451851
0.65500442
0.69425188
0.6958308
0.66513941
0.6635605
0.67485961
0.7296123
0.7281011
0.69431959
0.70582303
0.68971828
0.65902689
0.66362821
0.67105648
0.63602694
0.63753814
0.64616193
0.81859534
0.76944445
0.78526322
0.75910956
0.72029356
0.73062844
0.73686119
0.7095756
0.76497272
0.7603714
0.72349978
0.73678645
0.80033313
0.7926417
0.75267996
0.76774988
0.74189841
0.70502679
0.71580834
0.72084556
0.68202684
0.69595102
0.67114266
0.68845916
0.65440483
0.62199177
0.63872961
0.64005713
0.60951802
0.62305438
0.62535471
0.67124529
0.6405539
0.65133546
0.65511559
0.69115512
0.65737362
0.67394125
0.64041183
0.60972045
0.62668223
0.62703694
0.59908097
0.61295264
0.61428016
0.63338927
0.64647115
0.59704426
0.60737915
0.6106523
0.5845705
0.59170392
0.59594989
0.63142562
0.60691447
0.61151579
0.61746426
0.62373419
0.63628992
0.58844148
0.59922304
0.60152337
0.577802
0.58549344
0.58876659
0.27935457
0.28348633
0.19539217
0.27072556
0.27485732
0.26638872
0.18874708
0.25796479
0.33994327
0.26230163
0.41945978
0.41162296
0.44406367
0.35227633
0.41982426
0.27878399
0.19294105
0.26643339
0.27036006
0.18653486
0.25408279
0.33398132
0.25821455
0.39558485
0.40378615
0.25342286
0.18210199
0.24520402
0.24974595
0.24045701
0.1754569
0.23244326
0.30219038
0.23719027
0.36872282
0.35306106
0.42892386
0.36239143
0.31568632
0.37134544
0.45124397
0.18012867
0.2417322
0.24606904
0.17372248
0.2293816
0.29739132
0.23392353
0.34710603
0.42106016
0.35606004
0.53475973
0.51090235
0.52426844
0.49698862
0.47367887
0.55565735
0.48759259
0.62525443
0.59429667
0.61279375
0.58680162
0.63057193
0.50095868
0.51377715
0.46483046
0.54472899
0.47819656
0.5825549
0.60033307
0.59611391
0.56108095
0.57225652
0.4717161
0.52604798
0.61541283
0.53777119
0.67959305
0.73963705
0.64149098
0.69449563
0.7086793
0.58288447
0.49034026
0.54894677
0.55957472
0.46200442
0.51500907
0.60195141
0.52618464
0.6493542
0.66425677
0.27408165
0.19048994
0.26214122
0.26586281
0.18432265
0.2502008
0.32801937
0.25412747
0.39594933
0.42613189
0.33918954
0.40339791
0.41047013
0.26937931
0.18803882
0.25784905
0.26136555
0.18211043
0.2463188
0.32205742
0.25004038
0.38066393
0.38811251
0.17815535
0.23826037
0.24239213
0.17198806
0.22631994
0.29259225
0.23065679
0.341151
0.41319645
0.34972866
0.30492531
0.35792995
0.43366858
0.36575489
0.17618203
0.23478854
0.23871521
0.17025364
0.22325829
0.28779319
0.22739004
0.33519597
0.40533274
0.34339727
0.49101502
0.50328586
0.45598206
0.53380064
0.46880053
0.57081312
0.5878724
0.56241185
0.60421277
0.61983425
0.48107136
0.49279457
0.44713366
0.52287229
0.4594045
0.55907135
0.57541172
0.34884387
0.3098263
0.33733776
0.37468002
0.33566244
0.4147029
0.40311886
0.43953374
0.4110949
0.39951086
0.42402578
0.40614008
0.30620582
0.33280401
0.36686676
0.29765016
0.32533944
0.36049328
0.322481
0.38927364
0.4233364
0.39455603
0.38431882
0.42752769
0.38825438
0.48056193
0.46889995
0.50438747
0.46335928
0.54642096
0.53468104
0.56924119
0.53894761
0.5272077
0.55236179
0.57258039
0.54321418
0.5298
0.45630806
0.48818863
0.45940827
0.45320785
0.48617951
0.44615663
0.51714205
0.54902263
0.51806008
0.50799444
0.54884956
0.51897811
0.5072382
0.49582564
0.51477534
0.47258079
0.55830263
0.57591958
0.54748074
0.53239229
0.56424346
0.57925878
0.55174731
0.53498459
0.46250847
0.49220687
0.46560868
0.49019775
0.44933595
0.5486765
0.51989614
0.50648196
0.54850344
0.52081417
0.50572572
0.29818036
0.35399363
0.31713006
0.38060589
0.40980689
0.38319462
0.37161058
0.38578336
0.37285248
0.28574991
0.3095392
0.33606062
0.31227133
0.30076522
0.28159924
0.30680706
0.33474701
0.29921619
0.36137337
0.38789479
0.36126844
0.35103122
0.38637133
0.36116351
0.34957947
0.28547403
0.31334111
0.34630654
0.30929957
0.37542843
0.40713905
0.37801716
0.36912677
0.37036868
0.27744857
0.30407492
0.33343341
0.29766716
0.2732979
0.30134278
0.3321198
0.29611813
0.36158322
0.3909417
0.36147829
0.35393473
0.38941825
0.35248298
0.43751575
0.46797156
0.42895398
0.49960307
0.52880407
0.49717256
0.48878118
0.52511874
0.49474205
0.4846764
0.41888166
0.44540308
0.41593967
0.40729879
0.42182365
0.4497636
0.41175133
0.48206408
0.5085855
0.47628503
0.46956792
0.50138792
0.47050598
0.46211461
0.46562016
0.4260911
0.52143342
0.49231153
0.48057162
0.5177481
0.48988102
0.47646684
0.41299768
0.43668205
0.4100557
0.39839372
0.44104257
0.40284626
0.49419034
0.46472693
0.45466129
0.48699276
0.45894788
0.44720797
0.70871187
0.76738859
0.37174551
0.78893501
0.69833907
0.64550938
0.68936772
0.75913583
0.67363994
0.6294836
0.44053349
0.39054925
0.66847892
0.73384042
0.42335443
0.37638104
0.64068196
0.35208394
0.47808191
0.49032452
0.33118535
0.32098864
0.43763441
0.43779263
0.74882344
0.71037383
0.67711063
0.6990398
0.73653761
0.6991403
0.66826814
0.60396104
0.56673756
0.71793376
0.7506145
0.59127923
0.55515101
0.70259747
0.36191473
0.42305897
0.43103502
0.35146543
0.34400086
0.40247961
0.407762
0.82904658
0.77690025
0.74363704
0.77403542
0.81153323
0.76088462
0.73001246
0.72475392
0.67260759
0.6530411
0.68598951
0.71023601
0.6595874
0.64196655
0.67192423
0.63347462
0.61390813
0.63749649
0.661743
0.62434569
0.60672483
0.72425178
0.68790677
0.65942566
0.67969565
0.71196595
0.67667324
0.65058318
0.79401989
0.744869
0.71638789
0.74423625
0.77650655
0.72885338
0.70276331
0.69571811
0.64656722
0.63089199
0.66129037
0.68120021
0.63354703
0.61981743
0.65156177
0.61521676
0.59954154
0.62147071
0.64138054
0.60608784
0.59235824
0.27710595
0.26434518
0.41554137
0.43194396
0.27260869
0.26025809
0.40770455
0.25158441
0.23882364
0.36555712
0.38346514
0.2479075
0.2355569
0.35922574
0.52951408
0.49229061
0.61902409
0.65458044
0.51902279
0.48289457
0.60656341
0.57859743
0.54356447
0.68726119
0.71706634
0.56591562
0.53197792
0.67192491
0.26811144
0.25617101
0.39986774
0.4147649
0.26361418
0.25208393
0.39203092
0.24423058
0.23229016
0.35289435
0.36929694
0.24055367
0.22902341
0.34656296
0.5085315
0.47349854
0.59410274
0.62678349
0.49804021
0.46410251
0.58164206
0.34225316
0.40710688
0.41508293
0.33653629
0.32907172
0.39191484
0.39719723
0.4719606
0.53681433
0.54108089
0.45785816
0.45475795
0.51760107
0.5185191
0.48420322
0.54534746
0.54961403
0.46405858
0.46095837
0.51943713
0.52035515
0.32608699
0.38190026
0.38448899
0.31090526
0.30817313
0.3613209
0.36121598
0.31589029
0.3767228
0.37931153
0.30544099
0.30270885
0.36153075
0.36142583
0.4375553
0.49838781
0.4959573
0.41741067
0.42035265
0.47917455
0.4733955
0.43771352
0.49352679
0.49109628
0.41152669
0.41446868
0.46761645
0.4618374
0.57735027
0.67227043
0.31000795
-0.70710678
-0.67227043
0.50518149
-0.59335069
-0.57019239
-0.39717735
1.0842022e-18
-0.37298049
-1.3010426e-18
0.26592163
0.57019239
0.37298049
-0.3224644
1.2624179e-17
-0.30722904
5.9089018e-18
0.30722904
-0.55214206
-0.35982088
-0.45790755
-0.65022874
-0.52262546
-0.34010476
-0.43871072
-0.62123141
-0.68968861
-0.38507892
-0.31484672
-0.58177154
-0.19858867
6.8541906e-18
-0.1612322
-0.18649024
2.3039296e-18
-0.15361452
-1.0842022e-19
9.2665404e-18
0.52262546
0.62481035
0.44367911
0.34149422
0.43871072
0.53768694
0.38555156
0.28657533
0.34010476
0.62123141
0.54126588
0.28796479
-0.50502481
-0.53738376
-0.34996282
-0.44830913
-0.63573008
-0.48066809
-0.17991044
-0.19253946
4.5790601e-18
-0.15742336
-0.17005238
0.48315229
0.48066809
0.58124864
0.41461533
0.31403478
0.41213114
-0.49284645
-0.17498141
0.44764171
-0.62962442
-0.52858344
-0.57762677
-0.67866776
-0.61353618
-0.5151151
-0.56428826
-0.66270934
-0.69839769
-0.54476291
-0.49893563
-0.64297941
-0.29788301
-0.18924956
-0.26986566
-0.37849911
-0.28880919
-0.18376043
-0.26247211
-0.36752087
-0.39112813
-0.19556407
-0.17744592
-0.35489185
0.44780297
0.50288887
0.41232325
0.35723735
0.41038643
0.4641549
0.38083824
0.32706977
0.35654263
0.50164677
0.465397
0.3277645
-0.47465971
-0.43242284
-0.46123134
-0.42140463
-0.34114264
-0.39018598
-0.48146618
-0.33240477
-0.38157793
-0.47057779
-0.31865556
-0.45310834
-0.52562912
-0.62178972
-0.51504034
-0.60875081
-0.58756112
-0.59744795
-0.50164677
-0.55094975
-0.64675092
-0.68097952
-0.53000461
-0.48675727
-0.62848074
-0.44780297
-0.35654263
-0.41038643
-0.3790297
-0.34503379
-0.3236669
-0.37296988
-0.4596894
-0.31103788
-0.44350992
-0.50445155
-0.5957119
-0.57598197
-0.099294337
3.9691964e-18
-0.089955219
-0.096269729
2.2353199e-18
-0.087490705
4.8789098e-19
5.7166254e-18
9.7391848e-18
-0.080616101
-0.17057132
6.9228003e-18
-0.078711681
-0.16620239
1.094536e-17
-0.15932778
-0.2418483
-0.23613504
-0.27973537
-0.17827131
-0.25507857
-0.18951485
-0.1725169
-0.093245122
5.014435e-19
-0.085026191
-7.0473141e-19
3.4414949e-18
4.1064157e-18
-0.07680726
-0.16183345
7.5877211e-18
-0.15551894
-0.23042178
0.59744795
0.64854039
0.55398132
0.55094975
0.60124003
0.51444518
0.64675092
0.6030295
0.60108031
0.51051469
0.4634157
0.56125726
0.47794061
0.43112852
0.55930807
0.42914722
0.37684353
0.32575109
0.35129006
0.30099978
0.29898637
0.37296988
0.42542093
0.34935323
0.29690219
0.3236669
0.4596894
0.42988642
0.30030505
0.50445155
0.55393967
0.47490904
0.5957119
0.55946779
0.52143421
0.44536652
0.39884135
0.52322368
0.40008344
0.32573659
0.27624848
0.27694321
-0.6036256
-0.6215803
-0.52184927
-0.57095752
-0.67068855
-0.58891222
-0.28387433
-0.2933461
-0.186505
-0.26616889
-0.37300999
-0.27564065
0.43006311
0.4290947
0.48352189
0.39658075
0.34215356
0.39561233
-0.45354127
-0.46794552
-0.42691374
-0.44131799
-0.41130441
-0.33677371
-0.38588195
-0.47602198
-0.40149128
-0.55162795
-0.52033473
-0.61527026
-0.5396643
-0.60549207
-0.50838094
-0.55761901
-0.65473013
-0.57419885
-0.45451716
-0.36203175
-0.41589553
-0.4290947
-0.32803584
-0.3772739
-0.4651336
-0.39167815
-0.50974595
-0.60223136
-0.52770065
-0.094624778
-0.097782033
3.1022582e-18
-0.088722962
-0.091880217
-0.08528566
8.3309926e-18
-0.079663891
-0.16838685
-0.083101193
-0.25585698
-0.23899167
-0.24930358
-0.28427228
-0.18101587
-0.25877534
-0.26740697
-0.094757426
1.3683817e-18
-0.086258448
-0.089135656
5.514608e-18
-0.07775947
-0.16401792
-0.080916725
-0.23327841
-0.24275018
0.57571463
0.57419885
0.62489021
0.53421325
0.53269746
0.532248
0.58116879
0.49422765
0.44727211
0.49619289
0.39458339
0.3640668
0.31337544
0.36606415
0.39167815
0.44478791
0.36509574
0.31198598
0.36116156
0.52770065
0.57758985
0.49467711
0.4896803
0.54134574
0.46165356
0.41498493
0.46013778
0.33851333
0.28862413
0.33754491
-0.59626891
-0.27975749
0.41283772
-0.44742963
-0.40639784
-0.54564612
-0.58155554
-0.43520634
-0.39658472
-0.53368248
-0.093252498
-0.084193426
-0.25258028
-0.27152381
-0.090507937
-0.082008959
-0.24602688
0.55420605
0.51422045
0.38032377
0.37838695
0.51118888
0.47816534
0.35180453
-0.6683656
-0.61662501
-0.64114668
-0.69288727
-0.659989
-0.60892461
-0.63347873
-0.68454312
-0.70275224
-0.62560236
-0.59994725
-0.67467815
-0.34753018
-0.29087867
-0.33118672
-0.38783823
-0.34223712
-0.2865518
-0.32638374
-0.38206906
-0.39415274
-0.29561455
-0.28181591
-0.37575455
0.41039173
0.43893304
0.39365023
0.36510892
0.39281866
0.42096621
0.37749564
0.34934809
0.36476156
0.43844884
0.42145042
0.34969546
-0.51340089
-0.46410049
-0.49106235
-0.54036275
-0.50635422
-0.45768758
-0.48463945
-0.53330609
-0.54845249
-0.47130261
-0.45048545
-0.52521635
-0.46872382
-0.42186363
-0.44638529
-0.49324549
-0.46292468
-0.41665579
-0.44120991
-0.48747881
-0.50198022
-0.42966829
-0.40885113
-0.47874408
-0.61392776
-0.56462736
-0.58670883
-0.63600923
-0.60696846
-0.55830182
-0.58045819
-0.62912483
-0.64660407
-0.57429214
-0.54863704
-0.61852999
-0.6516124
-0.6012242
-0.62581078
-0.67619897
-0.64323579
-0.5935238
-0.61814283
-0.66785483
-0.68533406
-0.60951412
-0.58523388
-0.65871974
-0.49930755
-0.45127466
-0.47821655
-0.52624943
-0.49226088
-0.44486175
-0.47179364
-0.51919277
-0.53369419
