MFEM mesh v1.0

#
# MFEM Geometry Types (see mesh/geom.hpp):
#
# POINT       = 0
# SEGMENT     = 1
# TRIANGLE    = 2
# SQUARE      = 3
# TETRAHEDRON = 4
# CUBE        = 5
#

dimension
3

elements
448
1 5 5 137 449 140 145 450 681 453
1 5 12 149 455 152 157 456 682 459
1 5 3 161 461 164 169 462 683 465
1 5 4 173 467 176 181 468 684 471
1 5 17 185 473 188 193 474 685 477
1 5 12 197 479 157 152 480 686 459
1 5 0 205 484 208 213 485 687 488
1 5 32 217 490 138 146 491 688 451
1 5 93 219 495 227 147 493 689 498
1 5 35 139 500 232 148 452 690 501
1 5 40 141 454 144 234 503 691 506
1 5 94 220 494 142 235 507 692 504
1 5 130 222 499 230 236 509 693 513
1 5 97 143 502 233 237 505 694 516
1 5 34 226 518 150 158 497 695 457
1 5 99 252 522 258 159 520 696 525
1 5 46 151 527 265 160 458 697 529
1 5 43 153 460 156 250 515 698 533
1 5 96 229 521 154 247 512 699 531
1 5 131 254 526 261 272 536 700 540
1 5 102 155 530 267 273 532 701 543
1 5 52 285 545 162 170 546 702 463
1 5 104 287 550 295 171 548 703 553
1 5 55 163 555 299 172 464 704 556
1 5 60 165 466 168 305 558 705 561
1 5 105 288 549 166 306 563 706 559
1 5 132 290 554 298 307 565 707 569
1 5 108 167 557 300 308 560 708 572
1 5 54 294 574 174 182 552 709 469
1 5 110 322 577 326 183 575 710 580
1 5 66 175 582 333 184 470 711 584
1 5 63 177 472 180 321 571 712 588
1 5 107 297 576 178 318 568 713 586
1 5 133 323 581 329 339 591 714 595
1 5 113 179 585 335 340 587 715 598
1 5 71 350 600 186 194 601 716 475
1 5 115 352 605 360 195 603 717 608
1 5 64 187 610 324 196 476 718 578
1 5 62 189 478 192 317 613 719 590
1 5 116 353 604 190 371 617 720 614
1 5 134 355 609 363 372 619 721 623
1 5 111 191 612 327 343 615 722 593
1 5 68 345 627 198 203 628 723 481
1 5 120 385 632 393 204 630 724 635
1 5 43 199 637 250 156 482 725 533
1 5 46 200 483 160 265 640 726 529
1 5 121 386 631 201 404 644 727 641
1 5 135 388 636 396 405 646 728 650
1 5 102 202 639 273 267 642 729 543
1 5 86 417 654 206 214 655 730 486
1 5 125 419 659 427 215 657 731 662
1 5 36 207 664 238 216 487 732 510
1 5 39 209 489 212 249 667 733 517
1 5 126 420 658 210 437 671 734 668
1 5 136 422 663 430 438 673 735 677
1 5 98 211 666 240 245 669 736 514
1 5 137 32 138 449 450 146 451 681
1 5 449 138 93 139 681 451 147 452
1 5 140 449 139 35 453 681 452 148
1 5 145 450 681 453 40 141 454 144
1 5 450 146 451 681 141 94 142 454
1 5 681 451 147 452 454 142 130 143
1 5 453 681 452 148 144 454 143 97
1 5 149 34 150 455 456 158 457 682
1 5 455 150 99 151 682 457 159 458
1 5 152 455 151 46 459 682 458 160
1 5 157 456 682 459 43 153 460 156
1 5 456 158 457 682 153 96 154 460
1 5 682 457 159 458 460 154 131 155
1 5 459 682 458 160 156 460 155 102
1 5 161 52 162 461 462 170 463 683
1 5 461 162 104 163 683 463 171 464
1 5 164 461 163 55 465 683 464 172
1 5 169 462 683 465 60 165 466 168
1 5 462 170 463 683 165 105 166 466
1 5 683 463 171 464 466 166 132 167
1 5 465 683 464 172 168 466 167 108
1 5 173 54 174 467 468 182 469 684
1 5 467 174 110 175 684 469 183 470
1 5 176 467 175 66 471 684 470 184
1 5 181 468 684 471 63 177 472 180
1 5 468 182 469 684 177 107 178 472
1 5 684 469 183 470 472 178 133 179
1 5 471 684 470 184 180 472 179 113
1 5 185 71 186 473 474 194 475 685
1 5 473 186 115 187 685 475 195 476
1 5 188 473 187 64 477 685 476 196
1 5 193 474 685 477 62 189 478 192
1 5 474 194 475 685 189 116 190 478
1 5 685 475 195 476 478 190 134 191
1 5 477 685 476 196 192 478 191 111
1 5 197 68 198 479 480 203 481 686
1 5 479 198 120 199 686 481 204 482
1 5 157 479 199 43 459 686 482 156
1 5 152 480 686 459 46 200 483 160
1 5 480 203 481 686 200 121 201 483
1 5 686 481 204 482 483 201 135 202
1 5 459 686 482 156 160 483 202 102
1 5 205 86 206 484 485 214 486 687
1 5 484 206 125 207 687 486 215 487
1 5 208 484 207 36 488 687 487 216
1 5 213 485 687 488 39 209 489 212
1 5 485 214 486 687 209 126 210 489
1 5 687 486 215 487 489 210 136 211
1 5 488 687 487 216 212 489 211 98
1 5 217 8 218 490 491 223 492 688
1 5 490 218 33 219 688 492 224 493
1 5 138 490 219 93 451 688 493 147
1 5 146 491 688 451 94 220 494 142
1 5 491 223 492 688 220 41 221 494
1 5 688 492 224 493 494 221 95 222
1 5 451 688 493 147 142 494 222 130
1 5 219 33 225 495 493 224 496 689
1 5 495 225 23 226 689 496 231 497
1 5 227 495 226 34 498 689 497 158
1 5 147 493 689 498 130 222 499 230
1 5 493 224 496 689 222 95 228 499
1 5 689 496 231 497 499 228 42 229
1 5 498 689 497 158 230 499 229 96
1 5 139 93 227 500 452 147 498 690
1 5 500 227 34 149 690 498 158 456
1 5 232 500 149 12 501 690 456 157
1 5 148 452 690 501 97 143 502 233
1 5 452 147 498 690 143 130 230 502
1 5 690 498 158 456 502 230 96 153
1 5 501 690 456 157 233 502 153 43
1 5 141 94 142 454 503 235 504 691
1 5 454 142 130 143 691 504 236 505
1 5 144 454 143 97 506 691 505 237
1 5 234 503 691 506 0 208 488 213
1 5 503 235 504 691 208 36 216 488
1 5 691 504 236 505 488 216 98 212
1 5 506 691 505 237 213 488 212 39
1 5 220 41 221 494 507 241 508 692
1 5 494 221 95 222 692 508 242 509
1 5 142 494 222 130 504 692 509 236
1 5 235 507 692 504 36 238 510 216
1 5 507 241 508 692 238 1 239 510
1 5 692 508 242 509 510 239 37 240
1 5 504 692 509 236 216 510 240 98
1 5 222 95 228 499 509 242 511 693
1 5 499 228 42 229 693 511 246 512
1 5 230 499 229 96 513 693 512 247
1 5 236 509 693 513 98 240 514 245
1 5 509 242 511 693 240 37 243 514
1 5 693 511 246 512 514 243 13 244
1 5 513 693 512 247 245 514 244 38
1 5 143 130 230 502 505 236 513 694
1 5 502 230 96 153 694 513 247 515
1 5 233 502 153 43 516 694 515 250
1 5 237 505 694 516 39 212 517 249
1 5 505 236 513 694 212 98 245 517
1 5 694 513 247 515 517 245 38 248
1 5 516 694 515 250 249 517 248 6
1 5 226 23 251 518 497 231 519 695
1 5 518 251 44 252 695 519 255 520
1 5 150 518 252 99 457 695 520 159
1 5 158 497 695 457 96 229 521 154
1 5 497 231 519 695 229 42 253 521
1 5 695 519 255 520 521 253 100 254
1 5 457 695 520 159 154 521 254 131
1 5 252 44 256 522 520 255 523 696
1 5 522 256 24 257 696 523 262 524
1 5 258 522 257 45 525 696 524 263
1 5 159 520 696 525 131 254 526 261
1 5 520 255 523 696 254 100 259 526
1 5 696 523 262 524 526 259 50 260
1 5 525 696 524 263 261 526 260 101
1 5 151 99 258 527 458 159 525 697
1 5 527 258 45 264 697 525 263 528
1 5 265 527 264 11 529 697 528 268
1 5 160 458 697 529 102 155 530 267
1 5 458 159 525 697 155 131 261 530
1 5 697 525 263 528 530 261 101 266
1 5 529 697 528 268 267 530 266 51
1 5 153 96 154 460 515 247 531 698
1 5 460 154 131 155 698 531 272 532
1 5 156 460 155 102 533 698 532 273
1 5 250 515 698 533 6 248 534 271
1 5 515 247 531 698 248 38 269 534
1 5 698 531 272 532 534 269 103 270
1 5 533 698 532 273 271 534 270 49
1 5 229 42 253 521 512 246 535 699
1 5 521 253 100 254 699 535 276 536
1 5 154 521 254 131 531 699 536 272
1 5 247 512 699 531 38 244 537 269
1 5 512 246 535 699 244 13 274 537
1 5 699 535 276 536 537 274 47 275
1 5 531 699 536 272 269 537 275 103
1 5 254 100 259 526 536 276 538 700
1 5 526 259 50 260 700 538 280 539
1 5 261 526 260 101 540 700 539 281
1 5 272 536 700 540 103 275 541 279
1 5 536 276 538 700 275 47 277 541
1 5 700 538 280 539 541 277 14 278
1 5 540 700 539 281 279 541 278 48
1 5 155 131 261 530 532 272 540 701
1 5 530 261 101 266 701 540 281 542
1 5 267 530 266 51 543 701 542 284
1 5 273 532 701 543 49 270 544 283
1 5 532 272 540 701 270 103 279 544
1 5 701 540 281 542 544 279 48 282
1 5 543 701 542 284 283 544 282 7
1 5 285 19 286 545 546 291 547 702
1 5 545 286 53 287 702 547 292 548
1 5 162 545 287 104 463 702 548 171
1 5 170 546 702 463 105 288 549 166
1 5 546 291 547 702 288 61 289 549
1 5 702 547 292 548 549 289 106 290
1 5 463 702 548 171 166 549 290 132
1 5 287 53 293 550 548 292 551 703
1 5 550 293 17 294 703 551 193 552
1 5 295 550 294 54 553 703 552 182
1 5 171 548 703 553 132 290 554 298
1 5 548 292 551 703 290 106 296 554
1 5 703 551 193 552 554 296 62 297
1 5 553 703 552 182 298 554 297 107
1 5 163 104 295 555 464 171 553 704
1 5 555 295 54 173 704 553 182 468
1 5 299 555 173 4 556 704 468 181
1 5 172 464 704 556 108 167 557 300
1 5 464 171 553 704 167 132 298 557
1 5 704 553 182 468 557 298 107 177
1 5 556 704 468 181 300 557 177 63
1 5 165 105 166 466 558 306 559 705
1 5 466 166 132 167 705 559 307 560
1 5 168 466 167 108 561 705 560 308
1 5 305 558 705 561 9 301 562 304
1 5 558 306 559 705 301 56 302 562
1 5 705 559 307 560 562 302 109 303
1 5 561 705 560 308 304 562 303 59
1 5 288 61 289 549 563 312 564 706
1 5 549 289 106 290 706 564 313 565
1 5 166 549 290 132 559 706 565 307
1 5 306 563 706 559 56 309 566 302
1 5 563 312 564 706 309 25 310 566
1 5 706 564 313 565 566 310 57 311
1 5 559 706 565 307 302 566 311 109
1 5 290 106 296 554 565 313 567 707
1 5 554 296 62 297 707 567 317 568
1 5 298 554 297 107 569 707 568 318
1 5 307 565 707 569 109 311 570 316
1 5 565 313 567 707 311 57 314 570
1 5 707 567 317 568 570 314 26 315
1 5 569 707 568 318 316 570 315 58
1 5 167 132 298 557 560 307 569 708
1 5 557 298 107 177 708 569 318 571
1 5 300 557 177 63 572 708 571 321
1 5 308 560 708 572 59 303 573 320
1 5 560 307 569 708 303 109 316 573
1 5 708 569 318 571 573 316 58 319
1 5 572 708 571 321 320 573 319 10
1 5 294 17 188 574 552 193 477 709
1 5 574 188 64 322 709 477 196 575
1 5 174 574 322 110 469 709 575 183
1 5 182 552 709 469 107 297 576 178
1 5 552 193 477 709 297 62 192 576
1 5 709 477 196 575 576 192 111 323
1 5 469 709 575 183 178 576 323 133
1 5 322 64 324 577 575 196 578 710
1 5 577 324 15 325 710 578 330 579
1 5 326 577 325 65 580 710 579 331
1 5 183 575 710 580 133 323 581 329
1 5 575 196 578 710 323 111 327 581
1 5 710 578 330 579 581 327 70 328
1 5 580 710 579 331 329 581 328 112
1 5 175 110 326 582 470 183 580 711
1 5 582 326 65 332 711 580 331 583
1 5 333 582 332 5 584 711 583 140
1 5 184 470 711 584 113 179 585 335
1 5 470 183 580 711 179 133 329 585
1 5 711 580 331 583 585 329 112 334
1 5 584 711 583 140 335 585 334 35
1 5 177 107 178 472 571 318 586 712
1 5 472 178 133 179 712 586 339 587
1 5 180 472 179 113 588 712 587 340
1 5 321 571 712 588 10 319 589 338
1 5 571 318 586 712 319 58 336 589
1 5 712 586 339 587 589 336 114 337
1 5 588 712 587 340 338 589 337 69
1 5 297 62 192 576 568 317 590 713
1 5 576 192 111 323 713 590 343 591
1 5 178 576 323 133 586 713 591 339
1 5 318 568 713 586 58 315 592 336
1 5 568 317 590 713 315 26 341 592
1 5 713 590 343 591 592 341 67 342
1 5 586 713 591 339 336 592 342 114
1 5 323 111 327 581 591 343 593 714
1 5 581 327 70 328 714 593 347 594
1 5 329 581 328 112 595 714 594 348
1 5 339 591 714 595 114 342 596 346
1 5 591 343 593 714 342 67 344 596
1 5 714 593 347 594 596 344 28 345
1 5 595 714 594 348 346 596 345 68
1 5 179 133 329 585 587 339 595 715
1 5 585 329 112 334 715 595 348 597
1 5 335 585 334 35 598 715 597 232
1 5 340 587 715 598 69 337 599 349
1 5 587 339 595 715 337 114 346 599
1 5 715 595 348 597 599 346 68 197
1 5 598 715 597 232 349 599 197 12
1 5 350 18 351 600 601 356 602 716
1 5 600 351 72 352 716 602 357 603
1 5 186 600 352 115 475 716 603 195
1 5 194 601 716 475 116 353 604 190
1 5 601 356 602 716 353 77 354 604
1 5 716 602 357 603 604 354 117 355
1 5 475 716 603 195 190 604 355 134
1 5 352 72 358 605 603 357 606 717
1 5 605 358 16 359 717 606 364 607
1 5 360 605 359 73 608 717 607 365
1 5 195 603 717 608 134 355 609 363
1 5 603 357 606 717 355 117 361 609
1 5 717 606 364 607 609 361 78 362
1 5 608 717 607 365 363 609 362 118
1 5 187 115 360 610 476 195 608 718
1 5 610 360 73 366 718 608 365 611
1 5 324 610 366 15 578 718 611 330
1 5 196 476 718 578 111 191 612 327
1 5 476 195 608 718 191 134 363 612
1 5 718 608 365 611 612 363 118 367
1 5 578 718 611 330 327 612 367 70
1 5 189 116 190 478 613 371 614 719
1 5 478 190 134 191 719 614 372 615
1 5 192 478 191 111 590 719 615 343
1 5 317 613 719 590 26 368 616 341
1 5 613 371 614 719 368 74 369 616
1 5 719 614 372 615 616 369 119 370
1 5 590 719 615 343 341 616 370 67
1 5 353 77 354 604 617 376 618 720
1 5 604 354 117 355 720 618 377 619
1 5 190 604 355 134 614 720 619 372
1 5 371 617 720 614 74 373 620 369
1 5 617 376 618 720 373 27 374 620
1 5 720 618 377 619 620 374 75 375
1 5 614 720 619 372 369 620 375 119
1 5 355 117 361 609 619 377 621 721
1 5 609 361 78 362 721 621 381 622
1 5 363 609 362 118 623 721 622 382
1 5 372 619 721 623 119 375 624 380
1 5 619 377 621 721 375 75 378 624
1 5 721 621 381 622 624 378 29 379
1 5 623 721 622 382 380 624 379 76
1 5 191 134 363 612 615 372 623 722
1 5 612 363 118 367 722 623 382 625
1 5 327 612 367 70 593 722 625 347
1 5 343 615 722 593 67 370 626 344
1 5 615 372 623 722 370 119 380 626
1 5 722 623 382 625 626 380 76 383
1 5 593 722 625 347 344 626 383 28
1 5 345 28 384 627 628 389 629 723
1 5 627 384 79 385 723 629 390 630
1 5 198 627 385 120 481 723 630 204
1 5 203 628 723 481 121 386 631 201
1 5 628 389 629 723 386 84 387 631
1 5 723 629 390 630 631 387 122 388
1 5 481 723 630 204 201 631 388 135
1 5 385 79 391 632 630 390 633 724
1 5 632 391 20 392 724 633 397 634
1 5 393 632 392 80 635 724 634 398
1 5 204 630 724 635 135 388 636 396
1 5 630 390 633 724 388 122 394 636
1 5 724 633 397 634 636 394 85 395
1 5 635 724 634 398 396 636 395 123
1 5 199 120 393 637 482 204 635 725
1 5 637 393 80 399 725 635 398 638
1 5 250 637 399 6 533 725 638 271
1 5 156 482 725 533 102 202 639 273
1 5 482 204 635 725 202 135 396 639
1 5 725 635 398 638 639 396 123 400
1 5 533 725 638 271 273 639 400 49
1 5 200 121 201 483 640 404 641 726
1 5 483 201 135 202 726 641 405 642
1 5 160 483 202 102 529 726 642 267
1 5 265 640 726 529 11 401 643 268
1 5 640 404 641 726 401 81 402 643
1 5 726 641 405 642 643 402 124 403
1 5 529 726 642 267 268 643 403 51
1 5 386 84 387 631 644 409 645 727
1 5 631 387 122 388 727 645 410 646
1 5 201 631 388 135 641 727 646 405
1 5 404 644 727 641 81 406 647 402
1 5 644 409 645 727 406 30 407 647
1 5 727 645 410 646 647 407 82 408
1 5 641 727 646 405 402 647 408 124
1 5 388 122 394 636 646 410 648 728
1 5 636 394 85 395 728 648 414 649
1 5 396 636 395 123 650 728 649 415
1 5 405 646 728 650 124 408 651 413
1 5 646 410 648 728 408 82 411 651
1 5 728 648 414 649 651 411 21 412
1 5 650 728 649 415 413 651 412 83
1 5 202 135 396 639 642 405 650 729
1 5 639 396 123 400 729 650 415 652
1 5 273 639 400 49 543 729 652 283
1 5 267 642 729 543 51 403 653 284
1 5 642 405 650 729 403 124 413 653
1 5 729 650 415 652 653 413 83 416
1 5 543 729 652 283 284 653 416 7
1 5 417 2 418 654 655 423 656 730
1 5 654 418 87 419 730 656 424 657
1 5 206 654 419 125 486 730 657 215
1 5 214 655 730 486 126 420 658 210
1 5 655 423 656 730 420 91 421 658
1 5 730 656 424 657 658 421 127 422
1 5 486 730 657 215 210 658 422 136
1 5 419 87 425 659 657 424 660 731
1 5 659 425 22 426 731 660 431 661
1 5 427 659 426 88 662 731 661 432
1 5 215 657 731 662 136 422 663 430
1 5 657 424 660 731 422 127 428 663
1 5 731 660 431 661 663 428 92 429
1 5 662 731 661 432 430 663 429 128
1 5 207 125 427 664 487 215 662 732
1 5 664 427 88 433 732 662 432 665
1 5 238 664 433 1 510 732 665 239
1 5 216 487 732 510 98 211 666 240
1 5 487 215 662 732 211 136 430 666
1 5 732 662 432 665 666 430 128 434
1 5 510 732 665 239 240 666 434 37
1 5 209 126 210 489 667 437 668 733
1 5 489 210 136 211 733 668 438 669
1 5 212 489 211 98 517 733 669 245
1 5 249 667 733 517 6 399 670 248
1 5 667 437 668 733 399 80 435 670
1 5 733 668 438 669 670 435 129 436
1 5 517 733 669 245 248 670 436 38
1 5 420 91 421 658 671 441 672 734
1 5 658 421 127 422 734 672 442 673
1 5 210 658 422 136 668 734 673 438
1 5 437 671 734 668 80 392 674 435
1 5 671 441 672 734 392 20 439 674
1 5 734 672 442 673 674 439 89 440
1 5 668 734 673 438 435 674 440 129
1 5 422 127 428 663 673 442 675 735
1 5 663 428 92 429 735 675 446 676
1 5 430 663 429 128 677 735 676 447
1 5 438 673 735 677 129 440 678 445
1 5 673 442 675 735 440 89 443 678
1 5 735 675 446 676 678 443 31 444
1 5 677 735 676 447 445 678 444 90
1 5 211 136 430 666 669 438 677 736
1 5 666 430 128 434 736 677 447 679
1 5 240 666 434 37 514 736 679 243
1 5 245 669 736 514 38 436 680 244
1 5 669 438 677 736 436 129 445 680
1 5 736 677 447 679 680 445 90 448
1 5 514 736 679 243 244 680 448 13

boundary
512
1 3 5 137 450 145
1 3 4 173 555 299
1 3 5 332 582 333
1 3 15 366 610 324
1 3 1 433 664 238
1 3 32 217 491 146
1 3 94 220 507 235
1 3 40 141 503 234
1 3 54 294 550 295
1 3 104 287 545 162
1 3 55 163 461 164
1 3 65 325 577 326
1 3 110 322 574 174
1 3 66 175 467 176
1 3 73 359 605 360
1 3 115 352 600 186
1 3 64 187 473 188
1 3 88 426 659 427
1 3 125 419 654 206
1 3 36 207 484 208
1 3 137 32 146 450
1 3 450 146 94 141
1 3 145 450 141 40
1 3 173 54 295 555
1 3 555 295 104 163
1 3 299 555 163 55
1 3 332 65 326 582
1 3 582 326 110 175
1 3 333 582 175 66
1 3 366 73 360 610
1 3 610 360 115 187
1 3 324 610 187 64
1 3 433 88 427 664
1 3 664 427 125 207
1 3 238 664 207 36
1 3 217 8 223 491
1 3 491 223 41 220
1 3 146 491 220 94
1 3 220 41 241 507
1 3 507 241 1 238
1 3 235 507 238 36
1 3 141 94 235 503
1 3 503 235 36 208
1 3 234 503 208 0
1 3 294 17 293 550
1 3 550 293 53 287
1 3 295 550 287 104
1 3 287 53 286 545
1 3 545 286 19 285
1 3 162 545 285 52
1 3 163 104 162 461
1 3 461 162 52 161
1 3 164 461 161 3
1 3 325 15 324 577
1 3 577 324 64 322
1 3 326 577 322 110
1 3 322 64 188 574
1 3 574 188 17 294
1 3 174 574 294 54
1 3 175 110 174 467
1 3 467 174 54 173
1 3 176 467 173 4
1 3 359 16 358 605
1 3 605 358 72 352
1 3 360 605 352 115
1 3 352 72 351 600
1 3 600 351 18 350
1 3 186 600 350 71
1 3 187 115 186 473
1 3 473 186 71 185
1 3 188 473 185 17
1 3 426 22 425 659
1 3 659 425 87 419
1 3 427 659 419 125
1 3 419 87 418 654
1 3 654 418 2 417
1 3 206 654 417 86
1 3 207 125 206 484
1 3 484 206 86 205
1 3 208 484 205 0
30 3 561 305 9 304
30 3 588 321 10 338
30 3 140 449 137 5
30 3 152 455 149 12
30 3 8 218 492 223
30 3 12 232 501 157
30 3 23 251 519 231
30 3 24 257 524 262
30 3 6 248 534 271
30 3 285 19 291 546
30 3 19 286 547 291
30 3 9 301 562 304
30 3 350 18 356 601
30 3 15 325 579 330
30 3 10 319 589 338
30 3 18 351 602 356
30 3 16 359 607 364
30 3 26 368 616 341
30 3 417 2 423 655
30 3 157 479 197 12
30 3 345 28 389 628
30 3 28 384 629 389
30 3 20 392 634 397
30 3 11 401 643 268
30 3 2 418 656 423
30 3 22 426 661 431
30 3 6 399 670 248
30 3 465 169 60 168
30 3 556 172 108 300
30 3 572 308 59 320
30 3 471 181 63 180
30 3 584 184 113 335
30 3 598 340 69 349
30 3 138 490 217 32
30 3 227 495 219 93
30 3 232 500 139 35
30 3 150 518 226 34
30 3 258 522 252 99
30 3 265 527 151 46
30 3 33 225 496 224
30 3 95 228 511 242
30 3 41 221 508 241
30 3 35 140 453 148
30 3 97 144 506 237
30 3 43 233 516 250
30 3 65 332 583 331
30 3 112 334 597 348
30 3 70 328 594 347
30 3 73 366 611 365
30 3 118 367 625 382
30 3 78 362 622 381
30 3 205 86 214 485
30 3 209 126 437 667
30 3 420 91 441 671
30 3 198 627 345 68
30 3 393 632 385 120
30 3 250 637 199 43
30 3 79 391 633 390
30 3 122 394 648 410
30 3 84 387 645 409
30 3 44 256 523 255
30 3 100 259 538 276
30 3 42 253 535 246
30 3 88 433 665 432
30 3 128 434 679 447
30 3 92 429 676 446
30 3 45 264 528 263
30 3 101 266 542 281
30 3 50 260 539 280
30 3 38 244 537 269
30 3 103 275 541 279
30 3 49 270 544 283
30 3 80 399 638 398
30 3 123 400 652 415
30 3 85 395 649 414
30 3 87 425 660 424
30 3 127 428 675 442
30 3 91 421 672 441
30 3 80 392 674 435
30 3 129 440 678 445
30 3 38 436 680 244
30 3 161 52 170 462
30 3 165 105 306 558
30 3 288 61 312 563
30 3 53 293 551 292
30 3 106 296 567 313
30 3 61 289 564 312
30 3 56 309 566 302
30 3 109 311 570 316
30 3 59 303 573 320
30 3 185 71 194 474
30 3 189 116 371 613
30 3 353 77 376 617
30 3 58 315 592 336
30 3 114 342 596 346
30 3 69 337 599 349
30 3 74 373 620 369
30 3 119 375 624 380
30 3 67 370 626 344
30 3 197 68 203 480
30 3 200 121 404 640
30 3 386 84 409 644
30 3 72 358 606 357
30 3 117 361 621 377
30 3 77 354 618 376
30 3 81 406 647 402
30 3 124 408 651 413
30 3 51 403 653 284
30 3 168 60 305 561
30 3 108 168 561 308
30 3 308 561 304 59
30 3 164 3 169 465
30 3 55 164 465 172
30 3 172 465 168 108
30 3 299 55 172 556
30 3 4 299 556 181
30 3 181 556 300 63
30 3 300 108 308 572
30 3 63 300 572 321
30 3 321 572 320 10
30 3 180 63 321 588
30 3 113 180 588 340
30 3 340 588 338 69
30 3 449 138 32 137
30 3 139 93 138 449
30 3 35 139 449 140
30 3 455 150 34 149
30 3 151 99 150 455
30 3 46 151 455 152
30 3 218 33 224 492
30 3 492 224 95 221
30 3 223 492 221 41
30 3 176 4 181 471
30 3 66 176 471 184
30 3 184 471 180 113
30 3 333 66 184 584
30 3 5 333 584 140
30 3 140 584 335 35
30 3 335 113 340 598
30 3 35 335 598 232
30 3 232 598 349 12
30 3 490 218 8 217
30 3 219 33 218 490
30 3 93 219 490 138
30 3 495 225 33 219
30 3 226 23 225 495
30 3 34 226 495 227
30 3 500 227 93 139
30 3 149 34 227 500
30 3 12 149 500 232
30 3 518 251 23 226
30 3 252 44 251 518
30 3 99 252 518 150
30 3 522 256 44 252
30 3 257 24 256 522
30 3 45 257 522 258
30 3 527 258 99 151
30 3 264 45 258 527
30 3 11 264 527 265
30 3 225 23 231 496
30 3 496 231 42 228
30 3 224 496 228 95
30 3 228 42 246 511
30 3 511 246 13 243
30 3 242 511 243 37
30 3 221 95 242 508
30 3 508 242 37 239
30 3 241 508 239 1
30 3 232 35 148 501
30 3 501 148 97 233
30 3 157 501 233 43
30 3 325 65 331 579
30 3 579 331 112 328
30 3 330 579 328 70
30 3 359 73 365 607
30 3 607 365 118 362
30 3 364 607 362 78
30 3 86 417 655 214
30 3 214 655 420 126
30 3 655 423 91 420
30 3 479 198 68 197
30 3 199 120 198 479
30 3 43 199 479 157
30 3 384 79 390 629
30 3 629 390 122 387
30 3 389 629 387 84
30 3 140 5 145 453
30 3 453 145 40 144
30 3 148 453 144 97
30 3 144 40 234 506
30 3 506 234 0 213
30 3 237 506 213 39
30 3 233 97 237 516
30 3 516 237 39 249
30 3 250 516 249 6
30 3 332 5 140 583
30 3 583 140 35 334
30 3 331 583 334 112
30 3 334 35 232 597
30 3 597 232 12 197
30 3 348 597 197 68
30 3 328 112 348 594
30 3 594 348 68 345
30 3 347 594 345 28
30 3 366 15 330 611
30 3 611 330 70 367
30 3 365 611 367 118
30 3 367 70 347 625
30 3 625 347 28 383
30 3 382 625 383 76
30 3 362 118 382 622
30 3 622 382 76 379
30 3 381 622 379 29
30 3 0 205 485 213
30 3 213 485 209 39
30 3 485 214 126 209
30 3 39 209 667 249
30 3 249 667 399 6
30 3 667 437 80 399
30 3 126 420 671 437
30 3 437 671 392 80
30 3 671 441 20 392
30 3 627 384 28 345
30 3 385 79 384 627
30 3 120 385 627 198
30 3 632 391 79 385
30 3 392 20 391 632
30 3 80 392 632 393
30 3 637 393 120 199
30 3 399 80 393 637
30 3 6 399 637 250
30 3 391 20 397 633
30 3 633 397 85 394
30 3 390 633 394 122
30 3 394 85 414 648
30 3 648 414 21 411
30 3 410 648 411 82
30 3 387 122 410 645
30 3 645 410 82 407
30 3 409 645 407 30
30 3 251 44 255 519
30 3 519 255 100 253
30 3 231 519 253 42
30 3 426 88 432 661
30 3 661 432 128 429
30 3 431 661 429 92
30 3 256 24 262 523
30 3 523 262 50 259
30 3 255 523 259 100
30 3 259 50 280 538
30 3 538 280 14 277
30 3 276 538 277 47
30 3 253 100 276 535
30 3 535 276 47 274
30 3 246 535 274 13
30 3 433 1 239 665
30 3 665 239 37 434
30 3 432 665 434 128
30 3 434 37 243 679
30 3 679 243 13 448
30 3 447 679 448 90
30 3 429 128 447 676
30 3 676 447 90 444
30 3 446 676 444 31
30 3 257 45 263 524
30 3 524 263 101 260
30 3 262 524 260 50
30 3 248 38 269 534
30 3 534 269 103 270
30 3 271 534 270 49
30 3 392 80 398 634
30 3 634 398 123 395
30 3 397 634 395 85
30 3 418 87 424 656
30 3 656 424 127 421
30 3 423 656 421 91
30 3 399 80 435 670
30 3 670 435 129 436
30 3 248 670 436 38
30 3 264 11 268 528
30 3 528 268 51 266
30 3 263 528 266 101
30 3 266 51 284 542
30 3 542 284 7 282
30 3 281 542 282 48
30 3 260 101 281 539
30 3 539 281 48 278
30 3 280 539 278 14
30 3 244 13 274 537
30 3 537 274 47 275
30 3 269 537 275 103
30 3 275 47 277 541
30 3 541 277 14 278
30 3 279 541 278 48
30 3 270 103 279 544
30 3 544 279 48 282
30 3 283 544 282 7
30 3 399 6 271 638
30 3 638 271 49 400
30 3 398 638 400 123
30 3 400 49 283 652
30 3 652 283 7 416
30 3 415 652 416 83
30 3 395 123 415 649
30 3 649 415 83 412
30 3 414 649 412 21
30 3 425 22 431 660
30 3 660 431 92 428
30 3 424 660 428 127
30 3 428 92 446 675
30 3 675 446 31 443
30 3 442 675 443 89
30 3 421 127 442 672
30 3 672 442 89 439
30 3 441 672 439 20
30 3 392 20 439 674
30 3 674 439 89 440
30 3 435 674 440 129
30 3 440 89 443 678
30 3 678 443 31 444
30 3 445 678 444 90
30 3 436 129 445 680
30 3 680 445 90 448
30 3 244 680 448 13
30 3 52 285 546 170
30 3 170 546 288 105
30 3 546 291 61 288
30 3 3 161 462 169
30 3 169 462 165 60
30 3 462 170 105 165
30 3 60 165 558 305
30 3 305 558 301 9
30 3 558 306 56 301
30 3 105 288 563 306
30 3 306 563 309 56
30 3 563 312 25 309
30 3 286 53 292 547
30 3 547 292 106 289
30 3 291 547 289 61
30 3 301 56 302 562
30 3 562 302 109 303
30 3 304 562 303 59
30 3 71 350 601 194
30 3 194 601 353 116
30 3 601 356 77 353
30 3 319 58 336 589
30 3 589 336 114 337
30 3 338 589 337 69
30 3 368 74 369 616
30 3 616 369 119 370
30 3 341 616 370 67
30 3 68 345 628 203
30 3 203 628 386 121
30 3 628 389 84 386
30 3 293 17 193 551
30 3 551 193 62 296
30 3 292 551 296 106
30 3 296 62 317 567
30 3 567 317 26 314
30 3 313 567 314 57
30 3 289 106 313 564
30 3 564 313 57 310
30 3 312 564 310 25
30 3 309 25 310 566
30 3 566 310 57 311
30 3 302 566 311 109
30 3 311 57 314 570
30 3 570 314 26 315
30 3 316 570 315 58
30 3 303 109 316 573
30 3 573 316 58 319
30 3 320 573 319 10
30 3 17 185 474 193
30 3 193 474 189 62
30 3 474 194 116 189
30 3 62 189 613 317
30 3 317 613 368 26
30 3 613 371 74 368
30 3 116 353 617 371
30 3 371 617 373 74
30 3 617 376 27 373
30 3 315 26 341 592
30 3 592 341 67 342
30 3 336 592 342 114
30 3 342 67 344 596
30 3 596 344 28 345
30 3 346 596 345 68
30 3 337 114 346 599
30 3 599 346 68 197
30 3 349 599 197 12
30 3 373 27 374 620
30 3 620 374 75 375
30 3 369 620 375 119
30 3 375 75 378 624
30 3 624 378 29 379
30 3 380 624 379 76
30 3 370 119 380 626
30 3 626 380 76 383
30 3 344 626 383 28
30 3 12 197 480 152
30 3 152 480 200 46
30 3 480 203 121 200
30 3 46 200 640 265
30 3 265 640 401 11
30 3 640 404 81 401
30 3 121 386 644 404
30 3 404 644 406 81
30 3 644 409 30 406
30 3 351 72 357 602
30 3 602 357 117 354
30 3 356 602 354 77
30 3 358 16 364 606
30 3 606 364 78 361
30 3 357 606 361 117
30 3 361 78 381 621
30 3 621 381 29 378
30 3 377 621 378 75
30 3 354 117 377 618
30 3 618 377 75 374
30 3 376 618 374 27
30 3 401 81 402 643
30 3 643 402 124 403
30 3 268 643 403 51
30 3 406 30 407 647
30 3 647 407 82 408
30 3 402 647 408 124
30 3 408 82 411 651
30 3 651 411 21 412
30 3 413 651 412 83
30 3 403 124 413 653
30 3 653 413 83 416
30 3 284 653 416 7

vertices
737

nodes
FiniteElementSpace
FiniteElementCollection: H1_3D_P2
VDim: 3
Ordering: 0

-0.57735027
-0.31000795
-0.67227043
-0.67227043
-0.70710678
-0.67227043
-0.50518149
-0.4330127
-0.37298049
-0.57019239
-0.59335069
-0.47240707
-0.57019239
-0.26592163
-0.22368927
-0.84957113
-0.91774188
-0.91774188
-1
-0.84957113
-0.57019239
-0.47240707
-0.37298049
-0.30722904
-0.24775119
-0.68827279
-0.73185567
-0.7835347
-0.68827279
-0.73185567
-0.54236453
-0.30722904
-0.52262546
-0.34010476
-0.43871072
-0.62123141
-0.44367911
-0.28796479
-0.38555156
-0.54126588
-0.62481035
-0.34149422
-0.28657533
-0.53768694
-0.27749011
-0.36007913
-0.52129973
-0.24480545
-0.32835099
-0.46909709
-0.23572023
-0.45270988
-0.76092078
-0.88365651
-0.81242433
-0.68968861
-0.62923259
-0.71006423
-0.66260318
-0.58177154
-0.62123141
-0.76892196
-0.82479877
-0.65022874
-0.88365651
-0.76092078
-0.68968861
-0.71006423
-0.62923259
-0.58177154
-0.76892196
-0.95887094
-0.95887094
-0.88365651
-0.75769518
-0.75769518
-0.71006423
-0.89176735
-0.82479877
-0.62923259
-0.53768694
-0.5073858
-0.5073858
-0.45270988
-0.61531866
-0.52129973
-0.62481035
-0.52262546
-0.34149422
-0.43871072
-0.28657533
-0.62123141
-0.34010476
-0.48066809
-0.48315229
-0.31403478
-0.41213114
-0.58124864
-0.41461533
-0.39939492
-0.26114778
-0.34421506
-0.49519841
-0.35695127
-0.78667256
-0.69507669
-0.79686037
-0.73751376
-0.63573008
-0.64591789
-0.78667256
-0.79686037
-0.69507669
-0.63573008
-0.64591789
-0.92126372
-0.85828306
-0.85828306
-0.79686037
-0.73387971
-0.58345977
-0.5683092
-0.5683092
-0.49519841
-0.48004784
-0.48315229
-0.58124864
-0.48066809
-0.31403478
-0.41213114
-0.44764171
-0.3781731
-0.71629522
-0.71629522
-0.82757172
-0.5317538
-0.44764171
-0.59744795
-0.50164677
-0.55094975
-0.64675092
-0.55398132
-0.465397
-0.51444518
-0.6030295
-0.64854039
-0.50288887
-0.4641549
-0.60124003
-0.50445155
-0.41905282
-0.46034733
-0.54574606
-0.47490904
-0.39515212
-0.43668575
-0.51644268
-0.55393967
-0.42542093
-0.38878401
-0.50824907
-0.71659561
-0.77379667
-0.73818058
-0.68097952
-0.65815405
-0.70568596
-0.67601265
-0.62848074
-0.64675092
-0.72799874
-0.75148389
-0.66270934
-0.75976556
-0.79954844
-0.73818058
-0.69839769
-0.69387125
-0.72690449
-0.67601265
-0.64297941
-0.67866776
-0.77496904
-0.75148389
-0.66270934
-0.93830641
-0.94006733
-0.90246011
-0.90069919
-0.84154092
-0.84292739
-0.81221604
-0.81082957
-0.87127033
-0.908577
-0.87441772
-0.84025844
-0.59971249
-0.60634618
-0.56057335
-0.54480446
-0.5500315
-0.51347611
-0.59877089
-0.55760679
-0.60108031
-0.55398132
-0.4634157
-0.51051469
-0.56125726
-0.51444518
-0.43112852
-0.47794061
-0.55930807
-0.6030295
-0.465397
-0.42914722
-0.44780297
-0.35654263
-0.41038643
-0.41232325
-0.3277645
-0.38083824
-0.35723735
-0.32706977
-0.3236669
-0.37296988
-0.4596894
-0.30030505
-0.34935323
-0.42988642
-0.29690219
-0.5957119
-0.55946779
-0.60108031
-0.4634157
-0.43112852
-0.56125726
-0.37684353
-0.29898637
-0.35129006
-0.32575109
-0.30099978
-0.27694321
-0.32573659
-0.40008344
-0.27624848
-0.39884135
-0.44536652
-0.52322368
-0.52143421
-0.29235958
-0.33844252
-0.27386156
-0.31966044
-0.26931895
-0.26262065
-0.30391516
-0.37973702
-0.248434
-0.28996764
-0.36119408
-0.24173571
-0.35214709
-0.4162431
-0.4968534
-0.39846247
-0.47395415
-0.46255848
-0.37125141
-0.41302418
-0.48713929
-0.36756218
-0.48214775
-0.25536354
-0.30087836
-0.25297661
-0.23424736
-0.27602013
-0.34265113
-0.22970475
-0.33628302
-0.38068184
-0.4510549
-0.44286129
-0.80524596
-0.86661382
-0.83516453
-0.73199933
-0.78289117
-0.7565778
-0.80924655
-0.84025844
-0.90069919
-0.8650831
-0.79954844
-0.81082957
-0.78115627
-0.72690449
-0.69839769
-0.64297941
-0.59971249
-0.63757524
-0.61384472
-0.57598197
-0.5957119
-0.66215464
-0.68110655
-0.60875081
-0.65875269
-0.69916851
-0.67799106
-0.72859738
-0.7534623
-0.72095995
-0.69722943
-0.65426054
-0.77832722
-0.70005847
-0.62797694
-0.58756112
-0.62178972
-0.83516453
-0.7565778
-0.86661382
-0.80524596
-0.77379667
-0.78289117
-0.73199933
-0.70568596
-0.80924655
-0.72799874
-0.71659561
-0.68097952
-0.65815405
-0.62848074
-0.65426054
-0.61384472
-0.58756112
-0.68110655
-0.60875081
-0.72095995
-0.67799106
-0.7534623
-0.69916851
-0.65875269
-0.63757524
-0.72859738
-0.66215464
-0.57598197
-0.97943547
-0.97943547
-0.94006733
-0.8750252
-0.8750252
-0.84292739
-0.94588367
-0.908577
-0.93830641
-0.90069919
-0.90246011
-0.84154092
-0.81082957
-0.81221604
-0.87127033
-0.84025844
-0.86661382
-0.78289117
-0.74477543
-0.74578745
-0.72197197
-0.80798912
-0.78072571
-0.77061494
-0.77061494
-0.74578745
-0.83765102
-0.80798912
-0.74477543
-0.72095995
-0.72197197
-0.77832722
-0.7534623
-0.69916851
-0.65875269
-0.60634618
-0.59181393
-0.59181393
-0.5500315
-0.65179573
-0.59877089
-0.59971249
-0.55393967
-0.56057335
-0.54480446
-0.50824907
-0.51347611
-0.54574606
-0.51644268
-0.52143421
-0.48214775
-0.48989643
-0.49371682
-0.46637886
-0.5378475
-0.50590082
-0.52487517
-0.52487517
-0.49371682
-0.5788416
-0.5378475
-0.48989643
-0.46255848
-0.46637886
-0.4968534
-0.47395415
-0.44286129
-0.64854039
-0.59744795
-0.50288887
-0.60124003
-0.55094975
-0.4641549
-0.64675092
-0.50164677
-0.44780297
-0.35723735
-0.41232325
-0.41038643
-0.32706977
-0.38083824
-0.35654263
-0.3277645
-0.32575109
-0.30099978
-0.47490904
-0.39884135
-0.55946779
-0.42988642
-0.50445155
-0.42542093
-0.5957119
-0.4596894
-0.37296988
-0.29690219
-0.34935323
-0.3236669
-0.30030505
-0.27624848
-0.57419885
-0.57571463
-0.48352189
-0.53269746
-0.62489021
-0.53421325
-0.48239944
-0.4896803
-0.40710247
-0.44851654
-0.53109437
-0.4557974
-0.72738809
-0.68737483
-0.73974131
-0.70709662
-0.65473013
-0.66708335
-0.74897307
-0.7268184
-0.76322647
-0.70709662
-0.67068855
-0.68494195
-0.92038326
-0.88992366
-0.89149736
-0.85733808
-0.85576438
-0.82687848
-0.58014292
-0.57225848
-0.57818884
-0.53702473
-0.52914029
-0.532248
-0.58116879
-0.53421325
-0.44727211
-0.49422765
-0.49619289
-0.4290947
-0.43006311
-0.34215356
-0.39561233
-0.39658075
-0.39167815
-0.31198598
-0.36116156
-0.44478791
-0.36509574
-0.52770065
-0.57758985
-0.49467711
-0.532248
-0.44727211
-0.49619289
-0.58116879
-0.39458339
-0.31337544
-0.36606415
-0.3640668
-0.28862413
-0.33754491
-0.41498493
-0.33851333
-0.46013778
-0.54134574
-0.46165356
-0.3557062
-0.28311057
-0.32905148
-0.33450684
-0.32117884
-0.25552733
-0.2969414
-0.37046555
-0.30481404
-0.43829521
-0.40735278
-0.48540377
-0.41757411
-0.38320176
-0.42485497
-0.50179098
-0.42919535
-0.26461255
-0.3102694
-0.31330748
-0.24134068
-0.28299389
-0.3519226
-0.28844924
-0.38957216
-0.46250452
-0.39685301
-0.82020525
-0.76862264
-0.82475249
-0.79587116
-0.74428856
-0.85012382
-0.85576438
-0.82311968
-0.76322647
-0.76886703
-0.74897307
-0.67068855
-0.68494195
-0.62893327
-0.6716306
-0.64492868
-0.60223136
-0.6067786
-0.69537601
-0.74102984
-0.71728443
-0.66837188
-0.76589476
-0.73919285
-0.69058251
-0.68761024
-0.66092409
-0.61527026
-0.62091083
-0.85012382
-0.79587116
-0.76886703
-0.82020525
-0.82475249
-0.76862264
-0.73974131
-0.74428856
-0.72738809
-0.68737483
-0.65473013
-0.66708335
-0.69058251
-0.64492868
-0.61527026
-0.62091083
-0.76589476
-0.71728443
-0.68761024
-0.74102984
-0.69537601
-0.6716306
-0.66837188
-0.62893327
-0.60223136
-0.6067786
-0.9597514
-0.92723034
-0.92723034
-0.89149736
-0.8589763
-0.92038326
-0.88992366
-0.85576438
-0.85733808
-0.82687848
-0.88453697
-0.82475249
-0.7975536
-0.79315817
-0.79435742
-0.76709401
-0.7333737
-0.82282007
-0.82282007
-0.79435742
-0.75820119
-0.79315817
-0.76589476
-0.76709401
-0.7333737
-0.74102984
-0.71057024
-0.63254944
-0.62528331
-0.62528331
-0.57818884
-0.57092272
-0.58014292
-0.57225848
-0.53109437
-0.53702473
-0.52914029
-0.54100378
-0.50179098
-0.49781193
-0.51735045
-0.52187416
-0.48992749
-0.47813765
-0.55834455
-0.55834455
-0.52187416
-0.50929599
-0.51735045
-0.48540377
-0.48992749
-0.47813765
-0.46250452
-0.45462008
-0.57571463
-0.62489021
-0.57419885
-0.48352189
-0.53269746
-0.43006311
-0.4290947
-0.34215356
-0.39658075
-0.39561233
-0.39458339
-0.31337544
-0.36606415
-0.54134574
-0.49467711
-0.41498493
-0.46013778
-0.57758985
-0.52770065
-0.44478791
-0.4896803
-0.39167815
-0.31198598
-0.36509574
-0.36116156
-0.28862413
-0.33754491
-0.55420605
-0.46909842
-0.69723572
-0.71695751
-0.87363087
-0.5546416
-0.51422045
-0.41283772
-0.37838695
-0.51118888
-0.51422045
-0.38032377
-0.35180453
-0.47816534
-0.34510652
-0.31299644
-0.42793466
-0.44249637
-0.32390716
-0.29663164
-0.40721356
-0.7822469
-0.80949542
-0.71695751
-0.63693098
-0.70633022
-0.72823864
-0.65292639
-0.80949542
-0.7822469
-0.69723572
-0.65292639
-0.72823864
-0.70633022
-0.63693098
-0.90936385
-0.87363087
-0.84104529
-0.78012609
-0.80858874
-0.78012609
-0.75406192
-0.60173608
-0.5546416
-0.51940786
-0.50363897
-0.54010936
-0.50363897
-0.476216
-0.55420605
-0.41283772
-0.38032377
-0.47816534
-0.51118888
-0.37838695
-0.35180453
-0.63485919
-0.5858234
-0.61047489
-0.65951068
-0.61212751
-0.56496034
-0.58954813
-0.6367153
-0.66040541
-0.58658129
-0.56420245
-0.63582057
-0.53732197
-0.4934255
-0.51407275
-0.55796923
-0.52180998
-0.47938936
-0.50009639
-0.54251702
-0.56206603
-0.49706592
-0.47574893
-0.53842021
-0.69443302
-0.72199185
-0.70418381
-0.67662498
-0.66706288
-0.69230528
-0.67598293
-0.65074053
-0.65951068
-0.70198522
-0.71231191
-0.66785483
-0.73343617
-0.75436931
-0.72368538
-0.70275224
-0.70274308
-0.72188795
-0.69382303
-0.67467815
-0.69288727
-0.74329198
-0.73296529
-0.68454312
-0.92802414
-0.92934483
-0.91054123
-0.90922054
-0.88059699
-0.88177727
-0.86469763
-0.86351735
-0.8945061
-0.91411504
-0.89700707
-0.87823179
-0.58495244
-0.58992771
-0.56704129
-0.55900227
-0.56345004
-0.54286799
-0.58598549
-0.56739226
-0.58921529
-0.56666416
-0.52138135
-0.54393248
-0.57023843
-0.54769462
-0.50422405
-0.52676786
-0.56832917
-0.59112455
-0.52323423
-0.50237117
-0.48521422
-0.43844884
-0.46537074
-0.51213612
-0.46647599
-0.42145042
-0.4481798
-0.49320538
-0.51275717
-0.43893304
-0.42096621
-0.49258433
-0.44552726
-0.40103229
-0.42568378
-0.47017874
-0.42988362
-0.38699964
-0.41158743
-0.45447141
-0.47241149
-0.40299938
-0.38503255
-0.45223866
-0.58609058
-0.5393252
-0.56170628
-0.60847166
-0.56696875
-0.52194317
-0.54438936
-0.58941494
-0.61123572
-0.54182361
-0.51944477
-0.58665087
-0.58939583
-0.54409728
-0.56862137
-0.61391992
-0.56666416
-0.52323423
-0.54769462
-0.59112455
-0.61294533
-0.54311466
-0.52421685
-0.59209914
-0.44773777
-0.404452
-0.43098887
-0.47427464
-0.42899955
-0.38745358
-0.41379794
-0.4553439
-0.47328399
-0.40345332
-0.38845226
-0.45633455
-0.41423998
-0.37296699
-0.39749108
-0.43876407
-0.39859634
-0.35893434
-0.38339473
-0.42305673
-0.43938512
-0.3734512
-0.35845014
-0.42243568
-0.54784691
-0.50456114
-0.52707245
-0.57035822
-0.52872508
-0.48717911
-0.50975554
-0.5513015
-0.57125295
-0.50531903
-0.48642122
-0.55040676
-0.4058403
-0.36433804
-0.38737951
-0.42888177
-0.39329124
-0.35313404
-0.37610449
-0.4162617
-0.43206582
-0.36706572
-0.35040636
-0.41307764
-0.36891872
-0.32981068
-0.35045793
-0.38956597
-0.35891774
-0.32102396
-0.34173099
-0.37962478
-0.39408946
-0.333747
-0.31708764
-0.37510129
-0.49082353
-0.44932127
-0.4675743
-0.50907656
-0.47838281
-0.4382256
-0.45666922
-0.49682642
-0.5147744
-0.45443193
-0.43311494
-0.49112859
-0.50629799
-0.46535322
-0.48612004
-0.52706481
-0.490786
-0.45131708
-0.47214368
-0.5116126
-0.52956058
-0.46752341
-0.44914688
-0.50911683
-0.38074219
-0.34193004
-0.36482948
-0.40364163
-0.36819313
-0.33072603
-0.35355446
-0.39102156
-0.40548624
-0.34344907
-0.329207
-0.38917694
-0.34891677
-0.31223724
-0.33300406
-0.36968359
-0.33891579
-0.30345052
-0.32427712
-0.35974239
-0.37286764
-0.31496492
-0.30072284
-0.35655834
-0.46594208
-0.42712993
-0.44576413
-0.48457628
-0.45350136
-0.41603427
-0.43485904
-0.47232614
-0.48867308
-0.43077036
-0.41239384
-0.46822934
-0.78308337
-0.8127256
-0.79700096
-0.76735873
-0.74831069
-0.77543477
-0.76099411
-0.73387002
-0.74445976
-0.7869343
-0.80122607
-0.75676899
-0.81091854
-0.84264417
-0.82483613
-0.7931105
-0.77367753
-0.80268329
-0.78636095
-0.75735518
-0.76907822
-0.81551785
-0.82980962
-0.78138745
-0.71393459
-0.74357683
-0.72368538
-0.69404315
-0.68490298
-0.71202706
-0.69382303
-0.66669895
-0.67619897
-0.7226386
-0.73296529
-0.68454312
-0.63969273
-0.6626187
-0.64778205
-0.62485608
-0.61232259
-0.63293212
-0.61958117
-0.59897163
-0.60847166
-0.64354366
-0.65200716
-0.61535605
-0.71353801
-0.73814394
-0.72498726
-0.70038132
-0.67876533
-0.70085311
-0.68898041
-0.66689262
-0.67861566
-0.71368767
-0.72530939
-0.68865828
-0.73643651
-0.76272241
-0.74788576
-0.72159986
-0.69919549
-0.72276153
-0.70941057
-0.68584453
-0.69870089
-0.73693111
-0.74855283
-0.7087435
-0.65587136
-0.6804773
-0.66396068
-0.63935474
-0.62683975
-0.64892753
-0.63409833
-0.61201054
-0.62224044
-0.66047067
-0.66893417
-0.62912483
-0.83875372
-0.85760346
-0.82483613
-0.80598639
-0.79904436
-0.81630755
-0.78636095
-0.76909775
-0.79369669
-0.84410139
-0.82980962
-0.78138745
-0.81091854
-0.82768489
-0.79700096
-0.78023461
-0.77367753
-0.78905903
-0.76099411
-0.7456126
-0.76907822
-0.81551785
-0.80122607
-0.75676899
-0.71393459
-0.73278434
-0.70418381
-0.68533406
-0.68490298
-0.70216617
-0.67598293
-0.65871974
-0.67619897
-0.7226386
-0.71231191
-0.66785483
-0.67204999
-0.6894066
-0.66396068
-0.64660407
-0.6413569
-0.65692524
-0.63409833
-0.61852999
-0.63600923
-0.67739767
-0.66893417
-0.62912483
-0.75933501
-0.77501165
-0.74788576
-0.73220912
-0.71962566
-0.73371574
-0.70941057
-0.69532049
-0.71878611
-0.76017456
-0.74855283
-0.7087435
-0.73643651
-0.75043318
-0.72498726
-0.71099059
-0.69919549
-0.71180732
-0.68898041
-0.67636858
-0.69870089
-0.73693111
-0.72530939
-0.68865828
-0.65587136
-0.671548
-0.64778205
