MFEM mesh v1.0

#
# MFEM Geometry Types (see mesh/geom.hpp):
#
# POINT       = 0
# SEGMENT     = 1
# TRIANGLE    = 2
# SQUARE      = 3
# TETRAHEDRON = 4
# CUBE        = 5
#

dimension
3

elements
512
1 5 4 125 425 128 133 426 665 429
1 5 10 137 431 140 145 432 666 435
1 5 12 149 437 152 157 438 667 441
1 5 21 161 443 164 169 444 668 447
1 5 2 173 449 176 181 450 669 453
1 5 3 185 455 188 193 456 670 459
1 5 14 197 461 200 205 462 671 465
1 5 13 209 467 212 217 468 672 471
1 5 27 221 473 126 134 474 673 427
1 5 81 223 478 231 135 476 674 481
1 5 30 127 483 238 136 428 675 485
1 5 35 129 430 132 242 487 676 490
1 5 82 224 477 130 243 491 677 488
1 5 117 226 482 234 244 493 678 497
1 5 85 131 486 240 245 489 679 500
1 5 31 246 494 138 146 502 680 433
1 5 86 248 498 253 147 504 681 508
1 5 34 139 501 257 148 434 682 511
1 5 43 141 436 144 276 513 683 516
1 5 87 259 505 142 277 518 684 514
1 5 118 261 509 266 278 520 685 524
1 5 90 143 512 270 279 515 686 527
1 5 47 293 529 150 158 530 687 439
1 5 92 294 533 298 159 531 688 535
1 5 49 151 537 301 160 440 689 538
1 5 53 153 442 156 303 540 690 543
1 5 93 295 532 154 304 544 691 541
1 5 119 296 536 300 305 545 692 548
1 5 95 155 539 302 306 542 693 551
1 5 50 307 546 162 170 553 694 445
1 5 96 308 549 310 171 554 695 557
1 5 52 163 552 312 172 446 696 559
1 5 58 165 448 168 323 561 697 564
1 5 97 314 555 166 324 566 698 562
1 5 120 315 558 317 325 567 699 570
1 5 99 167 560 318 326 563 700 573
1 5 60 335 575 174 182 576 701 451
1 5 101 336 579 341 183 577 702 582
1 5 63 175 584 348 184 452 703 586
1 5 68 177 454 180 352 588 704 591
1 5 102 337 578 178 353 592 705 589
1 5 121 338 583 344 354 594 706 598
1 5 105 179 587 350 355 590 707 601
1 5 48 297 603 186 194 534 708 457
1 5 107 367 606 370 195 604 709 608
1 5 61 187 610 339 196 458 710 580
1 5 54 189 460 192 313 550 711 593
1 5 94 299 605 190 311 547 712 613
1 5 122 368 609 372 376 615 713 618
1 5 103 191 612 342 358 614 714 596
1 5 64 356 595 198 206 622 715 463
1 5 106 357 599 361 207 623 716 627
1 5 67 199 602 365 208 464 717 630
1 5 77 201 466 204 396 632 718 635
1 5 110 382 624 202 397 637 719 633
1 5 123 383 628 386 398 639 720 643
1 5 113 203 631 390 399 634 721 646
1 5 51 309 616 210 218 556 722 469
1 5 109 377 619 379 219 648 723 651
1 5 65 211 621 359 220 470 724 625
1 5 59 213 472 216 334 572 725 638
1 5 98 316 649 214 331 569 726 655
1 5 124 412 652 414 419 658 727 661
1 5 111 215 654 384 403 656 728 641
1 5 125 27 126 425 426 134 427 665
1 5 425 126 81 127 665 427 135 428
1 5 128 425 127 30 429 665 428 136
1 5 133 426 665 429 35 129 430 132
1 5 426 134 427 665 129 82 130 430
1 5 665 427 135 428 430 130 117 131
1 5 429 665 428 136 132 430 131 85
1 5 137 31 138 431 432 146 433 666
1 5 431 138 86 139 666 433 147 434
1 5 140 431 139 34 435 666 434 148
1 5 145 432 666 435 43 141 436 144
1 5 432 146 433 666 141 87 142 436
1 5 666 433 147 434 436 142 118 143
1 5 435 666 434 148 144 436 143 90
1 5 149 47 150 437 438 158 439 667
1 5 437 150 92 151 667 439 159 440
1 5 152 437 151 49 441 667 440 160
1 5 157 438 667 441 53 153 442 156
1 5 438 158 439 667 153 93 154 442
1 5 667 439 159 440 442 154 119 155
1 5 441 667 440 160 156 442 155 95
1 5 161 50 162 443 444 170 445 668
1 5 443 162 96 163 668 445 171 446
1 5 164 443 163 52 447 668 446 172
1 5 169 444 668 447 58 165 448 168
1 5 444 170 445 668 165 97 166 448
1 5 668 445 171 446 448 166 120 167
1 5 447 668 446 172 168 448 167 99
1 5 173 60 174 449 450 182 451 669
1 5 449 174 101 175 669 451 183 452
1 5 176 449 175 63 453 669 452 184
1 5 181 450 669 453 68 177 454 180
1 5 450 182 451 669 177 102 178 454
1 5 669 451 183 452 454 178 121 179
1 5 453 669 452 184 180 454 179 105
1 5 185 48 186 455 456 194 457 670
1 5 455 186 107 187 670 457 195 458
1 5 188 455 187 61 459 670 458 196
1 5 193 456 670 459 54 189 460 192
1 5 456 194 457 670 189 94 190 460
1 5 670 457 195 458 460 190 122 191
1 5 459 670 458 196 192 460 191 103
1 5 197 64 198 461 462 206 463 671
1 5 461 198 106 199 671 463 207 464
1 5 200 461 199 67 465 671 464 208
1 5 205 462 671 465 77 201 466 204
1 5 462 206 463 671 201 110 202 466
1 5 671 463 207 464 466 202 123 203
1 5 465 671 464 208 204 466 203 113
1 5 209 51 210 467 468 218 469 672
1 5 467 210 109 211 672 469 219 470
1 5 212 467 211 65 471 672 470 220
1 5 217 468 672 471 59 213 472 216
1 5 468 218 469 672 213 98 214 472
1 5 672 469 219 470 472 214 124 215
1 5 471 672 470 220 216 472 215 111
1 5 221 7 222 473 474 227 475 673
1 5 473 222 28 223 673 475 228 476
1 5 126 473 223 81 427 673 476 135
1 5 134 474 673 427 82 224 477 130
1 5 474 227 475 673 224 36 225 477
1 5 673 475 228 476 477 225 83 226
1 5 427 673 476 135 130 477 226 117
1 5 223 28 229 478 476 228 479 674
1 5 478 229 1 230 674 479 235 480
1 5 231 478 230 29 481 674 480 236
1 5 135 476 674 481 117 226 482 234
1 5 476 228 479 674 226 83 232 482
1 5 674 479 235 480 482 232 37 233
1 5 481 674 480 236 234 482 233 84
1 5 127 81 231 483 428 135 481 675
1 5 483 231 29 237 675 481 236 484
1 5 238 483 237 0 485 675 484 241
1 5 136 428 675 485 85 131 486 240
1 5 428 135 481 675 131 117 234 486
1 5 675 481 236 484 486 234 84 239
1 5 485 675 484 241 240 486 239 38
1 5 129 82 130 430 487 243 488 676
1 5 430 130 117 131 676 488 244 489
1 5 132 430 131 85 490 676 489 245
1 5 242 487 676 490 10 137 431 140
1 5 487 243 488 676 137 31 138 431
1 5 676 488 244 489 431 138 86 139
1 5 490 676 489 245 140 431 139 34
1 5 224 36 225 477 491 249 492 677
1 5 477 225 83 226 677 492 250 493
1 5 130 477 226 117 488 677 493 244
1 5 243 491 677 488 31 246 494 138
1 5 491 249 492 677 246 19 247 494
1 5 677 492 250 493 494 247 32 248
1 5 488 677 493 244 138 494 248 86
1 5 226 83 232 482 493 250 495 678
1 5 482 232 37 233 678 495 254 496
1 5 234 482 233 84 497 678 496 255
1 5 244 493 678 497 86 248 498 253
1 5 493 250 495 678 248 32 251 498
1 5 678 495 254 496 498 251 8 252
1 5 497 678 496 255 253 498 252 33
1 5 131 117 234 486 489 244 497 679
1 5 486 234 84 239 679 497 255 499
1 5 240 486 239 38 500 679 499 258
1 5 245 489 679 500 34 139 501 257
1 5 489 244 497 679 139 86 253 501
1 5 679 497 255 499 501 253 33 256
1 5 500 679 499 258 257 501 256 5
1 5 246 19 247 494 502 262 503 680
1 5 494 247 32 248 680 503 263 504
1 5 138 494 248 86 433 680 504 147
1 5 146 502 680 433 87 259 505 142
1 5 502 262 503 680 259 44 260 505
1 5 680 503 263 504 505 260 88 261
1 5 433 680 504 147 142 505 261 118
1 5 248 32 251 498 504 263 506 681
1 5 498 251 8 252 681 506 267 507
1 5 253 498 252 33 508 681 507 268
1 5 147 504 681 508 118 261 509 266
1 5 504 263 506 681 261 88 264 509
1 5 681 506 267 507 509 264 45 265
1 5 508 681 507 268 266 509 265 89
1 5 139 86 253 501 434 147 508 682
1 5 501 253 33 256 682 508 268 510
1 5 257 501 256 5 511 682 510 271
1 5 148 434 682 511 90 143 512 270
1 5 434 147 508 682 143 118 266 512
1 5 682 508 268 510 512 266 89 269
1 5 511 682 510 271 270 512 269 46
1 5 141 87 142 436 513 277 514 683
1 5 436 142 118 143 683 514 278 515
1 5 144 436 143 90 516 683 515 279
1 5 276 513 683 516 11 272 517 275
1 5 513 277 514 683 272 39 273 517
1 5 683 514 278 515 517 273 91 274
1 5 516 683 515 279 275 517 274 42
1 5 259 44 260 505 518 283 519 684
1 5 505 260 88 261 684 519 284 520
1 5 142 505 261 118 514 684 520 278
1 5 277 518 684 514 39 280 521 273
1 5 518 283 519 684 280 20 281 521
1 5 684 519 284 520 521 281 40 282
1 5 514 684 520 278 273 521 282 91
1 5 261 88 264 509 520 284 522 685
1 5 509 264 45 265 685 522 288 523
1 5 266 509 265 89 524 685 523 289
1 5 278 520 685 524 91 282 525 287
1 5 520 284 522 685 282 40 285 525
1 5 685 522 288 523 525 285 9 286
1 5 524 685 523 289 287 525 286 41
1 5 143 118 266 512 515 278 524 686
1 5 512 266 89 269 686 524 289 526
1 5 270 512 269 46 527 686 526 292
1 5 279 515 686 527 42 274 528 291
1 5 515 278 524 686 274 91 287 528
1 5 686 524 289 526 528 287 41 290
1 5 527 686 526 292 291 528 290 6
1 5 293 4 128 529 530 133 429 687
1 5 529 128 30 294 687 429 136 531
1 5 150 529 294 92 439 687 531 159
1 5 158 530 687 439 93 295 532 154
1 5 530 133 429 687 295 35 132 532
1 5 687 429 136 531 532 132 85 296
1 5 439 687 531 159 154 532 296 119
1 5 294 30 238 533 531 136 485 688
1 5 533 238 0 297 688 485 241 534
1 5 298 533 297 48 535 688 534 194
1 5 159 531 688 535 119 296 536 300
1 5 531 136 485 688 296 85 240 536
1 5 688 485 241 534 536 240 38 299
1 5 535 688 534 194 300 536 299 94
1 5 151 92 298 537 440 159 535 689
1 5 537 298 48 185 689 535 194 456
1 5 301 537 185 3 538 689 456 193
1 5 160 440 689 538 95 155 539 302
1 5 440 159 535 689 155 119 300 539
1 5 689 535 194 456 539 300 94 189
1 5 538 689 456 193 302 539 189 54
1 5 153 93 154 442 540 304 541 690
1 5 442 154 119 155 690 541 305 542
1 5 156 442 155 95 543 690 542 306
1 5 303 540 690 543 21 161 443 164
1 5 540 304 541 690 161 50 162 443
1 5 690 541 305 542 443 162 96 163
1 5 543 690 542 306 164 443 163 52
1 5 295 35 132 532 544 242 490 691
1 5 532 132 85 296 691 490 245 545
1 5 154 532 296 119 541 691 545 305
1 5 304 544 691 541 50 307 546 162
1 5 544 242 490 691 307 10 140 546
1 5 691 490 245 545 546 140 34 308
1 5 541 691 545 305 162 546 308 96
1 5 296 85 240 536 545 245 500 692
1 5 536 240 38 299 692 500 258 547
1 5 300 536 299 94 548 692 547 311
1 5 305 545 692 548 96 308 549 310
1 5 545 245 500 692 308 34 257 549
1 5 692 500 258 547 549 257 5 309
1 5 548 692 547 311 310 549 309 51
1 5 155 119 300 539 542 305 548 693
1 5 539 300 94 189 693 548 311 550
1 5 302 539 189 54 551 693 550 313
1 5 306 542 693 551 52 163 552 312
1 5 542 305 548 693 163 96 310 552
1 5 693 548 311 550 552 310 51 209
1 5 551 693 550 313 312 552 209 13
1 5 307 10 140 546 553 145 435 694
1 5 546 140 34 308 694 435 148 554
1 5 162 546 308 96 445 694 554 171
1 5 170 553 694 445 97 314 555 166
1 5 553 145 435 694 314 43 144 555
1 5 694 435 148 554 555 144 90 315
1 5 445 694 554 171 166 555 315 120
1 5 308 34 257 549 554 148 511 695
1 5 549 257 5 309 695 511 271 556
1 5 310 549 309 51 557 695 556 218
1 5 171 554 695 557 120 315 558 317
1 5 554 148 511 695 315 90 270 558
1 5 695 511 271 556 558 270 46 316
1 5 557 695 556 218 317 558 316 98
1 5 163 96 310 552 446 171 557 696
1 5 552 310 51 209 696 557 218 468
1 5 312 552 209 13 559 696 468 217
1 5 172 446 696 559 99 167 560 318
1 5 446 171 557 696 167 120 317 560
1 5 696 557 218 468 560 317 98 213
1 5 559 696 468 217 318 560 213 59
1 5 165 97 166 448 561 324 562 697
1 5 448 166 120 167 697 562 325 563
1 5 168 448 167 99 564 697 563 326
1 5 323 561 697 564 22 319 565 322
1 5 561 324 562 697 319 55 320 565
1 5 697 562 325 563 565 320 100 321
1 5 564 697 563 326 322 565 321 57
1 5 314 43 144 555 566 276 516 698
1 5 555 144 90 315 698 516 279 567
1 5 166 555 315 120 562 698 567 325
1 5 324 566 698 562 55 327 568 320
1 5 566 276 516 698 327 11 275 568
1 5 698 516 279 567 568 275 42 328
1 5 562 698 567 325 320 568 328 100
1 5 315 90 270 558 567 279 527 699
1 5 558 270 46 316 699 527 292 569
1 5 317 558 316 98 570 699 569 331
1 5 325 567 699 570 100 328 571 330
1 5 567 279 527 699 328 42 291 571
1 5 699 527 292 569 571 291 6 329
1 5 570 699 569 331 330 571 329 56
1 5 167 120 317 560 563 325 570 700
1 5 560 317 98 213 700 570 331 572
1 5 318 560 213 59 573 700 572 334
1 5 326 563 700 573 57 321 574 333
1 5 563 325 570 700 321 100 330 574
1 5 700 570 331 572 574 330 56 332
1 5 573 700 572 334 333 574 332 15
1 5 335 3 188 575 576 193 459 701
1 5 575 188 61 336 701 459 196 577
1 5 174 575 336 101 451 701 577 183
1 5 182 576 701 451 102 337 578 178
1 5 576 193 459 701 337 54 192 578
1 5 701 459 196 577 578 192 103 338
1 5 451 701 577 183 178 578 338 121
1 5 336 61 339 579 577 196 580 702
1 5 579 339 18 340 702 580 345 581
1 5 341 579 340 62 582 702 581 346
1 5 183 577 702 582 121 338 583 344
1 5 577 196 580 702 338 103 342 583
1 5 702 580 345 581 583 342 69 343
1 5 582 702 581 346 344 583 343 104
1 5 175 101 341 584 452 183 582 703
1 5 584 341 62 347 703 582 346 585
1 5 348 584 347 17 586 703 585 351
1 5 184 452 703 586 105 179 587 350
1 5 452 183 582 703 179 121 344 587
1 5 703 582 346 585 587 344 104 349
1 5 586 703 585 351 350 587 349 70
1 5 177 102 178 454 588 353 589 704
1 5 454 178 121 179 704 589 354 590
1 5 180 454 179 105 591 704 590 355
1 5 352 588 704 591 14 197 461 200
1 5 588 353 589 704 197 64 198 461
1 5 704 589 354 590 461 198 106 199
1 5 591 704 590 355 200 461 199 67
1 5 337 54 192 578 592 313 593 705
1 5 578 192 103 338 705 593 358 594
1 5 178 578 338 121 589 705 594 354
1 5 353 592 705 589 64 356 595 198
1 5 592 313 593 705 356 13 212 595
1 5 705 593 358 594 595 212 65 357
1 5 589 705 594 354 198 595 357 106
1 5 338 103 342 583 594 358 596 706
1 5 583 342 69 343 706 596 362 597
1 5 344 583 343 104 598 706 597 363
1 5 354 594 706 598 106 357 599 361
1 5 594 358 596 706 357 65 359 599
1 5 706 596 362 597 599 359 24 360
1 5 598 706 597 363 361 599 360 66
1 5 179 121 344 587 590 354 598 707
1 5 587 344 104 349 707 598 363 600
1 5 350 587 349 70 601 707 600 366
1 5 355 590 707 601 67 199 602 365
1 5 590 354 598 707 199 106 361 602
1 5 707 598 363 600 602 361 66 364
1 5 601 707 600 366 365 602 364 23
1 5 297 0 237 603 534 241 484 708
1 5 603 237 29 367 708 484 236 604
1 5 186 603 367 107 457 708 604 195
1 5 194 534 708 457 94 299 605 190
1 5 534 241 484 708 299 38 239 605
1 5 708 484 236 604 605 239 84 368
1 5 457 708 604 195 190 605 368 122
1 5 367 29 230 606 604 236 480 709
1 5 606 230 1 369 709 480 235 607
1 5 370 606 369 71 608 709 607 373
1 5 195 604 709 608 122 368 609 372
1 5 604 236 480 709 368 84 233 609
1 5 709 480 235 607 609 233 37 371
1 5 608 709 607 373 372 609 371 108
1 5 187 107 370 610 458 195 608 710
1 5 610 370 71 374 710 608 373 611
1 5 339 610 374 18 580 710 611 345
1 5 196 458 710 580 103 191 612 342
1 5 458 195 608 710 191 122 372 612
1 5 710 608 373 611 612 372 108 375
1 5 580 710 611 345 342 612 375 69
1 5 189 94 190 460 550 311 613 711
1 5 460 190 122 191 711 613 376 614
1 5 192 460 191 103 593 711 614 358
1 5 313 550 711 593 13 209 467 212
1 5 550 311 613 711 209 51 210 467
1 5 711 613 376 614 467 210 109 211
1 5 593 711 614 358 212 467 211 65
1 5 299 38 239 605 547 258 499 712
1 5 605 239 84 368 712 499 255 615
1 5 190 605 368 122 613 712 615 376
1 5 311 547 712 613 51 309 616 210
1 5 547 258 499 712 309 5 256 616
1 5 712 499 255 615 616 256 33 377
1 5 613 712 615 376 210 616 377 109
1 5 368 84 233 609 615 255 496 713
1 5 609 233 37 371 713 496 254 617
1 5 372 609 371 108 618 713 617 380
1 5 376 615 713 618 109 377 619 379
1 5 615 255 496 713 377 33 252 619
1 5 713 496 254 617 619 252 8 378
1 5 618 713 617 380 379 619 378 72
1 5 191 122 372 612 614 376 618 714
1 5 612 372 108 375 714 618 380 620
1 5 342 612 375 69 596 714 620 362
1 5 358 614 714 596 65 211 621 359
1 5 614 376 618 714 211 109 379 621
1 5 714 618 380 620 621 379 72 381
1 5 596 714 620 362 359 621 381 24
1 5 356 13 212 595 622 217 471 715
1 5 595 212 65 357 715 471 220 623
1 5 198 595 357 106 463 715 623 207
1 5 206 622 715 463 110 382 624 202
1 5 622 217 471 715 382 59 216 624
1 5 715 471 220 623 624 216 111 383
1 5 463 715 623 207 202 624 383 123
1 5 357 65 359 599 623 220 625 716
1 5 599 359 24 360 716 625 387 626
1 5 361 599 360 66 627 716 626 388
1 5 207 623 716 627 123 383 628 386
1 5 623 220 625 716 383 111 384 628
1 5 716 625 387 626 628 384 78 385
1 5 627 716 626 388 386 628 385 112
1 5 199 106 361 602 464 207 627 717
1 5 602 361 66 364 717 627 388 629
1 5 365 602 364 23 630 717 629 391
1 5 208 464 717 630 113 203 631 390
1 5 464 207 627 717 203 123 386 631
1 5 717 627 388 629 631 386 112 389
1 5 630 717 629 391 390 631 389 79
1 5 201 110 202 466 632 397 633 718
1 5 466 202 123 203 718 633 398 634
1 5 204 466 203 113 635 718 634 399
1 5 396 632 718 635 16 392 636 395
1 5 632 397 633 718 392 73 393 636
1 5 718 633 398 634 636 393 114 394
1 5 635 718 634 399 395 636 394 76
1 5 382 59 216 624 637 334 638 719
1 5 624 216 111 383 719 638 403 639
1 5 202 624 383 123 633 719 639 398
1 5 397 637 719 633 73 400 640 393
1 5 637 334 638 719 400 15 401 640
1 5 719 638 403 639 640 401 74 402
1 5 633 719 639 398 393 640 402 114
1 5 383 111 384 628 639 403 641 720
1 5 628 384 78 385 720 641 407 642
1 5 386 628 385 112 643 720 642 408
1 5 398 639 720 643 114 402 644 406
1 5 639 403 641 720 402 74 404 644
1 5 720 641 407 642 644 404 26 405
1 5 643 720 642 408 406 644 405 75
1 5 203 123 386 631 634 398 643 721
1 5 631 386 112 389 721 643 408 645
1 5 390 631 389 79 646 721 645 411
1 5 399 634 721 646 76 394 647 410
1 5 634 398 643 721 394 114 406 647
1 5 721 643 408 645 647 406 75 409
1 5 646 721 645 411 410 647 409 25
1 5 309 5 256 616 556 271 510 722
1 5 616 256 33 377 722 510 268 648
1 5 210 616 377 109 469 722 648 219
1 5 218 556 722 469 98 316 649 214
1 5 556 271 510 722 316 46 269 649
1 5 722 510 268 648 649 269 89 412
1 5 469 722 648 219 214 649 412 124
1 5 377 33 252 619 648 268 507 723
1 5 619 252 8 378 723 507 267 650
1 5 379 619 378 72 651 723 650 415
1 5 219 648 723 651 124 412 652 414
1 5 648 268 507 723 412 89 265 652
1 5 723 507 267 650 652 265 45 413
1 5 651 723 650 415 414 652 413 115
1 5 211 109 379 621 470 219 651 724
1 5 621 379 72 381 724 651 415 653
1 5 359 621 381 24 625 724 653 387
1 5 220 470 724 625 111 215 654 384
1 5 470 219 651 724 215 124 414 654
1 5 724 651 415 653 654 414 115 416
1 5 625 724 653 387 384 654 416 78
1 5 213 98 214 472 572 331 655 725
1 5 472 214 124 215 725 655 419 656
1 5 216 472 215 111 638 725 656 403
1 5 334 572 725 638 15 332 657 401
1 5 572 331 655 725 332 56 417 657
1 5 725 655 419 656 657 417 116 418
1 5 638 725 656 403 401 657 418 74
1 5 316 46 269 649 569 292 526 726
1 5 649 269 89 412 726 526 289 658
1 5 214 649 412 124 655 726 658 419
1 5 331 569 726 655 56 329 659 417
1 5 569 292 526 726 329 6 290 659
1 5 726 526 289 658 659 290 41 420
1 5 655 726 658 419 417 659 420 116
1 5 412 89 265 652 658 289 523 727
1 5 652 265 45 413 727 523 288 660
1 5 414 652 413 115 661 727 660 423
1 5 419 658 727 661 116 420 662 422
1 5 658 289 523 727 420 41 286 662
1 5 727 523 288 660 662 286 9 421
1 5 661 727 660 423 422 662 421 80
1 5 215 124 414 654 656 419 661 728
1 5 654 414 115 416 728 661 423 663
1 5 384 654 416 78 641 728 663 407
1 5 403 656 728 641 74 418 664 404
1 5 656 419 661 728 418 116 422 664
1 5 728 661 423 663 664 422 80 424
1 5 641 728 663 407 404 664 424 26

boundary
384
1 3 0 237 483 238
1 3 3 185 537 301
1 3 17 347 584 348
1 3 18 374 610 339
1 3 29 230 478 231
1 3 81 223 473 126
1 3 30 127 425 128
1 3 48 297 533 298
1 3 92 294 529 150
1 3 49 151 437 152
1 3 62 340 579 341
1 3 101 336 575 174
1 3 63 175 449 176
1 3 71 369 606 370
1 3 107 367 603 186
1 3 61 187 455 188
1 3 237 29 231 483
1 3 483 231 81 127
1 3 238 483 127 30
1 3 185 48 298 537
1 3 537 298 92 151
1 3 301 537 151 49
1 3 347 62 341 584
1 3 584 341 101 175
1 3 348 584 175 63
1 3 374 71 370 610
1 3 610 370 107 187
1 3 339 610 187 61
1 3 230 1 229 478
1 3 478 229 28 223
1 3 231 478 223 81
1 3 223 28 222 473
1 3 473 222 7 221
1 3 126 473 221 27
1 3 127 81 126 425
1 3 425 126 27 125
1 3 128 425 125 4
1 3 297 0 238 533
1 3 533 238 30 294
1 3 298 533 294 92
1 3 294 30 128 529
1 3 529 128 4 293
1 3 150 529 293 47
1 3 151 92 150 437
1 3 437 150 47 149
1 3 152 437 149 12
1 3 340 18 339 579
1 3 579 339 61 336
1 3 341 579 336 101
1 3 336 61 188 575
1 3 575 188 3 335
1 3 174 575 335 60
1 3 175 101 174 449
1 3 449 174 60 173
1 3 176 449 173 2
1 3 369 1 230 606
1 3 606 230 29 367
1 3 370 606 367 107
1 3 367 29 237 603
1 3 603 237 0 297
1 3 186 603 297 48
1 3 187 107 186 455
1 3 455 186 48 185
1 3 188 455 185 3
25 3 221 7 227 474
25 3 7 222 475 227
25 3 246 19 262 502
25 3 19 247 503 262
25 3 11 272 517 275
25 3 293 4 133 530
25 3 152 12 157 441
25 3 335 3 193 576
25 3 307 10 145 553
25 3 164 21 169 447
25 3 356 13 217 622
25 3 22 319 565 322
25 3 176 2 181 453
25 3 18 340 581 345
25 3 1 369 607 235
25 3 200 14 205 465
25 3 24 360 626 387
25 3 16 392 636 395
25 3 8 378 650 267
25 3 15 332 657 401
25 3 125 27 134 426
25 3 129 82 243 487
25 3 224 36 249 491
25 3 149 47 158 438
25 3 153 93 304 540
25 3 295 35 242 544
25 3 28 229 479 228
25 3 83 232 495 250
25 3 36 225 492 249
25 3 137 31 146 432
25 3 141 87 277 513
25 3 259 44 283 518
25 3 161 50 170 444
25 3 165 97 324 561
25 3 314 43 276 566
25 3 32 251 506 263
25 3 88 264 522 284
25 3 44 260 519 283
25 3 39 280 521 273
25 3 91 282 525 287
25 3 42 274 528 291
25 3 55 327 568 320
25 3 100 328 571 330
25 3 57 321 574 333
25 3 73 400 640 393
25 3 114 402 644 406
25 3 76 394 647 410
25 3 56 329 659 417
25 3 116 420 662 422
25 3 74 418 664 404
25 3 301 49 160 538
25 3 302 95 306 551
25 3 156 53 303 543
25 3 173 60 182 450
25 3 177 102 353 588
25 3 337 54 313 592
25 3 312 52 172 559
25 3 318 99 326 573
25 3 168 58 323 564
25 3 197 64 206 462
25 3 201 110 397 632
25 3 382 59 334 637
25 3 348 63 184 586
25 3 350 105 355 601
25 3 180 68 352 591
25 3 365 67 208 630
25 3 390 113 399 646
25 3 204 77 396 635
25 3 62 347 585 346
25 3 104 349 600 363
25 3 69 343 597 362
25 3 71 374 611 373
25 3 108 375 620 380
25 3 37 371 617 254
25 3 66 364 629 388
25 3 112 389 645 408
25 3 78 385 642 407
25 3 72 381 653 415
25 3 115 416 663 423
25 3 45 413 660 288
25 3 27 221 474 134
25 3 134 474 224 82
25 3 474 227 36 224
25 3 47 293 530 158
25 3 158 530 295 93
25 3 530 133 35 295
25 3 4 125 426 133
25 3 133 426 129 35
25 3 426 134 82 129
25 3 35 129 487 242
25 3 242 487 137 10
25 3 487 243 31 137
25 3 82 224 491 243
25 3 243 491 246 31
25 3 491 249 19 246
25 3 12 149 438 157
25 3 157 438 153 53
25 3 438 158 93 153
25 3 53 153 540 303
25 3 303 540 161 21
25 3 540 304 50 161
25 3 93 295 544 304
25 3 304 544 307 50
25 3 544 242 10 307
25 3 222 28 228 475
25 3 475 228 83 225
25 3 227 475 225 36
25 3 229 1 235 479
25 3 479 235 37 232
25 3 228 479 232 83
25 3 232 37 254 495
25 3 495 254 8 251
25 3 250 495 251 32
25 3 225 83 250 492
25 3 492 250 32 247
25 3 249 492 247 19
25 3 31 246 502 146
25 3 146 502 259 87
25 3 502 262 44 259
25 3 50 307 553 170
25 3 170 553 314 97
25 3 553 145 43 314
25 3 10 137 432 145
25 3 145 432 141 43
25 3 432 146 87 141
25 3 43 141 513 276
25 3 276 513 272 11
25 3 513 277 39 272
25 3 87 259 518 277
25 3 277 518 280 39
25 3 518 283 20 280
25 3 21 161 444 169
25 3 169 444 165 58
25 3 444 170 97 165
25 3 58 165 561 323
25 3 323 561 319 22
25 3 561 324 55 319
25 3 97 314 566 324
25 3 324 566 327 55
25 3 566 276 11 327
25 3 247 32 263 503
25 3 503 263 88 260
25 3 262 503 260 44
25 3 251 8 267 506
25 3 506 267 45 264
25 3 263 506 264 88
25 3 264 45 288 522
25 3 522 288 9 285
25 3 284 522 285 40
25 3 260 88 284 519
25 3 519 284 40 281
25 3 283 519 281 20
25 3 272 39 273 517
25 3 517 273 91 274
25 3 275 517 274 42
25 3 319 55 320 565
25 3 565 320 100 321
25 3 322 565 321 57
25 3 392 73 393 636
25 3 636 393 114 394
25 3 395 636 394 76
25 3 332 56 417 657
25 3 657 417 116 418
25 3 401 657 418 74
25 3 280 20 281 521
25 3 521 281 40 282
25 3 273 521 282 91
25 3 282 40 285 525
25 3 525 285 9 286
25 3 287 525 286 41
25 3 274 91 287 528
25 3 528 287 41 290
25 3 291 528 290 6
25 3 327 11 275 568
25 3 568 275 42 328
25 3 320 568 328 100
25 3 328 42 291 571
25 3 571 291 6 329
25 3 330 571 329 56
25 3 321 100 330 574
25 3 574 330 56 332
25 3 333 574 332 15
25 3 400 15 401 640
25 3 640 401 74 402
25 3 393 640 402 114
25 3 402 74 404 644
25 3 644 404 26 405
25 3 406 644 405 75
25 3 394 114 406 647
25 3 647 406 75 409
25 3 410 647 409 25
25 3 329 6 290 659
25 3 659 290 41 420
25 3 417 659 420 116
25 3 420 41 286 662
25 3 662 286 9 421
25 3 422 662 421 80
25 3 418 116 422 664
25 3 664 422 80 424
25 3 404 664 424 26
25 3 49 152 441 160
25 3 160 441 156 95
25 3 441 157 53 156
25 3 60 335 576 182
25 3 182 576 337 102
25 3 576 193 54 337
25 3 52 164 447 172
25 3 172 447 168 99
25 3 447 169 58 168
25 3 64 356 622 206
25 3 206 622 382 110
25 3 622 217 59 382
25 3 3 301 538 193
25 3 193 538 302 54
25 3 538 160 95 302
25 3 54 302 551 313
25 3 313 551 312 13
25 3 551 306 52 312
25 3 95 156 543 306
25 3 306 543 164 52
25 3 543 303 21 164
25 3 2 173 450 181
25 3 181 450 177 68
25 3 450 182 102 177
25 3 68 177 588 352
25 3 352 588 197 14
25 3 588 353 64 197
25 3 102 337 592 353
25 3 353 592 356 64
25 3 592 313 13 356
25 3 13 312 559 217
25 3 217 559 318 59
25 3 559 172 99 318
25 3 59 318 573 334
25 3 334 573 333 15
25 3 573 326 57 333
25 3 99 168 564 326
25 3 326 564 322 57
25 3 564 323 22 322
25 3 14 197 462 205
25 3 205 462 201 77
25 3 462 206 110 201
25 3 77 201 632 396
25 3 396 632 392 16
25 3 632 397 73 392
25 3 110 382 637 397
25 3 397 637 400 73
25 3 637 334 15 400
25 3 63 176 453 184
25 3 184 453 180 105
25 3 453 181 68 180
25 3 67 200 465 208
25 3 208 465 204 113
25 3 465 205 77 204
25 3 17 348 586 351
25 3 351 586 350 70
25 3 586 184 105 350
25 3 70 350 601 366
25 3 366 601 365 23
25 3 601 355 67 365
25 3 105 180 591 355
25 3 355 591 200 67
25 3 591 352 14 200
25 3 23 365 630 391
25 3 391 630 390 79
25 3 630 208 113 390
25 3 79 390 646 411
25 3 411 646 410 25
25 3 646 399 76 410
25 3 113 204 635 399
25 3 399 635 395 76
25 3 635 396 16 395
25 3 340 62 346 581
25 3 581 346 104 343
25 3 345 581 343 69
25 3 369 71 373 607
25 3 607 373 108 371
25 3 235 607 371 37
25 3 347 17 351 585
25 3 585 351 70 349
25 3 346 585 349 104
25 3 349 70 366 600
25 3 600 366 23 364
25 3 363 600 364 66
25 3 343 104 363 597
25 3 597 363 66 360
25 3 362 597 360 24
25 3 374 18 345 611
25 3 611 345 69 375
25 3 373 611 375 108
25 3 375 69 362 620
25 3 620 362 24 381
25 3 380 620 381 72
25 3 371 108 380 617
25 3 617 380 72 378
25 3 254 617 378 8
25 3 360 66 388 626
25 3 626 388 112 385
25 3 387 626 385 78
25 3 378 72 415 650
25 3 650 415 115 413
25 3 267 650 413 45
25 3 364 23 391 629
25 3 629 391 79 389
25 3 388 629 389 112
25 3 389 79 411 645
25 3 645 411 25 409
25 3 408 645 409 75
25 3 385 112 408 642
25 3 642 408 75 405
25 3 407 642 405 26
25 3 381 24 387 653
25 3 653 387 78 416
25 3 415 653 416 115
25 3 416 78 407 663
25 3 663 407 26 424
25 3 423 663 424 80
25 3 413 115 423 660
25 3 660 423 80 421
25 3 288 660 421 9

vertices
729

nodes
FiniteElementSpace
FiniteElementCollection: H1_3D_P2
VDim: 3
Ordering: 0

-0.57735027
-0.31000795
-0.70710678
-0.67227043
-0.67227043
-0.50518149
-0.4330127
-0.37298049
-0.26592163
-0.22368927
-0.57019239
-0.47240707
-0.84957113
-0.57019239
-0.59335069
-0.47240707
-0.48603889
-0.39717735
-0.37298049
-0.30722904
-0.24775119
-0.68827279
-0.54236453
-0.3224644
-0.30722904
-0.25629728
-0.24775119
-0.52262546
-0.34149422
-0.44367911
-0.62481035
-0.43871072
-0.28657533
-0.38555156
-0.53768694
-0.62123141
-0.34010476
-0.28796479
-0.54126588
-0.36007913
-0.23572023
-0.32835099
-0.45270988
-0.52129973
-0.27749011
-0.24480545
-0.46909709
-0.76092078
-0.62481035
-0.76092078
-0.62923259
-0.53768694
-0.62923259
-0.76892196
-0.62123141
-0.5073858
-0.45270988
-0.5073858
-0.61531866
-0.52129973
-0.68968861
-0.52262546
-0.38507892
-0.55214206
-0.58177154
-0.43871072
-0.31484672
-0.45790755
-0.65022874
-0.34010476
-0.35982088
-0.34149422
-0.28657533
-0.47922298
-0.36007913
-0.25202424
-0.37116809
-0.53969479
-0.27749011
-0.28938084
-0.23572023
-0.48315229
-0.48066809
-0.31403478
-0.41461533
-0.58124864
-0.41213114
-0.39939492
-0.26114778
-0.35695127
-0.49519841
-0.34421506
-0.69286557
-0.69507669
-0.58124864
-0.69507669
-0.58345977
-0.5683092
-0.49519841
-0.5683092
-0.48004784
-0.53738376
-0.63573008
-0.48066809
-0.34996282
-0.50502481
-0.44830913
-0.48315229
-0.31403478
-0.41213114
-0.53049726
-0.39939492
-0.28343548
-0.41453782
-0.36562361
-0.26114778
-0.34421506
-0.44764171
-0.3781731
-0.63816267
-0.5317538
-0.49284645
-0.44764171
-0.40696637
-0.3781731
-0.59744795
-0.50288887
-0.55398132
-0.64854039
-0.55094975
-0.4641549
-0.51444518
-0.60124003
-0.64675092
-0.50164677
-0.465397
-0.6030295
-0.50445155
-0.42542093
-0.47490904
-0.55393967
-0.46034733
-0.38878401
-0.43668575
-0.50824907
-0.54574606
-0.41905282
-0.39515212
-0.51644268
-0.80524596
-0.72689318
-0.72689318
-0.80524596
-0.73199933
-0.66661968
-0.66661968
-0.73199933
-0.80924655
-0.72799874
-0.66551412
-0.72799874
-0.65875269
-0.60634618
-0.60634618
-0.65875269
-0.59181393
-0.5500315
-0.5500315
-0.59181393
-0.65179573
-0.59877089
-0.55760679
-0.59877089
-0.69839769
-0.61353618
-0.54476291
-0.62962442
-0.64297941
-0.56428826
-0.49893563
-0.57762677
-0.67866776
-0.66270934
-0.5151151
-0.52858344
-0.64854039
-0.55398132
-0.50288887
-0.59744795
-0.60124003
-0.51444518
-0.4641549
-0.55094975
-0.64675092
-0.6030295
-0.465397
-0.50164677
-0.58756112
-0.51504034
-0.45310834
-0.52562912
-0.53509603
-0.46873181
-0.41075209
-0.4771163
-0.56652274
-0.5561344
-0.42763775
-0.43622268
-0.55393967
-0.47490904
-0.42542093
-0.50445155
-0.50824907
-0.43668575
-0.38878401
-0.46034733
-0.54574606
-0.51644268
-0.39515212
-0.41905282
-0.44780297
-0.35723735
-0.41232325
-0.41038643
-0.32706977
-0.38083824
-0.35654263
-0.3277645
-0.32575109
-0.37684353
-0.4634157
-0.30099978
-0.35129006
-0.43112852
-0.29898637
-0.42914722
-0.51051469
-0.60108031
-0.47794061
-0.56125726
-0.55930807
-0.5957119
-0.4596894
-0.42988642
-0.55946779
-0.37296988
-0.29690219
-0.34935323
-0.3236669
-0.30030505
-0.27624848
-0.32573659
-0.39884135
-0.27694321
-0.40008344
-0.44536652
-0.52143421
-0.52322368
-0.33844252
-0.26931895
-0.31966044
-0.29235958
-0.27386156
-0.25297661
-0.30087836
-0.36756218
-0.25536354
-0.37125141
-0.41302418
-0.48214775
-0.48713929
-0.4162431
-0.35214709
-0.39846247
-0.46255848
-0.4968534
-0.37973702
-0.36119408
-0.47395415
-0.30391516
-0.24173571
-0.28996764
-0.26262065
-0.248434
-0.22970475
-0.27602013
-0.33628302
-0.23424736
-0.34265113
-0.38068184
-0.44286129
-0.4510549
-0.71659561
-0.65883796
-0.65815405
-0.60970566
-0.60108031
-0.65883796
-0.56125726
-0.60970566
-0.71659561
-0.65815405
-0.72859738
-0.66215464
-0.61081122
-0.66215464
-0.59971249
-0.56057335
-0.52143421
-0.56057335
-0.55946779
-0.59971249
-0.5957119
-0.54480446
-0.51347611
-0.48214775
-0.51347611
-0.54480446
-0.52487517
-0.49371682
-0.49371682
-0.52487517
-0.5788416
-0.5378475
-0.50590082
-0.5378475
-0.48989643
-0.46637886
-0.44286129
-0.46637886
-0.47395415
-0.46255848
-0.48989643
-0.4968534
-0.68097952
-0.53000461
-0.62848074
-0.48675727
-0.44780297
-0.3790297
-0.46123134
-0.41038643
-0.34503379
-0.42140463
-0.35654263
-0.36752087
-0.39112813
-0.47465971
-0.35489185
-0.43242284
-0.37849911
-0.62178972
-0.60875081
-0.47057779
-0.48146618
-0.57598197
-0.44350992
-0.4596894
-0.37296988
-0.31103788
-0.38157793
-0.3236669
-0.33240477
-0.31865556
-0.39018598
-0.34114264
-0.4634157
-0.43112852
-0.32575109
-0.41232325
-0.30099978
-0.38083824
-0.3277645
-0.35723735
-0.32706977
-0.42988642
-0.39884135
-0.27624848
-0.34935323
-0.30030505
-0.29690219
-0.52589849
-0.40318065
-0.33844252
-0.2804628
-0.34520092
-0.29235958
-0.2991411
-0.28640816
-0.35195933
-0.30592262
-0.48263093
-0.42242329
-0.36839585
-0.42860349
-0.51286684
-0.50486012
-0.38629499
-0.39285295
-0.47581502
-0.4162431
-0.36285137
-0.37973702
-0.30391516
-0.24988771
-0.30882392
-0.26262065
-0.26772986
-0.25416076
-0.31373269
-0.27283906
-0.36756218
-0.25297661
-0.31966044
-0.27386156
-0.26931895
-0.39846247
-0.35214709
-0.36119408
-0.33628302
-0.22970475
-0.28996764
-0.248434
-0.24173571
-0.57571463
-0.57419885
-0.48352189
-0.53421325
-0.62489021
-0.53269746
-0.4896803
-0.48239944
-0.40710247
-0.4557974
-0.53109437
-0.44851654
-0.76606957
-0.76862264
-0.69675643
-0.69675643
-0.76862264
-0.6993095
-0.63254944
-0.62528331
-0.57818884
-0.57818884
-0.62528331
-0.57092272
-0.6215803
-0.67068855
-0.58891222
-0.52184927
-0.6036256
-0.57095752
-0.57571463
-0.62489021
-0.53421325
-0.48352189
-0.57419885
-0.53269746
-0.52033473
-0.56132857
-0.49188608
-0.43193022
-0.50137271
-0.47292406
-0.4896803
-0.53109437
-0.4557974
-0.40710247
-0.48239944
-0.44851654
-0.43006311
-0.4290947
-0.34215356
-0.39658075
-0.39561233
-0.39458339
-0.31337544
-0.3640668
-0.44727211
-0.36606415
-0.532248
-0.49422765
-0.58116879
-0.49619289
-0.52770065
-0.44478791
-0.49467711
-0.57758985
-0.39167815
-0.31198598
-0.36509574
-0.36116156
-0.28862413
-0.33851333
-0.41498493
-0.33754491
-0.46165356
-0.54134574
-0.46013778
-0.3557062
-0.28311057
-0.33450684
-0.32905148
-0.26461255
-0.31330748
-0.38320176
-0.3102694
-0.42919535
-0.50179098
-0.42485497
-0.43829521
-0.37046555
-0.41757411
-0.48540377
-0.40735278
-0.32117884
-0.25552733
-0.30481404
-0.2969414
-0.24134068
-0.28844924
-0.3519226
-0.28299389
-0.39685301
-0.46250452
-0.38957216
-0.68771678
-0.68737483
-0.63427181
-0.63392985
-0.62995913
-0.58116879
-0.63427181
-0.58548146
-0.68771678
-0.68737483
-0.63392985
-0.69537601
-0.63648293
-0.63648293
-0.69537601
-0.62893327
-0.5851395
-0.58014292
-0.54134574
-0.5851395
-0.54100378
-0.57758985
-0.62893327
-0.58014292
-0.57225848
-0.53702473
-0.52914029
-0.50179098
-0.53702473
-0.49781193
-0.57225848
-0.52914029
-0.55834455
-0.52187416
-0.52187416
-0.55834455
-0.50929599
-0.51735045
-0.48992749
-0.47813765
-0.46250452
-0.48992749
-0.45462008
-0.48540377
-0.51735045
-0.47813765
-0.60549207
-0.65473013
-0.50838094
-0.55761901
-0.45451716
-0.4290947
-0.36203175
-0.44131799
-0.41589553
-0.46794552
-0.37300999
-0.45354127
-0.42691374
-0.61527026
-0.5396643
-0.47602198
-0.55162795
-0.60223136
-0.52770065
-0.4651336
-0.50974595
-0.39167815
-0.32803584
-0.40149128
-0.3772739
-0.33677371
-0.41130441
-0.38588195
-0.532248
-0.44727211
-0.49619289
-0.39458339
-0.31337544
-0.39658075
-0.36606415
-0.43006311
-0.34215356
-0.39561233
-0.49467711
-0.44478791
-0.41498493
-0.46013778
-0.28862413
-0.36509574
-0.33754491
-0.31198598
-0.36116156
-0.55094023
-0.42334528
-0.46453957
-0.3557062
-0.29575034
-0.36338943
-0.34182172
-0.30253186
-0.37107265
-0.34858013
-0.50886348
-0.44557755
-0.38957397
-0.4528599
-0.42551339
-0.50085676
-0.43829521
-0.38301601
-0.41933319
-0.32117884
-0.26517525
-0.32701242
-0.30636954
-0.27028446
-0.33284601
-0.3112783
-0.38320176
-0.42485497
-0.26461255
-0.33450684
-0.3102694
-0.28311057
-0.32905148
-0.41757411
-0.37046555
-0.40735278
-0.3519226
-0.38957216
-0.24134068
-0.30481404
-0.28299389
-0.25552733
-0.2969414
-0.55420605
-0.46909842
-0.73268953
-0.60173608
-0.59626891
-0.55420605
-0.49662939
-0.46909842
-0.41283772
-0.38032377
-0.51422045
-0.51118888
-0.37838695
-0.35180453
-0.47816534
-0.34510652
-0.32390716
-0.44249637
-0.42793466
-0.31299644
-0.29663164
-0.40721356
-0.66082332
-0.6077203
-0.66082332
-0.66592947
-0.60703639
-0.56324262
-0.60703639
-0.5546416
-0.51940786
-0.5546416
-0.54010936
-0.50363897
-0.476216
-0.50363897
-0.58155554
-0.43520634
-0.44742963
-0.54564612
-0.53368248
-0.39658472
-0.40639784
-0.51422045
-0.38032377
-0.41283772
-0.51118888
-0.47816534
-0.35180453
-0.37838695
-0.48714276
-0.35954781
-0.36723104
-0.44921872
-0.44193638
-0.32409563
-0.32992922
-0.44249637
-0.32390716
-0.34510652
-0.42793466
-0.40721356
-0.29663164
-0.31299644
-0.63485919
-0.58658129
-0.61212751
-0.66040541
-0.61047489
-0.56420245
-0.58954813
-0.63582057
-0.65951068
-0.5858234
-0.56496034
-0.6367153
-0.53732197
-0.49706592
-0.52180998
-0.56206603
-0.51407275
-0.47574893
-0.50009639
-0.53842021
-0.55796923
-0.4934255
-0.47938936
-0.54251702
-0.82740855
-0.78565776
-0.78565776
-0.82740855
-0.7889346
-0.75065609
-0.75065609
-0.7889346
-0.82940884
-0.7869343
-0.74937955
-0.7869343
-0.67351274
-0.64565106
-0.64565106
-0.67351274
-0.63853952
-0.61350969
-0.61350969
-0.63853952
-0.67003426
-0.642018
-0.61714276
-0.642018
-0.70275224
-0.659989
-0.62560236
-0.6683656
-0.67467815
-0.63347873
-0.59994725
-0.64114668
-0.69288727
-0.68454312
-0.60892461
-0.61662501
-0.66040541
-0.61212751
-0.58658129
-0.63485919
-0.63582057
-0.58954813
-0.56420245
-0.61047489
-0.65951068
-0.6367153
-0.56496034
-0.5858234
-0.59045591
-0.55394792
-0.52298193
-0.55948991
-0.56392566
-0.52897898
-0.49900105
-0.53394773
-0.57993672
-0.57444485
-0.50848206
-0.51350092
-0.56206603
-0.52180998
-0.49706592
-0.53732197
-0.53842021
-0.50009639
-0.47574893
-0.51407275
-0.55796923
-0.54251702
-0.47938936
-0.4934255
-0.48521422
-0.43893304
-0.46647599
-0.51275717
-0.46537074
-0.42096621
-0.4481798
-0.49258433
-0.51213612
-0.43844884
-0.42145042
-0.49320538
-0.44773777
-0.40345332
-0.42899955
-0.47328399
-0.43098887
-0.38845226
-0.41379794
-0.45633455
-0.47427464
-0.404452
-0.38745358
-0.4553439
-0.58939583
-0.54311466
-0.56666416
-0.61294533
-0.56862137
-0.52421685
-0.54769462
-0.59209914
-0.61391992
-0.54409728
-0.52323423
-0.59112455
-0.58609058
-0.54182361
-0.56696875
-0.61123572
-0.56170628
-0.51944477
-0.54438936
-0.58665087
-0.60847166
-0.5393252
-0.52194317
-0.58941494
-0.44552726
-0.40299938
-0.42988362
-0.47241149
-0.42568378
-0.38503255
-0.41158743
-0.45223866
-0.47017874
-0.40103229
-0.38699964
-0.45447141
-0.41423998
-0.3734512
-0.39859634
-0.43938512
-0.39749108
-0.35845014
-0.38339473
-0.42243568
-0.43876407
-0.37296699
-0.35893434
-0.42305673
-0.54784691
-0.50531903
-0.52872508
-0.57125295
-0.52707245
-0.48642122
-0.50975554
-0.55040676
-0.57035822
-0.50456114
-0.48717911
-0.5513015
-0.4058403
-0.36706572
-0.39329124
-0.43206582
-0.38737951
-0.35040636
-0.37610449
-0.41307764
-0.42888177
-0.36433804
-0.35313404
-0.4162617
-0.38074219
-0.34344907
-0.36819313
-0.40548624
-0.36482948
-0.329207
-0.35355446
-0.38917694
-0.40364163
-0.34193004
-0.33072603
-0.39102156
-0.50629799
-0.46752341
-0.490786
-0.52956058
-0.48612004
-0.44914688
-0.47214368
-0.50911683
-0.52706481
-0.46535322
-0.45131708
-0.5116126
-0.49082353
-0.45443193
-0.47838281
-0.5147744
-0.4675743
-0.43311494
-0.45666922
-0.49112859
-0.50907656
-0.44932127
-0.4382256
-0.49682642
-0.36891872
-0.333747
-0.35891774
-0.39408946
-0.35045793
-0.31708764
-0.34173099
-0.37510129
-0.38956597
-0.32981068
-0.32102396
-0.37962478
-0.34891677
-0.31496492
-0.33891579
-0.37286764
-0.33300406
-0.30072284
-0.32427712
-0.35655834
-0.36968359
-0.31223724
-0.30345052
-0.35974239
-0.46594208
-0.43077036
-0.45350136
-0.48867308
-0.44576413
-0.41239384
-0.43485904
-0.46822934
-0.48457628
-0.42712993
-0.41603427
-0.47232614
-0.7387582
-0.7021562
-0.70730498
-0.74390698
-0.70768678
-0.67409907
-0.67878987
-0.71237758
-0.74445976
-0.70198522
-0.67427005
-0.7118248
-0.67585176
-0.64439855
-0.64439855
-0.67585176
-0.64989296
-0.62099605
-0.62099605
-0.64989296
-0.67918984
-0.64655488
-0.61883972
-0.64655488
-0.74390698
-0.70730498
-0.7021562
-0.7387582
-0.71237758
-0.67878987
-0.67409907
-0.70768678
-0.74445976
-0.7118248
-0.67427005
-0.70198522
-0.75046065
-0.71565441
-0.71565441
-0.75046065
-0.71198669
-0.68065274
-0.68065274
-0.71198669
-0.74875967
-0.71368767
-0.68261949
-0.71368767
-0.67661537
-0.64604195
-0.65027477
-0.68084818
-0.64554396
-0.61798483
-0.62175966
-0.64931878
-0.67861566
-0.64354366
-0.62048312
-0.6515513
-0.62393416
-0.59759356
-0.59759356
-0.62393416
-0.59797536
-0.57419106
-0.57419106
-0.59797536
-0.62448694
-0.59742258
-0.57436204
-0.59742258
-0.68084818
-0.65027477
-0.64604195
-0.67661537
-0.64931878
-0.62175966
-0.61798483
-0.64554396
-0.67861566
-0.6515513
-0.62048312
-0.64354366
-0.61447254
-0.58992771
-0.59324455
-0.61778939
-0.58551469
-0.56345004
-0.56641522
-0.58847987
-0.61400174
-0.58598549
-0.56739226
-0.59226751
-0.57201656
-0.55078857
-0.55078857
-0.57201656
-0.54731576
-0.52821629
-0.52821629
-0.54731576
-0.57053328
-0.54879904
-0.53020582
-0.54879904
-0.61778939
-0.59324455
-0.58992771
-0.61447254
-0.58847987
-0.56641522
-0.56345004
-0.58551469
-0.61400174
-0.59226751
-0.56739226
-0.58598549
-0.6035663
-0.58136832
-0.58136832
-0.6035663
-0.56859307
-0.54922695
-0.54922695
-0.56859307
-0.59708013
-0.57507924
-0.55551604
-0.57507924
-0.55655683
-0.53697237
-0.53958589
-0.55917035
-0.52759897
-0.51049471
-0.51275656
-0.52986083
-0.55307835
-0.53107746
-0.51638963
-0.53595283
-0.52261496
-0.50564402
-0.50564402
-0.52261496
-0.49791415
-0.48307174
-0.48307174
-0.49791415
-0.51882731
-0.5017018
-0.48701397
-0.5017018
-0.55917035
-0.53958589
-0.53697237
-0.55655683
-0.52986083
-0.51275656
-0.51049471
-0.52759897
-0.55307835
-0.53595283
-0.51638963
-0.53107746
-0.68533406
-0.64323579
-0.60951412
-0.6516124
-0.65871974
-0.61814283
-0.58523388
-0.62581078
-0.67619897
-0.66785483
-0.5935238
-0.6012242
-0.53369419
-0.49226088
-0.45787425
-0.49930755
-0.51174802
