MFEM mesh v1.0

#
# MFEM Geometry Types (see mesh/geom.hpp):
#
# POINT       = 0
# SEGMENT     = 1
# TRIANGLE    = 2
# SQUARE      = 3
# TETRAHEDRON = 4
# CUBE        = 5
#

dimension
3

elements
640
1 5 22 155 529 158 163 530 829 533
1 5 23 167 535 170 175 536 830 539
1 5 24 179 541 182 187 542 831 545
1 5 25 191 547 194 199 548 832 551
1 5 26 203 553 206 211 554 833 557
1 5 27 215 559 218 223 560 834 563
1 5 28 227 565 230 235 566 835 569
1 5 29 239 571 242 247 572 836 575
1 5 31 251 577 254 259 578 837 581
1 5 32 263 583 266 271 584 838 587
1 5 33 275 589 156 164 590 839 531
1 5 100 277 594 285 165 592 840 597
1 5 36 157 599 292 166 532 841 601
1 5 41 159 534 162 296 603 842 606
1 5 101 278 593 160 297 607 843 604
1 5 145 280 598 288 298 609 844 613
1 5 104 161 602 294 299 605 845 616
1 5 37 300 610 168 176 618 846 537
1 5 105 302 614 307 177 620 847 624
1 5 40 169 617 311 178 538 848 627
1 5 49 171 540 174 326 629 849 632
1 5 106 313 621 172 327 633 850 630
1 5 146 315 625 320 328 635 851 639
1 5 109 173 628 324 329 631 852 642
1 5 45 330 636 180 188 644 853 543
1 5 110 332 640 337 189 646 854 650
1 5 48 181 643 341 190 544 855 653
1 5 57 183 546 186 360 655 856 658
1 5 111 343 647 184 361 660 857 656
1 5 147 345 651 350 362 662 858 666
1 5 114 185 654 354 363 657 859 669
1 5 61 377 671 192 200 672 860 549
1 5 116 379 676 386 201 674 861 678
1 5 63 193 680 389 202 550 862 681
1 5 67 195 552 198 391 683 863 686
1 5 117 380 675 196 392 687 864 684
1 5 148 382 679 388 393 689 865 692
1 5 119 197 682 390 394 685 866 694
1 5 64 395 690 204 212 696 867 555
1 5 120 397 693 401 213 698 868 701
1 5 66 205 695 402 214 556 869 703
1 5 72 207 558 210 411 705 870 708
1 5 121 403 699 208 412 709 871 706
1 5 149 405 702 409 413 711 872 714
1 5 123 209 704 410 414 707 873 716
1 5 69 415 712 216 224 718 874 561
1 5 124 417 715 421 225 720 875 723
1 5 71 217 717 422 226 562 876 725
1 5 77 219 564 222 435 727 877 730
1 5 125 423 721 220 436 732 878 728
1 5 150 425 724 429 437 734 879 737
1 5 127 221 726 430 438 729 880 739
1 5 79 447 741 228 236 742 881 567
1 5 129 448 745 452 237 743 882 747
1 5 81 229 749 455 238 568 883 750
1 5 82 231 570 234 457 752 884 755
1 5 130 449 744 232 458 756 885 753
1 5 151 450 748 454 459 757 886 759
1 5 132 233 751 456 460 754 887 761
1 5 80 451 762 240 248 746 888 573
1 5 133 463 765 466 249 763 889 767
1 5 85 241 769 471 250 574 890 771
1 5 83 243 576 246 462 760 891 775
1 5 131 453 764 244 461 758 892 773
1 5 152 464 768 468 475 776 893 778
1 5 135 245 772 473 476 774 894 780
1 5 87 479 781 252 260 782 895 579
1 5 136 481 786 489 261 784 896 789
1 5 90 253 791 496 262 580 897 793
1 5 94 255 582 258 500 795 898 798
1 5 137 482 785 256 501 799 899 796
1 5 153 484 790 492 502 801 900 805
1 5 140 257 794 498 503 797 901 808
1 5 91 504 802 264 272 810 902 585
1 5 141 506 806 510 273 812 903 815
1 5 93 265 809 513 274 586 904 817
1 5 98 267 588 270 523 819 905 822
1 5 142 515 813 268 524 823 906 820
1 5 154 517 816 521 525 825 907 827
1 5 144 269 818 522 526 821 908 828
1 5 155 33 156 529 530 164 531 829
1 5 529 156 100 157 829 531 165 532
1 5 158 529 157 36 533 829 532 166
1 5 163 530 829 533 41 159 534 162
1 5 530 164 531 829 159 101 160 534
1 5 829 531 165 532 534 160 145 161
1 5 533 829 532 166 162 534 161 104
1 5 167 37 168 535 536 176 537 830
1 5 535 168 105 169 830 537 177 538
1 5 170 535 169 40 539 830 538 178
1 5 175 536 830 539 49 171 540 174
1 5 536 176 537 830 171 106 172 540
1 5 830 537 177 538 540 172 146 173
1 5 539 830 538 178 174 540 173 109
1 5 179 45 180 541 542 188 543 831
1 5 541 180 110 181 831 543 189 544
1 5 182 541 181 48 545 831 544 190
1 5 187 542 831 545 57 183 546 186
1 5 542 188 543 831 183 111 184 546
1 5 831 543 189 544 546 184 147 185
1 5 545 831 544 190 186 546 185 114
1 5 191 61 192 547 548 200 549 832
1 5 547 192 116 193 832 549 201 550
1 5 194 547 193 63 551 832 550 202
1 5 199 548 832 551 67 195 552 198
1 5 548 200 549 832 195 117 196 552
1 5 832 549 201 550 552 196 148 197
1 5 551 832 550 202 198 552 197 119
1 5 203 64 204 553 554 212 555 833
1 5 553 204 120 205 833 555 213 556
1 5 206 553 205 66 557 833 556 214
1 5 211 554 833 557 72 207 558 210
1 5 554 212 555 833 207 121 208 558
1 5 833 555 213 556 558 208 149 209
1 5 557 833 556 214 210 558 209 123
1 5 215 69 216 559 560 224 561 834
1 5 559 216 124 217 834 561 225 562
1 5 218 559 217 71 563 834 562 226
1 5 223 560 834 563 77 219 564 222
1 5 560 224 561 834 219 125 220 564
1 5 834 561 225 562 564 220 150 221
1 5 563 834 562 226 222 564 221 127
1 5 227 79 228 565 566 236 567 835
1 5 565 228 129 229 835 567 237 568
1 5 230 565 229 81 569 835 568 238
1 5 235 566 835 569 82 231 570 234
1 5 566 236 567 835 231 130 232 570
1 5 835 567 237 568 570 232 151 233
1 5 569 835 568 238 234 570 233 132
1 5 239 80 240 571 572 248 573 836
1 5 571 240 133 241 836 573 249 574
1 5 242 571 241 85 575 836 574 250
1 5 247 572 836 575 83 243 576 246
1 5 572 248 573 836 243 131 244 576
1 5 836 573 249 574 576 244 152 245
1 5 575 836 574 250 246 576 245 135
1 5 251 87 252 577 578 260 579 837
1 5 577 252 136 253 837 579 261 580
1 5 254 577 253 90 581 837 580 262
1 5 259 578 837 581 94 255 582 258
1 5 578 260 579 837 255 137 256 582
1 5 837 579 261 580 582 256 153 257
1 5 581 837 580 262 258 582 257 140
1 5 263 91 264 583 584 272 585 838
1 5 583 264 141 265 838 585 273 586
1 5 266 583 265 93 587 838 586 274
1 5 271 584 838 587 98 267 588 270
1 5 584 272 585 838 267 142 268 588
1 5 838 585 273 586 588 268 154 269
1 5 587 838 586 274 270 588 269 144
1 5 275 8 276 589 590 281 591 839
1 5 589 276 34 277 839 591 282 592
1 5 156 589 277 100 531 839 592 165
1 5 164 590 839 531 101 278 593 160
1 5 590 281 591 839 278 42 279 593
1 5 839 591 282 592 593 279 102 280
1 5 531 839 592 165 160 593 280 145
1 5 277 34 283 594 592 282 595 840
1 5 594 283 3 284 840 595 289 596
1 5 285 594 284 35 597 840 596 290
1 5 165 592 840 597 145 280 598 288
1 5 592 282 595 840 280 102 286 598
1 5 840 595 289 596 598 286 43 287
1 5 597 840 596 290 288 598 287 103
1 5 157 100 285 599 532 165 597 841
1 5 599 285 35 291 841 597 290 600
1 5 292 599 291 11 601 841 600 295
1 5 166 532 841 601 104 161 602 294
1 5 532 165 597 841 161 145 288 602
1 5 841 597 290 600 602 288 103 293
1 5 601 841 600 295 294 602 293 44
1 5 159 101 160 534 603 297 604 842
1 5 534 160 145 161 842 604 298 605
1 5 162 534 161 104 606 842 605 299
1 5 296 603 842 606 23 167 535 170
1 5 603 297 604 842 167 37 168 535
1 5 842 604 298 605 535 168 105 169
1 5 606 842 605 299 170 535 169 40
1 5 278 42 279 593 607 303 608 843
1 5 593 279 102 280 843 608 304 609
1 5 160 593 280 145 604 843 609 298
1 5 297 607 843 604 37 300 610 168
1 5 607 303 608 843 300 9 301 610
1 5 843 608 304 609 610 301 38 302
1 5 604 843 609 298 168 610 302 105
1 5 280 102 286 598 609 304 611 844
1 5 598 286 43 287 844 611 308 612
1 5 288 598 287 103 613 844 612 309
1 5 298 609 844 613 105 302 614 307
1 5 609 304 611 844 302 38 305 614
1 5 844 611 308 612 614 305 4 306
1 5 613 844 612 309 307 614 306 39
1 5 161 145 288 602 605 298 613 845
1 5 602 288 103 293 845 613 309 615
1 5 294 602 293 44 616 845 615 312
1 5 299 605 845 616 40 169 617 311
1 5 605 298 613 845 169 105 307 617
1 5 845 613 309 615 617 307 39 310
1 5 616 845 615 312 311 617 310 12
1 5 300 9 301 610 618 316 619 846
1 5 610 301 38 302 846 619 317 620
1 5 168 610 302 105 537 846 620 177
1 5 176 618 846 537 106 313 621 172
1 5 618 316 619 846 313 50 314 621
1 5 846 619 317 620 621 314 107 315
1 5 537 846 620 177 172 621 315 146
1 5 302 38 305 614 620 317 622 847
1 5 614 305 4 306 847 622 321 623
1 5 307 614 306 39 624 847 623 322
1 5 177 620 847 624 146 315 625 320
1 5 620 317 622 847 315 107 318 625
1 5 847 622 321 623 625 318 51 319
1 5 624 847 623 322 320 625 319 108
1 5 169 105 307 617 538 177 624 848
1 5 617 307 39 310 848 624 322 626
1 5 311 617 310 12 627 848 626 325
1 5 178 538 848 627 109 173 628 324
1 5 538 177 624 848 173 146 320 628
1 5 848 624 322 626 628 320 108 323
1 5 627 848 626 325 324 628 323 52
1 5 171 106 172 540 629 327 630 849
1 5 540 172 146 173 849 630 328 631
1 5 174 540 173 109 632 849 631 329
1 5 326 629 849 632 24 179 541 182
1 5 629 327 630 849 179 45 180 541
1 5 849 630 328 631 541 180 110 181
1 5 632 849 631 329 182 541 181 48
1 5 313 50 314 621 633 333 634 850
1 5 621 314 107 315 850 634 334 635
1 5 172 621 315 146 630 850 635 328
1 5 327 633 850 630 45 330 636 180
1 5 633 333 634 850 330 10 331 636
1 5 850 634 334 635 636 331 46 332
1 5 630 850 635 328 180 636 332 110
1 5 315 107 318 625 635 334 637 851
1 5 625 318 51 319 851 637 338 638
1 5 320 625 319 108 639 851 638 339
1 5 328 635 851 639 110 332 640 337
1 5 635 334 637 851 332 46 335 640
1 5 851 637 338 638 640 335 5 336
1 5 639 851 638 339 337 640 336 47
1 5 173 146 320 628 631 328 639 852
1 5 628 320 108 323 852 639 339 641
1 5 324 628 323 52 642 852 641 342
1 5 329 631 852 642 48 181 643 341
1 5 631 328 639 852 181 110 337 643
1 5 852 639 339 641 643 337 47 340
1 5 642 852 641 342 341 643 340 13
1 5 330 10 331 636 644 346 645 853
1 5 636 331 46 332 853 645 347 646
1 5 180 636 332 110 543 853 646 189
1 5 188 644 853 543 111 343 647 184
1 5 644 346 645 853 343 58 344 647
1 5 853 645 347 646 647 344 112 345
1 5 543 853 646 189 184 647 345 147
1 5 332 46 335 640 646 347 648 854
1 5 640 335 5 336 854 648 351 649
1 5 337 640 336 47 650 854 649 352
1 5 189 646 854 650 147 345 651 350
1 5 646 347 648 854 345 112 348 651
1 5 854 648 351 649 651 348 59 349
1 5 650 854 649 352 350 651 349 113
1 5 181 110 337 643 544 189 650 855
1 5 643 337 47 340 855 650 352 652
1 5 341 643 340 13 653 855 652 355
1 5 190 544 855 653 114 185 654 354
1 5 544 189 650 855 185 147 350 654
1 5 855 650 352 652 654 350 113 353
1 5 653 855 652 355 354 654 353 60
1 5 183 111 184 546 655 361 656 856
1 5 546 184 147 185 856 656 362 657
1 5 186 546 185 114 658 856 657 363
1 5 360 655 856 658 14 356 659 359
1 5 655 361 656 856 356 53 357 659
1 5 856 656 362 657 659 357 115 358
1 5 658 856 657 363 359 659 358 56
1 5 343 58 344 647 660 367 661 857
1 5 647 344 112 345 857 661 368 662
1 5 184 647 345 147 656 857 662 362
1 5 361 660 857 656 53 364 663 357
1 5 660 367 661 857 364 2 365 663
1 5 857 661 368 662 663 365 54 366
1 5 656 857 662 362 357 663 366 115
1 5 345 112 348 651 662 368 664 858
1 5 651 348 59 349 858 664 372 665
1 5 350 651 349 113 666 858 665 373
1 5 362 662 858 666 115 366 667 371
1 5 662 368 664 858 366 54 369 667
1 5 858 664 372 665 667 369 0 370
1 5 666 858 665 373 371 667 370 55
1 5 185 147 350 654 657 362 666 859
1 5 654 350 113 353 859 666 373 668
1 5 354 654 353 60 669 859 668 376
1 5 363 657 859 669 56 358 670 375
1 5 657 362 666 859 358 115 371 670
1 5 859 666 373 668 670 371 55 374
1 5 669 859 668 376 375 670 374 1
1 5 377 15 378 671 672 383 673 860
1 5 671 378 62 379 860 673 384 674
1 5 192 671 379 116 549 860 674 201
1 5 200 672 860 549 117 380 675 196
1 5 672 383 673 860 380 68 381 675
1 5 860 673 384 674 675 381 118 382
1 5 549 860 674 201 196 675 382 148
1 5 379 62 385 676 674 384 677 861
1 5 676 385 3 283 861 677 289 595
1 5 386 676 283 34 678 861 595 282
1 5 201 674 861 678 148 382 679 388
1 5 674 384 677 861 382 118 387 679
1 5 861 677 289 595 679 387 43 286
1 5 678 861 595 282 388 679 286 102
1 5 193 116 386 680 550 201 678 862
1 5 680 386 34 276 862 678 282 591
1 5 389 680 276 8 681 862 591 281
1 5 202 550 862 681 119 197 682 390
1 5 550 201 678 862 197 148 388 682
1 5 862 678 282 591 682 388 102 279
1 5 681 862 591 281 390 682 279 42
1 5 195 117 196 552 683 392 684 863
1 5 552 196 148 197 863 684 393 685
1 5 198 552 197 119 686 863 685 394
1 5 391 683 863 686 26 203 553 206
1 5 683 392 684 863 203 64 204 553
1 5 863 684 393 685 553 204 120 205
1 5 686 863 685 394 206 553 205 66
1 5 380 68 381 675 687 398 688 864
1 5 675 381 118 382 864 688 399 689
1 5 196 675 382 148 684 864 689 393
1 5 392 687 864 684 64 395 690 204
1 5 687 398 688 864 395 16 396 690
1 5 864 688 399 689 690 396 65 397
1 5 684 864 689 393 204 690 397 120
1 5 382 118 387 679 689 399 691 865
1 5 679 387 43 286 865 691 308 611
1 5 388 679 286 102 692 865 611 304
1 5 393 689 865 692 120 397 693 401
1 5 689 399 691 865 397 65 400 693
1 5 865 691 308 611 693 400 4 305
1 5 692 865 611 304 401 693 305 38
1 5 197 148 388 682 685 393 692 866
1 5 682 388 102 279 866 692 304 608
1 5 390 682 279 42 694 866 608 303
1 5 394 685 866 694 66 205 695 402
1 5 685 393 692 866 205 120 401 695
1 5 866 692 304 608 695 401 38 301
1 5 694 866 608 303 402 695 301 9
1 5 395 16 396 690 696 406 697 867
1 5 690 396 65 397 867 697 407 698
1 5 204 690 397 120 555 867 698 213
1 5 212 696 867 555 121 403 699 208
1 5 696 406 697 867 403 73 404 699
1 5 867 697 407 698 699 404 122 405
1 5 555 867 698 213 208 699 405 149
1 5 397 65 400 693 698 407 700 868
1 5 693 400 4 305 868 700 321 622
1 5 401 693 305 38 701 868 622 317
1 5 213 698 868 701 149 405 702 409
1 5 698 407 700 868 405 122 408 702
1 5 868 700 321 622 702 408 51 318
1 5 701 868 622 317 409 702 318 107
1 5 205 120 401 695 556 213 701 869
1 5 695 401 38 301 869 701 317 619
1 5 402 695 301 9 703 869 619 316
1 5 214 556 869 703 123 209 704 410
1 5 556 213 701 869 209 149 409 704
1 5 869 701 317 619 704 409 107 314
1 5 703 869 619 316 410 704 314 50
1 5 207 121 208 558 705 412 706 870
1 5 558 208 149 209 870 706 413 707
1 5 210 558 209 123 708 870 707 414
1 5 411 705 870 708 27 215 559 218
1 5 705 412 706 870 215 69 216 559
1 5 870 706 413 707 559 216 124 217
1 5 708 870 707 414 218 559 217 71
1 5 403 73 404 699 709 418 710 871
1 5 699 404 122 405 871 710 419 711
1 5 208 699 405 149 706 871 711 413
1 5 412 709 871 706 69 415 712 216
1 5 709 418 710 871 415 17 416 712
1 5 871 710 419 711 712 416 70 417
1 5 706 871 711 413 216 712 417 124
1 5 405 122 408 702 711 419 713 872
1 5 702 408 51 318 872 713 338 637
1 5 409 702 318 107 714 872 637 334
1 5 413 711 872 714 124 417 715 421
1 5 711 419 713 872 417 70 420 715
1 5 872 713 338 637 715 420 5 335
1 5 714 872 637 334 421 715 335 46
1 5 209 149 409 704 707 413 714 873
1 5 704 409 107 314 873 714 334 634
1 5 410 704 314 50 716 873 634 333
1 5 414 707 873 716 71 217 717 422
1 5 707 413 714 873 217 124 421 717
1 5 873 714 334 634 717 421 46 331
1 5 716 873 634 333 422 717 331 10
1 5 415 17 416 712 718 426 719 874
1 5 712 416 70 417 874 719 427 720
1 5 216 712 417 124 561 874 720 225
1 5 224 718 874 561 125 423 721 220
1 5 718 426 719 874 423 78 424 721
1 5 874 719 427 720 721 424 126 425
1 5 561 874 720 225 220 721 425 150
1 5 417 70 420 715 720 427 722 875
1 5 715 420 5 335 875 722 351 648
1 5 421 715 335 46 723 875 648 347
1 5 225 720 875 723 150 425 724 429
1 5 720 427 722 875 425 126 428 724
1 5 875 722 351 648 724 428 59 348
1 5 723 875 648 347 429 724 348 112
1 5 217 124 421 717 562 225 723 876
1 5 717 421 46 331 876 723 347 645
1 5 422 717 331 10 725 876 645 346
1 5 226 562 876 725 127 221 726 430
1 5 562 225 723 876 221 150 429 726
1 5 876 723 347 645 726 429 112 344
1 5 725 876 645 346 430 726 344 58
1 5 219 125 220 564 727 436 728 877
1 5 564 220 150 221 877 728 437 729
1 5 222 564 221 127 730 877 729 438
1 5 435 727 877 730 19 431 731 434
1 5 727 436 728 877 431 74 432 731
1 5 877 728 437 729 731 432 128 433
1 5 730 877 729 438 434 731 433 76
1 5 423 78 424 721 732 442 733 878
1 5 721 424 126 425 878 733 443 734
1 5 220 721 425 150 728 878 734 437
1 5 436 732 878 728 74 439 735 432
1 5 732 442 733 878 439 7 440 735
1 5 878 733 443 734 735 440 75 441
1 5 728 878 734 437 432 735 441 128
1 5 425 126 428 724 734 443 736 879
1 5 724 428 59 348 879 736 372 664
1 5 429 724 348 112 737 879 664 368
1 5 437 734 879 737 128 441 738 445
1 5 734 443 736 879 441 75 444 738
1 5 879 736 372 664 738 444 0 369
1 5 737 879 664 368 445 738 369 54
1 5 221 150 429 726 729 437 737 880
1 5 726 429 112 344 880 737 368 661
1 5 430 726 344 58 739 880 661 367
1 5 438 729 880 739 76 433 740 446
1 5 729 437 737 880 433 128 445 740
1 5 880 737 368 661 740 445 54 365
1 5 739 880 661 367 446 740 365 2
1 5 447 15 383 741 742 378 673 881
1 5 741 383 68 448 881 673 381 743
1 5 228 741 448 129 567 881 743 237
1 5 236 742 881 567 130 449 744 232
1 5 742 378 673 881 449 62 384 744
1 5 881 673 381 743 744 384 118 450
1 5 567 881 743 237 232 744 450 151
1 5 448 68 398 745 743 381 688 882
1 5 745 398 16 451 882 688 396 746
1 5 452 745 451 80 747 882 746 248
1 5 237 743 882 747 151 450 748 454
1 5 743 381 688 882 450 118 399 748
1 5 882 688 396 746 748 399 65 453
1 5 747 882 746 248 454 748 453 131
1 5 229 129 452 749 568 237 747 883
1 5 749 452 80 239 883 747 248 572
1 5 455 749 239 29 750 883 572 247
1 5 238 568 883 750 132 233 751 456
1 5 568 237 747 883 233 151 454 751
1 5 883 747 248 572 751 454 131 243
1 5 750 883 572 247 456 751 243 83
1 5 231 130 232 570 752 458 753 884
1 5 570 232 151 233 884 753 459 754
1 5 234 570 233 132 755 884 754 460
1 5 457 752 884 755 11 291 600 295
1 5 752 458 753 884 291 35 290 600
1 5 884 753 459 754 600 290 103 293
1 5 755 884 754 460 295 600 293 44
1 5 449 62 384 744 756 385 677 885
1 5 744 384 118 450 885 677 387 757
1 5 232 744 450 151 753 885 757 459
1 5 458 756 885 753 35 284 596 290
1 5 756 385 677 885 284 3 289 596
1 5 885 677 387 757 596 289 43 287
1 5 753 885 757 459 290 596 287 103
1 5 450 118 399 748 757 387 691 886
1 5 748 399 65 453 886 691 400 758
1 5 454 748 453 131 759 886 758 461
1 5 459 757 886 759 103 287 612 309
1 5 757 387 691 886 287 43 308 612
1 5 886 691 400 758 612 308 4 306
1 5 759 886 758 461 309 612 306 39
1 5 233 151 454 751 754 459 759 887
1 5 751 454 131 243 887 759 461 760
1 5 456 751 243 83 761 887 760 462
1 5 460 754 887 761 44 293 615 312
1 5 754 459 759 887 293 103 309 615
1 5 887 759 461 760 615 309 39 310
1 5 761 887 760 462 312 615 310 12
1 5 451 16 406 762 746 396 697 888
1 5 762 406 73 463 888 697 404 763
1 5 240 762 463 133 573 888 763 249
1 5 248 746 888 573 131 453 764 244
1 5 746 396 697 888 453 65 407 764
1 5 888 697 404 763 764 407 122 464
1 5 573 888 763 249 244 764 464 152
1 5 463 73 418 765 763 404 710 889
1 5 765 418 17 465 889 710 416 766
1 5 466 765 465 84 767 889 766 469
1 5 249 763 889 767 152 464 768 468
1 5 763 404 710 889 464 122 419 768
1 5 889 710 416 766 768 419 70 467
1 5 767 889 766 469 468 768 467 134
1 5 241 133 466 769 574 249 767 890
1 5 769 466 84 470 890 767 469 770
1 5 471 769 470 30 771 890 770 474
1 5 250 574 890 771 135 245 772 473
1 5 574 249 767 890 245 152 468 772
1 5 890 767 469 770 772 468 134 472
1 5 771 890 770 474 473 772 472 86
1 5 243 131 244 576 760 461 773 891
1 5 576 244 152 245 891 773 475 774
1 5 246 576 245 135 775 891 774 476
1 5 462 760 891 775 12 310 626 325
1 5 760 461 773 891 310 39 322 626
1 5 891 773 475 774 626 322 108 323
1 5 775 891 774 476 325 626 323 52
1 5 453 65 407 764 758 400 700 892
1 5 764 407 122 464 892 700 408 776
1 5 244 764 464 152 773 892 776 475
1 5 461 758 892 773 39 306 623 322
1 5 758 400 700 892 306 4 321 623
1 5 892 700 408 776 623 321 51 319
1 5 773 892 776 475 322 623 319 108
1 5 464 122 419 768 776 408 713 893
1 5 768 419 70 467 893 713 420 777
1 5 468 768 467 134 778 893 777 477
1 5 475 776 893 778 108 319 638 339
1 5 776 408 713 893 319 51 338 638
1 5 893 713 420 777 638 338 5 336
1 5 778 893 777 477 339 638 336 47
1 5 245 152 468 772 774 475 778 894
1 5 772 468 134 472 894 778 477 779
1 5 473 772 472 86 780 894 779 478
1 5 476 774 894 780 52 323 641 342
1 5 774 475 778 894 323 108 339 641
1 5 894 778 477 779 641 339 47 340
1 5 780 894 779 478 342 641 340 13
1 5 479 20 480 781 782 485 783 895
1 5 781 480 88 481 895 783 486 784
1 5 252 781 481 136 579 895 784 261
1 5 260 782 895 579 137 482 785 256
1 5 782 485 783 895 482 95 483 785
1 5 895 783 486 784 785 483 138 484
1 5 579 895 784 261 256 785 484 153
1 5 481 88 487 786 784 486 787 896
1 5 786 487 6 488 896 787 493 788
1 5 489 786 488 89 789 896 788 494
1 5 261 784 896 789 153 484 790 492
1 5 784 486 787 896 484 138 490 790
1 5 896 787 493 788 790 490 96 491
1 5 789 896 788 494 492 790 491 139
1 5 253 136 489 791 580 261 789 897
1 5 791 489 89 495 897 789 494 792
1 5 496 791 495 18 793 897 792 499
1 5 262 580 897 793 140 257 794 498
1 5 580 261 789 897 257 153 492 794
1 5 897 789 494 792 794 492 139 497
1 5 793 897 792 499 498 794 497 97
1 5 255 137 256 582 795 501 796 898
1 5 582 256 153 257 898 796 502 797
1 5 258 582 257 140 798 898 797 503
1 5 500 795 898 798 32 263 583 266
1 5 795 501 796 898 263 91 264 583
1 5 898 796 502 797 583 264 141 265
1 5 798 898 797 503 266 583 265 93
1 5 482 95 483 785 799 507 800 899
1 5 785 483 138 484 899 800 508 801
1 5 256 785 484 153 796 899 801 502
1 5 501 799 899 796 91 504 802 264
1 5 799 507 800 899 504 21 505 802
1 5 899 800 508 801 802 505 92 506
1 5 796 899 801 502 264 802 506 141
1 5 484 138 490 790 801 508 803 900
1 5 790 490 96 491 900 803 511 804
1 5 492 790 491 139 805 900 804 512
1 5 502 801 900 805 141 506 806 510
1 5 801 508 803 900 506 92 509 806
1 5 900 803 511 804 806 509 7 439
1 5 805 900 804 512 510 806 439 74
1 5 257 153 492 794 797 502 805 901
1 5 794 492 139 497 901 805 512 807
1 5 498 794 497 97 808 901 807 514
1 5 503 797 901 808 93 265 809 513
1 5 797 502 805 901 265 141 510 809
1 5 901 805 512 807 809 510 74 431
1 5 808 901 807 514 513 809 431 19
1 5 504 21 505 802 810 518 811 902
1 5 802 505 92 506 902 811 519 812
1 5 264 802 506 141 585 902 812 273
1 5 272 810 902 585 142 515 813 268
1 5 810 518 811 902 515 99 516 813
1 5 902 811 519 812 813 516 143 517
1 5 585 902 812 273 268 813 517 154
1 5 506 92 509 806 812 519 814 903
1 5 806 509 7 439 903 814 440 735
1 5 510 806 439 74 815 903 735 432
1 5 273 812 903 815 154 517 816 521
1 5 812 519 814 903 517 143 520 816
1 5 903 814 440 735 816 520 75 441
1 5 815 903 735 432 521 816 441 128
1 5 265 141 510 809 586 273 815 904
1 5 809 510 74 431 904 815 432 731
1 5 513 809 431 19 817 904 731 434
1 5 274 586 904 817 144 269 818 522
1 5 586 273 815 904 269 154 521 818
1 5 904 815 432 731 818 521 128 433
1 5 817 904 731 434 522 818 433 76
1 5 267 142 268 588 819 524 820 905
1 5 588 268 154 269 905 820 525 821
1 5 270 588 269 144 822 905 821 526
1 5 523 819 905 822 14 359 659 356
1 5 819 524 820 905 359 56 358 659
1 5 905 820 525 821 659 358 115 357
1 5 822 905 821 526 356 659 357 53
1 5 515 99 516 813 823 527 824 906
1 5 813 516 143 517 906 824 528 825
1 5 268 813 517 154 820 906 825 525
1 5 524 823 906 820 56 375 670 358
1 5 823 527 824 906 375 1 374 670
1 5 906 824 528 825 670 374 55 371
1 5 820 906 825 525 358 670 371 115
1 5 517 143 520 816 825 528 826 907
1 5 816 520 75 441 907 826 444 738
1 5 521 816 441 128 827 907 738 445
1 5 525 825 907 827 115 371 667 366
1 5 825 528 826 907 371 55 370 667
1 5 907 826 444 738 667 370 0 369
1 5 827 907 738 445 366 667 369 54
1 5 269 154 521 818 821 525 827 908
1 5 818 521 128 433 908 827 445 740
1 5 522 818 433 76 828 908 740 446
1 5 526 821 908 828 53 357 663 364
1 5 821 525 827 908 357 115 366 663
1 5 908 827 445 740 663 366 54 365
1 5 828 908 740 446 364 663 365 2

boundary
480
39 3 158 529 155 22
39 3 275 8 281 590
39 3 158 22 163 533
39 3 300 9 316 618
39 3 170 23 175 539
39 3 330 10 346 644
39 3 182 24 187 545
39 3 5 336 649 351
39 3 194 547 191 25
39 3 377 15 383 672
39 3 194 25 199 551
39 3 395 16 406 696
39 3 206 26 211 557
39 3 415 17 426 718
39 3 495 18 499 792
39 3 218 27 223 563
39 3 17 416 719 426
39 3 230 565 227 28
39 3 242 571 239 29
39 3 487 6 493 787
39 3 447 15 378 742
39 3 230 28 235 569
39 3 242 29 247 575
39 3 17 465 766 416
39 3 509 7 440 814
39 3 254 577 251 31
39 3 479 20 485 782
39 3 254 31 259 581
39 3 504 21 518 810
39 3 266 32 271 587
39 3 156 589 275 33
39 3 285 594 277 100
39 3 292 599 157 36
39 3 227 79 236 566
39 3 231 130 458 752
39 3 449 62 385 756
39 3 155 33 164 530
39 3 159 101 297 603
39 3 278 42 303 607
39 3 389 63 202 681
39 3 390 119 394 694
39 3 198 67 391 686
39 3 292 36 166 601
39 3 294 104 299 616
39 3 162 41 296 606
39 3 167 37 176 536
39 3 171 106 327 629
39 3 313 50 333 633
39 3 311 40 178 627
39 3 324 109 329 642
39 3 174 49 326 632
39 3 341 48 190 653
39 3 354 114 363 669
39 3 186 57 360 658
39 3 251 87 260 578
39 3 255 137 501 795
39 3 482 95 507 799
39 3 263 91 272 584
39 3 267 142 524 819
39 3 515 99 527 823
39 3 179 45 188 542
39 3 183 111 361 655
39 3 343 58 367 660
39 3 496 90 262 793
39 3 498 140 503 808
39 3 258 94 500 798
39 3 513 93 274 817
39 3 522 144 526 828
39 3 270 98 523 822
39 3 47 340 652 352
39 3 113 353 668 373
39 3 59 349 665 372
39 3 70 420 722 427
39 3 126 428 736 443
39 3 78 424 733 442
39 3 480 88 486 783
39 3 483 138 508 800
39 3 490 96 511 803
39 3 455 81 238 750
39 3 456 132 460 761
39 3 234 82 457 755
39 3 471 85 250 771
39 3 473 135 476 780
39 3 246 83 462 775
39 3 84 470 770 469
39 3 134 472 779 477
39 3 70 467 777 420
39 3 505 92 519 811
39 3 516 143 528 824
39 3 520 75 444 826
39 3 192 671 377 61
39 3 386 676 379 116
39 3 389 680 193 63
39 3 191 61 200 548
39 3 195 117 392 683
39 3 380 68 398 687
39 3 252 781 479 87
39 3 489 786 481 136
39 3 496 791 253 90
39 3 203 64 212 554
39 3 207 121 412 705
39 3 403 73 418 709
39 3 402 66 214 703
39 3 410 123 414 716
39 3 210 72 411 708
39 3 215 69 224 560
39 3 219 125 436 727
39 3 423 78 442 732
39 3 488 89 494 788
39 3 491 139 512 804
39 3 497 97 514 807
39 3 422 71 226 725
39 3 430 127 438 739
39 3 222 77 435 730
39 3 228 741 447 79
39 3 452 745 448 129
39 3 455 749 229 81
39 3 240 762 451 80
39 3 466 765 463 133
39 3 471 769 241 85
39 3 529 156 33 155
39 3 157 100 156 529
39 3 36 157 529 158
39 3 79 447 742 236
39 3 236 742 449 130
39 3 742 378 62 449
39 3 589 276 8 275
39 3 277 34 276 589
39 3 100 277 589 156
39 3 594 283 34 277
39 3 284 3 283 594
39 3 35 284 594 285
39 3 599 285 100 157
39 3 291 35 285 599
39 3 11 291 599 292
39 3 28 227 566 235
39 3 235 566 231 82
39 3 566 236 130 231
39 3 82 231 752 457
39 3 457 752 291 11
39 3 752 458 35 291
39 3 130 449 756 458
39 3 458 756 284 35
39 3 756 385 3 284
39 3 33 275 590 164
39 3 164 590 278 101
39 3 590 281 42 278
39 3 63 194 551 202
39 3 202 551 198 119
39 3 551 199 67 198
39 3 22 155 530 163
39 3 163 530 159 41
39 3 530 164 101 159
39 3 41 159 603 296
39 3 296 603 167 23
39 3 603 297 37 167
39 3 101 278 607 297
39 3 297 607 300 37
39 3 607 303 9 300
39 3 8 389 681 281
39 3 281 681 390 42
39 3 681 202 119 390
39 3 42 390 694 303
39 3 303 694 402 9
39 3 694 394 66 402
39 3 119 198 686 394
39 3 394 686 206 66
39 3 686 391 26 206
39 3 36 158 533 166
39 3 166 533 162 104
39 3 533 163 41 162
39 3 11 292 601 295
39 3 295 601 294 44
39 3 601 166 104 294
39 3 44 294 616 312
39 3 312 616 311 12
39 3 616 299 40 311
39 3 104 162 606 299
39 3 299 606 170 40
39 3 606 296 23 170
39 3 37 300 618 176
39 3 176 618 313 106
39 3 618 316 50 313
39 3 23 167 536 175
39 3 175 536 171 49
39 3 536 176 106 171
39 3 49 171 629 326
39 3 326 629 179 24
39 3 629 327 45 179
39 3 106 313 633 327
39 3 327 633 330 45
39 3 633 333 10 330
39 3 40 170 539 178
39 3 178 539 174 109
39 3 539 175 49 174
39 3 48 182 545 190
39 3 190 545 186 114
39 3 545 187 57 186
39 3 87 479 782 260
39 3 260 782 482 137
39 3 782 485 95 482
39 3 91 504 810 272
39 3 272 810 515 142
39 3 810 518 99 515
39 3 12 311 627 325
39 3 325 627 324 52
39 3 627 178 109 324
39 3 52 324 642 342
39 3 342 642 341 13
39 3 642 329 48 341
39 3 109 174 632 329
39 3 329 632 182 48
39 3 632 326 24 182
39 3 13 341 653 355
39 3 355 653 354 60
39 3 653 190 114 354
39 3 60 354 669 376
39 3 376 669 375 1
39 3 669 363 56 375
39 3 114 186 658 363
39 3 363 658 359 56
39 3 658 360 14 359
39 3 31 251 578 259
39 3 259 578 255 94
39 3 578 260 137 255
39 3 94 255 795 500
39 3 500 795 263 32
39 3 795 501 91 263
39 3 137 482 799 501
39 3 501 799 504 91
39 3 799 507 21 504
39 3 32 263 584 271
39 3 271 584 267 98
39 3 584 272 142 267
39 3 98 267 819 523
39 3 523 819 359 14
39 3 819 524 56 359
39 3 142 515 823 524
39 3 524 823 375 56
39 3 823 527 1 375
39 3 45 330 644 188
39 3 188 644 343 111
39 3 644 346 58 343
39 3 90 254 581 262
39 3 262 581 258 140
39 3 581 259 94 258
39 3 93 266 587 274
39 3 274 587 270 144
39 3 587 271 98 270
39 3 24 179 542 187
39 3 187 542 183 57
39 3 542 188 111 183
39 3 57 183 655 360
39 3 360 655 356 14
39 3 655 361 53 356
39 3 111 343 660 361
39 3 361 660 364 53
39 3 660 367 2 364
39 3 18 496 793 499
39 3 499 793 498 97
39 3 793 262 140 498
39 3 97 498 808 514
39 3 514 808 513 19
39 3 808 503 93 513
39 3 140 258 798 503
39 3 503 798 266 93
39 3 798 500 32 266
39 3 19 513 817 434
39 3 434 817 522 76
39 3 817 274 144 522
39 3 76 522 828 446
39 3 446 828 364 2
39 3 828 526 53 364
39 3 144 270 822 526
39 3 526 822 356 53
39 3 822 523 14 356
39 3 336 47 352 649
39 3 649 352 113 349
39 3 351 649 349 59
39 3 416 70 427 719
39 3 719 427 126 424
39 3 426 719 424 78
39 3 88 487 787 486
39 3 486 787 490 138
39 3 787 493 96 490
39 3 81 230 569 238
39 3 238 569 234 132
39 3 569 235 82 234
39 3 85 242 575 250
39 3 250 575 246 135
39 3 575 247 83 246
39 3 465 84 469 766
39 3 766 469 134 467
39 3 416 766 467 70
39 3 92 509 814 519
39 3 519 814 520 143
39 3 814 440 75 520
39 3 340 13 355 652
39 3 652 355 60 353
39 3 352 652 353 113
39 3 353 60 376 668
39 3 668 376 1 374
39 3 373 668 374 55
39 3 349 113 373 665
39 3 665 373 55 370
39 3 372 665 370 0
39 3 420 5 351 722
39 3 722 351 59 428
39 3 427 722 428 126
39 3 428 59 372 736
39 3 736 372 0 444
39 3 443 736 444 75
39 3 424 126 443 733
39 3 733 443 75 440
39 3 442 733 440 7
39 3 20 480 783 485
39 3 485 783 483 95
39 3 783 486 138 483
39 3 95 483 800 507
39 3 507 800 505 21
39 3 800 508 92 505
39 3 138 490 803 508
39 3 508 803 509 92
39 3 803 511 7 509
39 3 29 455 750 247
39 3 247 750 456 83
39 3 750 238 132 456
39 3 83 456 761 462
39 3 462 761 312 12
39 3 761 460 44 312
39 3 132 234 755 460
39 3 460 755 295 44
39 3 755 457 11 295
39 3 30 471 771 474
39 3 474 771 473 86
39 3 771 250 135 473
39 3 86 473 780 478
39 3 478 780 342 13
39 3 780 476 52 342
39 3 135 246 775 476
39 3 476 775 325 52
39 3 775 462 12 325
39 3 470 30 474 770
39 3 770 474 86 472
39 3 469 770 472 134
39 3 472 86 478 779
39 3 779 478 13 340
39 3 477 779 340 47
39 3 467 134 477 777
39 3 777 477 47 336
39 3 420 777 336 5
39 3 21 505 811 518
39 3 518 811 516 99
39 3 811 519 143 516
39 3 99 516 824 527
39 3 527 824 374 1
39 3 824 528 55 374
39 3 143 520 826 528
39 3 528 826 370 55
39 3 826 444 0 370
39 3 547 192 61 191
39 3 193 116 192 547
39 3 63 193 547 194
39 3 671 378 15 377
39 3 379 62 378 671
39 3 116 379 671 192
39 3 676 385 62 379
39 3 283 3 385 676
39 3 34 283 676 386
39 3 680 386 116 193
39 3 276 34 386 680
39 3 8 276 680 389
39 3 61 377 672 200
39 3 200 672 380 117
39 3 672 383 68 380
39 3 577 252 87 251
39 3 253 136 252 577
39 3 90 253 577 254
39 3 25 191 548 199
39 3 199 548 195 67
39 3 548 200 117 195
39 3 67 195 683 391
39 3 391 683 203 26
39 3 683 392 64 203
39 3 117 380 687 392
39 3 392 687 395 64
39 3 687 398 16 395
39 3 781 480 20 479
39 3 481 88 480 781
39 3 136 481 781 252
39 3 786 487 88 481
39 3 488 6 487 786
39 3 89 488 786 489
39 3 791 489 136 253
39 3 495 89 489 791
39 3 18 495 791 496
39 3 64 395 696 212
39 3 212 696 403 121
39 3 696 406 73 403
39 3 66 206 557 214
39 3 214 557 210 123
39 3 557 211 72 210
39 3 69 415 718 224
39 3 224 718 423 125
39 3 718 426 78 423
39 3 89 495 792 494
39 3 494 792 497 139
39 3 792 499 97 497
39 3 71 218 563 226
39 3 226 563 222 127
39 3 563 223 77 222
39 3 26 203 554 211
39 3 211 554 207 72
39 3 554 212 121 207
39 3 72 207 705 411
39 3 411 705 215 27
39 3 705 412 69 215
39 3 121 403 709 412
39 3 412 709 415 69
39 3 709 418 17 415
39 3 9 402 703 316
39 3 316 703 410 50
39 3 703 214 123 410
39 3 50 410 716 333
39 3 333 716 422 10
39 3 716 414 71 422
39 3 123 210 708 414
39 3 414 708 218 71
39 3 708 411 27 218
39 3 27 215 560 223
39 3 223 560 219 77
39 3 560 224 125 219
39 3 77 219 727 435
39 3 435 727 431 19
39 3 727 436 74 431
39 3 125 423 732 436
39 3 436 732 439 74
39 3 732 442 7 439
39 3 6 488 788 493
39 3 493 788 491 96
39 3 788 494 139 491
39 3 96 491 804 511
39 3 511 804 439 7
39 3 804 512 74 439
39 3 139 497 807 512
39 3 512 807 431 74
39 3 807 514 19 431
39 3 10 422 725 346
39 3 346 725 430 58
39 3 725 226 127 430
39 3 58 430 739 367
39 3 367 739 446 2
39 3 739 438 76 446
39 3 127 222 730 438
39 3 438 730 434 76
39 3 730 435 19 434
39 3 565 228 79 227
39 3 229 129 228 565
39 3 81 229 565 230
39 3 571 240 80 239
39 3 241 133 240 571
39 3 85 241 571 242
39 3 741 383 15 447
39 3 448 68 383 741
39 3 129 448 741 228
39 3 745 398 68 448
39 3 451 16 398 745
39 3 80 451 745 452
39 3 749 452 129 229
39 3 239 80 452 749
39 3 29 239 749 455
39 3 762 406 16 451
39 3 463 73 406 762
39 3 133 463 762 240
39 3 765 418 73 463
39 3 465 17 418 765
39 3 84 465 765 466
39 3 769 466 133 241
39 3 470 84 466 769
39 3 30 470 769 471

vertices
909

nodes
FiniteElementSpace
FiniteElementCollection: H1_3D_P2
VDim: 3
Ordering: 0

0.25513258
0.13464912
0.1716001
0.25513258
0.25513258
0.25513258
0.42586599
0.34303776
0.1716001
0.1716001
0.1716001
0.13464912
0.13464912
0.13464912
0.11052157
0.36407998
0.37107077
0.36407998
0.34802459
0.24764874
0.22229806
0.17834803
0.11052157
0.11052157
0.11052157
0.27585809
0.28596008
0.27585809
0.19040097
0.19444247
0.19040097
0.20621024
0.14907545
0.14106084
0.21336634
0.19489085
0.12258535
0.14106084
0.21336634
0.19489085
0.12258535
0.11052157
0.1716001
0.25513258
0.13464912
0.14106084
0.21336634
0.19489085
0.12258535
0.11052157
0.1716001
0.25513258
0.13464912
0.14106084
0.21336634
0.19489085
0.12258535
0.11052157
0.1716001
0.25513258
0.13464912
0.31996904
0.30960628
0.2237291
0.32851542
0.31310167
0.22878009
0.28090909
0.36757538
0.31996904
0.30960628
0.2237291
0.28090909
0.36757538
0.29534325
0.29908517
0.20962442
0.26175342
0.35355887
0.27724048
0.28275662
0.19242172
0.16252505
0.1645458
0.27724048
0.19242172
0.16252505
0.21425415
0.32408202
0.38694529
0.27711741
0.16371174
0.2606929
0.1983621
0.17764284
0.20032305
0.38445187
0.29783667
0.12979851
0.15649858
0.16797584
0.14106084
0.21336634
0.19489085
0.12258535
0.16797584
0.14106084
0.21336634
0.19489085
0.12258535
0.16797584
0.14106084
0.21336634
0.19489085
0.12258535
0.16797584
0.26666769
0.32424223
0.31135398
0.22625459
0.27094088
0.32424223
0.31135398
0.22625459
0.26666769
0.30765615
0.30434572
0.21667676
0.2543548
0.27999855
0.23606566
0.23882374
0.16353542
0.27999855
0.23606566
0.16353542
0.30059972
0.18898294
0.29238746
0.34114427
0.23773975
0.2295275
0.14314854
0.22779187
0.16971147
0.16797584
0.16797584
0.16797584
0.26880429
0.26880429
0.26051124
0.2374447
0.2374447
0.26506361
0.19875167
0.12579121
0.15451834
0.1452806
0.11655346
0.12579121
0.15451834
0.1452806
0.11655346
0.11052157
0.14106084
0.16797584
0.12258535
0.12579121
0.15451834
0.1452806
0.11655346
0.12579121
0.15451834
0.1452806
0.11655346
0.11052157
0.14106084
0.16797584
0.12258535
0.12579121
0.15451834
0.1452806
0.11655346
0.12579121
0.15451834
0.1452806
0.11655346
0.11052157
0.14106084
0.16797584
0.12258535
0.29791357
0.29331836
0.24519839
0.2497936
0.30257566
0.29652326
0.24752944
0.25358184
0.27838359
0.32210564
0.26773599
0.22499185
0.30723775
0.29972815
0.24986049
0.25737008
0.30257566
0.29652326
0.24752944
0.25358184
0.28343458
0.32637883
0.26987258
0.22751734
0.29791357
0.29331836
0.24519839
0.2497936
0.28470478
0.28408369
0.238594
0.23921509
0.26880576
0.31381259
0.26358947
0.22020293
0.23382072
0.27861951
0.23621014
0.19141135
0.19929535
0.23675518
0.20049006
0.16303023
0.17646301
0.25665307
0.25872163
0.17797857
0.23859955
0.28137759
0.23621014
0.1934321
0.20168477
0.23813422
0.20049006
0.16404061
0.17949414
0.26079018
0.25872163
0.17797857
0.21023219
0.25742693
0.28885856
0.24166382
0.18331289
0.22702328
0.25140168
0.2076913
0.19192654
0.20161855
0.28283166
0.25742858
0.15639359
0.19661962
0.2139448
0.17371877
0.13647353
0.17095011
0.18423157
0.14975499
0.13943698
0.15343014
0.21413958
0.18403678
0.15633047
0.19248322
0.19067109
0.15633047
0.19248322
0.19067109
0.1716001
0.21336634
0.23424946
0.22501171
0.18143335
0.23424946
0.22501171
0.18143335
0.25513258
0.19489085
0.16476999
0.12861724
0.16476999
0.12861724
0.13464912
0.11052157
0.14106084
0.16797584
0.12258535
0.15633047
0.19248322
0.19067109
0.1716001
0.21336634
0.23424946
0.22501171
0.18143335
0.25513258
0.19489085
0.16476999
0.12861724
0.13464912
0.15633047
0.19248322
0.19067109
0.1716001
0.21336634
0.23424946
0.22501171
0.18143335
0.25513258
0.19489085
0.16476999
0.12861724
0.13464912
0.11052157
0.14106084
0.16797584
0.12258535
0.15633047
0.19248322
0.19067109
0.1716001
0.21336634
0.23424946
0.22501171
0.18143335
0.25513258
0.19489085
0.16476999
0.12861724
0.13464912
0.15633047
0.19248322
0.19067109
0.1716001
0.21336634
0.23424946
0.22501171
0.18143335
0.25513258
0.19489085
0.16476999
0.12861724
0.13464912
0.12579121
0.15451834
0.1452806
0.11655346
0.11052157
0.14106084
0.16797584
0.12258535
0.15633047
0.19248322
0.19067109
0.1716001
0.21336634
0.23424946
0.22501171
0.18143335
0.25513258
0.19489085
0.16476999
0.12861724
0.13464912
0.34202451
0.33684313
0.28813698
0.3459088
0.33946468
0.29007913
0.36582768
0.31048013
0.28236943
0.24001701
0.28324328
0.24108531
0.1976646
0.19892735
0.28343458
0.32637883
0.26987258
0.22751734
0.3497931
0.34208622
0.29202128
0.36932308
0.31222783
0.28411713
0.24215361
0.2001901
0.3459088
0.33946468
0.29007913
0.36932308
0.31222783
0.28324328
0.24108531
0.19892735
0.27838359
0.32210564
0.26773599
0.22499185
0.34202451
0.33684313
0.28813698
0.36582768
0.31048013
0.28236943
0.24001701
0.1976646
0.33060751
0.3289523
0.28242848
0.35881943
0.306976
0.27973915
0.23693879
0.19413843
0.271496
0.27484902
0.23198961
0.22863658
0.25470108
0.3014997
0.25743302
0.21315059
0.31919051
0.32106146
0.27671998
0.34829832
0.30171545
0.27710887
0.23386057
0.19061226
0.32066023
0.32378696
0.27283597
0.27439934
0.3269137
0.28137759
0.27596271
0.23813422
0.1934321
0.16404061
0.14858708
0.21547826
0.21616777
0.14909227
0.21685729
0.14959746
0.32378696
0.27439934
0.32066023
0.27861951
0.27283597
0.23675518
0.25665307
0.23382072
0.19141135
0.19929535
0.16303023
0.17646301
0.21616777
0.14909227
0.21547826
0.14858708
0.21827611
0.27319004
0.31234087
0.194653
0.24635525
0.27872553
0.21131056
0.30823474
0.374974
0.40640564
0.3437725
0.33841967
0.36279807
0.30310394
0.40515893
0.36404478
0.36748494
0.312571
0.31949047
0.26778821
0.32293063
0.16335914
0.17634734
0.24729555
0.21805092
0.17102989
0.21952046
0.2451102
0.18933554
0.27654018
0.30186533
0.26243537
0.36374482
0.31824376
0.22300542
0.2727427
0.14982356
0.19214522
0.21327177
0.1674233
0.24424238
0.26343852
0.22655323
0.18966794
0.12016004
0.13286695
0.18336376
0.15538615
0.14557385
0.21134136
0.1355359
0.12579121
0.15451834
0.1452806
0.11655346
0.1355359
0.1355359
0.12579121
0.15451834
0.1452806
0.11655346
0.1355359
0.1355359
0.12579121
0.15451834
0.1452806
0.11655346
0.1355359
0.27155598
0.30024461
0.29492081
0.24636392
0.25168772
0.27505255
0.27854912
0.3049067
0.29812571
0.24869496
0.25547596
0.27505255
0.27155598
0.29130917
0.28870103
0.2418962
0.24450434
0.26164939
0.23501543
0.21655804
0.25768735
0.2183501
0.17722079
0.19989271
0.23740484
0.22014216
0.2597559
0.2183501
0.17873635
0.20108741
0.24954538
0.19677254
0.2422251
0.27013012
0.22467756
0.21735729
0.18516919
0.14643356
0.18378486
0.19908818
0.16173688
0.16035255
0.17350078
0.15633047
0.19248322
0.19067109
0.17350078
0.2078414
0.23424946
0.22501171
0.18143335
0.2078414
0.15502529
0.16476999
0.12861724
0.15502529
0.12579121
0.15451834
0.1452806
0.11655346
0.15633047
0.19248322
0.19067109
0.17350078
0.23424946
0.22501171
0.18143335
0.2078414
0.16476999
0.12861724
0.15502529
0.15633047
0.19248322
0.19067109
0.17350078
0.23424946
0.22501171
0.18143335
0.2078414
0.16476999
0.12861724
0.15502529
0.12579121
0.15451834
0.1452806
0.11655346
0.15633047
0.19248322
0.19067109
0.17350078
0.23424946
0.22501171
0.18143335
0.2078414
0.16476999
0.12861724
0.15502529
0.15633047
0.19248322
0.19067109
0.17350078
0.23424946
0.22501171
0.18143335
0.2078414
0.16476999
0.12861724
0.15502529
0.12579121
0.15451834
0.1452806
0.11655346
0.1355359
0.15633047
0.19248322
0.19067109
0.17350078
0.23424946
0.22501171
0.18143335
0.2078414
0.16476999
0.12861724
0.15502529
0.31508075
