MFEM mesh v1.0

#
# MFEM Geometry Types (see mesh/geom.hpp):
#
# POINT       = 0
# SEGMENT     = 1
# TRIANGLE    = 2
# SQUARE      = 3
# TETRAHEDRON = 4
# CUBE        = 5
#

dimension
3

elements
512
1 5 14 159 517 162 167 518 781 521
1 5 22 171 523 174 179 524 782 527
1 5 15 183 529 186 191 530 783 533
1 5 18 195 535 198 203 536 784 539
1 5 26 207 541 210 215 542 785 545
1 5 17 219 547 222 227 548 786 551
1 5 31 231 553 234 239 554 787 557
1 5 14 162 559 245 167 521 788 562
1 5 38 251 564 160 168 565 789 519
1 5 109 252 568 257 169 566 790 571
1 5 41 161 573 264 170 520 791 575
1 5 46 163 522 166 268 577 792 580
1 5 110 253 567 164 269 581 793 578
1 5 151 254 572 260 270 583 794 587
1 5 113 165 576 266 271 579 795 590
1 5 50 285 592 172 180 593 796 525
1 5 115 287 597 295 181 595 797 600
1 5 39 173 602 255 182 526 798 569
1 5 47 175 528 178 275 605 799 582
1 5 116 288 596 176 306 609 800 606
1 5 152 290 601 298 307 611 801 615
1 5 111 177 604 258 276 607 802 585
1 5 42 272 584 184 192 619 803 531
1 5 114 274 588 279 193 621 804 625
1 5 45 185 591 283 194 532 805 628
1 5 62 187 534 190 336 630 806 633
1 5 120 319 622 188 337 635 807 631
1 5 153 321 626 326 338 637 808 641
1 5 123 189 629 330 339 632 809 644
1 5 66 353 646 196 204 647 810 537
1 5 125 354 650 359 205 648 811 653
1 5 69 197 655 364 206 538 812 656
1 5 74 199 540 202 370 658 813 661
1 5 126 355 649 200 371 663 814 659
1 5 154 356 654 362 372 665 815 669
1 5 129 201 657 365 373 660 816 672
1 5 78 386 674 208 216 675 817 543
1 5 131 388 679 396 217 677 818 682
1 5 67 209 684 357 218 544 819 651
1 5 75 211 546 214 376 687 820 664
1 5 132 389 678 212 404 690 821 688
1 5 155 391 683 399 405 692 822 696
1 5 127 213 686 360 377 689 823 667
1 5 68 358 700 220 228 652 824 549
1 5 136 418 704 424 229 702 825 707
1 5 88 221 709 431 230 550 826 711
1 5 77 223 552 226 385 671 827 715
1 5 128 361 703 224 382 668 828 713
1 5 156 420 708 427 438 718 829 722
1 5 139 225 712 433 439 714 830 725
1 5 81 406 693 232 240 727 831 555
1 5 135 408 697 413 241 729 832 733
1 5 71 233 699 378 242 556 833 736
1 5 98 235 558 238 468 738 834 741
1 5 141 451 730 236 469 743 835 739
1 5 157 453 734 458 470 745 836 749
1 5 144 237 737 462 471 740 837 752
1 5 41 264 754 243 170 575 838 560
1 5 146 486 758 492 249 756 839 761
1 5 104 244 763 498 250 561 840 765
1 5 46 166 563 248 268 580 841 769
1 5 113 266 757 246 271 590 842 767
1 5 158 488 762 495 505 772 843 776
1 5 149 247 766 500 506 768 844 779
1 5 159 38 160 517 518 168 519 781
1 5 517 160 109 161 781 519 169 520
1 5 162 517 161 41 521 781 520 170
1 5 167 518 781 521 46 163 522 166
1 5 518 168 519 781 163 110 164 522
1 5 781 519 169 520 522 164 151 165
1 5 521 781 520 170 166 522 165 113
1 5 171 50 172 523 524 180 525 782
1 5 523 172 115 173 782 525 181 526
1 5 174 523 173 39 527 782 526 182
1 5 179 524 782 527 47 175 528 178
1 5 524 180 525 782 175 116 176 528
1 5 782 525 181 526 528 176 152 177
1 5 527 782 526 182 178 528 177 111
1 5 183 42 184 529 530 192 531 783
1 5 529 184 114 185 783 531 193 532
1 5 186 529 185 45 533 783 532 194
1 5 191 530 783 533 62 187 534 190
1 5 530 192 531 783 187 120 188 534
1 5 783 531 193 532 534 188 153 189
1 5 533 783 532 194 190 534 189 123
1 5 195 66 196 535 536 204 537 784
1 5 535 196 125 197 784 537 205 538
1 5 198 535 197 69 539 784 538 206
1 5 203 536 784 539 74 199 540 202
1 5 536 204 537 784 199 126 200 540
1 5 784 537 205 538 540 200 154 201
1 5 539 784 538 206 202 540 201 129
1 5 207 78 208 541 542 216 543 785
1 5 541 208 131 209 785 543 217 544
1 5 210 541 209 67 545 785 544 218
1 5 215 542 785 545 75 211 546 214
1 5 542 216 543 785 211 132 212 546
1 5 785 543 217 544 546 212 155 213
1 5 545 785 544 218 214 546 213 127
1 5 219 68 220 547 548 228 549 786
1 5 547 220 136 221 786 549 229 550
1 5 222 547 221 88 551 786 550 230
1 5 227 548 786 551 77 223 552 226
1 5 548 228 549 786 223 128 224 552
1 5 786 549 229 550 552 224 156 225
1 5 551 786 550 230 226 552 225 139
1 5 231 81 232 553 554 240 555 787
1 5 553 232 135 233 787 555 241 556
1 5 234 553 233 71 557 787 556 242
1 5 239 554 787 557 98 235 558 238
1 5 554 240 555 787 235 141 236 558
1 5 787 555 241 556 558 236 157 237
1 5 557 787 556 242 238 558 237 144
1 5 162 41 243 559 521 170 560 788
1 5 559 243 146 244 788 560 249 561
1 5 245 559 244 104 562 788 561 250
1 5 167 521 788 562 46 166 563 248
1 5 521 170 560 788 166 113 246 563
1 5 788 560 249 561 563 246 158 247
1 5 562 788 561 250 248 563 247 149
1 5 251 22 174 564 565 179 527 789
1 5 564 174 39 252 789 527 182 566
1 5 160 564 252 109 519 789 566 169
1 5 168 565 789 519 110 253 567 164
1 5 565 179 527 789 253 47 178 567
1 5 789 527 182 566 567 178 111 254
1 5 519 789 566 169 164 567 254 151
1 5 252 39 255 568 566 182 569 790
1 5 568 255 11 256 790 569 261 570
1 5 257 568 256 40 571 790 570 262
1 5 169 566 790 571 151 254 572 260
1 5 566 182 569 790 254 111 258 572
1 5 790 569 261 570 572 258 48 259
1 5 571 790 570 262 260 572 259 112
1 5 161 109 257 573 520 169 571 791
1 5 573 257 40 263 791 571 262 574
1 5 264 573 263 3 575 791 574 267
1 5 170 520 791 575 113 165 576 266
1 5 520 169 571 791 165 151 260 576
1 5 791 571 262 574 576 260 112 265
1 5 575 791 574 267 266 576 265 49
1 5 163 110 164 522 577 269 578 792
1 5 522 164 151 165 792 578 270 579
1 5 166 522 165 113 580 792 579 271
1 5 268 577 792 580 15 183 529 186
1 5 577 269 578 792 183 42 184 529
1 5 792 578 270 579 529 184 114 185
1 5 580 792 579 271 186 529 185 45
1 5 253 47 178 567 581 275 582 793
1 5 567 178 111 254 793 582 276 583
1 5 164 567 254 151 578 793 583 270
1 5 269 581 793 578 42 272 584 184
1 5 581 275 582 793 272 24 273 584
1 5 793 582 276 583 584 273 43 274
1 5 578 793 583 270 184 584 274 114
1 5 254 111 258 572 583 276 585 794
1 5 572 258 48 259 794 585 280 586
1 5 260 572 259 112 587 794 586 281
1 5 270 583 794 587 114 274 588 279
1 5 583 276 585 794 274 43 277 588
1 5 794 585 280 586 588 277 13 278
1 5 587 794 586 281 279 588 278 44
1 5 165 151 260 576 579 270 587 795
1 5 576 260 112 265 795 587 281 589
1 5 266 576 265 49 590 795 589 284
1 5 271 579 795 590 45 185 591 283
1 5 579 270 587 795 185 114 279 591
1 5 795 587 281 589 591 279 44 282
1 5 590 795 589 284 283 591 282 4
1 5 285 23 286 592 593 291 594 796
1 5 592 286 51 287 796 594 292 595
1 5 172 592 287 115 525 796 595 181
1 5 180 593 796 525 116 288 596 176
1 5 593 291 594 796 288 56 289 596
1 5 796 594 292 595 596 289 117 290
1 5 525 796 595 181 176 596 290 152
1 5 287 51 293 597 595 292 598 797
1 5 597 293 10 294 797 598 299 599
1 5 295 597 294 52 600 797 599 300
1 5 181 595 797 600 152 290 601 298
1 5 595 292 598 797 290 117 296 601
1 5 797 598 299 599 601 296 57 297
1 5 600 797 599 300 298 601 297 118
1 5 173 115 295 602 526 181 600 798
1 5 602 295 52 301 798 600 300 603
1 5 255 602 301 11 569 798 603 261
1 5 182 526 798 569 111 177 604 258
1 5 526 181 600 798 177 152 298 604
1 5 798 600 300 603 604 298 118 302
1 5 569 798 603 261 258 604 302 48
1 5 175 116 176 528 605 306 606 799
1 5 528 176 152 177 799 606 307 607
1 5 178 528 177 111 582 799 607 276
1 5 275 605 799 582 24 303 608 273
1 5 605 306 606 799 303 53 304 608
1 5 799 606 307 607 608 304 119 305
1 5 582 799 607 276 273 608 305 43
1 5 288 56 289 596 609 311 610 800
1 5 596 289 117 290 800 610 312 611
1 5 176 596 290 152 606 800 611 307
1 5 306 609 800 606 53 308 612 304
1 5 609 311 610 800 308 25 309 612
1 5 800 610 312 611 612 309 54 310
1 5 606 800 611 307 304 612 310 119
1 5 290 117 296 601 611 312 613 801
1 5 601 296 57 297 801 613 316 614
1 5 298 601 297 118 615 801 614 317
1 5 307 611 801 615 119 310 616 315
1 5 611 312 613 801 310 54 313 616
1 5 801 613 316 614 616 313 12 314
1 5 615 801 614 317 315 616 314 55
1 5 177 152 298 604 607 307 615 802
1 5 604 298 118 302 802 615 317 617
1 5 258 604 302 48 585 802 617 280
1 5 276 607 802 585 43 305 618 277
1 5 607 307 615 802 305 119 315 618
1 5 802 615 317 617 618 315 55 318
1 5 585 802 617 280 277 618 318 13
1 5 272 24 273 584 619 322 620 803
1 5 584 273 43 274 803 620 323 621
1 5 184 584 274 114 531 803 621 193
1 5 192 619 803 531 120 319 622 188
1 5 619 322 620 803 319 63 320 622
1 5 803 620 323 621 622 320 121 321
1 5 531 803 621 193 188 622 321 153
1 5 274 43 277 588 621 323 623 804
1 5 588 277 13 278 804 623 327 624
1 5 279 588 278 44 625 804 624 328
1 5 193 621 804 625 153 321 626 326
1 5 621 323 623 804 321 121 324 626
1 5 804 623 327 624 626 324 64 325
1 5 625 804 624 328 326 626 325 122
1 5 185 114 279 591 532 193 625 805
1 5 591 279 44 282 805 625 328 627
1 5 283 591 282 4 628 805 627 331
1 5 194 532 805 628 123 189 629 330
1 5 532 193 625 805 189 153 326 629
1 5 805 625 328 627 629 326 122 329
1 5 628 805 627 331 330 629 329 65
1 5 187 120 188 534 630 337 631 806
1 5 534 188 153 189 806 631 338 632
1 5 190 534 189 123 633 806 632 339
1 5 336 630 806 633 2 332 634 335
1 5 630 337 631 806 332 58 333 634
1 5 806 631 338 632 634 333 124 334
1 5 633 806 632 339 335 634 334 61
1 5 319 63 320 622 635 343 636 807
1 5 622 320 121 321 807 636 344 637
1 5 188 622 321 153 631 807 637 338
1 5 337 635 807 631 58 340 638 333
1 5 635 343 636 807 340 5 341 638
1 5 807 636 344 637 638 341 59 342
1 5 631 807 637 338 333 638 342 124
1 5 321 121 324 626 637 344 639 808
1 5 626 324 64 325 808 639 348 640
1 5 326 626 325 122 641 808 640 349
1 5 338 637 808 641 124 342 642 347
1 5 637 344 639 808 342 59 345 642
1 5 808 639 348 640 642 345 1 346
1 5 641 808 640 349 347 642 346 60
1 5 189 153 326 629 632 338 641 809
1 5 629 326 122 329 809 641 349 643
1 5 330 629 329 65 644 809 643 352
1 5 339 632 809 644 61 334 645 351
1 5 632 338 641 809 334 124 347 645
1 5 809 641 349 643 645 347 60 350
1 5 644 809 643 352 351 645 350 0
1 5 353 26 210 646 647 215 545 810
1 5 646 210 67 354 810 545 218 648
1 5 196 646 354 125 537 810 648 205
1 5 204 647 810 537 126 355 649 200
1 5 647 215 545 810 355 75 214 649
1 5 810 545 218 648 649 214 127 356
1 5 537 810 648 205 200 649 356 154
1 5 354 67 357 650 648 218 651 811
1 5 650 357 28 358 811 651 363 652
1 5 359 650 358 68 653 811 652 228
1 5 205 648 811 653 154 356 654 362
1 5 648 218 651 811 356 127 360 654
1 5 811 651 363 652 654 360 76 361
1 5 653 811 652 228 362 654 361 128
1 5 197 125 359 655 538 205 653 812
1 5 655 359 68 219 812 653 228 548
1 5 364 655 219 17 656 812 548 227
1 5 206 538 812 656 129 201 657 365
1 5 538 205 653 812 201 154 362 657
1 5 812 653 228 548 657 362 128 223
1 5 656 812 548 227 365 657 223 77
1 5 199 126 200 540 658 371 659 813
1 5 540 200 154 201 813 659 372 660
1 5 202 540 201 129 661 813 660 373
1 5 370 658 813 661 21 366 662 369
1 5 658 371 659 813 366 70 367 662
1 5 813 659 372 660 662 367 130 368
1 5 661 813 660 373 369 662 368 73
1 5 355 75 214 649 663 376 664 814
1 5 649 214 127 356 814 664 377 665
1 5 200 649 356 154 659 814 665 372
1 5 371 663 814 659 70 374 666 367
1 5 663 376 664 814 374 31 234 666
1 5 814 664 377 665 666 234 71 375
1 5 659 814 665 372 367 666 375 130
1 5 356 127 360 654 665 377 667 815
1 5 654 360 76 361 815 667 381 668
1 5 362 654 361 128 669 815 668 382
1 5 372 665 815 669 130 375 670 380
1 5 665 377 667 815 375 71 378 670
1 5 815 667 381 668 670 378 33 379
1 5 669 815 668 382 380 670 379 72
1 5 201 154 362 657 660 372 669 816
1 5 657 362 128 223 816 669 382 671
1 5 365 657 223 77 672 816 671 385
1 5 373 660 816 672 73 368 673 384
1 5 660 372 669 816 368 130 380 673
1 5 816 669 382 671 673 380 72 383
1 5 672 816 671 385 384 673 383 20
1 5 386 27 387 674 675 392 676 817
1 5 674 387 79 388 817 676 393 677
1 5 208 674 388 131 543 817 677 217
1 5 216 675 817 543 132 389 678 212
1 5 675 392 676 817 389 84 390 678
1 5 817 676 393 677 678 390 133 391
1 5 543 817 677 217 212 678 391 155
1 5 388 79 394 679 677 393 680 818
1 5 679 394 29 395 818 680 400 681
1 5 396 679 395 80 682 818 681 401
1 5 217 677 818 682 155 391 683 399
1 5 677 393 680 818 391 133 397 683
1 5 818 680 400 681 683 397 85 398
1 5 682 818 681 401 399 683 398 134
1 5 209 131 396 684 544 217 682 819
1 5 684 396 80 402 819 682 401 685
1 5 357 684 402 28 651 819 685 363
1 5 218 544 819 651 127 213 686 360
1 5 544 217 682 819 213 155 399 686
1 5 819 682 401 685 686 399 134 403
1 5 651 819 685 363 360 686 403 76
1 5 211 132 212 546 687 404 688 820
1 5 546 212 155 213 820 688 405 689
1 5 214 546 213 127 664 820 689 377
1 5 376 687 820 664 31 231 553 234
1 5 687 404 688 820 231 81 232 553
1 5 820 688 405 689 553 232 135 233
1 5 664 820 689 377 234 553 233 71
1 5 389 84 390 678 690 409 691 821
1 5 678 390 133 391 821 691 410 692
1 5 212 678 391 155 688 821 692 405
1 5 404 690 821 688 81 406 693 232
1 5 690 409 691 821 406 32 407 693
1 5 821 691 410 692 693 407 82 408
1 5 688 821 692 405 232 693 408 135
1 5 391 133 397 683 692 410 694 822
1 5 683 397 85 398 822 694 414 695
1 5 399 683 398 134 696 822 695 415
1 5 405 692 822 696 135 408 697 413
1 5 692 410 694 822 408 82 411 697
1 5 822 694 414 695 697 411 34 412
1 5 696 822 695 415 413 697 412 83
1 5 213 155 399 686 689 405 696 823
1 5 686 399 134 403 823 696 415 698
1 5 360 686 403 76 667 823 698 381
1 5 377 689 823 667 71 233 699 378
1 5 689 405 696 823 233 135 413 699
1 5 823 696 415 698 699 413 83 416
1 5 667 823 698 381 378 699 416 33
1 5 358 28 417 700 652 363 701 824
1 5 700 417 86 418 824 701 421 702
1 5 220 700 418 136 549 824 702 229
1 5 228 652 824 549 128 361 703 224
1 5 652 363 701 824 361 76 419 703
1 5 824 701 421 702 703 419 137 420
1 5 549 824 702 229 224 703 420 156
1 5 418 86 422 704 702 421 705 825
1 5 704 422 30 423 825 705 428 706
1 5 424 704 423 87 707 825 706 429
1 5 229 702 825 707 156 420 708 427
1 5 702 421 705 825 420 137 425 708
1 5 825 705 428 706 708 425 92 426
1 5 707 825 706 429 427 708 426 138
1 5 221 136 424 709 550 229 707 826
1 5 709 424 87 430 826 707 429 710
1 5 431 709 430 16 711 826 710 434
1 5 230 550 826 711 139 225 712 433
1 5 550 229 707 826 225 156 427 712
1 5 826 707 429 710 712 427 138 432
1 5 711 826 710 434 433 712 432 93
1 5 223 128 224 552 671 382 713 827
1 5 552 224 156 225 827 713 438 714
1 5 226 552 225 139 715 827 714 439
1 5 385 671 827 715 20 383 716 437
1 5 671 382 713 827 383 72 435 716
1 5 827 713 438 714 716 435 140 436
1 5 715 827 714 439 437 716 436 91
1 5 361 76 419 703 668 381 717 828
1 5 703 419 137 420 828 717 442 718
1 5 224 703 420 156 713 828 718 438
1 5 382 668 828 713 72 379 719 435
1 5 668 381 717 828 379 33 440 719
1 5 828 717 442 718 719 440 89 441
1 5 713 828 718 438 435 719 441 140
1 5 420 137 425 708 718 442 720 829
1 5 708 425 92 426 829 720 446 721
1 5 427 708 426 138 722 829 721 447
1 5 438 718 829 722 140 441 723 445
1 5 718 442 720 829 441 89 443 723
1 5 829 720 446 721 723 443 35 444
1 5 722 829 721 447 445 723 444 90
1 5 225 156 427 712 714 438 722 830
1 5 712 427 138 432 830 722 447 724
1 5 433 712 432 93 725 830 724 450
1 5 439 714 830 725 91 436 726 449
1 5 714 438 722 830 436 140 445 726
1 5 830 722 447 724 726 445 90 448
1 5 725 830 724 450 449 726 448 19
1 5 406 32 407 693 727 454 728 831
1 5 693 407 82 408 831 728 455 729
1 5 232 693 408 135 555 831 729 241
1 5 240 727 831 555 141 451 730 236
1 5 727 454 728 831 451 99 452 730
1 5 831 728 455 729 730 452 142 453
1 5 555 831 729 241 236 730 453 157
1 5 408 82 411 697 729 455 731 832
1 5 697 411 34 412 832 731 459 732
1 5 413 697 412 83 733 832 732 460
1 5 241 729 832 733 157 453 734 458
1 5 729 455 731 832 453 142 456 734
1 5 832 731 459 732 734 456 100 457
1 5 733 832 732 460 458 734 457 143
1 5 233 135 413 699 556 241 733 833
1 5 699 413 83 416 833 733 460 735
1 5 378 699 416 33 736 833 735 463
1 5 242 556 833 736 144 237 737 462
1 5 556 241 733 833 237 157 458 737
1 5 833 733 460 735 737 458 143 461
1 5 736 833 735 463 462 737 461 101
1 5 235 141 236 558 738 469 739 834
1 5 558 236 157 237 834 739 470 740
1 5 238 558 237 144 741 834 740 471
1 5 468 738 834 741 7 464 742 467
1 5 738 469 739 834 464 94 465 742
1 5 834 739 470 740 742 465 145 466
1 5 741 834 740 471 467 742 466 97
1 5 451 99 452 730 743 475 744 835
1 5 730 452 142 453 835 744 476 745
1 5 236 730 453 157 739 835 745 470
1 5 469 743 835 739 94 472 746 465
1 5 743 475 744 835 472 6 473 746
1 5 835 744 476 745 746 473 95 474
1 5 739 835 745 470 465 746 474 145
1 5 453 142 456 734 745 476 747 836
1 5 734 456 100 457 836 747 480 748
1 5 458 734 457 143 749 836 748 481
1 5 470 745 836 749 145 474 750 479
1 5 745 476 747 836 474 95 477 750
1 5 836 747 480 748 750 477 8 478
1 5 749 836 748 481 479 750 478 96
1 5 237 157 458 737 740 470 749 837
1 5 737 458 143 461 837 749 481 751
1 5 462 737 461 101 752 837 751 484
1 5 471 740 837 752 97 466 753 483
1 5 740 470 749 837 466 145 479 753
1 5 837 749 481 751 753 479 96 482
1 5 752 837 751 484 483 753 482 9
1 5 264 3 485 754 575 267 755 838
1 5 754 485 102 486 838 755 489 756
1 5 243 754 486 146 560 838 756 249
1 5 170 575 838 560 113 266 757 246
1 5 575 267 755 838 266 49 487 757
1 5 838 755 489 756 757 487 147 488
1 5 560 838 756 249 246 757 488 158
1 5 486 102 490 758 756 489 759 839
1 5 758 490 18 491 839 759 203 760
1 5 492 758 491 103 761 839 760 496
1 5 249 756 839 761 158 488 762 495
1 5 756 489 759 839 488 147 493 762
1 5 839 759 203 760 762 493 74 494
1 5 761 839 760 496 495 762 494 148
1 5 244 146 492 763 561 249 761 840
1 5 763 492 103 497 840 761 496 764
1 5 498 763 497 36 765 840 764 501
1 5 250 561 840 765 149 247 766 500
1 5 561 249 761 840 247 158 495 766
1 5 840 761 496 764 766 495 148 499
1 5 765 840 764 501 500 766 499 108
1 5 166 113 246 563 580 271 767 841
1 5 563 246 158 247 841 767 505 768
1 5 248 563 247 149 769 841 768 506
1 5 268 580 841 769 15 186 770 504
1 5 580 271 767 841 186 45 502 770
1 5 841 767 505 768 770 502 150 503
1 5 769 841 768 506 504 770 503 107
1 5 266 49 487 757 590 284 771 842
1 5 757 487 147 488 842 771 509 772
1 5 246 757 488 158 767 842 772 505
1 5 271 590 842 767 45 283 773 502
1 5 590 284 771 842 283 4 507 773
1 5 842 771 509 772 773 507 105 508
1 5 767 842 772 505 502 773 508 150
1 5 488 147 493 762 772 509 774 843
1 5 762 493 74 494 843 774 370 775
1 5 495 762 494 148 776 843 775 513
1 5 505 772 843 776 150 508 777 512
1 5 772 509 774 843 508 105 510 777
1 5 843 774 370 775 777 510 21 511
1 5 776 843 775 513 512 777 511 106
1 5 247 158 495 766 768 505 776 844
1 5 766 495 148 499 844 776 513 778
1 5 500 766 499 108 779 844 778 516
1 5 506 768 844 779 107 503 780 515
1 5 768 505 776 844 503 150 512 780
1 5 844 776 513 778 780 512 106 514
1 5 779 844 778 516 515 780 514 37

boundary
576
14 3 351 645 350 0
14 3 472 6 473 746
14 3 162 517 159 14
14 3 174 523 171 22
14 3 251 22 179 565
14 3 285 23 291 593
14 3 11 256 570 261
14 3 23 286 594 291
14 3 10 294 599 299
14 3 24 303 608 273
14 3 272 24 322 619
14 3 24 273 620 322
14 3 13 278 624 327
14 3 4 283 628 331
14 3 198 535 195 18
14 3 210 541 207 26
14 3 222 547 219 17
14 3 353 26 215 647
14 3 490 18 203 759
14 3 386 27 392 675
14 3 17 364 656 227
14 3 21 366 662 369
14 3 27 387 676 392
14 3 29 395 681 400
14 3 28 417 701 363
14 3 30 423 706 428
14 3 16 431 711 434
14 3 20 383 716 437
14 3 406 32 454 727
14 3 234 31 239 557
14 3 32 407 728 454
14 3 34 412 732 459
14 3 245 559 162 14
14 3 245 14 167 562
14 3 18 491 760 203
14 3 15 186 770 504
14 3 347 642 346 60
14 3 333 638 342 124
14 3 335 634 334 61
14 3 40 263 574 262
14 3 112 265 589 281
14 3 48 259 586 280
14 3 44 282 627 328
14 3 122 329 643 349
14 3 64 325 640 348
14 3 45 186 533 194
14 3 123 190 633 339
14 3 65 330 644 352
14 3 195 66 204 536
14 3 199 126 371 658
14 3 355 75 376 663
14 3 485 102 489 755
14 3 487 147 509 771
14 3 493 74 370 774
14 3 45 283 773 502
14 3 150 508 777 512
14 3 107 503 780 515
14 3 464 94 465 742
14 3 466 145 479 753
14 3 474 95 477 750
14 3 160 564 251 38
14 3 257 568 252 109
14 3 264 573 161 41
14 3 196 646 353 66
14 3 359 650 354 125
14 3 364 655 197 69
14 3 208 674 386 78
14 3 396 679 388 131
14 3 357 684 209 67
14 3 243 754 264 41
14 3 492 758 486 146
14 3 498 763 244 104
14 3 172 592 285 50
14 3 295 597 287 115
14 3 255 602 173 39
14 3 52 301 603 300
14 3 118 302 617 317
14 3 57 297 614 316
14 3 207 78 216 542
14 3 211 132 404 687
14 3 389 84 409 690
14 3 159 38 168 518
14 3 163 110 269 577
14 3 253 47 275 581
14 3 171 50 180 524
14 3 175 116 306 605
14 3 288 56 311 609
14 3 51 293 598 292
14 3 117 296 613 312
14 3 56 289 610 311
14 3 53 308 612 304
14 3 119 310 616 315
14 3 43 305 618 277
14 3 183 42 192 530
14 3 187 120 337 630
14 3 319 63 343 635
14 3 43 277 623 323
14 3 121 324 639 344
14 3 63 320 636 343
14 3 231 81 240 554
14 3 235 141 469 738
14 3 451 99 475 743
14 3 220 700 358 68
14 3 424 704 418 136
14 3 431 709 221 88
14 3 69 198 539 206
14 3 129 202 661 373
14 3 77 365 672 385
14 3 88 222 551 230
14 3 139 226 715 439
14 3 93 433 725 450
14 3 103 497 764 496
14 3 148 499 778 513
14 3 74 494 775 370
14 3 70 374 666 367
14 3 130 375 670 380
14 3 73 368 673 384
14 3 72 379 719 435
14 3 140 441 723 445
14 3 91 436 726 449
14 3 378 71 242 736
14 3 462 144 471 752
14 3 238 98 468 741
14 3 83 416 735 460
14 3 143 461 751 481
14 3 100 457 748 480
14 3 79 394 680 393
14 3 133 397 694 410
14 3 84 390 691 409
14 3 82 411 731 455
14 3 142 456 747 476
14 3 99 452 744 475
14 3 80 402 685 401
14 3 134 403 698 415
14 3 85 398 695 414
14 3 86 422 705 421
14 3 137 425 720 442
14 3 76 419 717 381
14 3 87 430 710 429
14 3 138 432 724 447
14 3 92 426 721 446
14 3 498 104 250 765
14 3 500 149 506 779
14 3 248 46 268 769
14 3 645 347 60 350
14 3 334 124 347 645
14 3 61 334 645 351
14 3 256 40 262 570
14 3 570 262 112 259
14 3 261 570 259 48
14 3 278 44 328 624
14 3 624 328 122 325
14 3 327 624 325 64
14 3 283 45 194 628
14 3 628 194 123 330
14 3 331 628 330 65
14 3 66 353 647 204
14 3 204 647 355 126
14 3 647 215 75 355
14 3 102 490 759 489
14 3 489 759 493 147
14 3 759 203 74 493
14 3 186 45 502 770
14 3 770 502 150 503
14 3 504 770 503 107
14 3 642 345 1 346
14 3 342 59 345 642
14 3 124 342 642 347
14 3 638 341 59 342
14 3 340 5 341 638
14 3 58 340 638 333
14 3 634 333 124 334
14 3 332 58 333 634
14 3 2 332 634 335
14 3 263 3 267 574
14 3 574 267 49 265
14 3 262 574 265 112
14 3 265 49 284 589
14 3 589 284 4 282
14 3 281 589 282 44
14 3 259 112 281 586
14 3 586 281 44 278
14 3 280 586 278 13
14 3 282 4 331 627
14 3 627 331 65 329
14 3 328 627 329 122
14 3 329 65 352 643
14 3 643 352 0 350
14 3 349 643 350 60
14 3 325 122 349 640
14 3 640 349 60 346
14 3 348 640 346 1
14 3 186 15 191 533
14 3 533 191 62 190
14 3 194 533 190 123
14 3 190 62 336 633
14 3 633 336 2 335
14 3 339 633 335 61
14 3 330 123 339 644
14 3 644 339 61 351
14 3 352 644 351 0
14 3 18 195 536 203
14 3 203 536 199 74
14 3 536 204 126 199
14 3 74 199 658 370
14 3 370 658 366 21
14 3 658 371 70 366
14 3 126 355 663 371
14 3 371 663 374 70
14 3 663 376 31 374
14 3 3 485 755 267
14 3 267 755 487 49
14 3 755 489 147 487
14 3 49 487 771 284
14 3 284 771 507 4
14 3 771 509 105 507
14 3 147 493 774 509
14 3 509 774 510 105
14 3 774 370 21 510
14 3 283 4 507 773
14 3 773 507 105 508
14 3 502 773 508 150
14 3 508 105 510 777
14 3 777 510 21 511
14 3 512 777 511 106
14 3 503 150 512 780
14 3 780 512 106 514
14 3 515 780 514 37
14 3 94 472 746 465
14 3 465 746 474 145
14 3 746 473 95 474
14 3 7 464 742 467
14 3 467 742 466 97
14 3 742 465 145 466
14 3 97 466 753 483
14 3 483 753 482 9
14 3 753 479 96 482
14 3 145 474 750 479
14 3 479 750 478 96
14 3 750 477 8 478
14 3 517 160 38 159
14 3 161 109 160 517
14 3 41 161 517 162
14 3 535 196 66 195
14 3 197 125 196 535
14 3 69 197 535 198
14 3 541 208 78 207
14 3 209 131 208 541
14 3 67 209 541 210
14 3 559 243 41 162
14 3 244 146 243 559
14 3 104 244 559 245
14 3 564 174 22 251
14 3 252 39 174 564
14 3 109 252 564 160
14 3 568 255 39 252
14 3 256 11 255 568
14 3 40 256 568 257
14 3 573 257 109 161
14 3 263 40 257 573
14 3 3 263 573 264
14 3 646 210 26 353
14 3 354 67 210 646
14 3 125 354 646 196
14 3 650 357 67 354
14 3 358 28 357 650
14 3 68 358 650 359
14 3 655 359 125 197
14 3 219 68 359 655
14 3 17 219 655 364
14 3 674 387 27 386
14 3 388 79 387 674
14 3 131 388 674 208
14 3 679 394 79 388
14 3 395 29 394 679
14 3 80 395 679 396
14 3 684 396 131 209
14 3 402 80 396 684
14 3 28 402 684 357
14 3 754 485 3 264
14 3 486 102 485 754
14 3 146 486 754 243
14 3 758 490 102 486
14 3 491 18 490 758
14 3 103 491 758 492
14 3 763 492 146 244
14 3 497 103 492 763
14 3 36 497 763 498
14 3 523 172 50 171
14 3 173 115 172 523
14 3 39 173 523 174
14 3 294 52 300 599
14 3 599 300 118 297
14 3 299 599 297 57
14 3 78 386 675 216
14 3 216 675 389 132
14 3 675 392 84 389
14 3 592 286 23 285
14 3 287 51 286 592
14 3 115 287 592 172
14 3 597 293 51 287
14 3 294 10 293 597
14 3 52 294 597 295
14 3 602 295 115 173
14 3 301 52 295 602
14 3 11 301 602 255
14 3 301 11 261 603
14 3 603 261 48 302
14 3 300 603 302 118
14 3 302 48 280 617
14 3 617 280 13 318
14 3 317 617 318 55
14 3 297 118 317 614
14 3 614 317 55 314
14 3 316 614 314 12
14 3 26 207 542 215
14 3 215 542 211 75
14 3 542 216 132 211
14 3 75 211 687 376
14 3 376 687 231 31
14 3 687 404 81 231
14 3 132 389 690 404
14 3 404 690 406 81
14 3 690 409 32 406
14 3 38 251 565 168
14 3 168 565 253 110
14 3 565 179 47 253
14 3 50 285 593 180
14 3 180 593 288 116
14 3 593 291 56 288
14 3 14 159 518 167
14 3 167 518 163 46
14 3 518 168 110 163
14 3 46 163 577 268
14 3 268 577 183 15
14 3 577 269 42 183
14 3 110 253 581 269
14 3 269 581 272 42
14 3 581 275 24 272
14 3 22 171 524 179
14 3 179 524 175 47
14 3 524 180 116 175
14 3 47 175 605 275
14 3 275 605 303 24
14 3 605 306 53 303
14 3 116 288 609 306
14 3 306 609 308 53
14 3 609 311 25 308
14 3 286 51 292 594
14 3 594 292 117 289
14 3 291 594 289 56
14 3 293 10 299 598
14 3 598 299 57 296
14 3 292 598 296 117
14 3 296 57 316 613
14 3 613 316 12 313
14 3 312 613 313 54
14 3 289 117 312 610
14 3 610 312 54 309
14 3 311 610 309 25
14 3 303 53 304 608
14 3 608 304 119 305
14 3 273 608 305 43
14 3 42 272 619 192
14 3 192 619 319 120
14 3 619 322 63 319
14 3 273 43 323 620
14 3 620 323 121 320
14 3 322 620 320 63
14 3 81 406 727 240
14 3 240 727 451 141
14 3 727 454 99 451
14 3 308 25 309 612
14 3 612 309 54 310
14 3 304 612 310 119
14 3 310 54 313 616
14 3 616 313 12 314
14 3 315 616 314 55
14 3 305 119 315 618
14 3 618 315 55 318
14 3 277 618 318 13
14 3 15 183 530 191
14 3 191 530 187 62
14 3 530 192 120 187
14 3 62 187 630 336
14 3 336 630 332 2
14 3 630 337 58 332
14 3 120 319 635 337
14 3 337 635 340 58
14 3 635 343 5 340
14 3 277 13 327 623
14 3 623 327 64 324
14 3 323 623 324 121
14 3 324 64 348 639
14 3 639 348 1 345
14 3 344 639 345 59
14 3 320 121 344 636
14 3 636 344 59 341
14 3 343 636 341 5
14 3 31 231 554 239
14 3 239 554 235 98
14 3 554 240 141 235
14 3 98 235 738 468
14 3 468 738 464 7
14 3 738 469 94 464
14 3 141 451 743 469
14 3 469 743 472 94
14 3 743 475 6 472
14 3 547 220 68 219
14 3 221 136 220 547
14 3 88 221 547 222
14 3 364 69 206 656
14 3 656 206 129 365
14 3 227 656 365 77
14 3 431 88 230 711
14 3 711 230 139 433
14 3 434 711 433 93
14 3 491 103 496 760
14 3 760 496 148 494
14 3 203 760 494 74
14 3 700 417 28 358
14 3 418 86 417 700
14 3 136 418 700 220
14 3 704 422 86 418
14 3 423 30 422 704
14 3 87 423 704 424
14 3 709 424 136 221
14 3 430 87 424 709
14 3 16 430 709 431
14 3 198 18 203 539
14 3 539 203 74 202
14 3 206 539 202 129
14 3 202 74 370 661
14 3 661 370 21 369
14 3 373 661 369 73
14 3 365 129 373 672
14 3 672 373 73 384
14 3 385 672 384 20
14 3 222 17 227 551
14 3 551 227 77 226
14 3 230 551 226 139
14 3 226 77 385 715
14 3 715 385 20 437
14 3 439 715 437 91
14 3 433 139 439 725
14 3 725 439 91 449
14 3 450 725 449 19
14 3 497 36 501 764
14 3 764 501 108 499
14 3 496 764 499 148
14 3 499 108 516 778
14 3 778 516 37 514
14 3 513 778 514 106
14 3 494 148 513 775
14 3 775 513 106 511
14 3 370 775 511 21
14 3 366 70 367 662
14 3 662 367 130 368
14 3 369 662 368 73
14 3 383 72 435 716
14 3 716 435 140 436
14 3 437 716 436 91
14 3 71 234 557 242
14 3 242 557 238 144
14 3 557 239 98 238
14 3 412 83 460 732
14 3 732 460 143 457
14 3 459 732 457 100
14 3 374 31 234 666
14 3 666 234 71 375
14 3 367 666 375 130
14 3 375 71 378 670
14 3 670 378 33 379
14 3 380 670 379 72
14 3 368 130 380 673
14 3 673 380 72 383
14 3 384 673 383 20
14 3 379 33 440 719
14 3 719 440 89 441
14 3 435 719 441 140
14 3 441 89 443 723
14 3 723 443 35 444
14 3 445 723 444 90
14 3 436 140 445 726
14 3 726 445 90 448
14 3 449 726 448 19
14 3 33 378 736 463
14 3 463 736 462 101
14 3 736 242 144 462
14 3 101 462 752 484
14 3 484 752 483 9
14 3 752 471 97 483
14 3 144 238 741 471
14 3 471 741 467 97
14 3 741 468 7 467
14 3 416 33 463 735
14 3 735 463 101 461
14 3 460 735 461 143
14 3 461 101 484 751
14 3 751 484 9 482
14 3 481 751 482 96
14 3 457 143 481 748
14 3 748 481 96 478
14 3 480 748 478 8
14 3 387 79 393 676
14 3 676 393 133 390
14 3 392 676 390 84
14 3 407 82 455 728
14 3 728 455 142 452
14 3 454 728 452 99
14 3 394 29 400 680
14 3 680 400 85 397
14 3 393 680 397 133
14 3 397 85 414 694
14 3 694 414 34 411
14 3 410 694 411 82
14 3 390 133 410 691
14 3 691 410 82 407
14 3 409 691 407 32
14 3 411 34 459 731
14 3 731 459 100 456
14 3 455 731 456 142
14 3 456 100 480 747
14 3 747 480 8 477
14 3 476 747 477 95
14 3 452 142 476 744
14 3 744 476 95 473
14 3 475 744 473 6
14 3 395 80 401 681
14 3 681 401 134 398
14 3 400 681 398 85
14 3 417 86 421 701
14 3 701 421 137 419
14 3 363 701 419 76
14 3 402 28 363 685
14 3 685 363 76 403
14 3 401 685 403 134
14 3 403 76 381 698
14 3 698 381 33 416
14 3 415 698 416 83
14 3 398 134 415 695
14 3 695 415 83 412
14 3 414 695 412 34
14 3 422 30 428 705
14 3 705 428 92 425
14 3 421 705 425 137
14 3 425 92 446 720
14 3 720 446 35 443
14 3 442 720 443 89
14 3 419 137 442 717
14 3 717 442 89 440
14 3 381 717 440 33
14 3 423 87 429 706
14 3 706 429 138 426
14 3 428 706 426 92
14 3 430 16 434 710
14 3 710 434 93 432
14 3 429 710 432 138
14 3 432 93 450 724
14 3 724 450 19 448
14 3 447 724 448 90
14 3 426 138 447 721
14 3 721 447 90 444
14 3 446 721 444 35
14 3 104 245 562 250
14 3 250 562 248 149
14 3 562 167 46 248
14 3 36 498 765 501
14 3 501 765 500 108
14 3 765 250 149 500
14 3 108 500 779 516
14 3 516 779 515 37
14 3 779 506 107 515
14 3 149 248 769 506
14 3 506 769 504 107
14 3 769 268 15 504

vertices
845

nodes
FiniteElementSpace
FiniteElementCollection: H1_3D_P2
VDim: 3
Ordering: 0

-0.28867513
-0.14433757
-0.28867513
-0.4330127
-0.36084392
-0.14433757
-2.1684043e-18
-0.14433757
-1.9515639e-18
-0.14433757
5.0957502e-18
-0.22368927
-1.3010426e-18
-0.18319635
-0.47240707
-0.37864925
-0.47240707
-0.48603889
-0.47240707
-0.37864925
-0.38463884
-0.37864925
-0.24775119
-3.496552e-18
-0.19368993
-1.2739376e-18
-0.24775119
-5.3329194e-18
-0.25629728
-5.5429836e-18
-0.24775119
-0.19368993
-3.2526065e-19
-0.19728907
-1.8295912e-18
-0.19368993
-0.54236453
-0.40974402
-0.36007913
-0.23572023
-0.32835099
-0.45270988
-0.28616959
-0.18844314
-0.27202013
-0.36974658
-0.42552816
-0.22072056
-0.20344281
-0.39692831
-0.12387559
7.995991e-19
-0.11184464
-0.096844965
-1.2874901e-18
-0.091598175
-2.3852448e-18
1.8973538e-18
-0.21650635
-0.14433757
-0.21650635
-0.28867513
-0.33366219
-0.16901375
-0.16376696
-0.32475953
-0.36007913
-0.25202424
-0.37116809
-0.47922298
-0.28616959
-0.1954895
-0.29096396
-0.38164404
-0.42552816
-0.22072056
-0.22679318
-0.43533886
-0.12387559
-5.4379515e-18
-0.12814864
-0.096844965
-1.0774259e-18
-0.098644537
-2.82909e-18
-3.6862874e-18
-0.25202424
-0.36007913
-0.47922298
-0.1954895
-0.28616959
-0.38164404
-0.22072056
-0.42552816
-0.072168784
-2.0599841e-18
-0.072168784
-0.14433757
-0.16901375
-1.2468325e-18
-1.8905775e-18
-0.17081332
-0.45270988
-0.5073858
-0.5073858
-0.36974658
-0.39419663
-0.39419663
-0.47605428
-0.34421506
-0.32312436
-0.21208168
-0.30018556
-0.41122823
-0.27909486
-0.11786011
-0.11036028
-2.4394549e-19
-0.10172141
-0.09422157
-0.25133797
-0.16639035
-0.24426324
-0.32921086
-0.21650635
-0.36562361
-0.32312436
-0.22375687
-0.33106602
-0.43043351
-0.28856677
-0.12601212
-0.11036028
-3.2576887e-18
-0.11339659
-0.097744751
-0.36562361
-0.22375687
-0.32312436
-0.43043351
-0.28856677
-0.084506874
-1.568705e-18
-0.08540666
-0.16991353
-0.072168784
-0.48004784
-0.41122823
-0.45079122
-0.45079122
-0.38197161
-0.31165496
-0.10604084
-0.24780061
-0.32709519
-0.11187843
-0.32709519
-0.084956767
-0.43100973
-0.4162431
-0.35214709
-0.39846247
-0.46255848
-0.37432626
-0.31738966
-0.3614416
-0.4183782
-0.44896761
-0.34160174
-0.32793501
-0.43196906
-0.18581339
-0.12086785
-0.17679017
-0.24173571
-0.16554042
-0.10820056
-0.15906126
-0.21640112
-0.23423587
-0.11711794
-0.11195048
-0.22390096
-0.33240942
-0.28263223
-0.32442072
-0.37419792
-0.29250008
-0.24956929
-0.28850573
-0.33143653
-0.35615572
-0.26875378
-0.26344773
-0.34947872
-0.4162431
-0.36285137
-0.42242329
-0.47581502
-0.37432626
-0.32510977
-0.37876435
-0.42798083
-0.44896761
-0.34160174
-0.3463594
-0.45482824
-0.18581339
-0.12494386
-0.18901818
-0.24988771
-0.16554042
-0.11111936
-0.16781765
-0.22223871
-0.23423587
-0.11711794
-0.11894528
-0.23789055
-0.42860349
-0.36839585
-0.42242329
-0.48263093
-0.38320244
-0.32908061
-0.37876435
-0.43288619
-0.46068888
-0.35111705
-0.3463594
-0.45482824
-0.14526745
-0.097294858
-0.14661713
-0.19458972
-0.12676031
-0.084731821
-0.12743515
-0.16946364
-0.18135184
-0.090675919
-0.091350759
-0.18270152
-0.46637886
-0.49371682
-0.48989643
-0.42111898
-0.44090047
-0.43815969
-0.45552878
-0.47908851
-0.30391516
-0.28996764
-0.27192246
-0.26186832
-0.22970475
-0.27602013
-0.33628302
-0.20776225
-0.25181419
-0.30592026
-0.21356604
-0.31426827
-0.38068184
-0.44286129
-0.34855694
-0.40407827
-0.41497051
-0.4020887
-0.30464697
-0.29537491
-0.39048741
-0.23992976
-0.19106653
-0.233769
-0.20720524
-0.20026241
-0.18581974
-0.22760824
-0.2755575
-0.19331958
-0.28610285
-0.31643203
-0.36529525
-0.37888611
-0.061937797
-1.3484765e-18
-0.058930057
-0.055180139
-1.3145951e-18
-0.053020421
-2.9408984e-18
2.7782681e-19
2.9476747e-18
-0.055922318
-0.11485237
8.2670416e-19
-0.050860703
-0.10388112
3.496552e-18
-0.10678302
-0.16776695
-0.15258211
-0.14526745
-0.095533267
-0.14133235
-0.10360262
-0.10013121
-0.048422482
-1.2807138e-18
-0.047110785
-1.8295912e-18
-7.6571778e-19
-1.2942663e-18
-0.045799087
-0.092909872
2.981556e-19
-0.09665979
-0.13739726
-0.21017586
-0.16770205
-0.20709548
-0.18135184
-0.17741675
-0.16507866
-0.2040151
-0.24603192
-0.17348165
-0.25814169
-0.28451138
-0.32698519
-0.34280172
-0.25259074
-0.21650635
-0.25259074
-0.28867513
-0.31116866
-0.23392216
-0.23215348
-0.308943
-0.18042196
-0.14433757
-0.18042196
-0.15667566
-0.15536396
-0.14433757
-0.18042196
-0.21650635
-0.15405226
-0.2303848
-0.25259074
-0.28867513
-0.30671733
-0.30391516
-0.30882392
-0.27192246
-0.27542603
-0.25416076
-0.31373269
-0.36839585
-0.22527502
-0.2789296
-0.32908061
-0.24154523
-0.48263093
-0.43288619
-0.33240942
-0.28736818
-0.33510541
-0.38014665
-0.4020887
-0.30464697
-0.30783098
-0.40603878
-0.23992976
-0.24202814
-0.20720524
-0.20962319
-0.19638929
-0.24412652
-0.28976537
-0.21204113
-0.31101499
-0.3378014
-0.38314144
-0.40998885
-0.061937797
-5.3854355e-18
-0.063006059
-0.055180139
-3.0433894e-18
-0.055939217
-4.0810047e-18
-4.3478201e-18
-5.4904676e-18
-0.064074321
-0.12708038
-3.4719881e-18
-0.056698295
-0.11263751
-4.6146355e-18
-0.12077262
-0.19222296
-0.17009488
-0.10360262
-0.10481159
-0.048422482
-7.0134328e-19
-0.048872375
-1.5771753e-18
-2.1675573e-18
-1.4535085e-18
-0.049322268
-0.098194644
-2.7579393e-18
-0.10602056
-0.14796681
-0.25416076
-0.30882392
-0.22527502
-0.27542603
-0.23789055
-0.24988771
-0.30391516
-0.36285137
-0.22223871
-0.27192246
-0.32510977
-0.23423587
-0.34160174
-0.4162431
-0.47581502
-0.37432626
-0.42798083
-0.44896761
-0.28976537
-0.33510541
-0.38314144
-0.30783098
-0.40603878
-0.19638929
-0.24202814
-0.20962319
-0.19458972
-0.23992976
-0.28736818
-0.20720524
-0.30464697
-0.33240942
-0.38014665
-0.4020887
-0.042253437
-1.4077688e-18
-0.042478384
-7.8604658e-19
-1.3230655e-18
-1.7296413e-18
-0.04270333
-0.085181714
-1.8600844e-18
-0.092025599
-0.12810999
-0.17036343
-0.1840512
-0.10825318
-0.072168784
-0.10825318
-0.14433757
-0.15667566
-0.078337829
-0.078562775
-0.15712555
-0.036084392
-2.1141942e-18
-0.036084392
-1.7076184e-18
-1.8143446e-18
-2.005774e-18
-0.036084392
-0.072168784
-1.9210707e-18
-0.078787722
-0.10825318
-0.14433757
-0.15757544
-0.44286129
-0.46637886
-0.40407827
-0.42111898
-0.43196906
-0.46255848
-0.48989643
-0.49371682
-0.4183782
-0.43815969
-0.44090047
-0.47908851
-0.52487517
-0.52487517
-0.46342275
-0.46342275
-0.50920941
-0.3758591
-0.38808412
-0.38642294
-0.40649067
-0.42249392
-0.36529525
-0.3758591
-0.39048741
-0.37419792
-0.38642294
-0.38808412
-0.42249392
-0.40197032
-0.40197032
-0.44289915
-0.40735278
-0.39528468
-0.33476837
-0.37995203
-0.44046834
-0.36788393
-0.18130178
-0.1756769
-0.11453421
-0.16792572
-0.22906841
-0.16230084
-0.32841507
-0.31245475
-0.26610076
-0.30646323
-0.35281722
-0.29050291
-0.41933319
-0.39528468
-0.34398057
-0.40059382
-0.45189793
-0.3765453
-0.18741578
-0.1756769
-0.11803161
-0.17841791
-0.23606321
-0.16667903
-0.42551339
-0.40590296
-0.34873823
-0.40059382
-0.45775856
-0.3809834
-0.14594229
-0.13601388
-0.091013339
-0.13702614
-0.18202668
-0.12709773
-0.47813765
-0.44374892
-0.46730865
-0.46402806
-0.42963933
-0.2969414
-0.28791881
-0.27591798
-0.26689539
-0.28299389
-0.2187335
-0.26391716
-0.32110164
-0.25684125
-0.38957216
-0.36461939
-0.42346978
-0.35499927
-0.35336784
-0.30001094
-0.34293116
-0.39628806
-0.25592611
-0.20373383
-0.24781866
-0.23684938
-0.196791
-0.23971121
-0.29073888
-0.23068862
-0.33249448
-0.38468676
-0.32042637
-0.060433927
-0.058558968
-1.3315358e-18
-0.055975239
-0.05410028
-0.057426187
1.8871894e-18
-0.05339151
-0.10936675
-0.051940562
-0.17227856
-0.16017453
-0.15582169
-0.15540393
-0.10186691
-0.15019681
-0.1432999
-0.051801311
-1.2976545e-18
-0.050065603
-0.047766634
-2.3378109e-19
-0.048329895
-0.098395498
-0.046454936
-0.14498969
-0.13936481
-0.22505281
-0.17938429
-0.22043224
-0.20863567
-0.1754492
-0.21581167
-0.26079471
-0.20555529
-0.30047171
-0.34614022
-0.28650856
-0.27254541
-0.23303782
-0.27054824
-0.31005583
-0.25259074
-0.19529891
-0.15601981
-0.19375872
-0.18042196
-0.15470811
-0.19221853
-0.23126914
-0.18042196
-0.26855106
-0.30783016
-0.25259074
-0.30636954
-0.28791881
-0.29212497
-0.27367424
-0.3112783
-0.23971789
-0.29633114
-0.34873823
-0.27717781
-0.42551339
-0.45775856
-0.3809834
-0.35336784
-0.30623898
-0.35693488
-0.40406374
-0.33375741
-0.25592611
-0.20841421
-0.25872708
-0.24097895
-0.21083216
-0.26152806
-0.30942299
-0.24307733
-0.36050192
-0.40801381
-0.3364534
-0.062471928
-0.058558968
-4.2144124e-18
-0.059472638
-0.055559678
-0.06354019
-4.4812278e-18
-0.060386308
-0.11985895
-0.056318756
-0.19062057
-0.18115892
-0.16895627
-0.15540393
-0.10420711
-0.15721739
-0.051801311
-1.8723663e-18
-0.052405796
-0.048647429
-2.4627483e-18
-0.053010282
-0.10541608
-0.049097322
-0.15903084
-0.14729197
-0.3112783
-0.23971789
-0.29212497
-0.27717781
-0.30636954
-0.23606321
-0.28791881
-0.34398057
-0.27367424
-0.41933319
-0.39528468
-0.45189793
-0.3765453
-0.30942299
-0.35693488
-0.40801381
-0.3364534
-0.21083216
-0.25872708
-0.24307733
-0.20841421
-0.25592611
-0.30623898
-0.24097895
-0.35336784
-0.40406374
-0.33375741
-0.04533796
-1.054556e-18
-0.045675379
-0.04236591
-1.5915749e-18
-0.046012799
-0.091688179
-0.042590857
-0.1380384
-0.18337636
-0.12777257
-0.11750674
-0.078450302
-0.11784416
-0.1569006
-0.10825318
-0.039168914
-1.7609815e-18
-0.039281388
-0.036084392
-1.8677076e-18
-0.039393861
-0.078675249
-0.036084392
-0.11818158
-0.1573505
-0.10825318
-0.45462008
-0.42346978
-0.44374892
-0.41259863
-0.47813765
-0.44046834
-0.46402806
-0.46730865
-0.42963933
-0.50929599
-0.49414896
-0.49414896
-0.45216161
-0.39848904
-0.4144923
-0.41229131
-0.38114102
-0.38468676
-0.39848904
-0.37057717
-0.39628806
-0.41229131
-0.4144923
-0.38114102
-0.43269653
-0.43269653
-0.39502722
-0.38761836
-0.17180131
-0.30945899
-0.39793925
-0.17704741
-0.40324839
-0.13652001
-0.45388849
-0.28191839
-0.26991757
-0.37228571
-0.3481495
-0.25187238
-0.24376494
-0.33771282
-0.057267104
-0.054683375
-0.16405012
-0.15280037
-0.050933457
