MFEM mesh v1.0

#
# MFEM Geometry Types (see mesh/geom.hpp):
#
# POINT       = 0
# SEGMENT     = 1
# TRIANGLE    = 2
# SQUARE      = 3
# TETRAHEDRON = 4
# CUBE        = 5
#

dimension
3

elements
448
1 5 18 135 441 138 143 442 669 445
1 5 8 147 447 150 155 448 670 451
1 5 22 159 453 162 167 454 671 457
1 5 24 171 459 174 179 460 672 463
1 5 25 183 465 186 191 466 673 469
1 5 27 195 471 198 203 472 674 475
1 5 30 207 477 210 215 478 675 481
1 5 32 219 483 136 144 484 676 443
1 5 92 221 488 229 145 486 677 491
1 5 35 137 493 236 146 444 678 495
1 5 40 139 446 142 240 497 679 500
1 5 93 222 487 140 241 501 680 498
1 5 128 224 492 232 242 503 681 507
1 5 96 141 496 238 243 499 682 510
1 5 44 255 512 148 156 513 683 449
1 5 98 256 516 261 157 514 684 519
1 5 47 149 521 268 158 450 685 523
1 5 52 151 452 154 276 525 686 528
1 5 99 257 515 152 277 530 687 526
1 5 129 258 520 264 278 532 688 536
1 5 102 153 524 270 279 527 689 539
1 5 56 292 541 160 168 542 690 455
1 5 104 294 546 302 169 544 691 549
1 5 45 161 551 259 170 456 692 517
1 5 53 163 458 166 282 554 693 531
1 5 105 295 545 164 310 557 694 555
1 5 130 297 550 305 311 559 695 563
1 5 100 165 553 262 283 556 696 534
1 5 36 244 504 172 180 567 697 461
1 5 97 245 508 250 181 568 698 572
1 5 39 173 511 253 182 462 699 574
1 5 68 175 464 178 334 576 700 579
1 5 109 323 569 176 335 581 701 577
1 5 131 324 573 327 336 583 702 587
1 5 112 177 575 329 337 578 703 590
1 5 72 351 592 184 192 593 704 467
1 5 114 353 597 361 193 595 705 600
1 5 37 185 602 248 194 468 706 570
1 5 69 187 470 190 341 605 707 582
1 5 115 354 596 188 372 609 708 606
1 5 132 356 601 364 373 611 709 615
1 5 110 189 604 325 342 607 710 585
1 5 38 249 619 196 204 571 711 473
1 5 119 386 623 391 205 621 712 626
1 5 81 197 628 396 206 474 713 629
1 5 71 199 476 202 350 589 714 633
1 5 111 326 622 200 347 586 715 631
1 5 133 388 627 394 401 636 716 640
1 5 122 201 630 397 402 632 717 643
1 5 59 312 560 208 216 625 718 479
1 5 108 314 564 319 217 646 719 650
1 5 49 209 566 284 218 480 720 653
1 5 86 211 482 214 413 642 721 657
1 5 121 393 647 212 410 639 722 655
1 5 134 415 651 419 428 660 723 664
1 5 126 213 654 423 429 656 724 667
1 5 135 32 136 441 442 144 443 669
1 5 441 136 92 137 669 443 145 444
1 5 138 441 137 35 445 669 444 146
1 5 143 442 669 445 40 139 446 142
1 5 442 144 443 669 139 93 140 446
1 5 669 443 145 444 446 140 128 141
1 5 445 669 444 146 142 446 141 96
1 5 147 44 148 447 448 156 449 670
1 5 447 148 98 149 670 449 157 450
1 5 150 447 149 47 451 670 450 158
1 5 155 448 670 451 52 151 452 154
1 5 448 156 449 670 151 99 152 452
1 5 670 449 157 450 452 152 129 153
1 5 451 670 450 158 154 452 153 102
1 5 159 56 160 453 454 168 455 671
1 5 453 160 104 161 671 455 169 456
1 5 162 453 161 45 457 671 456 170
1 5 167 454 671 457 53 163 458 166
1 5 454 168 455 671 163 105 164 458
1 5 671 455 169 456 458 164 130 165
1 5 457 671 456 170 166 458 165 100
1 5 171 36 172 459 460 180 461 672
1 5 459 172 97 173 672 461 181 462
1 5 174 459 173 39 463 672 462 182
1 5 179 460 672 463 68 175 464 178
1 5 460 180 461 672 175 109 176 464
1 5 672 461 181 462 464 176 131 177
1 5 463 672 462 182 178 464 177 112
1 5 183 72 184 465 466 192 467 673
1 5 465 184 114 185 673 467 193 468
1 5 186 465 185 37 469 673 468 194
1 5 191 466 673 469 69 187 470 190
1 5 466 192 467 673 187 115 188 470
1 5 673 467 193 468 470 188 132 189
1 5 469 673 468 194 190 470 189 110
1 5 195 38 196 471 472 204 473 674
1 5 471 196 119 197 674 473 205 474
1 5 198 471 197 81 475 674 474 206
1 5 203 472 674 475 71 199 476 202
1 5 472 204 473 674 199 111 200 476
1 5 674 473 205 474 476 200 133 201
1 5 475 674 474 206 202 476 201 122
1 5 207 59 208 477 478 216 479 675
1 5 477 208 108 209 675 479 217 480
1 5 210 477 209 49 481 675 480 218
1 5 215 478 675 481 86 211 482 214
1 5 478 216 479 675 211 121 212 482
1 5 675 479 217 480 482 212 134 213
1 5 481 675 480 218 214 482 213 126
1 5 219 19 220 483 484 225 485 676
1 5 483 220 33 221 676 485 226 486
1 5 136 483 221 92 443 676 486 145
1 5 144 484 676 443 93 222 487 140
1 5 484 225 485 676 222 41 223 487
1 5 676 485 226 486 487 223 94 224
1 5 443 676 486 145 140 487 224 128
1 5 221 33 227 488 486 226 489 677
1 5 488 227 21 228 677 489 233 490
1 5 229 488 228 34 491 677 490 234
1 5 145 486 677 491 128 224 492 232
1 5 486 226 489 677 224 94 230 492
1 5 677 489 233 490 492 230 42 231
1 5 491 677 490 234 232 492 231 95
1 5 137 92 229 493 444 145 491 678
1 5 493 229 34 235 678 491 234 494
1 5 236 493 235 20 495 678 494 239
1 5 146 444 678 495 96 141 496 238
1 5 444 145 491 678 141 128 232 496
1 5 678 491 234 494 496 232 95 237
1 5 495 678 494 239 238 496 237 43
1 5 139 93 140 446 497 241 498 679
1 5 446 140 128 141 679 498 242 499
1 5 142 446 141 96 500 679 499 243
1 5 240 497 679 500 24 171 459 174
1 5 497 241 498 679 171 36 172 459
1 5 679 498 242 499 459 172 97 173
1 5 500 679 499 243 174 459 173 39
1 5 222 41 223 487 501 246 502 680
1 5 487 223 94 224 680 502 247 503
1 5 140 487 224 128 498 680 503 242
1 5 241 501 680 498 36 244 504 172
1 5 501 246 502 680 244 25 186 504
1 5 680 502 247 503 504 186 37 245
1 5 498 680 503 242 172 504 245 97
1 5 224 94 230 492 503 247 505 681
1 5 492 230 42 231 681 505 251 506
1 5 232 492 231 95 507 681 506 252
1 5 242 503 681 507 97 245 508 250
1 5 503 247 505 681 245 37 248 508
1 5 681 505 251 506 508 248 28 249
1 5 507 681 506 252 250 508 249 38
1 5 141 128 232 496 499 242 507 682
1 5 496 232 95 237 682 507 252 509
1 5 238 496 237 43 510 682 509 254
1 5 243 499 682 510 39 173 511 253
1 5 499 242 507 682 173 97 250 511
1 5 682 507 252 509 511 250 38 195
1 5 510 682 509 254 253 511 195 27
1 5 255 22 162 512 513 167 457 683
1 5 512 162 45 256 683 457 170 514
1 5 148 512 256 98 449 683 514 157
1 5 156 513 683 449 99 257 515 152
1 5 513 167 457 683 257 53 166 515
1 5 683 457 170 514 515 166 100 258
1 5 449 683 514 157 152 515 258 129
1 5 256 45 259 516 514 170 517 684
1 5 516 259 4 260 684 517 265 518
1 5 261 516 260 46 519 684 518 266
1 5 157 514 684 519 129 258 520 264
1 5 514 170 517 684 258 100 262 520
1 5 684 517 265 518 520 262 54 263
1 5 519 684 518 266 264 520 263 101
1 5 149 98 261 521 450 157 519 685
1 5 521 261 46 267 685 519 266 522
1 5 268 521 267 2 523 685 522 271
1 5 158 450 685 523 102 153 524 270
1 5 450 157 519 685 153 129 264 524
1 5 685 519 266 522 524 264 101 269
1 5 523 685 522 271 270 524 269 55
1 5 151 99 152 452 525 277 526 686
1 5 452 152 129 153 686 526 278 527
1 5 154 452 153 102 528 686 527 279
1 5 276 525 686 528 9 272 529 275
1 5 525 277 526 686 272 48 273 529
1 5 686 526 278 527 529 273 103 274
1 5 528 686 527 279 275 529 274 51
1 5 257 53 166 515 530 282 531 687
1 5 515 166 100 258 687 531 283 532
1 5 152 515 258 129 526 687 532 278
1 5 277 530 687 526 48 280 533 273
1 5 530 282 531 687 280 30 210 533
1 5 687 531 283 532 533 210 49 281
1 5 526 687 532 278 273 533 281 103
1 5 258 100 262 520 532 283 534 688
1 5 520 262 54 263 688 534 287 535
1 5 264 520 263 101 536 688 535 288
1 5 278 532 688 536 103 281 537 286
1 5 532 283 534 688 281 49 284 537
1 5 688 534 287 535 537 284 6 285
1 5 536 688 535 288 286 537 285 50
1 5 153 129 264 524 527 278 536 689
1 5 524 264 101 269 689 536 288 538
1 5 270 524 269 55 539 689 538 291
1 5 279 527 689 539 51 274 540 290
1 5 527 278 536 689 274 103 286 540
1 5 689 536 288 538 540 286 50 289
1 5 539 689 538 291 290 540 289 3
1 5 292 23 293 541 542 298 543 690
1 5 541 293 57 294 690 543 299 544
1 5 160 541 294 104 455 690 544 169
1 5 168 542 690 455 105 295 545 164
1 5 542 298 543 690 295 62 296 545
1 5 690 543 299 544 545 296 106 297
1 5 455 690 544 169 164 545 297 130
1 5 294 57 300 546 544 299 547 691
1 5 546 300 5 301 691 547 306 548
1 5 302 546 301 58 549 691 548 307
1 5 169 544 691 549 130 297 550 305
1 5 544 299 547 691 297 106 303 550
1 5 691 547 306 548 550 303 63 304
1 5 549 691 548 307 305 550 304 107
1 5 161 104 302 551 456 169 549 692
1 5 551 302 58 308 692 549 307 552
1 5 259 551 308 4 517 692 552 265
1 5 170 456 692 517 100 165 553 262
1 5 456 169 549 692 165 130 305 553
1 5 692 549 307 552 553 305 107 309
1 5 517 692 552 265 262 553 309 54
1 5 163 105 164 458 554 310 555 693
1 5 458 164 130 165 693 555 311 556
1 5 166 458 165 100 531 693 556 283
1 5 282 554 693 531 30 207 477 210
1 5 554 310 555 693 207 59 208 477
1 5 693 555 311 556 477 208 108 209
1 5 531 693 556 283 210 477 209 49
1 5 295 62 296 545 557 315 558 694
1 5 545 296 106 297 694 558 316 559
1 5 164 545 297 130 555 694 559 311
1 5 310 557 694 555 59 312 560 208
1 5 557 315 558 694 312 31 313 560
1 5 694 558 316 559 560 313 60 314
1 5 555 694 559 311 208 560 314 108
1 5 297 106 303 550 559 316 561 695
1 5 550 303 63 304 695 561 320 562
1 5 305 550 304 107 563 695 562 321
1 5 311 559 695 563 108 314 564 319
1 5 559 316 561 695 314 60 317 564
1 5 695 561 320 562 564 317 7 318
1 5 563 695 562 321 319 564 318 61
1 5 165 130 305 553 556 311 563 696
1 5 553 305 107 309 696 563 321 565
1 5 262 553 309 54 534 696 565 287
1 5 283 556 696 534 49 209 566 284
1 5 556 311 563 696 209 108 319 566
1 5 696 563 321 565 566 319 61 322
1 5 534 696 565 287 284 566 322 6
1 5 244 25 186 504 567 191 469 697
1 5 504 186 37 245 697 469 194 568
1 5 172 504 245 97 461 697 568 181
1 5 180 567 697 461 109 323 569 176
1 5 567 191 469 697 323 69 190 569
1 5 697 469 194 568 569 190 110 324
1 5 461 697 568 181 176 569 324 131
1 5 245 37 248 508 568 194 570 698
1 5 508 248 28 249 698 570 328 571
1 5 250 508 249 38 572 698 571 204
1 5 181 568 698 572 131 324 573 327
1 5 568 194 570 698 324 110 325 573
1 5 698 570 328 571 573 325 70 326
1 5 572 698 571 204 327 573 326 111
1 5 173 97 250 511 462 181 572 699
1 5 511 250 38 195 699 572 204 472
1 5 253 511 195 27 574 699 472 203
1 5 182 462 699 574 112 177 575 329
1 5 462 181 572 699 177 131 327 575
1 5 699 572 204 472 575 327 111 199
1 5 574 699 472 203 329 575 199 71
1 5 175 109 176 464 576 335 577 700
1 5 464 176 131 177 700 577 336 578
1 5 178 464 177 112 579 700 578 337
1 5 334 576 700 579 10 330 580 333
1 5 576 335 577 700 330 64 331 580
1 5 700 577 336 578 580 331 113 332
1 5 579 700 578 337 333 580 332 67
1 5 323 69 190 569 581 341 582 701
1 5 569 190 110 324 701 582 342 583
1 5 176 569 324 131 577 701 583 336
1 5 335 581 701 577 64 338 584 331
1 5 581 341 582 701 338 11 339 584
1 5 701 582 342 583 584 339 65 340
1 5 577 701 583 336 331 584 340 113
1 5 324 110 325 573 583 342 585 702
1 5 573 325 70 326 702 585 346 586
1 5 327 573 326 111 587 702 586 347
1 5 336 583 702 587 113 340 588 345
1 5 583 342 585 702 340 65 343 588
1 5 702 585 346 586 588 343 14 344
1 5 587 702 586 347 345 588 344 66
1 5 177 131 327 575 578 336 587 703
1 5 575 327 111 199 703 587 347 589
1 5 329 575 199 71 590 703 589 350
1 5 337 578 703 590 67 332 591 349
1 5 578 336 587 703 332 113 345 591
1 5 703 587 347 589 591 345 66 348
1 5 590 703 589 350 349 591 348 13
1 5 351 26 352 592 593 357 594 704
1 5 592 352 73 353 704 594 358 595
1 5 184 592 353 114 467 704 595 193
1 5 192 593 704 467 115 354 596 188
1 5 593 357 594 704 354 78 355 596
1 5 704 594 358 595 596 355 116 356
1 5 467 704 595 193 188 596 356 132
1 5 353 73 359 597 595 358 598 705
1 5 597 359 29 360 705 598 365 599
1 5 361 597 360 74 600 705 599 366
1 5 193 595 705 600 132 356 601 364
1 5 595 358 598 705 356 116 362 601
1 5 705 598 365 599 601 362 79 363
1 5 600 705 599 366 364 601 363 117
1 5 185 114 361 602 468 193 600 706
1 5 602 361 74 367 706 600 366 603
1 5 248 602 367 28 570 706 603 328
1 5 194 468 706 570 110 189 604 325
1 5 468 193 600 706 189 132 364 604
1 5 706 600 366 603 604 364 117 368
1 5 570 706 603 328 325 604 368 70
1 5 187 115 188 470 605 372 606 707
1 5 470 188 132 189 707 606 373 607
1 5 190 470 189 110 582 707 607 342
1 5 341 605 707 582 11 369 608 339
1 5 605 372 606 707 369 75 370 608
1 5 707 606 373 607 608 370 118 371
1 5 582 707 607 342 339 608 371 65
1 5 354 78 355 596 609 377 610 708
1 5 596 355 116 356 708 610 378 611
1 5 188 596 356 132 606 708 611 373
1 5 372 609 708 606 75 374 612 370
1 5 609 377 610 708 374 12 375 612
1 5 708 610 378 611 612 375 76 376
1 5 606 708 611 373 370 612 376 118
1 5 356 116 362 601 611 378 613 709
1 5 601 362 79 363 709 613 382 614
1 5 364 601 363 117 615 709 614 383
1 5 373 611 709 615 118 376 616 381
1 5 611 378 613 709 376 76 379 616
1 5 709 613 382 614 616 379 15 380
1 5 615 709 614 383 381 616 380 77
1 5 189 132 364 604 607 373 615 710
1 5 604 364 117 368 710 615 383 617
1 5 325 604 368 70 585 710 617 346
1 5 342 607 710 585 65 371 618 343
1 5 607 373 615 710 371 118 381 618
1 5 710 615 383 617 618 381 77 384
1 5 585 710 617 346 343 618 384 14
1 5 249 28 385 619 571 328 620 711
1 5 619 385 80 386 711 620 389 621
1 5 196 619 386 119 473 711 621 205
1 5 204 571 711 473 111 326 622 200
1 5 571 328 620 711 326 70 387 622
1 5 711 620 389 621 622 387 120 388
1 5 473 711 621 205 200 622 388 133
1 5 386 80 390 623 621 389 624 712
1 5 623 390 31 312 712 624 395 625
1 5 391 623 312 59 626 712 625 216
1 5 205 621 712 626 133 388 627 394
1 5 621 389 624 712 388 120 392 627
1 5 712 624 395 625 627 392 85 393
1 5 626 712 625 216 394 627 393 121
1 5 197 119 391 628 474 205 626 713
1 5 628 391 59 207 713 626 216 478
1 5 396 628 207 30 629 713 478 215
1 5 206 474 713 629 122 201 630 397
1 5 474 205 626 713 201 133 394 630
1 5 713 626 216 478 630 394 121 211
1 5 629 713 478 215 397 630 211 86
1 5 199 111 200 476 589 347 631 714
1 5 476 200 133 201 714 631 401 632
1 5 202 476 201 122 633 714 632 402
1 5 350 589 714 633 13 348 634 400
1 5 589 347 631 714 348 66 398 634
1 5 714 631 401 632 634 398 123 399
1 5 633 714 632 402 400 634 399 84
1 5 326 70 387 622 586 346 635 715
1 5 622 387 120 388 715 635 405 636
1 5 200 622 388 133 631 715 636 401
1 5 347 586 715 631 66 344 637 398
1 5 586 346 635 715 344 14 403 637
1 5 715 635 405 636 637 403 82 404
1 5 631 715 636 401 398 637 404 123
1 5 388 120 392 627 636 405 638 716
1 5 627 392 85 393 716 638 409 639
1 5 394 627 393 121 640 716 639 410
1 5 401 636 716 640 123 404 641 408
1 5 636 405 638 716 404 82 406 641
1 5 716 638 409 639 641 406 17 407
1 5 640 716 639 410 408 641 407 83
1 5 201 133 394 630 632 401 640 717
1 5 630 394 121 211 717 640 410 642
1 5 397 630 211 86 643 717 642 413
1 5 402 632 717 643 84 399 644 412
1 5 632 401 640 717 399 123 408 644
1 5 717 640 410 642 644 408 83 411
1 5 643 717 642 413 412 644 411 16
1 5 312 31 313 560 625 395 645 718
1 5 560 313 60 314 718 645 416 646
1 5 208 560 314 108 479 718 646 217
1 5 216 625 718 479 121 393 647 212
1 5 625 395 645 718 393 85 414 647
1 5 718 645 416 646 647 414 124 415
1 5 479 718 646 217 212 647 415 134
1 5 314 60 317 564 646 416 648 719
1 5 564 317 7 318 719 648 420 649
1 5 319 564 318 61 650 719 649 421
1 5 217 646 719 650 134 415 651 419
1 5 646 416 648 719 415 124 417 651
1 5 719 648 420 649 651 417 90 418
1 5 650 719 649 421 419 651 418 125
1 5 209 108 319 566 480 217 650 720
1 5 566 319 61 322 720 650 421 652
1 5 284 566 322 6 653 720 652 424
1 5 218 480 720 653 126 213 654 423
1 5 480 217 650 720 213 134 419 654
1 5 720 650 421 652 654 419 125 422
1 5 653 720 652 424 423 654 422 91
1 5 211 121 212 482 642 410 655 721
1 5 482 212 134 213 721 655 428 656
1 5 214 482 213 126 657 721 656 429
1 5 413 642 721 657 16 411 658 427
1 5 642 410 655 721 411 83 425 658
1 5 721 655 428 656 658 425 127 426
1 5 657 721 656 429 427 658 426 89
1 5 393 85 414 647 639 409 659 722
1 5 647 414 124 415 722 659 432 660
1 5 212 647 415 134 655 722 660 428
1 5 410 639 722 655 83 407 661 425
1 5 639 409 659 722 407 17 430 661
1 5 722 659 432 660 661 430 87 431
1 5 655 722 660 428 425 661 431 127
1 5 415 124 417 651 660 432 662 723
1 5 651 417 90 418 723 662 436 663
1 5 419 651 418 125 664 723 663 437
1 5 428 660 723 664 127 431 665 435
1 5 660 432 662 723 431 87 433 665
1 5 723 662 436 663 665 433 1 434
1 5 664 723 663 437 435 665 434 88
1 5 213 134 419 654 656 428 664 724
1 5 654 419 125 422 724 664 437 666
1 5 423 654 422 91 667 724 666 440
1 5 429 656 724 667 89 426 668 439
1 5 656 428 664 724 426 127 435 668
1 5 724 664 437 666 668 435 88 438
1 5 667 724 666 440 439 668 438 0

boundary
480
56 3 267 2 271 522
56 3 308 4 265 552
56 3 322 6 424 652
56 3 150 8 155 451
56 3 138 441 135 18
56 3 150 447 147 8
56 3 162 453 159 22
56 3 219 19 225 484
56 3 138 18 143 445
56 3 19 220 485 225
56 3 21 228 490 233
56 3 186 465 183 25
56 3 255 22 167 513
56 3 292 23 298 542
56 3 198 471 195 27
56 3 9 272 529 275
56 3 23 293 543 298
56 3 244 25 191 567
56 3 351 26 357 593
56 3 174 24 179 463
56 3 10 330 580 333
56 3 26 352 594 357
56 3 29 360 599 365
56 3 11 369 608 339
56 3 198 27 203 475
56 3 28 385 620 328
56 3 13 348 634 400
56 3 210 30 215 481
56 3 31 313 645 395
56 3 16 411 658 427
56 3 260 46 266 518
56 3 263 101 288 535
56 3 269 55 291 538
56 3 301 58 307 548
56 3 304 107 321 562
56 3 309 54 287 565
56 3 318 61 421 649
56 3 418 125 437 663
56 3 422 91 440 666
56 3 64 338 584 331
56 3 113 340 588 345
56 3 67 332 591 349
56 3 75 374 612 370
56 3 118 376 616 381
56 3 65 371 618 343
56 3 66 344 637 398
56 3 123 404 641 408
56 3 84 399 644 412
56 3 83 407 661 425
56 3 127 431 665 435
56 3 89 426 668 439
56 3 268 47 158 523
56 3 270 102 279 539
56 3 154 52 276 528
56 3 136 483 219 32
56 3 229 488 221 92
56 3 236 493 137 35
56 3 148 512 255 44
56 3 261 516 256 98
56 3 268 521 149 47
56 3 160 541 292 56
56 3 302 546 294 104
56 3 259 551 161 45
56 3 34 235 494 234
56 3 95 237 509 252
56 3 42 231 506 251
56 3 159 56 168 454
56 3 163 105 310 554
56 3 295 62 315 557
56 3 196 619 249 38
56 3 391 623 386 119
56 3 396 628 197 81
56 3 135 32 144 442
56 3 139 93 241 497
56 3 222 41 246 501
56 3 236 35 146 495
56 3 238 96 243 510
56 3 142 40 240 500
56 3 147 44 156 448
56 3 151 99 277 525
56 3 257 53 282 530
56 3 253 39 182 574
56 3 329 112 337 590
56 3 178 68 334 579
56 3 33 227 489 226
56 3 94 230 505 247
56 3 41 223 502 246
56 3 184 592 351 72
56 3 361 597 353 114
56 3 248 602 185 37
56 3 48 280 533 273
56 3 103 281 537 286
56 3 51 274 540 290
56 3 396 81 206 629
56 3 397 122 402 643
56 3 202 71 350 633
56 3 284 49 218 653
56 3 423 126 429 667
56 3 214 86 413 657
56 3 57 300 547 299
56 3 106 303 561 316
56 3 62 296 558 315
56 3 74 367 603 366
56 3 117 368 617 383
56 3 79 363 614 382
56 3 80 390 624 389
56 3 120 392 638 405
56 3 70 387 635 346
56 3 60 317 648 416
56 3 124 417 662 432
56 3 85 414 659 409
56 3 171 36 180 460
56 3 175 109 335 576
56 3 323 69 341 581
56 3 183 72 192 466
56 3 187 115 372 605
56 3 354 78 377 609
56 3 73 359 598 358
56 3 116 362 613 378
56 3 78 355 610 377
56 3 46 267 522 266
56 3 266 522 269 101
56 3 522 271 55 269
56 3 4 260 518 265
56 3 265 518 263 54
56 3 518 266 101 263
56 3 54 263 535 287
56 3 287 535 285 6
56 3 535 288 50 285
56 3 101 269 538 288
56 3 288 538 289 50
56 3 538 291 3 289
56 3 58 308 552 307
56 3 307 552 309 107
56 3 552 265 54 309
56 3 5 301 548 306
56 3 306 548 304 63
56 3 548 307 107 304
56 3 63 304 562 320
56 3 320 562 318 7
56 3 562 321 61 318
56 3 107 309 565 321
56 3 321 565 322 61
56 3 565 287 6 322
56 3 61 322 652 421
56 3 421 652 422 125
56 3 652 424 91 422
56 3 330 64 331 580
56 3 580 331 113 332
56 3 333 580 332 67
56 3 369 75 370 608
56 3 608 370 118 371
56 3 339 608 371 65
56 3 348 66 398 634
56 3 634 398 123 399
56 3 400 634 399 84
56 3 411 83 425 658
56 3 658 425 127 426
56 3 427 658 426 89
56 3 7 318 649 420
56 3 420 649 418 90
56 3 649 421 125 418
56 3 90 418 663 436
56 3 436 663 434 1
56 3 663 437 88 434
56 3 125 422 666 437
56 3 437 666 438 88
56 3 666 440 0 438
56 3 338 11 339 584
56 3 584 339 65 340
56 3 331 584 340 113
56 3 340 65 343 588
56 3 588 343 14 344
56 3 345 588 344 66
56 3 332 113 345 591
56 3 591 345 66 348
56 3 349 591 348 13
56 3 374 12 375 612
56 3 612 375 76 376
56 3 370 612 376 118
56 3 376 76 379 616
56 3 616 379 15 380
56 3 381 616 380 77
56 3 371 118 381 618
56 3 618 381 77 384
56 3 343 618 384 14
56 3 344 14 403 637
56 3 637 403 82 404
56 3 398 637 404 123
56 3 404 82 406 641
56 3 641 406 17 407
56 3 408 641 407 83
56 3 399 123 408 644
56 3 644 408 83 411
56 3 412 644 411 16
56 3 407 17 430 661
56 3 661 430 87 431
56 3 425 661 431 127
56 3 431 87 433 665
56 3 665 433 1 434
56 3 435 665 434 88
56 3 426 127 435 668
56 3 668 435 88 438
56 3 439 668 438 0
56 3 47 150 451 158
56 3 158 451 154 102
56 3 451 155 52 154
56 3 2 268 523 271
56 3 271 523 270 55
56 3 523 158 102 270
56 3 55 270 539 291
56 3 291 539 290 3
56 3 539 279 51 290
56 3 102 154 528 279
56 3 279 528 275 51
56 3 528 276 9 275
56 3 441 136 32 135
56 3 137 92 136 441
56 3 35 137 441 138
56 3 483 220 19 219
56 3 221 33 220 483
56 3 92 221 483 136
56 3 488 227 33 221
56 3 228 21 227 488
56 3 34 228 488 229
56 3 493 229 92 137
56 3 235 34 229 493
56 3 20 235 493 236
56 3 447 148 44 147
56 3 149 98 148 447
56 3 47 149 447 150
56 3 453 160 56 159
56 3 161 104 160 453
56 3 45 161 453 162
56 3 228 34 234 490
56 3 490 234 95 231
56 3 233 490 231 42
56 3 56 292 542 168
56 3 168 542 295 105
56 3 542 298 62 295
56 3 471 196 38 195
56 3 197 119 196 471
56 3 81 197 471 198
56 3 512 162 22 255
56 3 256 45 162 512
56 3 98 256 512 148
56 3 516 259 45 256
56 3 260 4 259 516
56 3 46 260 516 261
56 3 521 261 98 149
56 3 267 46 261 521
56 3 2 267 521 268
56 3 541 293 23 292
56 3 294 57 293 541
56 3 104 294 541 160
56 3 546 300 57 294
56 3 301 5 300 546
56 3 58 301 546 302
56 3 551 302 104 161
56 3 308 58 302 551
56 3 4 308 551 259
56 3 235 20 239 494
56 3 494 239 43 237
56 3 234 494 237 95
56 3 237 43 254 509
56 3 509 254 27 195
56 3 252 509 195 38
56 3 231 95 252 506
56 3 506 252 38 249
56 3 251 506 249 28
56 3 22 159 454 167
56 3 167 454 163 53
56 3 454 168 105 163
56 3 53 163 554 282
56 3 282 554 207 30
56 3 554 310 59 207
56 3 105 295 557 310
56 3 310 557 312 59
56 3 557 315 31 312
56 3 619 385 28 249
56 3 386 80 385 619
56 3 119 386 619 196
56 3 623 390 80 386
56 3 312 31 390 623
56 3 59 312 623 391
56 3 628 391 119 197
56 3 207 59 391 628
56 3 30 207 628 396
56 3 32 219 484 144
56 3 144 484 222 93
56 3 484 225 41 222
56 3 18 135 442 143
56 3 143 442 139 40
56 3 442 144 93 139
56 3 40 139 497 240
56 3 240 497 171 24
56 3 497 241 36 171
56 3 93 222 501 241
56 3 241 501 244 36
56 3 501 246 25 244
56 3 35 138 445 146
56 3 146 445 142 96
56 3 445 143 40 142
56 3 44 255 513 156
56 3 156 513 257 99
56 3 513 167 53 257
56 3 39 174 463 182
56 3 182 463 178 112
56 3 463 179 68 178
56 3 20 236 495 239
56 3 239 495 238 43
56 3 495 146 96 238
56 3 43 238 510 254
56 3 254 510 253 27
56 3 510 243 39 253
56 3 96 142 500 243
56 3 243 500 174 39
56 3 500 240 24 174
56 3 8 147 448 155
56 3 155 448 151 52
56 3 448 156 99 151
56 3 52 151 525 276
56 3 276 525 272 9
56 3 525 277 48 272
56 3 99 257 530 277
56 3 277 530 280 48
56 3 530 282 30 280
56 3 27 253 574 203
56 3 203 574 329 71
56 3 574 182 112 329
56 3 71 329 590 350
56 3 350 590 349 13
56 3 590 337 67 349
56 3 112 178 579 337
56 3 337 579 333 67
56 3 579 334 10 333
56 3 220 33 226 485
56 3 485 226 94 223
56 3 225 485 223 41
56 3 465 184 72 183
56 3 185 114 184 465
56 3 37 185 465 186
56 3 227 21 233 489
56 3 489 233 42 230
56 3 226 489 230 94
56 3 230 42 251 505
56 3 505 251 28 248
56 3 247 505 248 37
56 3 223 94 247 502
56 3 502 247 37 186
56 3 246 502 186 25
56 3 592 352 26 351
56 3 353 73 352 592
56 3 114 353 592 184
56 3 597 359 73 353
56 3 360 29 359 597
56 3 74 360 597 361
56 3 602 361 114 185
56 3 367 74 361 602
56 3 28 367 602 248
56 3 272 48 273 529
56 3 529 273 103 274
56 3 275 529 274 51
56 3 81 198 475 206
56 3 206 475 202 122
56 3 475 203 71 202
56 3 49 210 481 218
56 3 218 481 214 126
56 3 481 215 86 214
56 3 280 30 210 533
56 3 533 210 49 281
56 3 273 533 281 103
56 3 281 49 284 537
56 3 537 284 6 285
56 3 286 537 285 50
56 3 274 103 286 540
56 3 540 286 50 289
56 3 290 540 289 3
56 3 30 396 629 215
56 3 215 629 397 86
56 3 629 206 122 397
56 3 86 397 643 413
56 3 413 643 412 16
56 3 643 402 84 412
56 3 122 202 633 402
56 3 402 633 400 84
56 3 633 350 13 400
56 3 6 284 653 424
56 3 424 653 423 91
56 3 653 218 126 423
56 3 91 423 667 440
56 3 440 667 439 0
56 3 667 429 89 439
56 3 126 214 657 429
56 3 429 657 427 89
56 3 657 413 16 427
56 3 293 57 299 543
56 3 543 299 106 296
56 3 298 543 296 62
56 3 360 74 366 599
56 3 599 366 117 363
56 3 365 599 363 79
56 3 385 80 389 620
56 3 620 389 120 387
56 3 328 620 387 70
56 3 313 60 416 645
56 3 645 416 124 414
56 3 395 645 414 85
56 3 300 5 306 547
56 3 547 306 63 303
56 3 299 547 303 106
56 3 303 63 320 561
56 3 561 320 7 317
56 3 316 561 317 60
56 3 296 106 316 558
56 3 558 316 60 313
56 3 315 558 313 31
56 3 367 28 328 603
56 3 603 328 70 368
56 3 366 603 368 117
56 3 368 70 346 617
56 3 617 346 14 384
56 3 383 617 384 77
56 3 363 117 383 614
56 3 614 383 77 380
56 3 382 614 380 15
56 3 390 31 395 624
56 3 624 395 85 392
56 3 389 624 392 120
56 3 392 85 409 638
56 3 638 409 17 406
56 3 405 638 406 82
56 3 387 120 405 635
56 3 635 405 82 403
56 3 346 635 403 14
56 3 317 7 420 648
56 3 648 420 90 417
56 3 416 648 417 124
56 3 417 90 436 662
56 3 662 436 1 433
56 3 432 662 433 87
56 3 414 124 432 659
56 3 659 432 87 430
56 3 409 659 430 17
56 3 36 244 567 180
56 3 180 567 323 109
56 3 567 191 69 323
56 3 72 351 593 192
56 3 192 593 354 115
56 3 593 357 78 354
56 3 24 171 460 179
56 3 179 460 175 68
56 3 460 180 109 175
56 3 68 175 576 334
56 3 334 576 330 10
56 3 576 335 64 330
56 3 109 323 581 335
56 3 335 581 338 64
56 3 581 341 11 338
56 3 25 183 466 191
56 3 191 466 187 69
56 3 466 192 115 187
56 3 69 187 605 341
56 3 341 605 369 11
56 3 605 372 75 369
56 3 115 354 609 372
56 3 372 609 374 75
56 3 609 377 12 374
56 3 352 73 358 594
56 3 594 358 116 355
56 3 357 594 355 78
56 3 359 29 365 598
56 3 598 365 79 362
56 3 358 598 362 116
56 3 362 79 382 613
56 3 613 382 15 379
56 3 378 613 379 76
56 3 355 116 378 610
56 3 610 378 76 375
56 3 377 610 375 12

vertices
725

nodes
FiniteElementSpace
FiniteElementCollection: H1_3D_P2
VDim: 3
Ordering: 0

0.1716001
0.11108439
0.25513258
0.25513258
0.1716001
0.11108439
0.1716001
0.11108439
0.37107077
0.36407998
0.46713824
0.14916884
0.46713824
0.34802459
0.13575486
0.34802459
0.24764874
0.12307986
0.66119981
0.17294184
0.45397621
0.14953799
0.28596008
0.12909499
0.60844596
0.16648196
0.60844596
0.42529438
0.14590394
0.42529438
0.27585809
0.12755235
0.41707082
0.16123991
0.3017571
0.55758801
0.38746396
0.15619295
0.28559916
0.51687017
0.63482288
0.1697119
0.14772096
0.43963529
0.32851542
0.22878009
0.21336634
0.31310167
0.31996904
0.2237291
0.21336634
0.30960628
0.36757538
0.28090909
0.1716001
0.25513258
0.20752753
0.12008969
0.14134225
0.20170522
0.11931837
0.14134225
0.12832367
0.11108439
0.30815354
0.14246185
0.24188972
0.40758141
0.5377921
0.1578254
0.1408294
0.38665948
0.38746396
0.51687017
0.28559916
0.30815354
0.40758141
0.24188972
0.5377921
0.38665948
0.13672814
0.35057624
0.12941736
0.1853643
0.29783667
0.1253161
0.26175342
0.11708212
0.14134225
0.20962442
0.11108439
0.1716001
0.35941396
0.40226739
0.15871643
0.29367813
0.53722909
0.33653156
0.27094088
0.32424223
0.22625459
0.21336634
0.31135398
0.26666769
0.17443489
0.20461638
0.11970403
0.14134225
0.17152373
0.34780875
0.1493274
0.26374444
0.46222579
0.27502163
0.33653156
0.34780875
0.46222579
0.26374444
0.27502163
0.24365219
0.13307275
0.19353476
0.32420645
0.21362701
0.11820025
0.14134225
0.21667676
0.16335327
0.34797276
0.26880429
0.17297931
0.30577659
0.30577659
0.2286396
0.1674385
0.53913531
0.38824239
0.45850098
0.60939391
0.51854514
0.37512007
0.44260092
0.58602599
0.64801134
0.40966911
0.35369336
0.54740855
0.3497931
0.29972815
0.29202128
0.34208622
0.3459088
0.29652326
0.29007913
0.33946468
0.36932308
0.32637883
0.26987258
0.31222783
0.2467438
0.19098121
0.20160749
0.25737008
0.24276273
0.18879784
0.19961695
0.25358184
0.28343458
0.20607195
0.1737071
0.22751734
0.49795496
0.36199776
0.42670086
0.56265806
0.44280042
0.32679267
0.38400119
0.50000894
0.57311903
0.36763635
0.32115408
0.48954798
0.27697296
0.36199776
0.24636225
0.16133745
0.25281707
0.32679267
0.227552
0.1535764
0.16215368
0.36763635
0.32115408
0.15276017
0.35544677
0.26462567
0.29711421
0.38793531
0.32520196
0.24619202
0.27642303
0.35543297
0.40597693
0.2746718
0.2361459
0.33739134
0.23878166
0.18661448
0.19762642
0.2497936
0.22764409
0.18048663
0.19205763
0.23921509
0.26880576
0.19761999
0.16948112
0.22020293
0.29500633
0.16709087
0.26032694
0.28598964
0.16421416
0.2533446
0.17132687
0.15997817
0.15538895
0.22564754
0.33058553
0.1532187
0.22069955
0.32082544
0.14862948
0.29771761
0.37786665
0.50578211
0.36665671
0.48843219
0.44680575
0.62163442
0.39486567
0.34225216
0.52704963
0.27697296
0.24636225
0.16809693
0.15745469
0.15104844
0.21575155
0.31106536
0.14681245
0.28963864
0.47108227
0.43246484
0.30723775
0.24986049
0.30257566
0.24752944
0.2001901
0.19248322
0.24215361
0.19892735
0.19248322
0.24108531
0.1716001
0.21336634
0.23424946
0.28411713
0.23424946
0.28324328
0.25513258
0.34202451
0.29331836
0.28813698
0.33684313
0.36582768
0.32210564
0.26773599
0.31048013
0.29791357
0.24519839
0.27838359
0.22499185
0.1976646
0.19248322
0.24001701
0.1716001
0.21336634
0.23424946
0.28236943
0.25513258
0.16831126
0.12459234
0.14726229
0.16647002
0.12401385
0.14634167
0.12870933
0.11989686
0.11558704
0.12621332
0.15788857
0.11539421
0.12621332
0.15716078
0.11108439
0.14134225
0.15647117
0.15647117
0.2031608
0.17225152
0.16462878
0.12343536
0.14542105
0.12793801
0.1195112
0.11520138
0.12621332
0.15643299
0.11108439
0.14134225
0.15647117
0.25281707
0.227552
0.1450784
0.20228692
0.28476052
0.14336667
0.42444264
0.38764589
0.29158758
0.34130152
0.43735982
0.50246517
0.32798114
0.29039911
0.4349036
0.22866119
0.14581534
0.20874174
0.15349712
0.14589462
0.13910835
0.18882229
0.25845568
0.13829213
0.25281708
0.29495715
0.377803
0.36734203
0.49795496
0.56265806
0.42670086
0.44280042
0.50000894
0.38400119
0.57311903
0.48954798
0.47108227
0.35544677
0.31106536
0.42444264
0.32520196
0.28476052
0.40597693
0.2746718
0.21575155
0.20228692
0.22866119
0.29158758
0.20874174
0.32798114
0.29039911
0.38764589
0.43735982
0.34130152
0.50246517
0.4349036
0.377803
0.29495715
0.25845568
0.36734203
0.25281708
0.18882229
0.14131604
0.19019017
0.13695108
0.18085618
0.13490045
0.13214024
0.22267871
0.12919443
0.15942543
0.21108718
0.12643422
0.31321717
0.29297994
0.22775837
0.25573184
0.32293063
0.22113331
0.31102156
0.13258611
0.17152218
0.13124505
0.12624861
0.15422208
0.19949566
0.12419798
0.18944953
0.21650652
0.2727427
0.25470108
0.12175817
0.14281937
0.11875931
0.11464232
0.12621332
0.15439037
0.11108439
0.14134225
0.15647117
0.19413843
0.1716001
0.17435879
0.18648885
0.22863658
0.16539589
0.21315059
0.12008099
0.1402177
0.11764118
0.11408326
0.12621332
0.15234776
0.11108439
0.14134225
0.15647117
0.19061226
0.1716001
0.49881815
0.52884023
0.38168123
0.45055095
0.59770995
0.48057303
0.32090719
0.34785095
0.29812571
0.2910502
0.34077545
0.31799397
0.22417565
0.24475327
0.18988953
0.20061222
0.25547596
0.22118984
0.46232791
0.47037769
0.34439522
0.40535103
0.5313335
0.41340081
0.26166761
0.26489502
0.34439522
0.23695713
0.15745693
0.24018453
0.32628049
0.34032437
0.25540885
0.28676862
0.37168414
0.30081249
0.21820404
0.23321287
0.18355055
0.19484202
0.24450434
0.20985086
0.27766663
0.29049799
0.16565252
0.25683577
0.26966712
0.24298724
0.15430382
0.22317354
0.32570549
0.23702207
0.41818382
0.37226168
0.49710715
0.40462882
0.50825005
0.36855892
0.43465089
0.57434202
0.2814813
0.16277581
0.24985342
0.26166761
0.15213357
0.21822555
0.3159454
0.2310569
0.36105174
0.47975723
0.39107382
0.27854912
0.3049067
0.24869496
0.27505255
0.22117185
0.19955872
0.19248322
0.24161946
0.22000633
0.26313537
0.23424946
0.2836802
0.26216429
0.34396666
0.29492081
0.28910806
0.3381539
0.31508075
0.30024461
0.25168772
0.24636392
0.27155598
0.19829597
0.19248322
0.24055116
0.21884081
0.23424946
0.28280635
0.26119322
0.15778677
0.16739064
0.12430309
0.14680198
0.15640585
0.1367378
0.11549063
0.12621332
0.15752467
0.13627749
0.17903933
0.15647117
0.17804406
0.24077219
0.18770616
0.19862168
0.1655494
0.1237246
0.14588136
0.15502492
0.1152978
0.12621332
0.15679688
0.13581719
0.15647117
0.17704879
0.26489502
0.23695713
0.24018453
0.14806342
0.20901924
0.29791294
0.21491946
0.44776246
0.35460158
0.41522315
0.30919013
0.36265136
0.46868438
0.3644737
0.24073913
0.14969587
0.21814687
0.21870146
0.14209338
0.19555461
0.2716081
0.19878202
0.31007956
0.40112282
0.31812934
0.46232791
0.47037769
0.5313335
0.40535103
0.41340081
0.39107382
0.44776246
0.34032437
0.29791294
0.35460158
0.2310569
0.20901924
0.21491946
0.24073913
0.30919013
0.21814687
0.21870146
0.41522315
0.46868438
0.36265136
0.3644737
0.40112282
0.31007956
0.2716081
0.31812934
0.19555461
0.19878202
0.20297086
0.13913356
0.18552317
0.19157155
0.17740947
0.13066734
0.16202711
0.21688294
0.1701408
0.26794794
0.30309855
0.25203356
0.23697519
0.26607743
0.3391818
0.2753445
0.13476859
0.17618918
0.18017224
0.12772152
0.15682375
0.20529142
0.16287213
0.22207531
0.28286132
0.23611918
0.12259677
0.14412021
0.1511224
0.11492185
0.12621332
0.15541168
0.13451635
0.15647117
0.19590152
0.1742644
0.17742271
0.18927324
0.23392584
0.20149769
0.12091958
0.14151854
0.14721989
0.11436279
0.12621332
0.15336907
0.13321551
0.15647117
0.19237535
0.17148001
0.48969559
0.31945058
0.22268274
0.43786436
0.25092607
0.31354649
0.21402745
0.27366688
0.24000466
0.41140632
0.47145047
0.26566736
0.23403949
0.39785132
0.27680083
0.22058909
0.26264983
0.31653736
0.27330426
0.21942357
0.26167876
0.15709631
0.13650765
0.1785417
0.21969694
0.15571538
0.13604734
0.17754643
0.25092607
0.22298818
0.3728377
0.38893726
0.229443
0.20685074
0.33636546
0.43786436
0.3728377
0.22298818
0.229443
0.38893726
0.33636546
0.20685074
0.1972712
0.17377514
0.25999075
0.2880785
0.18587189
0.16650647
0.24407637
0.15307366
0.13516677
0.1756566
0.20567427
0.14917115
0.13386593
0.17287221
0.60016756
0.51897673
0.55410603
0.63529686
0.58842579
0.50926791
0.54370277
0.62286065
0.65460558
0.53398777
0.49425687
0.60355193
0.36043194
0.33535014
0.33149671
0.3565785
0.35858701
0.33365076
0.33011301
0.35504926
0.37019692
0.34882203
0.32017888
0.34143084
0.26635194
0.23545973
0.24077286
0.27166508
0.26409392
0.23371801
0.23907935
0.26945527
0.28469733
0.24574854
0.2234292
0.25642302
0.55320046
0.48014144
0.51249299
0.58555201
0.52174836
0.45412103
0.48459893
0.55222627
0.59078249
0.48416633
0.45009614
0.54699578
0.22172746
0.26932028
0.21150253
0.16390971
0.21352435
0.25791054
0.2041915
0.1598053
0.16431782
0.27093399
0.25629684
0.15939719
0.39037057
0.34086363
0.3571079
0.40661484
0.37315065
0.32693543
0.34261531
0.38883053
0.41563565
0.34788557
0.31991349
0.37980972
0.25731988
0.22849285
0.23399882
0.26282585
0.25100932
0.22362016
0.2292659
0.25665505
0.27233193
0.23599727
0.21611574
0.24714897
0.35603858
0.28633648
0.33295451
0.40265661
0.35008355
0.28208243
0.32767405
0.39567517
0.41336996
0.29275216
0.27566675
0.38496181
0.30987045
0.25165709
0.28678638
0.34499974
0.30526456
0.24842021
0.28285507
0.33969942
0.35655366
0.25858135
0.24149595
0.32814551
0.50804449
0.4383424
0.46198296
0.53168506
0.49897975
0.43097864
0.45425673
0.52225785
0.55249828
0.45452597
0.41479507
0.50144463
0.57668401
0.49955908
0.53329951
0.61042443
0.56494223
0.48985026
0.52289625
0.59798822
0.62822865
0.51339759
0.47601175
0.58018401
0.34412852
0.27782838
0.3223936
0.38869373
0.33817349
0.27357433
0.31711314
0.3817123
0.39856653
0.28373547
0.26766724
0.3718395
0.30065868
0.24518333
0.27892376
0.3343991
0.29605279
0.24194646
0.27499244
0.32909878
0.34511246
0.25159901
0.23553078
0.31838542
0.48991501
0.42361487
0.4465305
0.51283064
0.48085026
0.41625111
0.43880427
0.50340343
0.53213936
0.43862591
0.40124007
0.48409471
0.31787659
0.29289343
0.28913864
0.31412179
0.31564277
0.29085377
0.28746327
0.31225227
0.32744713
0.30607223
0.27767498
0.29892693
0.26040068
0.23551617
0.23166273
0.25654725
0.25928377
0.23464203
0.23110428
0.25574602
0.27040673
0.24927772
0.22088047
0.24188654
0.30256148
0.27757832
0.27362625
0.2986094
0.30163902
0.27685002
0.27316502
0.29795401
0.31266475
0.29153574
0.2628926
0.28389866
0.35674209
0.33195139
0.32872932
0.35352003
0.35489717
0.33025201
0.32734563
0.35199079
0.36670153
0.34493773
0.31726566
0.33880929
0.31340895
0.2888141
0.2857879
0.31038275
0.31117512
0.28677444
0.28411254
0.30851322
0.32317393
0.30141014
0.27417841
0.29572203
0.25816686
0.23376788
0.23054582
0.2549448
0.25704995
0.23289374
0.22998737
0.25414357
0.26827014
0.24694668
0.21971495
0.24081824
0.30071655
0.27612171
0.27270379
0.29729863
0.29979409
0.27539341
0.27224255
0.29664324
0.31091705
0.28959359
0.26192153
0.28302481
0.1879194
0.16304902
0.17438399
0.19925437
0.1867313
0.16224348
0.17349292
0.19798074
0.20679974
0.16785095
0.15744154
0.19043537
0.16084859
0.14200005
0.14731319
0.16616173
0.16025454
0.14165481
0.14701616
0.16561589
0.17407099
0.14703213
0.13662273
0.15770662
0.21519379
0.19032341
0.18961471
0.21448509
0.21406478
0.18957696
0.18905021
0.21353803
0.22814871
0.20110985
0.17879051
0.19987441
0.26183591
0.23197629
0.23738584
0.26724546
0.25957789
0.23023457
0.23569233
0.26503565
0.27964634
0.24176746
0.22044339
0.25263478
0.1855432
0.16143793
0.17260184
0.19670711
0.1843551
0.16063239
0.17171077
0.19543348
0.20388859
0.16600971
0.15606061
0.188252
0.15966049
0.14130958
0.14671914
0.16507005
0.15906644
0.14096435
0.14642211
0.1645242
0.17261542
0.14611152
0.13616242
0.15697883
0.21293577
0.18883051
0.18848571
0.21259097
0.21180676
0.18808406
0.1879212
0.21164391
0.22562322
0.19911932
0.17779525
0.19861166
0.33221846
0.26932028
0.31183268
0.37473086
0.31626568
0.25791054
0.29766064
0.35601578
0.37755016
0.27093399
0.25629684
0.35319649
0.29144691
0.23870958
0.27106113
0.32379846
0.2790556
0.22997265
0.26045056
0.30953351
0.32884282
0.24165969
0.22702254
0.30448915
0.47178552
0.40888734
0.43107805
0.49397622
0.4474495
0.38909436
0.41030008
0.46865522
0.50320907
0.41602595
0.38195576
0.45942236
0.49029626
0.42810062
0.45670488
0.51890052
0.45884416
0.40208021
0.42881082
0.48557478
0.52012863
0.42901179
0.40116903
0.48434666
0.30031291
0.2465008
0.2834886
0.33730071
0.28436014
0.23509106
0.26931656
0.31858563
0.33789495
0.2467781
0.23481377
0.3179914
0.2666643
0.22123573
0.24983999
0.29526856
0.25427299
0.2124988
0.23922942
0.2810036
0.29808785
0.22284943
0.2108851
0.27818431
0.42311349
0.36930138
0.38952211
0.44333421
0.39877748
0.34950841
0.36874414
0.41801321
0.4485647
0.37332627
0.34548352
0.41278273
0.44270946
0.48014144
0.41216284
0.37473086
0.41900702
0.45412103
0.39112979
0.35601578
0.37755016
0.48416633
0.45009614
0.35319649
0.38161621
0.40888734
0.35106959
0.32379846
0.36325255
0.38909436
0.33537532
0.30953351
0.32884282
0.41602595
0.38195576
0.30448915
0.2012776
0.23870958
0.19105267
0.1536207
0.19485865
0.22997265
0.1855258
0.1504118
0.15447656
0.24165969
0.22702254
0.14955593
0.20532124
0.2465008
0.19688047
0.1557009
0.19711812
0.23509106
0.18956943
0.15159649
0.15566126
0.2467781
0.23481377
0.15163613
0.39530459
0.42810062
0.37009674
0.33730071
0.37160215
0.40208021
0.34906369
0.31858563
0.33789495
0.42901179
0.40116903
0.3179914
0.34488889
0.36930138
0.31968105
0.29526856
0.32652523
0.34950841
0.30398678
0.2810036
0.29808785
0.37332627
0.34548352
0.27818431
0.1884397
0.22123573
0.17999893
0.1472029
0.18202075
0.2124988
0.17447206
0.143994
0.14761101
0.22284943
0.2108851
0.14358589
0.25067535
0.2093612
0.23379827
0.27511242
0.24184552
0.20314522
0.22634003
0.26504032
0.28013548
0.21238539
0.20012103
0.26001726
0.21692118
0.18379982
0.20004409
0.23316545
0.21083453
0.17964915
0.19532904
0.22651442
0.23989904
0.18785667
0.17559231
0.21978082
0.32384522
0.28253107
0.29058255
0.3318967
0.31207998
0.27337968
0.28154465
0.32024495
0.34398379
0.29194142
0.26396934
0.30815786
0.35593072
0.31300723
0.32812273
0.37104622
0.3387108
0.29907903
0.31363015
0.35326192
0.37700076
0.31764076
0.29444549
0.34730738
0.23301568
0.19692923
0.21888178
0.25496823
0.22418584
0.19071325
0.21142354
0.24489614
0.25828076
0.19892076
0.18872172
0.24158361
0.20474789
0.17549849
0.19061399
0.21986339
0.19866124
0.17134782
0.18589894
0.21321236
0.22488645
0.17852268
0.16832363
0.2081893
