MFEM mesh v1.0

#
# MFEM Geometry Types (see mesh/geom.hpp):
#
# POINT       = 0
# SEGMENT     = 1
# TRIANGLE    = 2
# SQUARE      = 3
# TETRAHEDRON = 4
# CUBE        = 5
#

dimension
3

elements
448
1 5 10 129 425 132 137 426 649 429
1 5 2 141 431 144 149 432 650 435
1 5 5 153 437 156 161 438 651 441
1 5 15 165 443 168 173 444 652 447
1 5 6 177 449 180 185 450 653 453
1 5 17 189 455 192 197 456 654 459
1 5 7 201 461 204 209 462 655 465
1 5 30 213 467 130 138 468 656 427
1 5 87 215 472 223 139 470 657 475
1 5 33 131 477 230 140 428 658 479
1 5 38 133 430 136 234 481 659 484
1 5 88 216 471 134 235 485 660 482
1 5 122 218 476 226 236 487 661 491
1 5 91 135 480 232 237 483 662 494
1 5 42 250 496 142 150 497 663 433
1 5 93 252 501 260 151 499 664 504
1 5 45 143 506 267 152 434 665 508
1 5 50 145 436 148 271 510 666 513
1 5 94 253 500 146 272 514 667 511
1 5 123 255 505 263 273 516 668 520
1 5 97 147 509 269 274 512 669 523
1 5 54 288 525 154 162 526 670 439
1 5 99 289 529 293 163 527 671 532
1 5 56 155 534 300 164 440 672 536
1 5 60 157 442 160 304 538 673 541
1 5 100 290 528 158 305 542 674 539
1 5 124 291 533 296 306 544 675 548
1 5 103 159 537 302 307 540 676 551
1 5 46 275 517 166 174 553 677 445
1 5 98 277 521 282 175 555 678 559
1 5 49 167 524 286 176 446 679 530
1 5 61 169 448 172 310 563 680 543
1 5 105 319 556 170 330 566 681 564
1 5 125 321 560 326 331 568 682 572
1 5 101 171 562 294 311 565 683 546
1 5 57 308 545 178 186 576 684 451
1 5 104 309 549 314 187 577 685 581
1 5 34 179 552 238 188 452 686 488
1 5 37 181 454 184 248 585 687 495
1 5 109 343 578 182 351 588 688 586
1 5 126 344 582 347 352 590 689 594
1 5 92 183 584 240 245 587 690 492
1 5 64 332 569 190 198 598 691 457
1 5 108 334 573 339 199 600 692 604
1 5 58 191 575 312 200 458 693 579
1 5 72 193 460 196 356 608 694 589
1 5 113 364 601 194 378 612 695 609
1 5 127 366 605 371 379 614 696 618
1 5 110 195 607 345 357 610 697 592
1 5 69 353 591 202 210 622 698 463
1 5 112 355 595 360 211 624 699 628
1 5 36 203 597 244 212 464 700 631
1 5 83 205 466 208 408 633 701 636
1 5 117 391 625 206 409 638 702 634
1 5 128 393 629 398 410 640 703 644
1 5 120 207 632 402 411 635 704 647
1 5 129 30 130 425 426 138 427 649
1 5 425 130 87 131 649 427 139 428
1 5 132 425 131 33 429 649 428 140
1 5 137 426 649 429 38 133 430 136
1 5 426 138 427 649 133 88 134 430
1 5 649 427 139 428 430 134 122 135
1 5 429 649 428 140 136 430 135 91
1 5 141 42 142 431 432 150 433 650
1 5 431 142 93 143 650 433 151 434
1 5 144 431 143 45 435 650 434 152
1 5 149 432 650 435 50 145 436 148
1 5 432 150 433 650 145 94 146 436
1 5 650 433 151 434 436 146 123 147
1 5 435 650 434 152 148 436 147 97
1 5 153 54 154 437 438 162 439 651
1 5 437 154 99 155 651 439 163 440
1 5 156 437 155 56 441 651 440 164
1 5 161 438 651 441 60 157 442 160
1 5 438 162 439 651 157 100 158 442
1 5 651 439 163 440 442 158 124 159
1 5 441 651 440 164 160 442 159 103
1 5 165 46 166 443 444 174 445 652
1 5 443 166 98 167 652 445 175 446
1 5 168 443 167 49 447 652 446 176
1 5 173 444 652 447 61 169 448 172
1 5 444 174 445 652 169 105 170 448
1 5 652 445 175 446 448 170 125 171
1 5 447 652 446 176 172 448 171 101
1 5 177 57 178 449 450 186 451 653
1 5 449 178 104 179 653 451 187 452
1 5 180 449 179 34 453 653 452 188
1 5 185 450 653 453 37 181 454 184
1 5 450 186 451 653 181 109 182 454
1 5 653 451 187 452 454 182 126 183
1 5 453 653 452 188 184 454 183 92
1 5 189 64 190 455 456 198 457 654
1 5 455 190 108 191 654 457 199 458
1 5 192 455 191 58 459 654 458 200
1 5 197 456 654 459 72 193 460 196
1 5 456 198 457 654 193 113 194 460
1 5 654 457 199 458 460 194 127 195
1 5 459 654 458 200 196 460 195 110
1 5 201 69 202 461 462 210 463 655
1 5 461 202 112 203 655 463 211 464
1 5 204 461 203 36 465 655 464 212
1 5 209 462 655 465 83 205 466 208
1 5 462 210 463 655 205 117 206 466
1 5 655 463 211 464 466 206 128 207
1 5 465 655 464 212 208 466 207 120
1 5 213 22 214 467 468 219 469 656
1 5 467 214 31 215 656 469 220 470
1 5 130 467 215 87 427 656 470 139
1 5 138 468 656 427 88 216 471 134
1 5 468 219 469 656 216 39 217 471
1 5 656 469 220 470 471 217 89 218
1 5 427 656 470 139 134 471 218 122
1 5 215 31 221 472 470 220 473 657
1 5 472 221 23 222 657 473 227 474
1 5 223 472 222 32 475 657 474 228
1 5 139 470 657 475 122 218 476 226
1 5 470 220 473 657 218 89 224 476
1 5 657 473 227 474 476 224 40 225
1 5 475 657 474 228 226 476 225 90
1 5 131 87 223 477 428 139 475 658
1 5 477 223 32 229 658 475 228 478
1 5 230 477 229 9 479 658 478 233
1 5 140 428 658 479 91 135 480 232
1 5 428 139 475 658 135 122 226 480
1 5 658 475 228 478 480 226 90 231
1 5 479 658 478 233 232 480 231 41
1 5 133 88 134 430 481 235 482 659
1 5 430 134 122 135 659 482 236 483
1 5 136 430 135 91 484 659 483 237
1 5 234 481 659 484 6 180 453 185
1 5 481 235 482 659 180 34 188 453
1 5 659 482 236 483 453 188 92 184
1 5 484 659 483 237 185 453 184 37
1 5 216 39 217 471 485 241 486 660
1 5 471 217 89 218 660 486 242 487
1 5 134 471 218 122 482 660 487 236
1 5 235 485 660 482 34 238 488 188
1 5 485 241 486 660 238 12 239 488
1 5 660 486 242 487 488 239 35 240
1 5 482 660 487 236 188 488 240 92
1 5 218 89 224 476 487 242 489 661
1 5 476 224 40 225 661 489 246 490
1 5 226 476 225 90 491 661 490 247
1 5 236 487 661 491 92 240 492 245
1 5 487 242 489 661 240 35 243 492
1 5 661 489 246 490 492 243 13 244
1 5 491 661 490 247 245 492 244 36
1 5 135 122 226 480 483 236 491 662
1 5 480 226 90 231 662 491 247 493
1 5 232 480 231 41 494 662 493 249
1 5 237 483 662 494 37 184 495 248
1 5 483 236 491 662 184 92 245 495
1 5 662 491 247 493 495 245 36 204
1 5 494 662 493 249 248 495 204 7
1 5 250 3 251 496 497 256 498 663
1 5 496 251 43 252 663 498 257 499
1 5 142 496 252 93 433 663 499 151
1 5 150 497 663 433 94 253 500 146
1 5 497 256 498 663 253 51 254 500
1 5 663 498 257 499 500 254 95 255
1 5 433 663 499 151 146 500 255 123
1 5 252 43 258 501 499 257 502 664
1 5 501 258 21 259 664 502 264 503
1 5 260 501 259 44 504 664 503 265
1 5 151 499 664 504 123 255 505 263
1 5 499 257 502 664 255 95 261 505
1 5 664 502 264 503 505 261 52 262
1 5 504 664 503 265 263 505 262 96
1 5 143 93 260 506 434 151 504 665
1 5 506 260 44 266 665 504 265 507
1 5 267 506 266 20 508 665 507 270
1 5 152 434 665 508 97 147 509 269
1 5 434 151 504 665 147 123 263 509
1 5 665 504 265 507 509 263 96 268
1 5 508 665 507 270 269 509 268 53
1 5 145 94 146 436 510 272 511 666
1 5 436 146 123 147 666 511 273 512
1 5 148 436 147 97 513 666 512 274
1 5 271 510 666 513 15 165 443 168
1 5 510 272 511 666 165 46 166 443
1 5 666 511 273 512 443 166 98 167
1 5 513 666 512 274 168 443 167 49
1 5 253 51 254 500 514 278 515 667
1 5 500 254 95 255 667 515 279 516
1 5 146 500 255 123 511 667 516 273
1 5 272 514 667 511 46 275 517 166
1 5 514 278 515 667 275 14 276 517
1 5 667 515 279 516 517 276 47 277
1 5 511 667 516 273 166 517 277 98
1 5 255 95 261 505 516 279 518 668
1 5 505 261 52 262 668 518 283 519
1 5 263 505 262 96 520 668 519 284
1 5 273 516 668 520 98 277 521 282
1 5 516 279 518 668 277 47 280 521
1 5 668 518 283 519 521 280 25 281
1 5 520 668 519 284 282 521 281 48
1 5 147 123 263 509 512 273 520 669
1 5 509 263 96 268 669 520 284 522
1 5 269 509 268 53 523 669 522 287
1 5 274 512 669 523 49 167 524 286
1 5 512 273 520 669 167 98 282 524
1 5 669 520 284 522 524 282 48 285
1 5 523 669 522 287 286 524 285 24
1 5 288 15 168 525 526 173 447 670
1 5 525 168 49 289 670 447 176 527
1 5 154 525 289 99 439 670 527 163
1 5 162 526 670 439 100 290 528 158
1 5 526 173 447 670 290 61 172 528
1 5 670 447 176 527 528 172 101 291
1 5 439 670 527 163 158 528 291 124
1 5 289 49 286 529 527 176 530 671
1 5 529 286 24 292 671 530 297 531
1 5 293 529 292 55 532 671 531 298
1 5 163 527 671 532 124 291 533 296
1 5 527 176 530 671 291 101 294 533
1 5 671 530 297 531 533 294 62 295
1 5 532 671 531 298 296 533 295 102
1 5 155 99 293 534 440 163 532 672
1 5 534 293 55 299 672 532 298 535
1 5 300 534 299 11 536 672 535 303
1 5 164 440 672 536 103 159 537 302
1 5 440 163 532 672 159 124 296 537
1 5 672 532 298 535 537 296 102 301
1 5 536 672 535 303 302 537 301 63
1 5 157 100 158 442 538 305 539 673
1 5 442 158 124 159 673 539 306 540
1 5 160 442 159 103 541 673 540 307
1 5 304 538 673 541 6 177 449 180
1 5 538 305 539 673 177 57 178 449
1 5 673 539 306 540 449 178 104 179
1 5 541 673 540 307 180 449 179 34
1 5 290 61 172 528 542 310 543 674
1 5 528 172 101 291 674 543 311 544
1 5 158 528 291 124 539 674 544 306
1 5 305 542 674 539 57 308 545 178
1 5 542 310 543 674 308 17 192 545
1 5 674 543 311 544 545 192 58 309
1 5 539 674 544 306 178 545 309 104
1 5 291 101 294 533 544 311 546 675
1 5 533 294 62 295 675 546 315 547
1 5 296 533 295 102 548 675 547 316
1 5 306 544 675 548 104 309 549 314
1 5 544 311 546 675 309 58 312 549
1 5 675 546 315 547 549 312 26 313
1 5 548 675 547 316 314 549 313 59
1 5 159 124 296 537 540 306 548 676
1 5 537 296 102 301 676 548 316 550
1 5 302 537 301 63 551 676 550 318
1 5 307 540 676 551 34 179 552 238
1 5 540 306 548 676 179 104 314 552
1 5 676 548 316 550 552 314 59 317
1 5 551 676 550 318 238 552 317 12
1 5 275 14 276 517 553 322 554 677
1 5 517 276 47 277 677 554 323 555
1 5 166 517 277 98 445 677 555 175
1 5 174 553 677 445 105 319 556 170
1 5 553 322 554 677 319 67 320 556
1 5 677 554 323 555 556 320 106 321
1 5 445 677 555 175 170 556 321 125
1 5 277 47 280 521 555 323 557 678
1 5 521 280 25 281 678 557 327 558
1 5 282 521 281 48 559 678 558 328
1 5 175 555 678 559 125 321 560 326
1 5 555 323 557 678 321 106 324 560
1 5 678 557 327 558 560 324 68 325
1 5 559 678 558 328 326 560 325 107
1 5 167 98 282 524 446 175 559 679
1 5 524 282 48 285 679 559 328 561
1 5 286 524 285 24 530 679 561 297
1 5 176 446 679 530 101 171 562 294
1 5 446 175 559 679 171 125 326 562
1 5 679 559 328 561 562 326 107 329
1 5 530 679 561 297 294 562 329 62
1 5 169 105 170 448 563 330 564 680
1 5 448 170 125 171 680 564 331 565
1 5 172 448 171 101 543 680 565 311
1 5 310 563 680 543 17 189 455 192
1 5 563 330 564 680 189 64 190 455
1 5 680 564 331 565 455 190 108 191
1 5 543 680 565 311 192 455 191 58
1 5 319 67 320 556 566 335 567 681
1 5 556 320 106 321 681 567 336 568
1 5 170 556 321 125 564 681 568 331
1 5 330 566 681 564 64 332 569 190
1 5 566 335 567 681 332 16 333 569
1 5 681 567 336 568 569 333 65 334
1 5 564 681 568 331 190 569 334 108
1 5 321 106 324 560 568 336 570 682
1 5 560 324 68 325 682 570 340 571
1 5 326 560 325 107 572 682 571 341
1 5 331 568 682 572 108 334 573 339
1 5 568 336 570 682 334 65 337 573
1 5 682 570 340 571 573 337 27 338
1 5 572 682 571 341 339 573 338 66
1 5 171 125 326 562 565 331 572 683
1 5 562 326 107 329 683 572 341 574
1 5 294 562 329 62 546 683 574 315
1 5 311 565 683 546 58 191 575 312
1 5 565 331 572 683 191 108 339 575
1 5 683 572 341 574 575 339 66 342
1 5 546 683 574 315 312 575 342 26
1 5 308 17 192 545 576 197 459 684
1 5 545 192 58 309 684 459 200 577
1 5 178 545 309 104 451 684 577 187
1 5 186 576 684 451 109 343 578 182
1 5 576 197 459 684 343 72 196 578
1 5 684 459 200 577 578 196 110 344
1 5 451 684 577 187 182 578 344 126
1 5 309 58 312 549 577 200 579 685
1 5 549 312 26 313 685 579 348 580
1 5 314 549 313 59 581 685 580 349
1 5 187 577 685 581 126 344 582 347
1 5 577 200 579 685 344 110 345 582
1 5 685 579 348 580 582 345 73 346
1 5 581 685 580 349 347 582 346 111
1 5 179 104 314 552 452 187 581 686
1 5 552 314 59 317 686 581 349 583
1 5 238 552 317 12 488 686 583 239
1 5 188 452 686 488 92 183 584 240
1 5 452 187 581 686 183 126 347 584
1 5 686 581 349 583 584 347 111 350
1 5 488 686 583 239 240 584 350 35
1 5 181 109 182 454 585 351 586 687
1 5 454 182 126 183 687 586 352 587
1 5 184 454 183 92 495 687 587 245
1 5 248 585 687 495 7 201 461 204
1 5 585 351 586 687 201 69 202 461
1 5 687 586 352 587 461 202 112 203
1 5 495 687 587 245 204 461 203 36
1 5 343 72 196 578 588 356 589 688
1 5 578 196 110 344 688 589 357 590
1 5 182 578 344 126 586 688 590 352
1 5 351 588 688 586 69 353 591 202
1 5 588 356 589 688 353 19 354 591
1 5 688 589 357 590 591 354 70 355
1 5 586 688 590 352 202 591 355 112
1 5 344 110 345 582 590 357 592 689
1 5 582 345 73 346 689 592 361 593
1 5 347 582 346 111 594 689 593 362
1 5 352 590 689 594 112 355 595 360
1 5 590 357 592 689 355 70 358 595
1 5 689 592 361 593 595 358 28 359
1 5 594 689 593 362 360 595 359 71
1 5 183 126 347 584 587 352 594 690
1 5 584 347 111 350 690 594 362 596
1 5 240 584 350 35 492 690 596 243
1 5 245 587 690 492 36 203 597 244
1 5 587 352 594 690 203 112 360 597
1 5 690 594 362 596 597 360 71 363
1 5 492 690 596 243 244 597 363 13
1 5 332 16 333 569 598 367 599 691
1 5 569 333 65 334 691 599 368 600
1 5 190 569 334 108 457 691 600 199
1 5 198 598 691 457 113 364 601 194
1 5 598 367 599 691 364 77 365 601
1 5 691 599 368 600 601 365 114 366
1 5 457 691 600 199 194 601 366 127
1 5 334 65 337 573 600 368 602 692
1 5 573 337 27 338 692 602 372 603
1 5 339 573 338 66 604 692 603 373
1 5 199 600 692 604 127 366 605 371
1 5 600 368 602 692 366 114 369 605
1 5 692 602 372 603 605 369 78 370
1 5 604 692 603 373 371 605 370 115
1 5 191 108 339 575 458 199 604 693
1 5 575 339 66 342 693 604 373 606
1 5 312 575 342 26 579 693 606 348
1 5 200 458 693 579 110 195 607 345
1 5 458 199 604 693 195 127 371 607
1 5 693 604 373 606 607 371 115 374
1 5 579 693 606 348 345 607 374 73
1 5 193 113 194 460 608 378 609 694
1 5 460 194 127 195 694 609 379 610
1 5 196 460 195 110 589 694 610 357
1 5 356 608 694 589 19 375 611 354
1 5 608 378 609 694 375 74 376 611
1 5 694 609 379 610 611 376 116 377
1 5 589 694 610 357 354 611 377 70
1 5 364 77 365 601 612 383 613 695
1 5 601 365 114 366 695 613 384 614
1 5 194 601 366 127 609 695 614 379
1 5 378 612 695 609 74 380 615 376
1 5 612 383 613 695 380 18 381 615
1 5 695 613 384 614 615 381 75 382
1 5 609 695 614 379 376 615 382 116
1 5 366 114 369 605 614 384 616 696
1 5 605 369 78 370 696 616 388 617
1 5 371 605 370 115 618 696 617 389
1 5 379 614 696 618 116 382 619 387
1 5 614 384 616 696 382 75 385 619
1 5 696 616 388 617 619 385 29 386
1 5 618 696 617 389 387 619 386 76
1 5 195 127 371 607 610 379 618 697
1 5 607 371 115 374 697 618 389 620
1 5 345 607 374 73 592 697 620 361
1 5 357 610 697 592 70 377 621 358
1 5 610 379 618 697 377 116 387 621
1 5 697 618 389 620 621 387 76 390
1 5 592 697 620 361 358 621 390 28
1 5 353 19 354 591 622 394 623 698
1 5 591 354 70 355 698 623 395 624
1 5 202 591 355 112 463 698 624 211
1 5 210 622 698 463 117 391 625 206
1 5 622 394 623 698 391 84 392 625
1 5 698 623 395 624 625 392 118 393
1 5 463 698 624 211 206 625 393 128
1 5 355 70 358 595 624 395 626 699
1 5 595 358 28 359 699 626 399 627
1 5 360 595 359 71 628 699 627 400
1 5 211 624 699 628 128 393 629 398
1 5 624 395 626 699 393 118 396 629
1 5 699 626 399 627 629 396 85 397
1 5 628 699 627 400 398 629 397 119
1 5 203 112 360 597 464 211 628 700
1 5 597 360 71 363 700 628 400 630
1 5 244 597 363 13 631 700 630 403
1 5 212 464 700 631 120 207 632 402
1 5 464 211 628 700 207 128 398 632
1 5 700 628 400 630 632 398 119 401
1 5 631 700 630 403 402 632 401 86
1 5 205 117 206 466 633 409 634 701
1 5 466 206 128 207 701 634 410 635
1 5 208 466 207 120 636 701 635 411
1 5 408 633 701 636 0 404 637 407
1 5 633 409 634 701 404 79 405 637
1 5 701 634 410 635 637 405 121 406
1 5 636 701 635 411 407 637 406 82
1 5 391 84 392 625 638 415 639 702
1 5 625 392 118 393 702 639 416 640
1 5 206 625 393 128 634 702 640 410
1 5 409 638 702 634 79 412 641 405
1 5 638 415 639 702 412 4 413 641
1 5 702 639 416 640 641 413 80 414
1 5 634 702 640 410 405 641 414 121
1 5 393 118 396 629 640 416 642 703
1 5 629 396 85 397 703 642 420 643
1 5 398 629 397 119 644 703 643 421
1 5 410 640 703 644 121 414 645 419
1 5 640 416 642 703 414 80 417 645
1 5 703 642 420 643 645 417 8 418
1 5 644 703 643 421 419 645 418 81
1 5 207 128 398 632 635 410 644 704
1 5 632 398 119 401 704 644 421 646
1 5 402 632 401 86 647 704 646 424
1 5 411 635 704 647 82 406 648 423
1 5 635 410 644 704 406 121 419 648
1 5 704 644 421 646 648 419 81 422
1 5 647 704 646 424 423 648 422 1

boundary
448
1 3 20 266 506 267
1 3 44 259 501 260
1 3 93 252 496 142
1 3 45 143 431 144
1 3 266 44 260 506
1 3 506 260 93 143
1 3 267 506 143 45
1 3 259 21 258 501
1 3 501 258 43 252
1 3 260 501 252 93
1 3 252 43 251 496
1 3 496 251 3 250
1 3 142 496 250 42
1 3 143 93 142 431
1 3 431 142 42 141
1 3 144 431 141 2
33 3 0 404 637 407
33 3 132 425 129 10
33 3 213 22 219 468
33 3 156 5 161 441
33 3 22 214 469 219
33 3 23 222 474 227
33 3 9 230 479 233
33 3 204 7 209 465
33 3 250 3 256 497
33 3 288 15 173 526
33 3 275 14 322 553
33 3 308 17 197 576
33 3 332 16 367 598
33 3 353 19 394 622
33 3 144 2 149 435
33 3 156 437 153 5
33 3 3 251 498 256
33 3 21 259 503 264
33 3 24 292 531 297
33 3 14 276 554 322
33 3 25 281 558 327
33 3 26 313 580 348
33 3 16 333 599 367
33 3 27 338 603 372
33 3 19 375 611 354
33 3 19 354 623 394
33 3 28 359 627 399
33 3 82 406 648 423
33 3 121 414 645 419
33 3 79 412 641 405
33 3 130 467 213 30
33 3 223 472 215 87
33 3 230 477 131 33
33 3 129 30 138 426
33 3 133 88 235 481
33 3 216 39 241 485
33 3 300 56 164 536
33 3 302 103 307 551
33 3 160 60 304 541
33 3 153 54 162 438
33 3 157 100 305 538
33 3 290 61 310 542
33 3 267 45 152 508
33 3 269 97 274 523
33 3 148 50 271 513
33 3 154 525 288 54
33 3 293 529 289 99
33 3 300 534 155 56
33 3 31 221 473 220
33 3 89 224 489 242
33 3 39 217 486 241
33 3 55 299 535 298
33 3 102 301 550 316
33 3 62 295 547 315
33 3 32 229 478 228
33 3 90 231 493 247
33 3 40 225 490 246
33 3 33 132 429 140
33 3 91 136 484 237
33 3 41 232 494 249
33 3 244 36 212 631
33 3 402 120 411 647
33 3 208 83 408 636
33 3 177 57 186 450
33 3 181 109 351 585
33 3 343 72 356 588
33 3 201 69 210 462
33 3 205 117 409 633
33 3 391 84 415 638
33 3 66 342 606 373
33 3 115 374 620 389
33 3 78 370 617 388
33 3 141 42 150 432
33 3 145 94 272 510
33 3 253 51 278 514
33 3 165 46 174 444
33 3 169 105 330 563
33 3 319 67 335 566
33 3 189 64 198 456
33 3 193 113 378 608
33 3 364 77 383 612
33 3 65 337 602 368
33 3 114 369 616 384
33 3 77 365 613 383
33 3 43 258 502 257
33 3 95 261 518 279
33 3 51 254 515 278
33 3 47 280 557 323
33 3 106 324 570 336
33 3 67 320 567 335
33 3 44 266 507 265
33 3 96 268 522 284
33 3 52 262 519 283
33 3 48 285 561 328
33 3 107 329 574 341
33 3 68 325 571 340
33 3 59 317 583 349
33 3 111 350 596 362
33 3 73 346 593 361
33 3 74 380 615 376
33 3 116 382 619 387
33 3 70 377 621 358
33 3 70 358 626 395
33 3 118 396 642 416
33 3 84 392 639 415
33 3 71 363 630 400
33 3 119 401 646 421
33 3 85 397 643 420
33 3 407 637 406 82
33 3 637 405 121 406
33 3 404 79 405 637
33 3 423 648 422 1
33 3 648 419 81 422
33 3 406 121 419 648
33 3 419 645 418 81
33 3 645 417 8 418
33 3 414 80 417 645
33 3 405 641 414 121
33 3 641 413 80 414
33 3 412 4 413 641
33 3 425 130 30 129
33 3 131 87 130 425
33 3 33 131 425 132
33 3 467 214 22 213
33 3 215 31 214 467
33 3 87 215 467 130
33 3 472 221 31 215
33 3 222 23 221 472
33 3 32 222 472 223
33 3 477 223 87 131
33 3 229 32 223 477
33 3 9 229 477 230
33 3 30 213 468 138
33 3 138 468 216 88
33 3 468 219 39 216
33 3 56 156 441 164
33 3 164 441 160 103
33 3 441 161 60 160
33 3 54 288 526 162
33 3 162 526 290 100
33 3 526 173 61 290
33 3 45 144 435 152
33 3 152 435 148 97
33 3 435 149 50 148
33 3 437 154 54 153
33 3 155 99 154 437
33 3 56 155 437 156
33 3 10 129 426 137
33 3 137 426 133 38
33 3 426 138 88 133
33 3 38 133 481 234
33 3 234 481 180 6
33 3 481 235 34 180
33 3 88 216 485 235
33 3 235 485 238 34
33 3 485 241 12 238
33 3 11 300 536 303
33 3 303 536 302 63
33 3 536 164 103 302
33 3 63 302 551 318
33 3 318 551 238 12
33 3 551 307 34 238
33 3 103 160 541 307
33 3 307 541 180 34
33 3 541 304 6 180
33 3 5 153 438 161
33 3 161 438 157 60
33 3 438 162 100 157
33 3 60 157 538 304
33 3 304 538 177 6
33 3 538 305 57 177
33 3 100 290 542 305
33 3 305 542 308 57
33 3 542 310 17 308
33 3 20 267 508 270
33 3 270 508 269 53
33 3 508 152 97 269
33 3 53 269 523 287
33 3 287 523 286 24
33 3 523 274 49 286
33 3 97 148 513 274
33 3 274 513 168 49
33 3 513 271 15 168
33 3 525 168 15 288
33 3 289 49 168 525
33 3 99 289 525 154
33 3 529 286 49 289
33 3 292 24 286 529
33 3 55 292 529 293
33 3 534 293 99 155
33 3 299 55 293 534
33 3 11 299 534 300
33 3 214 31 220 469
33 3 469 220 89 217
33 3 219 469 217 39
33 3 292 55 298 531
33 3 531 298 102 295
33 3 297 531 295 62
33 3 221 23 227 473
33 3 473 227 40 224
33 3 220 473 224 89
33 3 224 40 246 489
33 3 489 246 13 243
33 3 242 489 243 35
33 3 217 89 242 486
33 3 486 242 35 239
33 3 241 486 239 12
33 3 299 11 303 535
33 3 535 303 63 301
33 3 298 535 301 102
33 3 301 63 318 550
33 3 550 318 12 317
33 3 316 550 317 59
33 3 295 102 316 547
33 3 547 316 59 313
33 3 315 547 313 26
33 3 222 32 228 474
33 3 474 228 90 225
33 3 227 474 225 40
33 3 230 33 140 479
33 3 479 140 91 232
33 3 233 479 232 41
33 3 36 204 465 212
33 3 212 465 208 120
33 3 465 209 83 208
33 3 57 308 576 186
33 3 186 576 343 109
33 3 576 197 72 343
33 3 69 353 622 210
33 3 210 622 391 117
33 3 622 394 84 391
33 3 338 66 373 603
33 3 603 373 115 370
33 3 372 603 370 78
33 3 229 9 233 478
33 3 478 233 41 231
33 3 228 478 231 90
33 3 231 41 249 493
33 3 493 249 7 204
33 3 247 493 204 36
33 3 225 90 247 490
33 3 490 247 36 244
33 3 246 490 244 13
33 3 132 10 137 429
33 3 429 137 38 136
33 3 140 429 136 91
33 3 136 38 234 484
33 3 484 234 6 185
33 3 237 484 185 37
33 3 232 91 237 494
33 3 494 237 37 248
33 3 249 494 248 7
33 3 13 244 631 403
33 3 403 631 402 86
33 3 631 212 120 402
33 3 86 402 647 424
33 3 424 647 423 1
33 3 647 411 82 423
33 3 120 208 636 411
33 3 411 636 407 82
33 3 636 408 0 407
33 3 6 177 450 185
33 3 185 450 181 37
33 3 450 186 109 181
33 3 37 181 585 248
33 3 248 585 201 7
33 3 585 351 69 201
33 3 109 343 588 351
33 3 351 588 353 69
33 3 588 356 19 353
33 3 7 201 462 209
33 3 209 462 205 83
33 3 462 210 117 205
33 3 83 205 633 408
33 3 408 633 404 0
33 3 633 409 79 404
33 3 117 391 638 409
33 3 409 638 412 79
33 3 638 415 4 412
33 3 342 26 348 606
33 3 606 348 73 374
33 3 373 606 374 115
33 3 374 73 361 620
33 3 620 361 28 390
33 3 389 620 390 76
33 3 370 115 389 617
33 3 617 389 76 386
33 3 388 617 386 29
33 3 42 250 497 150
33 3 150 497 253 94
33 3 497 256 51 253
33 3 46 275 553 174
33 3 174 553 319 105
33 3 553 322 67 319
33 3 2 141 432 149
33 3 149 432 145 50
33 3 432 150 94 145
33 3 50 145 510 271
33 3 271 510 165 15
33 3 510 272 46 165
33 3 94 253 514 272
33 3 272 514 275 46
33 3 514 278 14 275
33 3 15 165 444 173
33 3 173 444 169 61
33 3 444 174 105 169
33 3 61 169 563 310
33 3 310 563 189 17
33 3 563 330 64 189
33 3 105 319 566 330
33 3 330 566 332 64
33 3 566 335 16 332
33 3 64 332 598 198
33 3 198 598 364 113
33 3 598 367 77 364
33 3 333 65 368 599
33 3 599 368 114 365
33 3 367 599 365 77
33 3 17 189 456 197
33 3 197 456 193 72
33 3 456 198 113 193
33 3 72 193 608 356
33 3 356 608 375 19
33 3 608 378 74 375
33 3 113 364 612 378
33 3 378 612 380 74
33 3 612 383 18 380
33 3 337 27 372 602
33 3 602 372 78 369
33 3 368 602 369 114
33 3 369 78 388 616
33 3 616 388 29 385
33 3 384 616 385 75
33 3 365 114 384 613
33 3 613 384 75 381
33 3 383 613 381 18
33 3 251 43 257 498
33 3 498 257 95 254
33 3 256 498 254 51
33 3 276 47 323 554
33 3 554 323 106 320
33 3 322 554 320 67
33 3 258 21 264 502
33 3 502 264 52 261
33 3 257 502 261 95
33 3 261 52 283 518
33 3 518 283 25 280
33 3 279 518 280 47
33 3 254 95 279 515
33 3 515 279 47 276
33 3 278 515 276 14
33 3 280 25 327 557
33 3 557 327 68 324
33 3 323 557 324 106
33 3 324 68 340 570
33 3 570 340 27 337
33 3 336 570 337 65
33 3 320 106 336 567
33 3 567 336 65 333
33 3 335 567 333 16
33 3 259 44 265 503
33 3 503 265 96 262
33 3 264 503 262 52
33 3 266 20 270 507
33 3 507 270 53 268
33 3 265 507 268 96
33 3 268 53 287 522
33 3 522 287 24 285
33 3 284 522 285 48
33 3 262 96 284 519
33 3 519 284 48 281
33 3 283 519 281 25
33 3 281 48 328 558
33 3 558 328 107 325
33 3 327 558 325 68
33 3 285 24 297 561
33 3 561 297 62 329
33 3 328 561 329 107
33 3 329 62 315 574
33 3 574 315 26 342
33 3 341 574 342 66
33 3 325 107 341 571
33 3 571 341 66 338
33 3 340 571 338 27
33 3 313 59 349 580
33 3 580 349 111 346
33 3 348 580 346 73
33 3 317 12 239 583
33 3 583 239 35 350
33 3 349 583 350 111
33 3 350 35 243 596
33 3 596 243 13 363
33 3 362 596 363 71
33 3 346 111 362 593
33 3 593 362 71 359
33 3 361 593 359 28
33 3 375 74 376 611
33 3 611 376 116 377
33 3 354 611 377 70
33 3 354 70 395 623
33 3 623 395 118 392
33 3 394 623 392 84
33 3 380 18 381 615
33 3 615 381 75 382
33 3 376 615 382 116
33 3 382 75 385 619
33 3 619 385 29 386
33 3 387 619 386 76
33 3 377 116 387 621
33 3 621 387 76 390
33 3 358 621 390 28
33 3 358 28 399 626
33 3 626 399 85 396
33 3 395 626 396 118
33 3 396 85 420 642
33 3 642 420 8 417
33 3 416 642 417 80
33 3 392 118 416 639
33 3 639 416 80 413
33 3 415 639 413 4
33 3 359 71 400 627
33 3 627 400 119 397
33 3 399 627 397 85
33 3 363 13 403 630
33 3 630 403 86 401
33 3 400 630 401 119
33 3 401 86 424 646
33 3 646 424 1 422
33 3 421 646 422 81
33 3 397 119 421 643
33 3 643 421 81 418
33 3 420 643 418 8

vertices
705

nodes
FiniteElementSpace
FiniteElementCollection: H1_3D_P2
VDim: 3
Ordering: 0

-0.28867513
-0.14433757
-0.67227043
-0.70710678
-0.28867513
-0.50518149
-0.4330127
-0.36084392
-0.14433757
-0.37864925
-0.47240707
-0.26592163
-0.22368927
-0.18319635
-0.59335069
-0.57019239
-0.48603889
-0.47240707
-0.38463884
-0.37864925
-0.37298049
-0.39717735
-0.24775119
-0.19368993
-0.30722904
-0.3224644
-0.24775119
-0.25629728
-0.19368993
-0.19728907
-0.36007913
-0.22072056
-0.28616959
-0.42552816
-0.32835099
-0.20344281
-0.27202013
-0.39692831
-0.45270988
-0.23572023
-0.18844314
-0.36974658
-0.68968861
-0.55214206
-0.38507892
-0.52262546
-0.58177154
-0.45790755
-0.31484672
-0.43871072
-0.62123141
-0.65022874
-0.35982088
-0.34010476
-0.53768694
-0.28657533
-0.38555156
-0.45270988
-0.36007913
-0.23572023
-0.46909709
-0.52129973
-0.27749011
-0.24480545
-0.47922298
-0.37116809
-0.25202424
-0.53969479
-0.28938084
-0.36974658
-0.28616959
-0.18844314
-0.42552816
-0.22072056
-0.38164404
-0.29096396
-0.1954895
-0.43533886
-0.22679318
-0.28867513
-0.21650635
-0.14433757
-0.21650635
-0.32475953
-0.33366219
-0.16901375
-0.16376696
-0.32312436
-0.34421506
-0.21208168
-0.27909486
-0.41122823
-0.30018556
-0.53738376
-0.63573008
-0.50502481
-0.34996282
-0.48066809
-0.44830913
-0.41213114
-0.49519841
-0.39939492
-0.26114778
-0.35695127
-0.34421506
-0.53049726
-0.41453782
-0.28343548
-0.36562361
-0.41122823
-0.32312436
-0.21208168
-0.27909486
-0.43043351
-0.33106602
-0.22375687
-0.28856677
-0.32921086
-0.25133797
-0.16639035
-0.24426324
-0.21650635
-0.31165496
-0.49284645
-0.3781731
-0.40696637
-0.31165496
-0.32709519
-0.24780061
-0.4162431
-0.34160174
-0.37432626
-0.44896761
-0.39846247
-0.32793501
-0.3614416
-0.43196906
-0.46255848
-0.35214709
-0.31738966
-0.4183782
-0.68097952
-0.61353618
-0.53000461
-0.59744795
-0.62848074
-0.56428826
-0.48675727
-0.55094975
-0.64675092
-0.66270934
-0.5151151
-0.50164677
-0.52143421
-0.47490904
-0.39884135
-0.44536652
-0.48214775
-0.43668575
-0.36756218
-0.41302418
-0.48713929
-0.51644268
-0.39515212
-0.37125141
-0.57598197
-0.51504034
-0.44350992
-0.50445155
-0.52589849
-0.46873181
-0.40318065
-0.46034733
-0.54574606
-0.5561344
-0.42763775
-0.41905282
-0.44286129
-0.39846247
-0.33628302
-0.38068184
-0.40407827
-0.3614416
-0.30592026
-0.34855694
-0.41497051
-0.43196906
-0.32793501
-0.31426827
-0.47581502
-0.42242329
-0.36285137
-0.4162431
-0.42798083
-0.37876435
-0.32510977
-0.37432626
-0.44896761
-0.45482824
-0.3463594
-0.34160174
-0.36529525
-0.32442072
-0.2755575
-0.31643203
-0.32698519
-0.28850573
-0.24603192
-0.28451138
-0.34280172
-0.34947872
-0.26344773
-0.25814169
-0.30391516
-0.23423587
-0.27192246
-0.28996764
-0.22390096
-0.26186832
-0.24173571
-0.21640112
-0.20720524
-0.23992976
-0.30464697
-0.20026241
-0.233769
-0.29537491
-0.19106653
-0.28263223
-0.33240942
-0.4020887
-0.32442072
-0.39048741
-0.37419792
-0.44286129
-0.33628302
-0.30592026
-0.40407827
-0.27602013
-0.21356604
-0.25181419
-0.22970475
-0.20776225
-0.19331958
-0.22760824
-0.28610285
-0.18581974
-0.2755575
-0.37888611
-0.36529525
-0.69839769
-0.62962442
-0.54476291
-0.64297941
-0.57762677
-0.49893563
-0.67866776
-0.52858344
-0.47465971
-0.39112813
-0.46123134
-0.43242284
-0.35489185
-0.42140463
-0.37849911
-0.36752087
-0.3790297
-0.44780297
-0.34503379
-0.41038643
-0.35654263
-0.5957119
-0.60875081
-0.47057779
-0.4596894
-0.58756112
-0.52562912
-0.45310834
-0.62178972
-0.48146618
-0.39018598
-0.31865556
-0.38157793
-0.34114264
-0.33240477
-0.31103788
-0.37296988
-0.3236669
-0.55393967
-0.42542093
-0.50824907
-0.38878401
-0.29690219
-0.34935323
-0.33844252
-0.26931895
-0.31966044
-0.29235958
-0.27386156
-0.27624848
-0.32573659
-0.25297661
-0.30087836
-0.25536354
-0.4510549
-0.47395415
-0.36119408
-0.34265113
-0.46255848
-0.35214709
-0.4968534
-0.37973702
-0.30391516
-0.24173571
-0.28996764
-0.26262065
-0.248434
-0.22970475
-0.23424736
-0.53509603
-0.4771163
-0.41075209
-0.56652274
-0.43622268
-0.35195933
-0.28640816
-0.34520092
-0.30592262
-0.2991411
-0.2804628
-0.50486012
-0.38629499
-0.48263093
-0.42860349
-0.36839585
-0.51286684
-0.39285295
-0.31373269
-0.25416076
-0.30882392
-0.27283906
-0.26772986
-0.24988771
-0.4183782
-0.31738966
-0.27192246
-0.21640112
-0.26186832
-0.23423587
-0.22390096
-0.20776225
-0.39048741
-0.29537491
-0.37419792
-0.33240942
-0.28263223
-0.4020887
-0.30464697
-0.23992976
-0.19106653
-0.233769
-0.20720524
-0.20026241
-0.18581974
-0.43288619
-0.38320244
-0.32908061
-0.46068888
-0.35111705
-0.2789296
-0.22527502
-0.27542603
-0.24154523
-0.23789055
-0.22223871
-0.38014665
-0.33510541
-0.28736818
-0.40603878
-0.30783098
-0.38314144
-0.3378014
-0.28976537
-0.40998885
-0.31101499
-0.24412652
-0.19638929
-0.24202814
-0.21204113
-0.20962319
-0.19458972
-0.33143653
-0.29250008
-0.24956929
-0.35615572
-0.26875378
-0.21017586
-0.16770205
-0.20709548
-0.18135184
-0.17741675
-0.16507866
-0.2040151
-0.17348165
-0.28867513
-0.25259074
-0.21650635
-0.25259074
-0.30671733
-0.308943
-0.23215348
-0.2303848
-0.28867513
-0.25259074
-0.21650635
-0.31116866
-0.23392216
-0.18042196
-0.14433757
-0.18042196
-0.15667566
-0.15536396
-0.14433757
-0.18042196
-0.15405226
-0.39528468
-0.40735278
-0.33476837
-0.36788393
-0.44046834
-0.37995203
-0.60549207
-0.65473013
-0.58891222
-0.50838094
-0.57419885
-0.55761901
-0.46013778
-0.50179098
-0.4557974
-0.38320176
-0.42919535
-0.42485497
-0.50974595
-0.55094023
-0.49188608
-0.42334528
-0.48239944
-0.46453957
-0.38957216
-0.42346978
-0.37995203
-0.32110164
-0.36461939
-0.35499927
-0.41933319
-0.45189793
-0.40059382
-0.34398057
-0.39528468
-0.3765453
-0.32042637
-0.34614022
-0.30646323
-0.26079471
-0.30047171
-0.28650856
-0.28791881
-0.2969414
-0.22906841
-0.26689539
-0.27591798
-0.25592611
-0.20373383
-0.23684938
-0.30001094
-0.24781866
-0.35336784
-0.32841507
-0.39628806
-0.34293116
-0.38957216
-0.32110164
-0.35499927
-0.42346978
-0.28299389
-0.2187335
-0.25684125
-0.26391716
-0.196791
-0.23068862
-0.29073888
-0.23971121
-0.32042637
-0.38468676
-0.33249448
-0.6215803
-0.67068855
-0.6036256
-0.52184927
-0.57095752
-0.46794552
-0.45354127
-0.37300999
-0.44131799
-0.42691374
-0.45451716
-0.36203175
-0.4290947
-0.41589553
-0.60223136
-0.5396643
-0.4651336
-0.52770065
-0.61527026
-0.55162795
-0.47602198
-0.52033473
-0.41130441
-0.33677371
-0.40149128
-0.38588195
-0.32803584
-0.39167815
-0.3772739
-0.4896803
-0.53109437
-0.40710247
-0.44851654
-0.36116156
-0.3557062
-0.28311057
-0.33450684
-0.32905148
-0.33754491
-0.26461255
-0.31330748
-0.3102694
-0.46250452
-0.41757411
-0.3519226
-0.39685301
-0.48540377
-0.43829521
-0.37046555
-0.40735278
-0.32117884
-0.25552733
-0.30481404
-0.2969414
-0.24134068
-0.28844924
-0.28299389
-0.56132857
-0.50137271
-0.43193022
-0.47292406
-0.37107265
-0.30253186
-0.36338943
-0.34858013
-0.29575034
-0.34182172
-0.50085676
-0.44557755
-0.38301601
-0.50886348
-0.4528599
-0.38957397
-0.42551339
-0.33284601
-0.27028446
-0.32701242
-0.3112783
-0.26517525
-0.30636954
-0.44046834
-0.33476837
-0.36788393
-0.28791881
-0.22906841
-0.27591798
-0.26689539
-0.2187335
-0.25684125
-0.38468676
-0.34293116
-0.29073888
-0.39628806
-0.35336784
-0.30001094
-0.32841507
-0.25592611
-0.20373383
-0.24781866
-0.23684938
-0.196791
-0.23068862
-0.45775856
-0.40590296
-0.34873823
-0.3809834
-0.29633114
-0.23971789
-0.29212497
-0.27717781
-0.23606321
-0.27367424
-0.40406374
-0.35693488
-0.30623898
-0.33375741
-0.40801381
-0.36050192
-0.30942299
-0.3364534
-0.26152806
-0.21083216
-0.25872708
-0.24307733
-0.20841421
-0.24097895
-0.35281722
-0.31245475
-0.26610076
-0.29050291
-0.22505281
-0.17938429
-0.22043224
-0.20863567
-0.1754492
-0.21581167
-0.20555529
-0.30783016
-0.27054824
-0.23126914
-0.26855106
-0.25259074
-0.31005583
-0.27254541
-0.23303782
-0.25259074
-0.19529891
-0.15601981
-0.19375872
-0.18042196
-0.15470811
-0.19221853
-0.18042196
-0.38761836
-0.58155554
-0.44249637
-0.48714276
-0.37228571
-0.39793925
-0.30346747
-0.28191839
-0.25187238
-0.3481495
-0.37228571
-0.26991757
-0.24376494
-0.33771282
-0.59626891
-0.44742963
-0.43520634
-0.53368248
-0.54564612
-0.40639784
-0.39658472
-0.46909842
-0.34510652
-0.32390716
-0.40721356
-0.42793466
-0.31299644
-0.29663164
-0.49662939
-0.36723104
-0.35954781
-0.44193638
-0.44921872
-0.32992922
-0.32409563
-0.38761836
-0.28191839
-0.26991757
-0.33771282
-0.3481495
-0.25187238
-0.24376494
-0.40324839
-0.29422806
-0.29002189
-0.35515136
-0.3587184
-0.26012757
-0.2573266
-0.30945899
-0.22274252
-0.21812196
-0.26954965
-0.27154682
-0.19452881
-0.19298862
-0.44432508
-0.40576389
-0.42212614
-0.46068734
-0.43495563
-0.39748557
-0.41404335
-0.45151341
-0.46748277
-0.41179794
-0.39145152
-0.44471797
-0.67662498
-0.64323579
-0.60147001
-0.63485919
-0.65074053
-0.61814283
-0.57787719
-0.61047489
-0.65951068
-0.66785483
-0.5935238
-0.5858234
-0.51330785
-0.490786
-0.45275215
-0.475274
-0.49446514
-0.47214368
-0.43584586
-0.45816732
-0.49616039
-0.5116126
-0.45131708
-0.43728094
-0.57308718
-0.54286396
-0.50709875
-0.53732197
-0.54834315
-0.51904149
-0.4847711
-0.51407275
-0.55796923
-0.5634611
-0.49844435
-0.4934255
-0.437937
-0.41621673
-0.385127
-0.40684727
-0.41922014
-0.39787775
-0.36845255
-0.38979495
-0.4239916
-0.43316554
-0.38092893
-0.37265062
-0.47411104
-0.44757411
-0.41778815
-0.44432508
-0.45043277
-0.42491859
-0.39661196
-0.42212614
-0.46068734
-0.46385647
-0.40863622
-0.40576389
-0.36306958
-0.34286081
-0.3184292
-0.33863797
-0.34447097
-0.32480384
-0.30196959
-0.32163671
-0.35182282
-0.35571774
-0.31194692
-0.30845187
-0.33199714
-0.29591698
-0.31476027
-0.35084043
-0.32454425
-0.2894299
-0.30834338
-0.34345773
-0.35611311
-0.30042828
-0.2849186
-0.33818506
-0.29752341
-0.26392428
-0.28028654
-0.31388567
-0.29214252
-0.25938389
-0.27594166
-0.3087003
-0.32025701
-0.26940892
-0.25389925
-0.30232896
-0.39992721
-0.36384705
-0.37772827
-0.41380843
-0.39313106
-0.35801671
-0.37221878
-0.40733313
-0.42195318
-0.37110509
-0.35075867
-0.39918838
-0.42558618
-0.38920725
-0.40596055
-0.44233947
-0.41621673
-0.38092893
-0.39787775
-0.43316554
-0.44778559
-0.39401731
-0.37611887
-0.42771942
-0.31709135
-0.28294281
-0.30192649
-0.33607503
-0.30963845
-0.27645573
-0.2955096
-0.32869233
-0.34024904
-0.28648076
-0.27291778
-0.32451832
-0.28676164
-0.25484349
-0.27159679
-0.30351493
-0.28138076
-0.2503031
-0.26725191
-0.29832957
-0.30878761
-0.25935479
-0.2457918
-0.29305689
-0.38633492
-0.35218638
-0.36670928
-0.40085782
-0.37953877
-0.34635604
-0.36119979
-0.39438252
-0.40765325
-0.35822043
-0.34032199
-0.38758708
-0.69404315
-0.659989
-0.61755824
-0.6516124
-0.66669895
-0.63347873
-0.59259057
-0.62581078
-0.67619897
-0.68454312
-0.60892461
-0.6012242
-0.54107334
-0.50635422
-0.46458843
-0.49930755
-0.51848219
-0.48463945
-0.44437381
-0.47821655
-0.52624943
-0.53330609
-0.45768758
-0.45127466
-0.52631504
-0.49226088
-0.45116006
-0.48521422
-0.50501386
-0.47179364
-0.43215052
-0.46537074
-0.51213612
-0.51919277
-0.44486175
-0.43844884
-0.62485608
-0.59304987
-0.55428438
-0.58609058
-0.59897163
-0.56795692
-0.53069156
-0.56170628
-0.60847166
-0.61535605
-0.54565074
-0.5393252
-0.63935474
-0.60696846
-0.56762289
-0.60000917
-0.61201054
-0.58045819
-0.54265521
-0.57420755
-0.62224044
-0.62912483
-0.55830182
-0.55197628
-0.49589104
-0.46292468
-0.42415919
-0.45712554
-0.47329989
-0.44120991
-0.40394456
-0.43603454
-0.48171212
-0.48747881
-0.41665579
-0.41144796
-0.48371268
-0.4513264
-0.41314098
-0.44552726
-0.4624115
-0.43085916
-0.39413143
-0.42568378
-0.47017874
-0.47594543
-0.40624012
-0.40103229
-0.5458133
-0.52180998
-0.48229467
-0.50629799
-0.52376852
-0.50009639
-0.46244791
-0.48612004
-0.52706481
-0.54251702
-0.47938936
-0.46535322
-0.41877603
-0.39329124
-0.3552574
-0.38074219
-0.40112729
-0.37610449
-0.33980668
-0.36482948
-0.40364163
-0.4162617
-0.35313404
-0.34193004
-0.39219645
-0.36819313
-0.33164075
-0.35564407
-0.37722659
-0.35355446
-0.31860732
-0.34227944
-0.37840148
-0.39102156
-0.33072603
-0.31952203
-0.47562242
-0.45350136
-0.41893958
-0.44106064
-0.45677971
-0.43485904
-0.40203329
-0.42395396
-0.460076
-0.47232614
-0.41603427
-0.4049386
-0.50172374
-0.47838281
-0.44260115
-0.46594208
-0.47967896
-0.45666922
-0.42275439
-0.44576413
-0.48457628
-0.49682642
-0.4382256
-0.42712993
-0.38347855
-0.35891774
-0.32435596
-0.34891677
-0.36582981
-0.34173099
-0.30890524
-0.33300406
-0.36968359
-0.37962478
-0.32102396
-0.31223724
-0.36225673
-0.33891579
-0.30557388
-0.32891482
-0.34728687
-0.32427712
-0.29254044
-0.31555019
-0.3498012
-0.35974239
-0.30345052
-0.2946638
-0.58466633
-0.55394792
-0.51768753
-0.54840594
-0.55873149
-0.52897898
-0.49425774
-0.52401024
-0.56895297
-0.57444485
-0.50848206
-0.50346321
-0.45070874
-0.41949515
-0.38372994
-0.41494353
-0.42978398
-0.39958063
-0.36531023
-0.39551359
-0.43797344
-0.44251928
-0.3765565
-0.37248368
-0.44111032
-0.41039191
-0.37512189
-0.4058403
-0.42119905
-0.39144655
-0.357627
-0.38737951
-0.42888177
-0.4334276
-0.36841086
-0.36433804
-0.52359911
-0.49521903
-0.46244345
-0.49082353
-0.49885508
-0.47139657
-0.4401158
-0.4675743
-0.50907656
-0.51337763
-0.45323798
-0.44932127
-0.53279664
-0.50401004
-0.47082794
-0.49961454
-0.5068618
-0.4790411
-0.44739814
-0.47521884
-0.51767869
-0.52197975
-0.46107139
-0.45715468
-0.40885923
-0.37966611
-0.34689053
-0.37608365
-0.38793448
-0.35975159
-0.32847082
-0.35665371
-0.39663068
-0.40016303
-0.33925467
-0.33610667
-0.40128778
-0.37250118
-0.34013212
-0.36891872
-0.38137651
-0.35355582
-0.32263723
-0.35045793
-0.38956597
-0.39309833
-0.33295868
-0.32981068
-0.45763418
-0.43495563
-0.40290763
-0.42558618
-0.4362187
-0.41404335
-0.38378519
-0.40596055
-0.44233947
-0.45151341
-0.39748557
-0.38920725
-0.34818107
-0.32454425
-0.29345452
-0.31709135
-0.33135169
-0.30834338
-0.27891819
-0.30192649
-0.33607503
-0.34345773
-0.2894299
-0.28294281
-0.332317
-0.30963845
-0.27950701
-0.30218556
-0.31768496
-0.2955096
-0.26691736
-0.28909272
-0.32130963
-0.32869233
-0.27645573
-0.26996864
-0.40050329
-0.37953877
-0.3517781
-0.37274262
-0.38178644
-0.36119979
-0.33510365
-0.3556903
-0.38790721
-0.39438252
-0.34635604
-0.34052571
-0.41480321
-0.39313106
-0.36466276
-0.38633492
-0.39338773
-0.37221878
-0.34554033
-0.36670928
-0.40085782
-0.40733313
-0.35801671
-0.35218638
-0.31452231
-0.29214252
-0.26438186
-0.28676164
-0.29769293
-0.27594166
-0.24984552
-0.27159679
-0.30351493
-0.3087003
-0.25938389
-0.25484349
-0.30305291
-0.28138076
-0.25432772
-0.27599987
-0.28842086
-0.26725191
-0.24173808
-0.26290703
-0.2931442
-0.29832957
-0.2503031
-0.2457627
-0.48092695
-0.45407216
-0.42396834
-0.45082313
-0.4562934
-0.43050348
-0.40192111
-0.42771103
-0.46702561
-0.47019475
-0.41438089
-0.41150856
-0.36700973
-0.33983707
-0.31005111
-0.33722376
-0.34754881
-0.32148314
-0.29317652
-0.31924219
-0.3559915
-0.35856704
-0.30275318
-0.30047445
-0.36146525
-0.33461045
-0.30514235
-0.33199714
-0.34279116
-0.31700123
-0.28897035
-0.31476027
-0.35084043
-0.35341597
-0.29819571
-0.29591698
-0.4267545
-0.40226307
-0.37543578
-0.39992721
-0.40307622
