MFEM mesh v1.0

#
# MFEM Geometry Types (see mesh/geom.hpp):
#
# POINT       = 0
# SEGMENT     = 1
# TRIANGLE    = 2
# SQUARE      = 3
# TETRAHEDRON = 4
# CUBE        = 5
#

dimension
3

elements
576
1 5 1 147 497 150 155 498 773 501
1 5 19 159 503 162 167 504 774 507
1 5 20 171 509 174 179 510 775 513
1 5 11 183 515 186 191 516 776 519
1 5 11 183 516 191 199 521 777 524
1 5 5 203 526 206 211 527 778 530
1 5 12 215 532 218 223 533 779 536
1 5 6 227 538 230 235 539 780 542
1 5 14 239 544 242 247 545 781 548
1 5 32 251 550 148 156 551 782 499
1 5 96 253 555 261 157 553 783 558
1 5 35 149 560 268 158 500 784 562
1 5 40 151 502 154 276 564 785 567
1 5 97 254 554 152 277 569 786 565
1 5 138 256 559 264 278 571 787 575
1 5 100 153 563 270 279 566 788 578
1 5 44 293 580 160 168 581 789 505
1 5 102 294 584 299 169 582 790 587
1 5 47 161 589 306 170 506 791 591
1 5 52 163 508 166 314 593 792 596
1 5 103 295 583 164 315 598 793 594
1 5 139 296 588 302 316 600 794 604
1 5 106 165 592 308 317 595 795 607
1 5 56 331 609 172 180 610 796 511
1 5 108 332 613 337 181 611 797 616
1 5 45 173 618 297 182 512 798 585
1 5 53 175 514 178 321 621 799 599
1 5 109 333 612 176 348 625 800 622
1 5 140 334 617 340 349 627 801 631
1 5 104 177 620 300 322 623 802 602
1 5 64 360 635 184 192 636 803 517
1 5 113 361 639 365 193 637 804 642
1 5 66 185 644 370 194 518 805 646
1 5 67 187 520 190 374 648 806 651
1 5 114 362 638 188 375 652 807 649
1 5 141 363 643 368 376 654 808 657
1 5 117 189 647 372 377 650 809 659
1 5 64 360 636 192 200 660 810 522
1 5 114 362 652 375 201 661 811 664
1 5 67 187 648 374 202 523 812 666
1 5 74 195 525 198 392 668 813 671
1 5 118 383 662 196 393 673 814 669
1 5 142 384 665 386 394 675 815 678
1 5 120 197 667 387 395 670 816 680
1 5 76 404 682 204 212 683 817 528
1 5 122 405 686 408 213 684 818 689
1 5 77 205 691 412 214 529 819 692
1 5 82 207 531 210 418 694 820 697
1 5 123 406 685 208 419 699 821 695
1 5 143 407 690 411 420 701 822 705
1 5 126 209 693 413 421 696 823 708
1 5 57 335 614 216 224 710 824 534
1 5 110 338 629 353 225 712 825 716
1 5 62 217 626 352 226 535 826 687
1 5 83 219 537 222 425 719 827 700
1 5 128 434 713 220 446 723 828 720
1 5 144 436 717 441 447 725 829 729
1 5 124 221 718 409 426 721 830 703
1 5 65 364 640 228 236 688 831 540
1 5 115 366 655 379 237 733 832 736
1 5 68 229 653 378 238 541 833 663
1 5 75 231 543 234 399 707 834 674
1 5 125 410 734 232 431 704 835 739
1 5 145 459 737 461 464 743 836 746
1 5 119 233 738 385 400 740 837 677
1 5 60 354 749 240 248 715 838 546
1 5 134 471 753 477 249 751 839 756
1 5 69 241 758 380 250 547 840 735
1 5 84 243 549 246 430 731 841 742
1 5 130 440 752 244 457 728 842 761
1 5 146 473 757 480 487 765 843 769
1 5 132 245 760 460 467 762 844 745
1 5 147 32 148 497 498 156 499 773
1 5 497 148 96 149 773 499 157 500
1 5 150 497 149 35 501 773 500 158
1 5 155 498 773 501 40 151 502 154
1 5 498 156 499 773 151 97 152 502
1 5 773 499 157 500 502 152 138 153
1 5 501 773 500 158 154 502 153 100
1 5 159 44 160 503 504 168 505 774
1 5 503 160 102 161 774 505 169 506
1 5 162 503 161 47 507 774 506 170
1 5 167 504 774 507 52 163 508 166
1 5 504 168 505 774 163 103 164 508
1 5 774 505 169 506 508 164 139 165
1 5 507 774 506 170 166 508 165 106
1 5 171 56 172 509 510 180 511 775
1 5 509 172 108 173 775 511 181 512
1 5 174 509 173 45 513 775 512 182
1 5 179 510 775 513 53 175 514 178
1 5 510 180 511 775 175 109 176 514
1 5 775 511 181 512 514 176 140 177
1 5 513 775 512 182 178 514 177 104
1 5 183 64 184 515 516 192 517 776
1 5 515 184 113 185 776 517 193 518
1 5 186 515 185 66 519 776 518 194
1 5 191 516 776 519 67 187 520 190
1 5 516 192 517 776 187 114 188 520
1 5 776 517 193 518 520 188 141 189
1 5 519 776 518 194 190 520 189 117
1 5 183 64 192 516 521 200 522 777
1 5 516 192 114 187 777 522 201 523
1 5 191 516 187 67 524 777 523 202
1 5 199 521 777 524 74 195 525 198
1 5 521 200 522 777 195 118 196 525
1 5 777 522 201 523 525 196 142 197
1 5 524 777 523 202 198 525 197 120
1 5 203 76 204 526 527 212 528 778
1 5 526 204 122 205 778 528 213 529
1 5 206 526 205 77 530 778 529 214
1 5 211 527 778 530 82 207 531 210
1 5 527 212 528 778 207 123 208 531
1 5 778 528 213 529 531 208 143 209
1 5 530 778 529 214 210 531 209 126
1 5 215 57 216 532 533 224 534 779
1 5 532 216 110 217 779 534 225 535
1 5 218 532 217 62 536 779 535 226
1 5 223 533 779 536 83 219 537 222
1 5 533 224 534 779 219 128 220 537
1 5 779 534 225 535 537 220 144 221
1 5 536 779 535 226 222 537 221 124
1 5 227 65 228 538 539 236 540 780
1 5 538 228 115 229 780 540 237 541
1 5 230 538 229 68 542 780 541 238
1 5 235 539 780 542 75 231 543 234
1 5 539 236 540 780 231 125 232 543
1 5 780 540 237 541 543 232 145 233
1 5 542 780 541 238 234 543 233 119
1 5 239 60 240 544 545 248 546 781
1 5 544 240 134 241 781 546 249 547
1 5 242 544 241 69 548 781 547 250
1 5 247 545 781 548 84 243 549 246
1 5 545 248 546 781 243 130 244 549
1 5 781 546 249 547 549 244 146 245
1 5 548 781 547 250 246 549 245 132
1 5 251 0 252 550 551 257 552 782
1 5 550 252 33 253 782 552 258 553
1 5 148 550 253 96 499 782 553 157
1 5 156 551 782 499 97 254 554 152
1 5 551 257 552 782 254 41 255 554
1 5 782 552 258 553 554 255 98 256
1 5 499 782 553 157 152 554 256 138
1 5 253 33 259 555 553 258 556 783
1 5 555 259 2 260 783 556 265 557
1 5 261 555 260 34 558 783 557 266
1 5 157 553 783 558 138 256 559 264
1 5 553 258 556 783 256 98 262 559
1 5 783 556 265 557 559 262 42 263
1 5 558 783 557 266 264 559 263 99
1 5 149 96 261 560 500 157 558 784
1 5 560 261 34 267 784 558 266 561
1 5 268 560 267 7 562 784 561 271
1 5 158 500 784 562 100 153 563 270
1 5 500 157 558 784 153 138 264 563
1 5 784 558 266 561 563 264 99 269
1 5 562 784 561 271 270 563 269 43
1 5 151 97 152 502 564 277 565 785
1 5 502 152 138 153 785 565 278 566
1 5 154 502 153 100 567 785 566 279
1 5 276 564 785 567 8 272 568 275
1 5 564 277 565 785 272 36 273 568
1 5 785 565 278 566 568 273 101 274
1 5 567 785 566 279 275 568 274 39
1 5 254 41 255 554 569 283 570 786
1 5 554 255 98 256 786 570 284 571
1 5 152 554 256 138 565 786 571 278
1 5 277 569 786 565 36 280 572 273
1 5 569 283 570 786 280 4 281 572
1 5 786 570 284 571 572 281 37 282
1 5 565 786 571 278 273 572 282 101
1 5 256 98 262 559 571 284 573 787
1 5 559 262 42 263 787 573 288 574
1 5 264 559 263 99 575 787 574 289
1 5 278 571 787 575 101 282 576 287
1 5 571 284 573 787 282 37 285 576
1 5 787 573 288 574 576 285 9 286
1 5 575 787 574 289 287 576 286 38
1 5 153 138 264 563 566 278 575 788
1 5 563 264 99 269 788 575 289 577
1 5 270 563 269 43 578 788 577 292
1 5 279 566 788 578 39 274 579 291
1 5 566 278 575 788 274 101 287 579
1 5 788 575 289 577 579 287 38 290
1 5 578 788 577 292 291 579 290 18
1 5 293 20 174 580 581 179 513 789
1 5 580 174 45 294 789 513 182 582
1 5 160 580 294 102 505 789 582 169
1 5 168 581 789 505 103 295 583 164
1 5 581 179 513 789 295 53 178 583
1 5 789 513 182 582 583 178 104 296
1 5 505 789 582 169 164 583 296 139
1 5 294 45 297 584 582 182 585 790
1 5 584 297 22 298 790 585 303 586
1 5 299 584 298 46 587 790 586 304
1 5 169 582 790 587 139 296 588 302
1 5 582 182 585 790 296 104 300 588
1 5 790 585 303 586 588 300 54 301
1 5 587 790 586 304 302 588 301 105
1 5 161 102 299 589 506 169 587 791
1 5 589 299 46 305 791 587 304 590
1 5 306 589 305 21 591 791 590 309
1 5 170 506 791 591 106 165 592 308
1 5 506 169 587 791 165 139 302 592
1 5 791 587 304 590 592 302 105 307
1 5 591 791 590 309 308 592 307 55
1 5 163 103 164 508 593 315 594 792
1 5 508 164 139 165 792 594 316 595
1 5 166 508 165 106 596 792 595 317
1 5 314 593 792 596 23 310 597 313
1 5 593 315 594 792 310 48 311 597
1 5 792 594 316 595 597 311 107 312
1 5 596 792 595 317 313 597 312 51
1 5 295 53 178 583 598 321 599 793
1 5 583 178 104 296 793 599 322 600
1 5 164 583 296 139 594 793 600 316
1 5 315 598 793 594 48 318 601 311
1 5 598 321 599 793 318 24 319 601
1 5 793 599 322 600 601 319 49 320
1 5 594 793 600 316 311 601 320 107
1 5 296 104 300 588 600 322 602 794
1 5 588 300 54 301 794 602 326 603
1 5 302 588 301 105 604 794 603 327
1 5 316 600 794 604 107 320 605 325
1 5 600 322 602 794 320 49 323 605
1 5 794 602 326 603 605 323 26 324
1 5 604 794 603 327 325 605 324 50
1 5 165 139 302 592 595 316 604 795
1 5 592 302 105 307 795 604 327 606
1 5 308 592 307 55 607 795 606 330
1 5 317 595 795 607 51 312 608 329
1 5 595 316 604 795 312 107 325 608
1 5 795 604 327 606 608 325 50 328
1 5 607 795 606 330 329 608 328 25
1 5 331 12 215 609 610 218 532 796
1 5 609 215 57 332 796 532 216 611
1 5 172 609 332 108 511 796 611 181
1 5 180 610 796 511 109 333 612 176
1 5 610 218 532 796 333 62 217 612
1 5 796 532 216 611 612 217 110 334
1 5 511 796 611 181 176 612 334 140
1 5 332 57 335 613 611 216 614 797
1 5 613 335 13 336 797 614 341 615
1 5 337 613 336 58 616 797 615 342
1 5 181 611 797 616 140 334 617 340
1 5 611 216 614 797 334 110 338 617
1 5 797 614 341 615 617 338 63 339
1 5 616 797 615 342 340 617 339 111
1 5 173 108 337 618 512 181 616 798
1 5 618 337 58 343 798 616 342 619
1 5 297 618 343 22 585 798 619 303
1 5 182 512 798 585 104 177 620 300
1 5 512 181 616 798 177 140 340 620
1 5 798 616 342 619 620 340 111 344
1 5 585 798 619 303 300 620 344 54
1 5 175 109 176 514 621 348 622 799
1 5 514 176 140 177 799 622 349 623
1 5 178 514 177 104 599 799 623 322
1 5 321 621 799 599 24 345 624 319
1 5 621 348 622 799 345 59 346 624
1 5 799 622 349 623 624 346 112 347
1 5 599 799 623 322 319 624 347 49
1 5 333 62 217 612 625 352 626 800
1 5 612 217 110 334 800 626 353 627
1 5 176 612 334 140 622 800 627 349
1 5 348 625 800 622 59 350 628 346
1 5 625 352 626 800 350 14 239 628
1 5 800 626 353 627 628 239 60 351
1 5 622 800 627 349 346 628 351 112
1 5 334 110 338 617 627 353 629 801
1 5 617 338 63 339 801 629 357 630
1 5 340 617 339 111 631 801 630 358
1 5 349 627 801 631 112 351 632 356
1 5 627 353 629 801 351 60 354 632
1 5 801 629 357 630 632 354 15 355
1 5 631 801 630 358 356 632 355 61
1 5 177 140 340 620 623 349 631 802
1 5 620 340 111 344 802 631 358 633
1 5 300 620 344 54 602 802 633 326
1 5 322 623 802 602 49 347 634 323
1 5 623 349 631 802 347 112 356 634
1 5 802 631 358 633 634 356 61 359
1 5 602 802 633 326 323 634 359 26
1 5 360 6 227 635 636 230 538 803
1 5 635 227 65 361 803 538 228 637
1 5 184 635 361 113 517 803 637 193
1 5 192 636 803 517 114 362 638 188
1 5 636 230 538 803 362 68 229 638
1 5 803 538 228 637 638 229 115 363
1 5 517 803 637 193 188 638 363 141
1 5 361 65 364 639 637 228 640 804
1 5 639 364 14 350 804 640 242 641
1 5 365 639 350 59 642 804 641 369
1 5 193 637 804 642 141 363 643 368
1 5 637 228 640 804 363 115 366 643
1 5 804 640 242 641 643 366 69 367
1 5 642 804 641 369 368 643 367 116
1 5 185 113 365 644 518 193 642 805
1 5 644 365 59 345 805 642 369 645
1 5 370 644 345 24 646 805 645 373
1 5 194 518 805 646 117 189 647 372
1 5 518 193 642 805 189 141 368 647
1 5 805 642 369 645 647 368 116 371
1 5 646 805 645 373 372 647 371 70
1 5 187 114 188 520 648 375 649 806
1 5 520 188 141 189 806 649 376 650
1 5 190 520 189 117 651 806 650 377
1 5 374 648 806 651 1 147 497 150
1 5 648 375 649 806 147 32 148 497
1 5 806 649 376 650 497 148 96 149
1 5 651 806 650 377 150 497 149 35
1 5 362 68 229 638 652 378 653 807
1 5 638 229 115 363 807 653 379 654
1 5 188 638 363 141 649 807 654 376
1 5 375 652 807 649 32 251 550 148
1 5 652 378 653 807 251 0 252 550
1 5 807 653 379 654 550 252 33 253
1 5 649 807 654 376 148 550 253 96
1 5 363 115 366 643 654 379 655 808
1 5 643 366 69 367 808 655 380 656
1 5 368 643 367 116 657 808 656 381
1 5 376 654 808 657 96 253 555 261
1 5 654 379 655 808 253 33 259 555
1 5 808 655 380 656 555 259 2 260
1 5 657 808 656 381 261 555 260 34
1 5 189 141 368 647 650 376 657 809
1 5 647 368 116 371 809 657 381 658
1 5 372 647 371 70 659 809 658 382
1 5 377 650 809 659 35 149 560 268
1 5 650 376 657 809 149 96 261 560
1 5 809 657 381 658 560 261 34 267
1 5 659 809 658 382 268 560 267 7
1 5 360 6 230 636 660 235 542 810
1 5 636 230 68 362 810 542 238 661
1 5 192 636 362 114 522 810 661 201
1 5 200 660 810 522 118 383 662 196
1 5 660 235 542 810 383 75 234 662
1 5 810 542 238 661 662 234 119 384
1 5 522 810 661 201 196 662 384 142
1 5 362 68 378 652 661 238 663 811
1 5 652 378 0 251 811 663 257 551
1 5 375 652 251 32 664 811 551 156
1 5 201 661 811 664 142 384 665 386
1 5 661 238 663 811 384 119 385 665
1 5 811 663 257 551 665 385 41 254
1 5 664 811 551 156 386 665 254 97
1 5 187 114 375 648 523 201 664 812
1 5 648 375 32 147 812 664 156 498
1 5 374 648 147 1 666 812 498 155
1 5 202 523 812 666 120 197 667 387
1 5 523 201 664 812 197 142 386 667
1 5 812 664 156 498 667 386 97 151
1 5 666 812 498 155 387 667 151 40
1 5 195 118 196 525 668 393 669 813
1 5 525 196 142 197 813 669 394 670
1 5 198 525 197 120 671 813 670 395
1 5 392 668 813 671 27 388 672 391
1 5 668 393 669 813 388 71 389 672
1 5 813 669 394 670 672 389 121 390
1 5 671 813 670 395 391 672 390 73
1 5 383 75 234 662 673 399 674 814
1 5 662 234 119 384 814 674 400 675
1 5 196 662 384 142 669 814 675 394
1 5 393 673 814 669 71 396 676 389
1 5 673 399 674 814 396 17 397 676
1 5 814 674 400 675 676 397 72 398
1 5 669 814 675 394 389 676 398 121
1 5 384 119 385 665 675 400 677 815
1 5 665 385 41 254 815 677 283 569
1 5 386 665 254 97 678 815 569 277
1 5 394 675 815 678 121 398 679 402
1 5 675 400 677 815 398 72 401 679
1 5 815 677 283 569 679 401 4 280
1 5 678 815 569 277 402 679 280 36
1 5 197 142 386 667 670 394 678 816
1 5 667 386 97 151 816 678 277 564
1 5 387 667 151 40 680 816 564 276
1 5 395 670 816 680 73 390 681 403
1 5 670 394 678 816 390 121 402 681
1 5 816 678 277 564 681 402 36 272
1 5 680 816 564 276 403 681 272 8
1 5 404 12 218 682 683 223 536 817
1 5 682 218 62 405 817 536 226 684
1 5 204 682 405 122 528 817 684 213
1 5 212 683 817 528 123 406 685 208
1 5 683 223 536 817 406 83 222 685
1 5 817 536 226 684 685 222 124 407
1 5 528 817 684 213 208 685 407 143
1 5 405 62 352 686 684 226 687 818
1 5 686 352 14 364 818 687 247 688
1 5 408 686 364 65 689 818 688 236
1 5 213 684 818 689 143 407 690 411
1 5 684 226 687 818 407 124 409 690
1 5 818 687 247 688 690 409 84 410
1 5 689 818 688 236 411 690 410 125
1 5 205 122 408 691 529 213 689 819
1 5 691 408 65 227 819 689 236 539
1 5 412 691 227 6 692 819 539 235
1 5 214 529 819 692 126 209 693 413
1 5 529 213 689 819 209 143 411 693
1 5 819 689 236 539 693 411 125 231
1 5 692 819 539 235 413 693 231 75
1 5 207 123 208 531 694 419 695 820
1 5 531 208 143 209 820 695 420 696
1 5 210 531 209 126 697 820 696 421
1 5 418 694 820 697 16 414 698 417
1 5 694 419 695 820 414 78 415 698
1 5 820 695 420 696 698 415 127 416
1 5 697 820 696 421 417 698 416 81
1 5 406 83 222 685 699 425 700 821
1 5 685 222 124 407 821 700 426 701
1 5 208 685 407 143 695 821 701 420
1 5 419 699 821 695 78 422 702 415
1 5 699 425 700 821 422 28 423 702
1 5 821 700 426 701 702 423 79 424
1 5 695 821 701 420 415 702 424 127
1 5 407 124 409 690 701 426 703 822
1 5 690 409 84 410 822 703 430 704
1 5 411 690 410 125 705 822 704 431
1 5 420 701 822 705 127 424 706 429
1 5 701 426 703 822 424 79 427 706
1 5 822 703 430 704 706 427 30 428
1 5 705 822 704 431 429 706 428 80
1 5 209 143 411 693 696 420 705 823
1 5 693 411 125 231 823 705 431 707
1 5 413 693 231 75 708 823 707 399
1 5 421 696 823 708 81 416 709 433
1 5 696 420 705 823 416 127 429 709
1 5 823 705 431 707 709 429 80 432
1 5 708 823 707 399 433 709 432 17
1 5 335 13 341 614 710 437 711 824
1 5 614 341 63 338 824 711 438 712
1 5 216 614 338 110 534 824 712 225
1 5 224 710 824 534 128 434 713 220
1 5 710 437 711 824 434 88 435 713
1 5 824 711 438 712 713 435 129 436
1 5 534 824 712 225 220 713 436 144
1 5 338 63 357 629 712 438 714 825
1 5 629 357 15 354 825 714 442 715
1 5 353 629 354 60 716 825 715 248
1 5 225 712 825 716 144 436 717 441
1 5 712 438 714 825 436 129 439 717
1 5 825 714 442 715 717 439 89 440
1 5 716 825 715 248 441 717 440 130
1 5 217 110 353 626 535 225 716 826
1 5 626 353 60 239 826 716 248 545
1 5 352 626 239 14 687 826 545 247
1 5 226 535 826 687 124 221 718 409
1 5 535 225 716 826 221 144 441 718
1 5 826 716 248 545 718 441 130 243
1 5 687 826 545 247 409 718 243 84
1 5 219 128 220 537 719 446 720 827
1 5 537 220 144 221 827 720 447 721
1 5 222 537 221 124 700 827 721 426
1 5 425 719 827 700 28 443 722 423
1 5 719 446 720 827 443 85 444 722
1 5 827 720 447 721 722 444 131 445
1 5 700 827 721 426 423 722 445 79
1 5 434 88 435 713 723 451 724 828
1 5 713 435 129 436 828 724 452 725
1 5 220 713 436 144 720 828 725 447
1 5 446 723 828 720 85 448 726 444
1 5 723 451 724 828 448 29 449 726
1 5 828 724 452 725 726 449 86 450
1 5 720 828 725 447 444 726 450 131
1 5 436 129 439 717 725 452 727 829
1 5 717 439 89 440 829 727 456 728
1 5 441 717 440 130 729 829 728 457
1 5 447 725 829 729 131 450 730 455
1 5 725 452 727 829 450 86 453 730
1 5 829 727 456 728 730 453 31 454
1 5 729 829 728 457 455 730 454 87
1 5 221 144 441 718 721 447 729 830
1 5 718 441 130 243 830 729 457 731
1 5 409 718 243 84 703 830 731 430
1 5 426 721 830 703 79 445 732 427
1 5 721 447 729 830 445 131 455 732
1 5 830 729 457 731 732 455 87 458
1 5 703 830 731 430 427 732 458 30
1 5 364 14 242 640 688 247 548 831
1 5 640 242 69 366 831 548 250 733
1 5 228 640 366 115 540 831 733 237
1 5 236 688 831 540 125 410 734 232
1 5 688 247 548 831 410 84 246 734
1 5 831 548 250 733 734 246 132 459
1 5 540 831 733 237 232 734 459 145
1 5 366 69 380 655 733 250 735 832
1 5 655 380 2 259 832 735 265 556
1 5 379 655 259 33 736 832 556 258
1 5 237 733 832 736 145 459 737 461
1 5 733 250 735 832 459 132 460 737
1 5 832 735 265 556 737 460 42 262
1 5 736 832 556 258 461 737 262 98
1 5 229 115 379 653 541 237 736 833
1 5 653 379 33 252 833 736 258 552
1 5 378 653 252 0 663 833 552 257
1 5 238 541 833 663 119 233 738 385
1 5 541 237 736 833 233 145 461 738
1 5 833 736 258 552 738 461 98 255
1 5 663 833 552 257 385 738 255 41
1 5 231 125 232 543 707 431 739 834
1 5 543 232 145 233 834 739 464 740
1 5 234 543 233 119 674 834 740 400
1 5 399 707 834 674 17 432 741 397
1 5 707 431 739 834 432 80 462 741
1 5 834 739 464 740 741 462 133 463
1 5 674 834 740 400 397 741 463 72
1 5 410 84 246 734 704 430 742 835
1 5 734 246 132 459 835 742 467 743
1 5 232 734 459 145 739 835 743 464
1 5 431 704 835 739 80 428 744 462
1 5 704 430 742 835 428 30 465 744
1 5 835 742 467 743 744 465 90 466
1 5 739 835 743 464 462 744 466 133
1 5 459 132 460 737 743 467 745 836
1 5 737 460 42 262 836 745 288 573
1 5 461 737 262 98 746 836 573 284
1 5 464 743 836 746 133 466 747 469
1 5 743 467 745 836 466 90 468 747
1 5 836 745 288 573 747 468 9 285
1 5 746 836 573 284 469 747 285 37
1 5 233 145 461 738 740 464 746 837
1 5 738 461 98 255 837 746 284 570
1 5 385 738 255 41 677 837 570 283
1 5 400 740 837 677 72 463 748 401
1 5 740 464 746 837 463 133 469 748
1 5 837 746 284 570 748 469 37 281
1 5 677 837 570 283 401 748 281 4
1 5 354 15 470 749 715 442 750 838
1 5 749 470 91 471 838 750 474 751
1 5 240 749 471 134 546 838 751 249
1 5 248 715 838 546 130 440 752 244
1 5 715 442 750 838 440 89 472 752
1 5 838 750 474 751 752 472 135 473
1 5 546 838 751 249 244 752 473 146
1 5 471 91 475 753 751 474 754 839
1 5 753 475 3 476 839 754 481 755
1 5 477 753 476 92 756 839 755 482
1 5 249 751 839 756 146 473 757 480
1 5 751 474 754 839 473 135 478 757
1 5 839 754 481 755 757 478 95 479
1 5 756 839 755 482 480 757 479 136
1 5 241 134 477 758 547 249 756 840
1 5 758 477 92 483 840 756 482 759
1 5 380 758 483 2 735 840 759 265
1 5 250 547 840 735 132 245 760 460
1 5 547 249 756 840 245 146 480 760
1 5 840 756 482 759 760 480 136 484
1 5 735 840 759 265 460 760 484 42
1 5 243 130 244 549 731 457 761 841
1 5 549 244 146 245 841 761 487 762
1 5 246 549 245 132 742 841 762 467
1 5 430 731 841 742 30 458 763 465
1 5 731 457 761 841 458 87 485 763
1 5 841 761 487 762 763 485 137 486
1 5 742 841 762 467 465 763 486 90
1 5 440 89 472 752 728 456 764 842
1 5 752 472 135 473 842 764 490 765
1 5 244 752 473 146 761 842 765 487
1 5 457 728 842 761 87 454 766 485
1 5 728 456 764 842 454 31 488 766
1 5 842 764 490 765 766 488 93 489
1 5 761 842 765 487 485 766 489 137
1 5 473 135 478 757 765 490 767 843
1 5 757 478 95 479 843 767 494 768
1 5 480 757 479 136 769 843 768 495
1 5 487 765 843 769 137 489 770 493
1 5 765 490 767 843 489 93 491 770
1 5 843 767 494 768 770 491 10 492
1 5 769 843 768 495 493 770 492 94
1 5 245 146 480 760 762 487 769 844
1 5 760 480 136 484 844 769 495 771
1 5 460 760 484 42 745 844 771 288
1 5 467 762 844 745 90 486 772 468
1 5 762 487 769 844 486 137 493 772
1 5 844 769 495 771 772 493 94 496
1 5 745 844 771 288 468 772 496 9

boundary
480
60 3 150 1 155 501
60 3 2 260 557 265
60 3 8 272 568 275
60 3 483 2 265 759
60 3 162 503 159 19
60 3 174 509 171 20
60 3 293 20 179 581
60 3 206 526 203 5
60 3 331 12 218 610
60 3 186 515 183 11
60 3 162 19 167 507
60 3 22 298 586 303
60 3 23 310 597 313
60 3 13 336 615 341
60 3 24 345 624 319
60 3 186 11 191 519
60 3 14 350 641 242
60 3 242 544 239 14
60 3 206 5 211 530
60 3 360 6 235 660
60 3 191 11 199 524
60 3 27 388 672 391
60 3 404 12 223 683
60 3 335 13 437 710
60 3 16 414 698 417
60 3 13 341 711 437
60 3 28 443 722 423
60 3 17 432 741 397
60 3 15 470 750 442
60 3 30 458 763 465
60 3 268 35 158 562
60 3 270 100 279 578
60 3 154 40 276 567
60 3 370 66 194 646
60 3 372 117 377 659
60 3 190 67 374 651
60 3 374 67 202 666
60 3 387 120 395 680
60 3 198 74 392 671
60 3 34 267 561 266
60 3 99 269 577 289
60 3 42 263 574 288
60 3 476 92 482 755
60 3 479 136 495 768
60 3 484 42 288 771
60 3 48 318 601 311
60 3 107 320 605 325
60 3 51 312 608 329
60 3 59 350 628 346
60 3 112 351 632 356
60 3 49 347 634 323
60 3 59 345 645 369
60 3 116 371 658 381
60 3 69 367 656 380
60 3 240 749 354 60
60 3 477 753 471 134
60 3 380 758 241 69
60 3 36 280 572 273
60 3 101 282 576 287
60 3 39 274 579 291
60 3 71 396 676 389
60 3 121 398 679 402
60 3 73 390 681 403
60 3 78 422 702 415
60 3 127 424 706 429
60 3 81 416 709 433
60 3 85 448 726 444
60 3 131 450 730 455
60 3 79 445 732 427
60 3 80 428 744 462
60 3 133 466 747 469
60 3 72 463 748 401
60 3 87 454 766 485
60 3 137 489 770 493
60 3 90 486 772 468
60 3 160 580 293 44
60 3 299 584 294 102
60 3 306 589 161 47
60 3 172 609 331 56
60 3 337 613 332 108
60 3 297 618 173 45
60 3 204 682 404 76
60 3 408 686 405 122
60 3 412 691 205 77
60 3 171 56 180 510
60 3 175 109 348 621
60 3 333 62 352 625
60 3 184 635 360 64
60 3 365 639 361 113
60 3 370 644 185 66
60 3 203 76 212 527
60 3 207 123 419 694
60 3 406 83 425 699
60 3 159 44 168 504
60 3 163 103 315 593
60 3 295 53 321 598
60 3 412 77 214 692
60 3 413 126 421 708
60 3 210 82 418 697
60 3 183 64 200 521
60 3 195 118 393 668
60 3 383 75 399 673
60 3 306 47 170 591
60 3 308 106 317 607
60 3 166 52 314 596
60 3 46 305 590 304
60 3 105 307 606 327
60 3 54 301 603 326
60 3 58 343 619 342
60 3 111 344 633 358
60 3 63 339 630 357
60 3 215 57 224 533
60 3 219 128 446 719
60 3 434 88 451 723
60 3 63 357 714 438
60 3 129 439 727 452
60 3 88 435 724 451
60 3 91 475 754 474
60 3 135 478 767 490
60 3 89 472 764 456
60 3 35 150 501 158
60 3 158 501 154 100
60 3 501 155 40 154
60 3 66 186 519 194
60 3 194 519 190 117
60 3 519 191 67 190
60 3 67 191 524 202
60 3 202 524 198 120
60 3 524 199 74 198
60 3 7 268 562 271
60 3 271 562 270 43
60 3 562 158 100 270
60 3 43 270 578 292
60 3 292 578 291 18
60 3 578 279 39 291
60 3 100 154 567 279
60 3 279 567 275 39
60 3 567 276 8 275
60 3 24 370 646 373
60 3 373 646 372 70
60 3 646 194 117 372
60 3 70 372 659 382
60 3 382 659 268 7
60 3 659 377 35 268
60 3 117 190 651 377
60 3 377 651 150 35
60 3 651 374 1 150
60 3 1 374 666 155
60 3 155 666 387 40
60 3 666 202 120 387
60 3 40 387 680 276
60 3 276 680 403 8
60 3 680 395 73 403
60 3 120 198 671 395
60 3 395 671 391 73
60 3 671 392 27 391
60 3 260 34 266 557
60 3 557 266 99 263
60 3 265 557 263 42
60 3 92 483 759 482
60 3 482 759 484 136
60 3 759 265 42 484
60 3 310 48 311 597
60 3 597 311 107 312
60 3 313 597 312 51
60 3 345 59 346 624
60 3 624 346 112 347
60 3 319 624 347 49
60 3 350 59 369 641
60 3 641 369 116 367
60 3 242 641 367 69
60 3 544 240 60 239
60 3 241 134 240 544
60 3 69 241 544 242
60 3 267 7 271 561
60 3 561 271 43 269
60 3 266 561 269 99
60 3 269 43 292 577
60 3 577 292 18 290
60 3 289 577 290 38
60 3 263 99 289 574
60 3 574 289 38 286
60 3 288 574 286 9
60 3 3 476 755 481
60 3 481 755 479 95
60 3 755 482 136 479
60 3 95 479 768 494
60 3 494 768 492 10
60 3 768 495 94 492
60 3 136 484 771 495
60 3 495 771 496 94
60 3 771 288 9 496
60 3 318 24 319 601
60 3 601 319 49 320
60 3 311 601 320 107
60 3 320 49 323 605
60 3 605 323 26 324
60 3 325 605 324 50
60 3 312 107 325 608
60 3 608 325 50 328
60 3 329 608 328 25
60 3 350 14 239 628
60 3 628 239 60 351
60 3 346 628 351 112
60 3 351 60 354 632
60 3 632 354 15 355
60 3 356 632 355 61
60 3 347 112 356 634
60 3 634 356 61 359
60 3 323 634 359 26
60 3 345 24 373 645
60 3 645 373 70 371
60 3 369 645 371 116
60 3 371 70 382 658
60 3 658 382 7 267
60 3 381 658 267 34
60 3 367 116 381 656
60 3 656 381 34 260
60 3 380 656 260 2
60 3 749 470 15 354
60 3 471 91 470 749
60 3 134 471 749 240
60 3 753 475 91 471
60 3 476 3 475 753
60 3 92 476 753 477
60 3 758 477 134 241
60 3 483 92 477 758
60 3 2 483 758 380
60 3 272 36 273 568
60 3 568 273 101 274
60 3 275 568 274 39
60 3 388 71 389 672
60 3 672 389 121 390
60 3 391 672 390 73
60 3 414 78 415 698
60 3 698 415 127 416
60 3 417 698 416 81
60 3 443 85 444 722
60 3 722 444 131 445
60 3 423 722 445 79
60 3 432 80 462 741
60 3 741 462 133 463
60 3 397 741 463 72
60 3 458 87 485 763
60 3 763 485 137 486
60 3 465 763 486 90
60 3 280 4 281 572
60 3 572 281 37 282
60 3 273 572 282 101
60 3 282 37 285 576
60 3 576 285 9 286
60 3 287 576 286 38
60 3 274 101 287 579
60 3 579 287 38 290
60 3 291 579 290 18
60 3 396 17 397 676
60 3 676 397 72 398
60 3 389 676 398 121
60 3 398 72 401 679
60 3 679 401 4 280
60 3 402 679 280 36
60 3 390 121 402 681
60 3 681 402 36 272
60 3 403 681 272 8
60 3 422 28 423 702
60 3 702 423 79 424
60 3 415 702 424 127
60 3 424 79 427 706
60 3 706 427 30 428
60 3 429 706 428 80
60 3 416 127 429 709
60 3 709 429 80 432
60 3 433 709 432 17
60 3 448 29 449 726
60 3 726 449 86 450
60 3 444 726 450 131
60 3 450 86 453 730
60 3 730 453 31 454
60 3 455 730 454 87
60 3 445 131 455 732
60 3 732 455 87 458
60 3 427 732 458 30
60 3 428 30 465 744
60 3 744 465 90 466
60 3 462 744 466 133
60 3 466 90 468 747
60 3 747 468 9 285
60 3 469 747 285 37
60 3 463 133 469 748
60 3 748 469 37 281
60 3 401 748 281 4
60 3 454 31 488 766
60 3 766 488 93 489
60 3 485 766 489 137
60 3 489 93 491 770
60 3 770 491 10 492
60 3 493 770 492 94
60 3 486 137 493 772
60 3 772 493 94 496
60 3 468 772 496 9
60 3 503 160 44 159
60 3 161 102 160 503
60 3 47 161 503 162
60 3 580 174 20 293
60 3 294 45 174 580
60 3 102 294 580 160
60 3 584 297 45 294
60 3 298 22 297 584
60 3 46 298 584 299
60 3 589 299 102 161
60 3 305 46 299 589
60 3 21 305 589 306
60 3 509 172 56 171
60 3 173 108 172 509
60 3 45 173 509 174
60 3 526 204 76 203
60 3 205 122 204 526
60 3 77 205 526 206
60 3 56 331 610 180
60 3 180 610 333 109
60 3 610 218 62 333
60 3 515 184 64 183
60 3 185 113 184 515
60 3 66 185 515 186
60 3 76 404 683 212
60 3 212 683 406 123
60 3 683 223 83 406
60 3 609 215 12 331
60 3 332 57 215 609
60 3 108 332 609 172
60 3 613 335 57 332
60 3 336 13 335 613
60 3 58 336 613 337
60 3 618 337 108 173
60 3 343 58 337 618
60 3 22 343 618 297
60 3 682 218 12 404
60 3 405 62 218 682
60 3 122 405 682 204
60 3 686 352 62 405
60 3 364 14 352 686
60 3 65 364 686 408
60 3 691 408 122 205
60 3 227 65 408 691
60 3 6 227 691 412
60 3 20 171 510 179
60 3 179 510 175 53
60 3 510 180 109 175
60 3 53 175 621 321
60 3 321 621 345 24
60 3 621 348 59 345
60 3 109 333 625 348
60 3 348 625 350 59
60 3 625 352 14 350
60 3 635 227 6 360
60 3 361 65 227 635
60 3 113 361 635 184
60 3 639 364 65 361
60 3 350 14 364 639
60 3 59 350 639 365
60 3 644 365 113 185
60 3 345 59 365 644
60 3 24 345 644 370
60 3 5 203 527 211
60 3 211 527 207 82
60 3 527 212 123 207
60 3 82 207 694 418
60 3 418 694 414 16
60 3 694 419 78 414
60 3 123 406 699 419
60 3 419 699 422 78
60 3 699 425 28 422
60 3 44 293 581 168
60 3 168 581 295 103
60 3 581 179 53 295
60 3 77 206 530 214
60 3 214 530 210 126
60 3 530 211 82 210
60 3 64 360 660 200
60 3 200 660 383 118
60 3 660 235 75 383
60 3 19 159 504 167
60 3 167 504 163 52
60 3 504 168 103 163
60 3 52 163 593 314
60 3 314 593 310 23
60 3 593 315 48 310
60 3 103 295 598 315
60 3 315 598 318 48
60 3 598 321 24 318
60 3 6 412 692 235
60 3 235 692 413 75
60 3 692 214 126 413
60 3 75 413 708 399
60 3 399 708 433 17
60 3 708 421 81 433
60 3 126 210 697 421
60 3 421 697 417 81
60 3 697 418 16 417
60 3 11 183 521 199
60 3 199 521 195 74
60 3 521 200 118 195
60 3 74 195 668 392
60 3 392 668 388 27
60 3 668 393 71 388
60 3 118 383 673 393
60 3 393 673 396 71
60 3 673 399 17 396
60 3 47 162 507 170
60 3 170 507 166 106
60 3 507 167 52 166
60 3 21 306 591 309
60 3 309 591 308 55
60 3 591 170 106 308
60 3 55 308 607 330
60 3 330 607 329 25
60 3 607 317 51 329
60 3 106 166 596 317
60 3 317 596 313 51
60 3 596 314 23 313
60 3 298 46 304 586
60 3 586 304 105 301
60 3 303 586 301 54
60 3 336 58 342 615
60 3 615 342 111 339
60 3 341 615 339 63
60 3 305 21 309 590
60 3 590 309 55 307
60 3 304 590 307 105
60 3 307 55 330 606
60 3 606 330 25 328
60 3 327 606 328 50
60 3 301 105 327 603
60 3 603 327 50 324
60 3 326 603 324 26
60 3 343 22 303 619
60 3 619 303 54 344
60 3 342 619 344 111
60 3 344 54 326 633
60 3 633 326 26 359
60 3 358 633 359 61
60 3 339 111 358 630
60 3 630 358 61 355
60 3 357 630 355 15
60 3 57 335 710 224
60 3 224 710 434 128
60 3 710 437 88 434
60 3 12 215 533 223
60 3 223 533 219 83
60 3 533 224 128 219
60 3 83 219 719 425
60 3 425 719 443 28
60 3 719 446 85 443
60 3 128 434 723 446
60 3 446 723 448 85
60 3 723 451 29 448
60 3 341 63 438 711
60 3 711 438 129 435
60 3 437 711 435 88
60 3 470 91 474 750
60 3 750 474 135 472
60 3 442 750 472 89
60 3 357 15 442 714
60 3 714 442 89 439
60 3 438 714 439 129
60 3 439 89 456 727
60 3 727 456 31 453
60 3 452 727 453 86
60 3 435 129 452 724
60 3 724 452 86 449
60 3 451 724 449 29
60 3 475 3 481 754
60 3 754 481 95 478
60 3 474 754 478 135
60 3 478 95 494 767
60 3 767 494 10 491
60 3 490 767 491 93
60 3 472 135 490 764
60 3 764 490 93 488
60 3 456 764 488 31

vertices
845

nodes
FiniteElementSpace
FiniteElementCollection: H1_3D_P2
VDim: 3
Ordering: 0

0.25513258
0.13464912
0.1716001
0.11108439
0.25513258
0.42586599
0.34303776
0.11052157
0.13464912
0.1716001
0.11108439
0.17834803
0.34802459
0.13575486
0.24764874
0.12307986
0.46850803
0.36407998
0.11052157
-5.3329194e-18
0.20621024
-5.5429836e-18
0.10703716
-3.2526065e-19
0.14907545
-1.8295912e-18
0.099661134
0.19040097
0.42529438
0.14590394
0.27585809
0.12755235
0.19489085
0.21336634
0.14106084
0.12258535
0.19489085
0.21336634
0.14106084
0.12258535
0.13464912
0.25513258
0.1716001
0.11052157
0.10310512
0.1566237
0.05351858
-5.4379515e-18
0.074537724
0.12436829
0.049830567
-1.0774259e-18
-2.82909e-18
0.17764284
0.10334915
-3.6862874e-18
0.27711741
0.24188972
0.12139601
0.1983621
0.1853643
0.11137049
0.29783667
0.12941736
0.2606929
0.29534325
0.16371174
0.15649858
0.29908517
0.20962442
0.12979851
0.27724048
0.30960628
0.16252505
0.1843745
0.35355887
0.38694529
0.38445187
0.4469012
0.35057624
0.31996904
0.416294
0.44718701
0.38665948
0.26175342
0.28559916
0.13672814
0.20170522
0.1408294
0.1253161
0.2237291
0.11708212
0.14134225
0.11931837
0.14134225
0.11108439
0.16797584
0.19489085
0.21336634
0.14106084
0.12258535
0.16797584
0.078311849
0.088821421
0.14049599
0.051674574
-3.2576887e-18
0.062184145
0.19925671
0.23773975
0.21362701
0.11638325
0.1548663
0.2295275
0.22779187
0.2543548
0.16971147
0.14314854
0.26896669
0.30434572
0.15951181
0.23606566
0.34114427
0.41692324
0.32420645
0.30765615
0.40037294
0.38343512
0.26374444
0.13307275
0.19353476
0.24365219
0.21667676
0.26666769
0.16335327
0.11820025
0.14134225
0.17152373
0.16797584
0.070247997
0.1770615
0.19875167
0.23192877
0.36228969
0.2286396
0.26051124
0.1674385
0.16476999
0.18143335
0.1452806
0.12861724
0.16476999
0.18143335
0.1452806
0.12861724
0.13464912
0.19489085
0.16797584
0.12258535
0.051552559
0.090708484
0.039155925
-5.3854355e-18
0.04441071
0.079534709
0.035123999
-3.0433894e-18
-4.0810047e-18
0.095963269
0.074279923
-4.3478201e-18
0.24166382
0.23818706
0.1779402
0.18141697
0.2076913
0.20740063
0.15877875
0.15906942
0.19192654
0.25742858
0.18815911
0.14855985
0.21952046
0.2451102
0.19661962
0.17102989
0.19214522
0.21327177
0.17095011
0.14982356
0.1674233
0.24424238
0.21413958
0.15343014
0.22667059
0.25044773
0.19572029
0.17194316
0.18136127
0.26482979
0.22986032
0.15800519
0.40640564
0.36404478
0.36279807
0.40515893
0.43205513
0.38960647
0.38133132
0.42377997
0.4365265
0.40193426
0.35171698
0.39241241
0.29495715
0.22775837
0.25573184
0.32293063
0.32520196
0.24619202
0.27642303
0.35543297
0.36734203
0.25281708
0.22113331
0.31102156
0.31919051
0.27484902
0.27671998
0.32106146
0.33060751
0.28408369
0.28242848
0.3289523
0.34829832
0.3014997
0.25743302
0.30171545
0.21650652
0.17435879
0.18648885
0.22863658
0.22764409
0.18048663
0.19205763
0.23921509
0.25470108
0.18944953
0.16539589
0.21315059
0.22501171
0.23424946
0.19067109
0.22501171
0.23424946
0.19067109
0.25513258
0.21336634
0.19248322
0.15633047
0.15451834
0.19248322
0.15633047
0.15451834
0.1716001
0.14106084
0.12579121
0.11655346
0.12579121
0.11655346
0.11052157
0.16476999
0.18143335
0.1452806
0.12861724
0.13464912
0.19489085
0.16797584
0.12258535
0.22501171
0.23424946
0.19067109
0.25513258
0.21336634
0.19248322
0.15633047
0.15451834
0.1716001
0.14106084
0.12579121
0.11655346
0.11052157
0.15465768
0.11746777
0.13323213
0.105372
0.13183043
0.08027787
0.065915215
0.12192257
0.077511861
0.060961285
0.10519315
0.052596577
0.02675929
-5.4904676e-18
0.025837287
-3.4719881e-18
-4.6146355e-18
0.037268862
0.068360935
0.031092073
-7.0134328e-19
-1.5771753e-18
0.081679572
0.066216071
-2.1675573e-18
0.11180659
0.13672187
0.093276218
0.16335914
0.13243214
0.11201471
0.074745851
0.056007356
0.10150514
0.05075257
0.024915284
-1.4535085e-18
-2.7579393e-18
0.312571
0.22057322
0.26778821
0.19534426
0.18882229
0.12857544
0.16032636
0.17152218
0.12290031
0.14672238
0.13258611
0.11888963
0.11421659
0.1098662
0.17371877
0.1766142
0.13961729
0.21805092
0.1659639
0.22300542
0.1701153
0.2727427
0.19949566
0.15422208
0.11722517
0.13311839
0.12624861
0.11387687
0.10551581
0.30186533
0.26243537
0.26343852
0.22655323
0.271496
0.2139448
0.23198961
0.18966794
0.18423157
0.18403678
0.15639359
0.14975499
0.13647353
0.13943698
0.14557385
0.21134136
0.18336376
0.13286695
0.27710887
0.23386057
0.19061226
0.15538615
0.12016004
0.31126278
0.26813725
0.27973915
0.21340981
0.14708047
0.23382072
0.25665307
0.19929535
0.17646301
0.18738774
0.27310358
0.23399722
0.16101843
0.32066023
0.33684313
0.27283597
0.35881943
0.306976
0.28236943
0.21547826
0.14858708
0.36748494
0.31949047
0.40179136
0.34324807
0.31824376
0.29297994
0.28470478
0.33497292
0.36374482
0.37696591
0.45770461
0.41516816
0.39986456
0.44240102
0.45784752
0.43191222
0.37286241
0.40833347
0.43609779
0.38793531
0.36700568
0.40597693
0.33739134
0.31321717
0.29791357
0.35170208
0.26880576
0.31381259
0.34202451
0.39018699
0.20228692
0.13695108
0.18085618
0.13829213
0.13124505
0.12919443
0.15942543
0.21108718
0.12419798
0.35544677
0.26462567
0.29711421
0.2746718
0.2361459
0.21575155
0.14131604
0.19019017
0.14336667
0.13490045
0.13214024
0.16462878
0.22267871
0.12643422
0.19761999
0.23878166
0.238594
0.19413843
0.23693879
0.29331836
0.28813698
0.26358947
0.2497936
0.24519839
0.22020293
0.1976646
0.24001701
0.12008099
0.1402177
0.12175817
0.14281937
0.11764118
0.11408326
0.12621332
0.15234776
0.11464232
0.12621332
0.15439037
0.11108439
0.14134225
0.15647117
0.15647117
0.18661448
0.19762642
0.16948112
0.12343536
0.14542105
0.11875931
0.11520138
0.12621332
0.15643299
0.11108439
0.14134225
0.15647117
0.15502529
0.16476999
0.18143335
0.1452806
0.12861724
0.15502529
0.045354242
0.047981635
0.085121596
0.037139962
-4.2144124e-18
0.039767355
0.20980201
0.22467756
0.22279384
0.16835948
0.17024319
0.18323502
0.20807004
0.20583284
0.22919098
0.18378486
0.16042672
0.18154767
0.22309553
0.24734506
0.19393276
0.16968323
0.21119544
0.38460185
0.41923038
0.37682562
0.37206469
0.41446945
0.40669322
0.2753445
0.31007956
0.23697519
0.26607743
0.3391818
0.30081249
0.29795524
0.32489901
0.27946636
0.27957423
0.32500688
0.306518
0.20149769
0.22207531
0.17742271
0.18927324
0.23392584
0.20985086
0.2078414
0.22501171
0.23424946
0.19067109
0.2078414
0.17350078
0.19248322
0.15633047
0.15451834
0.17350078
0.1355359
0.12579121
0.11655346
0.1355359
0.16476999
0.18143335
0.1452806
0.12861724
0.15502529
0.22501171
0.23424946
0.19067109
0.2078414
0.19248322
0.15633047
0.15451834
0.17350078
0.12579121
0.11655346
0.1355359
0.13606273
0.1439449
0.11141988
0.11930206
0.098872822
0.1268765
0.078894865
0.06343825
0.091441928
0.032957607
0.026298288
-4.4812278e-18
0.030480643
0.040839786
0.073947822
0.033108036
-1.8723663e-18
0.034180467
0.12251936
0.14789564
0.099324107
0.1025414
0.11696864
0.076128856
0.058484321
0.084011034
0.025376285
-2.4627483e-18
0.028003678
0.26657211
0.2901796
0.20795874
0.23156623
0.17457433
0.18017224
0.12573787
0.15352437
0.15912228
0.1460784
0.11204139
0.13432247
0.19070503
0.19200741
0.14919802
0.15666803
0.24539681
0.23611918
0.18272978
0.19656036
0.16287213
0.12006274
0.13992039
0.14367024
0.10769101
0.12256655
0.28215035
0.28265192
0.2444943
0.24499588
0.2427204
0.2517428
0.20633668
0.19908818
0.20811059
0.18516919
0.16173688
0.14643356
0.16035255
0.17845761
0.19735256
0.15811535
0.1392204
0.24422512
0.25548472
0.20861216
0.21223641
0.17299921
0.16937495
0.1377731
0.12651349
0.30656405
0.26578788
0.28970001
0.27842401
0.21237558
0.24657448
0.14632716
0.18024514
0.23024566
0.2535504
0.19750782
0.17420308
0.21655804
0.3159615
0.33289771
0.27048661
0.2967481
0.28105429
0.21444403
0.24892384
0.14783378
0.18203267
0.3434877
0.38463815
0.33136927
0.37251972
0.29549323
0.28286132
0.27810039
0.32660834
0.31397643
0.34099429
0.37035536
0.35596941
0.44487987
0.40238732
0.39059794
0.43309049
0.42878459
0.41894458
0.37168414
0.35512688
0.40155173
0.30309855
0.29130917
0.3433375
0.33245962
0.33631601
0.38357645
0.37094454
0.19555461
0.13476859
0.17618918
0.19157155
0.12772152
0.15682375
0.20529142
0.1701408
0.25203356
0.34032437
0.25540885
0.28676862
0.32628049
0.20901924
0.13913356
0.18552317
0.20297086
0.13066734
0.16202711
0.21688294
0.17740947
0.23321287
0.26794794
0.23529181
0.26164939
0.19237535
0.23539968
0.21553861
0.25833897
0.28870103
0.28528273
0.31508075
0.24450434
0.2418962
0.27155598
0.19590152
0.2384779
0.21884081
0.26119322
0.14721989
0.12091958
0.14151854
0.1511224
0.13321551
0.11436279
0.12621332
0.15336907
0.13451635
0.17148001
0.15647117
0.1742644
0.18355055
0.19484202
0.21820404
0.12259677
0.14412021
0.15502492
0.11492185
0.12621332
0.15541168
0.13581719
0.15647117
0.17704879
0.15502529
0.042560798
0.19651852
0.19480885
0.20851414
0.39564754
0.2880785
0.30223662
0.20567427
0.2078414
0.17350078
0.1355359
0.15502529
0.2078414
0.17350078
0.1355359
0.12768239
0.095157375
0.031719125
0.036973911
0.11092173
0.087726481
0.02924216
0.24906917
0.1668483
0.14020043
0.16995153
0.2140633
0.15139626
0.12844451
0.26357311
0.22541549
0.17276087
0.16828648
0.22641864
0.19080568
0.14794422
0.28617597
0.2453998
0.17935137
0.21387674
0.29322406
0.24774916
0.1811389
0.35800371
0.30473483
0.34848185
0.4177389
0.38703573
0.32321803
0.36345698
0.18587189
0.16650647
0.24407637
0.31354649
0.1972712
0.17377514
0.25999075
0.2566961
0.21388751
0.25691184
0.31079937
0.26660269
0.21718971
0.2597661
0.14917115
0.13386593
0.17287221
0.21402745
0.15307366
0.13516677
0.1756566
0.14970955
0.15989764
0.14182126
0.13163318
0.14970955
0.15989764
0.14182126
0.13163318
0.13464912
0.16476999
0.15502529
0.12861724
0.025776279
0.0484534
0.022677121
-5.3591775e-18
0.023990817
0.045271216
0.021280399
-4.1477086e-18
-4.7069621e-18
0.049767097
