MFEM mesh v1.0

#
# MFEM Geometry Types (see mesh/geom.hpp):
#
# POINT       = 0
# SEGMENT     = 1
# TRIANGLE    = 2
# SQUARE      = 3
# TETRAHEDRON = 4
# CUBE        = 5
#

dimension
3

elements
448
1 5 3 129 425 132 137 426 649 429
1 5 4 141 431 144 149 432 650 435
1 5 19 153 437 156 161 438 651 441
1 5 20 165 443 168 173 444 652 447
1 5 5 177 449 180 185 450 653 453
1 5 6 189 455 192 197 456 654 459
1 5 0 201 461 204 209 462 655 465
1 5 30 213 467 130 138 468 656 427
1 5 87 214 471 219 139 469 657 474
1 5 33 131 476 225 140 428 658 478
1 5 38 133 430 136 229 480 659 483
1 5 88 215 470 134 230 484 660 481
1 5 122 216 475 222 231 486 661 490
1 5 91 135 479 227 232 482 662 493
1 5 42 245 495 142 150 496 663 433
1 5 93 246 499 251 151 497 664 502
1 5 31 143 504 217 152 434 665 472
1 5 39 145 436 148 235 506 666 485
1 5 94 247 498 146 256 509 667 507
1 5 123 248 503 254 257 511 668 515
1 5 89 147 505 220 236 508 669 488
1 5 44 250 519 154 162 501 670 439
1 5 98 270 523 276 163 521 671 526
1 5 52 155 528 281 164 440 672 529
1 5 40 157 442 160 240 517 673 533
1 5 96 253 522 158 267 514 674 531
1 5 124 272 527 279 286 536 675 540
1 5 101 159 530 282 287 532 676 543
1 5 51 275 545 166 174 525 677 445
1 5 103 300 549 306 175 547 678 552
1 5 60 167 554 313 176 446 679 556
1 5 57 169 448 172 298 542 680 560
1 5 100 278 548 170 295 539 681 558
1 5 125 302 553 309 320 563 682 567
1 5 106 171 557 315 321 559 683 570
1 5 34 233 487 178 186 572 684 451
1 5 92 234 491 239 187 573 685 577
1 5 37 179 494 243 188 452 686 580
1 5 70 181 454 184 347 582 687 585
1 5 108 333 574 182 348 587 688 583
1 5 126 334 578 337 349 589 689 593
1 5 111 183 581 341 350 584 690 596
1 5 45 258 512 190 198 598 691 457
1 5 97 260 516 265 199 600 692 604
1 5 35 191 518 237 200 458 693 575
1 5 71 193 460 196 354 608 694 588
1 5 113 364 601 194 378 612 695 609
1 5 127 366 605 371 379 614 696 618
1 5 109 195 607 335 355 610 697 591
1 5 79 391 622 202 210 623 698 463
1 5 117 393 627 401 211 625 699 630
1 5 43 203 632 249 212 464 700 500
1 5 48 205 466 208 261 635 701 510
1 5 118 394 626 206 412 639 702 636
1 5 128 396 631 404 413 641 703 645
1 5 95 207 634 252 262 637 704 513
1 5 129 30 130 425 426 138 427 649
1 5 425 130 87 131 649 427 139 428
1 5 132 425 131 33 429 649 428 140
1 5 137 426 649 429 38 133 430 136
1 5 426 138 427 649 133 88 134 430
1 5 649 427 139 428 430 134 122 135
1 5 429 649 428 140 136 430 135 91
1 5 141 42 142 431 432 150 433 650
1 5 431 142 93 143 650 433 151 434
1 5 144 431 143 31 435 650 434 152
1 5 149 432 650 435 39 145 436 148
1 5 432 150 433 650 145 94 146 436
1 5 650 433 151 434 436 146 123 147
1 5 435 650 434 152 148 436 147 89
1 5 153 44 154 437 438 162 439 651
1 5 437 154 98 155 651 439 163 440
1 5 156 437 155 52 441 651 440 164
1 5 161 438 651 441 40 157 442 160
1 5 438 162 439 651 157 96 158 442
1 5 651 439 163 440 442 158 124 159
1 5 441 651 440 164 160 442 159 101
1 5 165 51 166 443 444 174 445 652
1 5 443 166 103 167 652 445 175 446
1 5 168 443 167 60 447 652 446 176
1 5 173 444 652 447 57 169 448 172
1 5 444 174 445 652 169 100 170 448
1 5 652 445 175 446 448 170 125 171
1 5 447 652 446 176 172 448 171 106
1 5 177 34 178 449 450 186 451 653
1 5 449 178 92 179 653 451 187 452
1 5 180 449 179 37 453 653 452 188
1 5 185 450 653 453 70 181 454 184
1 5 450 186 451 653 181 108 182 454
1 5 653 451 187 452 454 182 126 183
1 5 453 653 452 188 184 454 183 111
1 5 189 45 190 455 456 198 457 654
1 5 455 190 97 191 654 457 199 458
1 5 192 455 191 35 459 654 458 200
1 5 197 456 654 459 71 193 460 196
1 5 456 198 457 654 193 113 194 460
1 5 654 457 199 458 460 194 127 195
1 5 459 654 458 200 196 460 195 109
1 5 201 79 202 461 462 210 463 655
1 5 461 202 117 203 655 463 211 464
1 5 204 461 203 43 465 655 464 212
1 5 209 462 655 465 48 205 466 208
1 5 462 210 463 655 205 118 206 466
1 5 655 463 211 464 466 206 128 207
1 5 465 655 464 212 208 466 207 95
1 5 213 4 144 467 468 149 435 656
1 5 467 144 31 214 656 435 152 469
1 5 130 467 214 87 427 656 469 139
1 5 138 468 656 427 88 215 470 134
1 5 468 149 435 656 215 39 148 470
1 5 656 435 152 469 470 148 89 216
1 5 427 656 469 139 134 470 216 122
1 5 214 31 217 471 469 152 472 657
1 5 471 217 19 218 657 472 161 473
1 5 219 471 218 32 474 657 473 223
1 5 139 469 657 474 122 216 475 222
1 5 469 152 472 657 216 89 220 475
1 5 657 472 161 473 475 220 40 221
1 5 474 657 473 223 222 475 221 90
1 5 131 87 219 476 428 139 474 658
1 5 476 219 32 224 658 474 223 477
1 5 225 476 224 18 478 658 477 228
1 5 140 428 658 478 91 135 479 227
1 5 428 139 474 658 135 122 222 479
1 5 658 474 223 477 479 222 90 226
1 5 478 658 477 228 227 479 226 41
1 5 133 88 134 430 480 230 481 659
1 5 430 134 122 135 659 481 231 482
1 5 136 430 135 91 483 659 482 232
1 5 229 480 659 483 5 177 449 180
1 5 480 230 481 659 177 34 178 449
1 5 659 481 231 482 449 178 92 179
1 5 483 659 482 232 180 449 179 37
1 5 215 39 148 470 484 235 485 660
1 5 470 148 89 216 660 485 236 486
1 5 134 470 216 122 481 660 486 231
1 5 230 484 660 481 34 233 487 178
1 5 484 235 485 660 233 6 192 487
1 5 660 485 236 486 487 192 35 234
1 5 481 660 486 231 178 487 234 92
1 5 216 89 220 475 486 236 488 661
1 5 475 220 40 221 661 488 240 489
1 5 222 475 221 90 490 661 489 241
1 5 231 486 661 490 92 234 491 239
1 5 486 236 488 661 234 35 237 491
1 5 661 488 240 489 491 237 23 238
1 5 490 661 489 241 239 491 238 36
1 5 135 122 222 479 482 231 490 662
1 5 479 222 90 226 662 490 241 492
1 5 227 479 226 41 493 662 492 244
1 5 232 482 662 493 37 179 494 243
1 5 482 231 490 662 179 92 239 494
1 5 662 490 241 492 494 239 36 242
1 5 493 662 492 244 243 494 242 22
1 5 245 0 204 495 496 209 465 663
1 5 495 204 43 246 663 465 212 497
1 5 142 495 246 93 433 663 497 151
1 5 150 496 663 433 94 247 498 146
1 5 496 209 465 663 247 48 208 498
1 5 663 465 212 497 498 208 95 248
1 5 433 663 497 151 146 498 248 123
1 5 246 43 249 499 497 212 500 664
1 5 499 249 9 250 664 500 255 501
1 5 251 499 250 44 502 664 501 162
1 5 151 497 664 502 123 248 503 254
1 5 497 212 500 664 248 95 252 503
1 5 664 500 255 501 503 252 49 253
1 5 502 664 501 162 254 503 253 96
1 5 143 93 251 504 434 151 502 665
1 5 504 251 44 153 665 502 162 438
1 5 217 504 153 19 472 665 438 161
1 5 152 434 665 472 89 147 505 220
1 5 434 151 502 665 147 123 254 505
1 5 665 502 162 438 505 254 96 157
1 5 472 665 438 161 220 505 157 40
1 5 145 94 146 436 506 256 507 666
1 5 436 146 123 147 666 507 257 508
1 5 148 436 147 89 485 666 508 236
1 5 235 506 666 485 6 189 455 192
1 5 506 256 507 666 189 45 190 455
1 5 666 507 257 508 455 190 97 191
1 5 485 666 508 236 192 455 191 35
1 5 247 48 208 498 509 261 510 667
1 5 498 208 95 248 667 510 262 511
1 5 146 498 248 123 507 667 511 257
1 5 256 509 667 507 45 258 512 190
1 5 509 261 510 667 258 1 259 512
1 5 667 510 262 511 512 259 46 260
1 5 507 667 511 257 190 512 260 97
1 5 248 95 252 503 511 262 513 668
1 5 503 252 49 253 668 513 266 514
1 5 254 503 253 96 515 668 514 267
1 5 257 511 668 515 97 260 516 265
1 5 511 262 513 668 260 46 263 516
1 5 668 513 266 514 516 263 12 264
1 5 515 668 514 267 265 516 264 47
1 5 147 123 254 505 508 257 515 669
1 5 505 254 96 157 669 515 267 517
1 5 220 505 157 40 488 669 517 240
1 5 236 508 669 488 35 191 518 237
1 5 508 257 515 669 191 97 265 518
1 5 669 515 267 517 518 265 47 268
1 5 488 669 517 240 237 518 268 23
1 5 250 9 269 519 501 255 520 670
1 5 519 269 50 270 670 520 273 521
1 5 154 519 270 98 439 670 521 163
1 5 162 501 670 439 96 253 522 158
1 5 501 255 520 670 253 49 271 522
1 5 670 520 273 521 522 271 99 272
1 5 439 670 521 163 158 522 272 124
1 5 270 50 274 523 521 273 524 671
1 5 523 274 10 275 671 524 280 525
1 5 276 523 275 51 526 671 525 174
1 5 163 521 671 526 124 272 527 279
1 5 521 273 524 671 272 99 277 527
1 5 671 524 280 525 527 277 56 278
1 5 526 671 525 174 279 527 278 100
1 5 155 98 276 528 440 163 526 672
1 5 528 276 51 165 672 526 174 444
1 5 281 528 165 20 529 672 444 173
1 5 164 440 672 529 101 159 530 282
1 5 440 163 526 672 159 124 279 530
1 5 672 526 174 444 530 279 100 169
1 5 529 672 444 173 282 530 169 57
1 5 157 96 158 442 517 267 531 673
1 5 442 158 124 159 673 531 286 532
1 5 160 442 159 101 533 673 532 287
1 5 240 517 673 533 23 268 534 285
1 5 517 267 531 673 268 47 283 534
1 5 673 531 286 532 534 283 102 284
1 5 533 673 532 287 285 534 284 55
1 5 253 49 271 522 514 266 535 674
1 5 522 271 99 272 674 535 290 536
1 5 158 522 272 124 531 674 536 286
1 5 267 514 674 531 47 264 537 283
1 5 514 266 535 674 264 12 288 537
1 5 674 535 290 536 537 288 53 289
1 5 531 674 536 286 283 537 289 102
1 5 272 99 277 527 536 290 538 675
1 5 527 277 56 278 675 538 294 539
1 5 279 527 278 100 540 675 539 295
1 5 286 536 675 540 102 289 541 293
1 5 536 290 538 675 289 53 291 541
1 5 675 538 294 539 541 291 13 292
1 5 540 675 539 295 293 541 292 54
1 5 159 124 279 530 532 286 540 676
1 5 530 279 100 169 676 540 295 542
1 5 282 530 169 57 543 676 542 298
1 5 287 532 676 543 55 284 544 297
1 5 532 286 540 676 284 102 293 544
1 5 676 540 295 542 544 293 54 296
1 5 543 676 542 298 297 544 296 24
1 5 275 10 299 545 525 280 546 677
1 5 545 299 58 300 677 546 303 547
1 5 166 545 300 103 445 677 547 175
1 5 174 525 677 445 100 278 548 170
1 5 525 280 546 677 278 56 301 548
1 5 677 546 303 547 548 301 104 302
1 5 445 677 547 175 170 548 302 125
1 5 300 58 304 549 547 303 550 678
1 5 549 304 11 305 678 550 310 551
1 5 306 549 305 59 552 678 551 311
1 5 175 547 678 552 125 302 553 309
1 5 547 303 550 678 302 104 307 553
1 5 678 550 310 551 553 307 64 308
1 5 552 678 551 311 309 553 308 105
1 5 167 103 306 554 446 175 552 679
1 5 554 306 59 312 679 552 311 555
1 5 313 554 312 21 556 679 555 316
1 5 176 446 679 556 106 171 557 315
1 5 446 175 552 679 171 125 309 557
1 5 679 552 311 555 557 309 105 314
1 5 556 679 555 316 315 557 314 65
1 5 169 100 170 448 542 295 558 680
1 5 448 170 125 171 680 558 320 559
1 5 172 448 171 106 560 680 559 321
1 5 298 542 680 560 24 296 561 319
1 5 542 295 558 680 296 54 317 561
1 5 680 558 320 559 561 317 107 318
1 5 560 680 559 321 319 561 318 63
1 5 278 56 301 548 539 294 562 681
1 5 548 301 104 302 681 562 324 563
1 5 170 548 302 125 558 681 563 320
1 5 295 539 681 558 54 292 564 317
1 5 539 294 562 681 292 13 322 564
1 5 681 562 324 563 564 322 61 323
1 5 558 681 563 320 317 564 323 107
1 5 302 104 307 553 563 324 565 682
1 5 553 307 64 308 682 565 328 566
1 5 309 553 308 105 567 682 566 329
1 5 320 563 682 567 107 323 568 327
1 5 563 324 565 682 323 61 325 568
1 5 682 565 328 566 568 325 14 326
1 5 567 682 566 329 327 568 326 62
1 5 171 125 309 557 559 320 567 683
1 5 557 309 105 314 683 567 329 569
1 5 315 557 314 65 570 683 569 332
1 5 321 559 683 570 63 318 571 331
1 5 559 320 567 683 318 107 327 571
1 5 683 567 329 569 571 327 62 330
1 5 570 683 569 332 331 571 330 25
1 5 233 6 192 487 572 197 459 684
1 5 487 192 35 234 684 459 200 573
1 5 178 487 234 92 451 684 573 187
1 5 186 572 684 451 108 333 574 182
1 5 572 197 459 684 333 71 196 574
1 5 684 459 200 573 574 196 109 334
1 5 451 684 573 187 182 574 334 126
1 5 234 35 237 491 573 200 575 685
1 5 491 237 23 238 685 575 338 576
1 5 239 491 238 36 577 685 576 339
1 5 187 573 685 577 126 334 578 337
1 5 573 200 575 685 334 109 335 578
1 5 685 575 338 576 578 335 72 336
1 5 577 685 576 339 337 578 336 110
1 5 179 92 239 494 452 187 577 686
1 5 494 239 36 242 686 577 339 579
1 5 243 494 242 22 580 686 579 342
1 5 188 452 686 580 111 183 581 341
1 5 452 187 577 686 183 126 337 581
1 5 686 577 339 579 581 337 110 340
1 5 580 686 579 342 341 581 340 73
1 5 181 108 182 454 582 348 583 687
1 5 454 182 126 183 687 583 349 584
1 5 184 454 183 111 585 687 584 350
1 5 347 582 687 585 7 343 586 346
1 5 582 348 583 687 343 66 344 586
1 5 687 583 349 584 586 344 112 345
1 5 585 687 584 350 346 586 345 69
1 5 333 71 196 574 587 354 588 688
1 5 574 196 109 334 688 588 355 589
1 5 182 574 334 126 583 688 589 349
1 5 348 587 688 583 66 351 590 344
1 5 587 354 588 688 351 8 352 590
1 5 688 588 355 589 590 352 67 353
1 5 583 688 589 349 344 590 353 112
1 5 334 109 335 578 589 355 591 689
1 5 578 335 72 336 689 591 359 592
1 5 337 578 336 110 593 689 592 360
1 5 349 589 689 593 112 353 594 358
1 5 589 355 591 689 353 67 356 594
1 5 689 591 359 592 594 356 27 357
1 5 593 689 592 360 358 594 357 68
1 5 183 126 337 581 584 349 593 690
1 5 581 337 110 340 690 593 360 595
1 5 341 581 340 73 596 690 595 363
1 5 350 584 690 596 69 345 597 362
1 5 584 349 593 690 345 112 358 597
1 5 690 593 360 595 597 358 68 361
1 5 596 690 595 363 362 597 361 26
1 5 258 1 259 512 598 367 599 691
1 5 512 259 46 260 691 599 368 600
1 5 190 512 260 97 457 691 600 199
1 5 198 598 691 457 113 364 601 194
1 5 598 367 599 691 364 77 365 601
1 5 691 599 368 600 601 365 114 366
1 5 457 691 600 199 194 601 366 127
1 5 260 46 263 516 600 368 602 692
1 5 516 263 12 264 692 602 372 603
1 5 265 516 264 47 604 692 603 373
1 5 199 600 692 604 127 366 605 371
1 5 600 368 602 692 366 114 369 605
1 5 692 602 372 603 605 369 78 370
1 5 604 692 603 373 371 605 370 115
1 5 191 97 265 518 458 199 604 693
1 5 518 265 47 268 693 604 373 606
1 5 237 518 268 23 575 693 606 338
1 5 200 458 693 575 109 195 607 335
1 5 458 199 604 693 195 127 371 607
1 5 693 604 373 606 607 371 115 374
1 5 575 693 606 338 335 607 374 72
1 5 193 113 194 460 608 378 609 694
1 5 460 194 127 195 694 609 379 610
1 5 196 460 195 109 588 694 610 355
1 5 354 608 694 588 8 375 611 352
1 5 608 378 609 694 375 74 376 611
1 5 694 609 379 610 611 376 116 377
1 5 588 694 610 355 352 611 377 67
1 5 364 77 365 601 612 383 613 695
1 5 601 365 114 366 695 613 384 614
1 5 194 601 366 127 609 695 614 379
1 5 378 612 695 609 74 380 615 376
1 5 612 383 613 695 380 2 381 615
1 5 695 613 384 614 615 381 75 382
1 5 609 695 614 379 376 615 382 116
1 5 366 114 369 605 614 384 616 696
1 5 605 369 78 370 696 616 388 617
1 5 371 605 370 115 618 696 617 389
1 5 379 614 696 618 116 382 619 387
1 5 614 384 616 696 382 75 385 619
1 5 696 616 388 617 619 385 15 386
1 5 618 696 617 389 387 619 386 76
1 5 195 127 371 607 610 379 618 697
1 5 607 371 115 374 697 618 389 620
1 5 335 607 374 72 591 697 620 359
1 5 355 610 697 591 67 377 621 356
1 5 610 379 618 697 377 116 387 621
1 5 697 618 389 620 621 387 76 390
1 5 591 697 620 359 356 621 390 27
1 5 391 16 392 622 623 397 624 698
1 5 622 392 80 393 698 624 398 625
1 5 202 622 393 117 463 698 625 211
1 5 210 623 698 463 118 394 626 206
1 5 623 397 624 698 394 85 395 626
1 5 698 624 398 625 626 395 119 396
1 5 463 698 625 211 206 626 396 128
1 5 393 80 399 627 625 398 628 699
1 5 627 399 28 400 699 628 405 629
1 5 401 627 400 81 630 699 629 406
1 5 211 625 699 630 128 396 631 404
1 5 625 398 628 699 396 119 402 631
1 5 699 628 405 629 631 402 86 403
1 5 630 699 629 406 404 631 403 120
1 5 203 117 401 632 464 211 630 700
1 5 632 401 81 407 700 630 406 633
1 5 249 632 407 9 500 700 633 255
1 5 212 464 700 500 95 207 634 252
1 5 464 211 630 700 207 128 404 634
1 5 700 630 406 633 634 404 120 408
1 5 500 700 633 255 252 634 408 49
1 5 205 118 206 466 635 412 636 701
1 5 466 206 128 207 701 636 413 637
1 5 208 466 207 95 510 701 637 262
1 5 261 635 701 510 1 409 638 259
1 5 635 412 636 701 409 82 410 638
1 5 701 636 413 637 638 410 121 411
1 5 510 701 637 262 259 638 411 46
1 5 394 85 395 626 639 417 640 702
1 5 626 395 119 396 702 640 418 641
1 5 206 626 396 128 636 702 641 413
1 5 412 639 702 636 82 414 642 410
1 5 639 417 640 702 414 17 415 642
1 5 702 640 418 641 642 415 83 416
1 5 636 702 641 413 410 642 416 121
1 5 396 119 402 631 641 418 643 703
1 5 631 402 86 403 703 643 422 644
1 5 404 631 403 120 645 703 644 423
1 5 413 641 703 645 121 416 646 421
1 5 641 418 643 703 416 83 419 646
1 5 703 643 422 644 646 419 29 420
1 5 645 703 644 423 421 646 420 84
1 5 207 128 404 634 637 413 645 704
1 5 634 404 120 408 704 645 423 647
1 5 252 634 408 49 513 704 647 266
1 5 262 637 704 513 46 411 648 263
1 5 637 413 645 704 411 121 421 648
1 5 704 645 423 647 648 421 84 424
1 5 513 704 647 266 263 648 424 12

boundary
448
1 3 3 129 426 137
1 3 4 141 432 149
1 3 5 177 450 185
1 3 6 189 456 197
1 3 0 201 462 209
1 3 30 213 468 138
1 3 88 215 484 230
1 3 38 133 480 229
1 3 42 245 496 150
1 3 94 247 509 256
1 3 39 145 506 235
1 3 34 233 572 186
1 3 108 333 587 348
1 3 70 181 582 347
1 3 45 258 598 198
1 3 113 364 612 378
1 3 71 193 608 354
1 3 79 391 623 210
1 3 118 394 639 412
1 3 48 205 635 261
1 3 129 30 138 426
1 3 426 138 88 133
1 3 137 426 133 38
1 3 141 42 150 432
1 3 432 150 94 145
1 3 149 432 145 39
1 3 177 34 186 450
1 3 450 186 108 181
1 3 185 450 181 70
1 3 189 45 198 456
1 3 456 198 113 193
1 3 197 456 193 71
1 3 201 79 210 462
1 3 462 210 118 205
1 3 209 462 205 48
1 3 213 4 149 468
1 3 468 149 39 215
1 3 138 468 215 88
1 3 215 39 235 484
1 3 484 235 6 233
1 3 230 484 233 34
1 3 133 88 230 480
1 3 480 230 34 177
1 3 229 480 177 5
1 3 245 0 209 496
1 3 496 209 48 247
1 3 150 496 247 94
1 3 247 48 261 509
1 3 509 261 1 258
1 3 256 509 258 45
1 3 145 94 256 506
1 3 506 256 45 189
1 3 235 506 189 6
1 3 233 6 197 572
1 3 572 197 71 333
1 3 186 572 333 108
1 3 333 71 354 587
1 3 587 354 8 351
1 3 348 587 351 66
1 3 181 108 348 582
1 3 582 348 66 343
1 3 347 582 343 7
1 3 258 1 367 598
1 3 598 367 77 364
1 3 198 598 364 113
1 3 364 77 383 612
1 3 612 383 2 380
1 3 378 612 380 74
1 3 193 113 378 608
1 3 608 378 74 375
1 3 354 608 375 8
1 3 391 16 397 623
1 3 623 397 85 394
1 3 210 623 394 118
1 3 394 85 417 639
1 3 639 417 17 414
1 3 412 639 414 82
1 3 205 118 412 635
1 3 635 412 82 409
1 3 261 635 409 1
57 3 132 425 129 3
57 3 144 431 141 4
57 3 156 437 153 19
57 3 168 443 165 20
57 3 132 3 137 429
57 3 19 218 473 161
57 3 156 19 161 441
57 3 9 269 520 255
57 3 23 268 534 285
57 3 168 20 173 447
57 3 10 299 546 280
57 3 11 305 551 310
57 3 24 296 561 319
57 3 180 5 185 453
57 3 23 238 576 338
57 3 7 343 586 346
57 3 1 259 599 367
57 3 12 264 603 372
57 3 8 375 611 352
57 3 204 461 201 0
57 3 16 392 624 397
57 3 28 400 629 405
57 3 1 409 638 259
57 3 130 467 213 30
57 3 219 471 214 87
57 3 225 476 131 33
57 3 154 519 250 44
57 3 276 523 270 98
57 3 281 528 155 52
57 3 166 545 275 51
57 3 306 549 300 103
57 3 313 554 167 60
57 3 32 224 477 223
57 3 90 226 492 241
57 3 40 221 489 240
57 3 281 52 164 529
57 3 282 101 287 543
57 3 160 40 240 533
57 3 142 495 245 42
57 3 251 499 246 93
57 3 217 504 143 31
57 3 202 622 391 79
57 3 401 627 393 117
57 3 249 632 203 43
57 3 225 33 140 478
57 3 227 91 232 493
57 3 136 38 229 483
57 3 50 274 524 273
57 3 99 277 538 290
57 3 49 271 535 266
57 3 80 399 628 398
57 3 119 402 643 418
57 3 85 395 640 417
57 3 81 407 633 406
57 3 120 408 647 423
57 3 86 403 644 422
57 3 47 264 537 283
57 3 102 289 541 293
57 3 55 284 544 297
57 3 47 268 606 373
57 3 115 374 620 389
57 3 78 370 617 388
57 3 74 380 615 376
57 3 116 382 619 387
57 3 67 377 621 356
57 3 313 60 176 556
57 3 315 106 321 570
57 3 172 57 298 560
57 3 58 304 550 303
57 3 104 307 565 324
57 3 56 301 562 294
57 3 59 312 555 311
57 3 105 314 569 329
57 3 64 308 566 328
57 3 54 292 564 317
57 3 107 323 568 327
57 3 63 318 571 331
57 3 243 37 188 580
57 3 341 111 350 596
57 3 184 70 347 585
57 3 36 242 579 339
57 3 110 340 595 360
57 3 72 336 592 359
57 3 66 351 590 344
57 3 112 353 594 358
57 3 69 345 597 362
57 3 46 263 602 368
57 3 114 369 616 384
57 3 77 365 613 383
57 3 82 414 642 410
57 3 121 416 646 421
57 3 46 411 648 263
57 3 425 130 30 129
57 3 131 87 130 425
57 3 33 131 425 132
57 3 437 154 44 153
57 3 155 98 154 437
57 3 52 155 437 156
57 3 443 166 51 165
57 3 167 103 166 443
57 3 60 167 443 168
57 3 218 32 223 473
57 3 473 223 90 221
57 3 161 473 221 40
57 3 52 156 441 164
57 3 164 441 160 101
57 3 441 161 40 160
57 3 467 144 4 213
57 3 214 31 144 467
57 3 87 214 467 130
57 3 471 217 31 214
57 3 218 19 217 471
57 3 32 218 471 219
57 3 476 219 87 131
57 3 224 32 219 476
57 3 18 224 476 225
57 3 519 269 9 250
57 3 270 50 269 519
57 3 98 270 519 154
57 3 523 274 50 270
57 3 275 10 274 523
57 3 51 275 523 276
57 3 528 276 98 155
57 3 165 51 276 528
57 3 20 165 528 281
57 3 545 299 10 275
57 3 300 58 299 545
57 3 103 300 545 166
57 3 549 304 58 300
57 3 305 11 304 549
57 3 59 305 549 306
57 3 554 306 103 167
57 3 312 59 306 554
57 3 21 312 554 313
57 3 224 18 228 477
57 3 477 228 41 226
57 3 223 477 226 90
57 3 226 41 244 492
57 3 492 244 22 242
57 3 241 492 242 36
57 3 221 90 241 489
57 3 489 241 36 238
57 3 240 489 238 23
57 3 20 281 529 173
57 3 173 529 282 57
57 3 529 164 101 282
57 3 57 282 543 298
57 3 298 543 297 24
57 3 543 287 55 297
57 3 101 160 533 287
57 3 287 533 285 55
57 3 533 240 23 285
57 3 431 142 42 141
57 3 143 93 142 431
57 3 31 143 431 144
57 3 461 202 79 201
57 3 203 117 202 461
57 3 43 203 461 204
57 3 495 204 0 245
57 3 246 43 204 495
57 3 93 246 495 142
57 3 499 249 43 246
57 3 250 9 249 499
57 3 44 250 499 251
57 3 504 251 93 143
57 3 153 44 251 504
57 3 19 153 504 217
57 3 622 392 16 391
57 3 393 80 392 622
57 3 117 393 622 202
57 3 627 399 80 393
57 3 400 28 399 627
57 3 81 400 627 401
57 3 632 401 117 203
57 3 407 81 401 632
57 3 9 407 632 249
57 3 33 132 429 140
57 3 140 429 136 91
57 3 429 137 38 136
57 3 18 225 478 228
57 3 228 478 227 41
57 3 478 140 91 227
57 3 41 227 493 244
57 3 244 493 243 22
57 3 493 232 37 243
57 3 91 136 483 232
57 3 232 483 180 37
57 3 483 229 5 180
57 3 269 50 273 520
57 3 520 273 99 271
57 3 255 520 271 49
57 3 392 80 398 624
57 3 624 398 119 395
57 3 397 624 395 85
57 3 400 81 406 629
57 3 629 406 120 403
57 3 405 629 403 86
57 3 274 10 280 524
57 3 524 280 56 277
57 3 273 524 277 99
57 3 277 56 294 538
57 3 538 294 13 291
57 3 290 538 291 53
57 3 271 99 290 535
57 3 535 290 53 288
57 3 266 535 288 12
57 3 399 28 405 628
57 3 628 405 86 402
57 3 398 628 402 119
57 3 402 86 422 643
57 3 643 422 29 419
57 3 418 643 419 83
57 3 395 119 418 640
57 3 640 418 83 415
57 3 417 640 415 17
57 3 407 9 255 633
57 3 633 255 49 408
57 3 406 633 408 120
57 3 408 49 266 647
57 3 647 266 12 424
57 3 423 647 424 84
57 3 403 120 423 644
57 3 644 423 84 420
57 3 422 644 420 29
57 3 268 47 283 534
57 3 534 283 102 284
57 3 285 534 284 55
57 3 264 47 373 603
57 3 603 373 115 370
57 3 372 603 370 78
57 3 375 74 376 611
57 3 611 376 116 377
57 3 352 611 377 67
57 3 264 12 288 537
57 3 537 288 53 289
57 3 283 537 289 102
57 3 289 53 291 541
57 3 541 291 13 292
57 3 293 541 292 54
57 3 284 102 293 544
57 3 544 293 54 296
57 3 297 544 296 24
57 3 268 23 338 606
57 3 606 338 72 374
57 3 373 606 374 115
57 3 374 72 359 620
57 3 620 359 27 390
57 3 389 620 390 76
57 3 370 115 389 617
57 3 617 389 76 386
57 3 388 617 386 15
57 3 380 2 381 615
57 3 615 381 75 382
57 3 376 615 382 116
57 3 382 75 385 619
57 3 619 385 15 386
57 3 387 619 386 76
57 3 377 116 387 621
57 3 621 387 76 390
57 3 356 621 390 27
57 3 60 168 447 176
57 3 176 447 172 106
57 3 447 173 57 172
57 3 21 313 556 316
57 3 316 556 315 65
57 3 556 176 106 315
57 3 65 315 570 332
57 3 332 570 331 25
57 3 570 321 63 331
57 3 106 172 560 321
57 3 321 560 319 63
57 3 560 298 24 319
57 3 299 58 303 546
57 3 546 303 104 301
57 3 280 546 301 56
57 3 305 59 311 551
57 3 551 311 105 308
57 3 310 551 308 64
57 3 304 11 310 550
57 3 550 310 64 307
57 3 303 550 307 104
57 3 307 64 328 565
57 3 565 328 14 325
57 3 324 565 325 61
57 3 301 104 324 562
57 3 562 324 61 322
57 3 294 562 322 13
57 3 312 21 316 555
57 3 555 316 65 314
57 3 311 555 314 105
57 3 314 65 332 569
57 3 569 332 25 330
57 3 329 569 330 62
57 3 308 105 329 566
57 3 566 329 62 326
57 3 328 566 326 14
57 3 296 54 317 561
57 3 561 317 107 318
57 3 319 561 318 63
57 3 292 13 322 564
57 3 564 322 61 323
57 3 317 564 323 107
57 3 323 61 325 568
57 3 568 325 14 326
57 3 327 568 326 62
57 3 318 107 327 571
57 3 571 327 62 330
57 3 331 571 330 25
57 3 37 180 453 188
57 3 188 453 184 111
57 3 453 185 70 184
57 3 238 36 339 576
57 3 576 339 110 336
57 3 338 576 336 72
57 3 22 243 580 342
57 3 342 580 341 73
57 3 580 188 111 341
57 3 73 341 596 363
57 3 363 596 362 26
57 3 596 350 69 362
57 3 111 184 585 350
57 3 350 585 346 69
57 3 585 347 7 346
57 3 242 22 342 579
57 3 579 342 73 340
57 3 339 579 340 110
57 3 340 73 363 595
57 3 595 363 26 361
57 3 360 595 361 68
57 3 336 110 360 592
57 3 592 360 68 357
57 3 359 592 357 27
57 3 343 66 344 586
57 3 586 344 112 345
57 3 346 586 345 69
57 3 351 8 352 590
57 3 590 352 67 353
57 3 344 590 353 112
57 3 353 67 356 594
57 3 594 356 27 357
57 3 358 594 357 68
57 3 345 112 358 597
57 3 597 358 68 361
57 3 362 597 361 26
57 3 259 46 368 599
57 3 599 368 114 365
57 3 367 599 365 77
57 3 409 82 410 638
57 3 638 410 121 411
57 3 259 638 411 46
57 3 263 12 372 602
57 3 602 372 78 369
57 3 368 602 369 114
57 3 369 78 388 616
57 3 616 388 15 385
57 3 384 616 385 75
57 3 365 114 384 613
57 3 613 384 75 381
57 3 383 613 381 2
57 3 414 17 415 642
57 3 642 415 83 416
57 3 410 642 416 121
57 3 416 83 419 646
57 3 646 419 29 420
57 3 421 646 420 84
57 3 411 121 421 648
57 3 648 421 84 424
57 3 263 648 424 12

vertices
705

nodes
FiniteElementSpace
FiniteElementCollection: H1_3D_P2
VDim: 3
Ordering: 0

0.67220951
0.70710678
0.67220951
-4.7704896e-18
0.37298049
1.0842022e-18
0.39717735
-1.3010426e-18
0.37298049
0.56955658
0.46850803
0.36407998
0.59296204
0.48293061
0.37107077
0.56955658
0.80820096
0.8867
6.169788e-18
0.30721416
0.2473562
0.19040097
1.2624179e-17
0.3224644
0.25605782
0.19444247
5.9089018e-18
0.30721416
0.60844596
0.66119981
0.18649024
0.34009732
0.15360708
6.9964921e-19
0.19858867
0.35982088
0.1612322
6.8541906e-18
-1.8431437e-18
0.38507892
0.31483928
9.3969835e-18
0.522595
0.62088304
0.43838537
0.55214206
0.65003441
0.45771322
0.68965815
0.58125931
0.5190323
0.35793211
0.27728518
0.53794633
0.36949421
0.28926111
0.47571932
0.25170701
0.416294
0.27724048
0.21887858
0.42700069
0.28275662
0.22525015
0.36757538
0.19242172
0.18649024
0.34009732
0.15360708
2.3039296e-18
-1.0842022e-19
0.38507892
0.31483928
9.2665404e-18
0.522595
0.62088304
0.43838537
0.68965815
0.58125931
0.74020524
0.70832346
0.58900127
0.79690339
0.7739499
0.62708092
0.84745048
0.63482288
0.17004866
0.19253946
0.3499591
0.15741964
3.7769199e-18
0.17991044
0.48049018
0.53736853
0.63545873
0.44804929
0.50492764
0.39815874
0.52848931
0.36371316
0.28327314
0.41360372
0.31758629
0.42164735
0.27999855
0.22206436
0.32612542
0.19253946
0.3499591
0.15741964
4.5790601e-18
0.17004866
0.53736853
0.63545873
0.44804929
0.48049018
0.66460325
0.76855431
0.74113668
0.6080411
0.71199216
0.17497955
0.49270891
0.40588123
0.32185586
0.17497955
0.49270891
0.6882977
0.093245122
0.17826945
0.08502433
-2.0354202e-18
0.096269729
0.1837595
0.087489775
9.6688811e-19
-3.3068166e-18
0.18951485
0.1725141
2.2382846e-18
0.44778774
0.50154259
0.41029375
0.3565389
0.46122372
0.51503872
0.42133401
0.36751901
0.3790297
0.52998177
0.48659955
0.34502821
0.37279976
0.41827205
0.33772196
0.29224967
0.38144429
0.42696526
0.34457719
0.29905621
0.31102672
0.44321733
0.40201998
0.28027916
0.30264415
0.3377592
0.26823244
0.23311739
0.30771008
0.34278451
0.27196011
0.23688569
0.2495316
0.36082264
0.31972108
0.22047147
0.099294337
0.18924956
0.089955219
3.9691964e-18
0.096269729
0.1837595
0.087489775
2.2353199e-18
4.8789098e-19
0.19556407
0.17744499
5.7166254e-18
0.47465971
0.52853485
0.43237426
0.37849911
0.46122372
0.51503872
0.42133401
0.36751901
0.39112813
0.5447553
0.49881828
0.35488999
0.70620738
0.70240425
0.64274315
0.64654628
0.72910623
0.72842601
0.66187822
0.66255844
0.68093383
0.75437978
0.67645048
0.62817089
0.27973537
0.25507299
0.28880919
0.26246932
0.32365574
0.23041062
0.16182787
0.33239919
0.23612946
0.16619959
0.15551336
0.076803539
3.4347186e-18
0.07870982
6.5869517e-18
7.7833858e-18
-3.7947076e-19
0.19556407
0.17744499
5.3155553e-18
0.29788301
0.26986566
0.39112813
0.35488999
0.34114264
0.2418483
0.17057132
0.31865184
0.15932592
0.080616101
9.7391848e-18
1.1010581e-17
0.59740226
0.55068661
0.61351334
0.56408382
0.59521981
0.50397097
0.45943777
0.60835902
0.5146543
0.4703791
0.57540794
0.5447553
0.49881828
0.62962442
0.6785706
0.57748103
0.69838246
0.64274657
0.62149823
0.52533763
0.48132043
0.58711068
0.45288126
0.39008881
0.54429444
0.45859552
0.55487431
0.46718527
0.52376081
0.49377016
0.41322007
0.37804542
0.50210432
0.41971624
0.3847972
0.47211367
0.26232069
0.26749008
0.43565847
0.35143241
0.30586276
0.40974247
0.28626713
0.56545418
0.47577502
0.53321782
0.51043847
0.42621241
0.39154897
0.47932497
0.36660369
0.31277602
0.27265946
0.25388241
0.44240102
0.36694015
0.44868333
0.3717516
0.41897068
0.39018699
0.32066023
0.29741339
0.39461136
0.32378696
0.3009272
0.36582768
0.27861951
0.23382072
0.20463978
0.23621014
0.20724304
0.19141135
0.34780982
0.27568778
0.24065398
0.32399064
0.22365726
0.45496565
0.37656306
0.42432402
0.39903573
0.3269137
0.30444102
0.36932308
0.28137759
0.23859955
0.20984631
0.1934321
0.28880919
0.26246932
0.33239919
0.23612946
0.16619959
0.31865184
0.15932592
0.07870982
6.9228003e-18
1.094536e-17
0.093245122
0.17826945
0.08502433
5.014435e-19
-7.0473141e-19
0.18951485
0.1725141
3.4414949e-18
0.27973537
0.3565389
0.25507299
0.3790297
0.34502821
0.32365574
0.23041062
0.16182787
0.31102672
0.15551336
0.076803539
4.1064157e-18
7.5877211e-18
0.61351334
0.66255844
0.56408382
0.69838246
0.64274657
0.60835902
0.5146543
0.4703791
0.58711068
0.45288126
0.38144429
0.44778774
0.50154259
0.41029375
0.52998177
0.48659955
0.59740226
0.64654628
0.55068661
0.68093383
0.62817089
0.59521981
0.50397097
0.45943777
0.57540794
0.44321733
0.37279976
0.7742031
0.75826221
0.68646336
0.8080024
0.79429358
0.71471719
0.82782572
0.72473007
0.65838471
0.59872361
0.62680226
0.68797978
0.62143199
0.6481694
0.62163442
0.59852118
0.57927892
0.5946502
0.75200509
0.75444777
0.68101328
0.78272885
0.70014493
0.84180169
0.83032495
0.74297103
0.86707524
0.75754329
0.71757485
0.64414037
0.66953654
0.64801134
0.61756101
0.61002148
0.089134726
0.094757426
0.18101448
0.086257052
-5.3426603e-19
0.091879752
0.42904075
0.45450573
0.50829066
0.41581388
0.36202896
0.44127887
0.35526086
0.37712202
0.42261866
0.34114957
0.29565294
0.36301074
0.2854383
0.30517712
0.34027186
0.27009627
0.23500154
0.2898351
0.094624778
0.097782033
0.18650453
0.088722497
3.1022582e-18
0.091879752
0.45351698
0.46794172
0.52178679
0.42685413
0.37300906
0.44127887
0.67447526
0.7176568
0.71541513
0.65231068
0.65455236
0.69549222
0.26740418
0.28427228
0.25877116
0.27563926
0.2427418
0.32802746
0.23327004
0.16401373
0.24929939
0.080913935
0.077756679
5.0108352e-18
0.083099797
0.097782033
0.18650453
0.088722497
2.4680423e-18
0.2933461
0.37300906
0.26616749
0.28387433
0.33677091
0.23898888
0.16838546
0.25585698
0.079662961
8.1630683e-18
0.08528566
0.57404444
0.6054578
0.55738522
0.58879858
0.52732879
0.60178941
0.50931264
0.46490844
0.53936906
0.39154676
0.40138915
0.46794172
0.52178679
0.42685413
0.62156888
0.67056452
0.57078242
0.60355273
0.61492862
0.51999597
0.47584977
0.55140933
0.38576655
0.41123154
0.48128325
0.54958438
0.4628904
0.49091979
0.43590779
0.49793724
0.41646815
0.38142131
0.44345076
0.32018306
0.26490538
0.32614364
0.43131187
0.3480048
0.30245948
0.37076061
0.56016425
0.47148015
0.50055633
0.50627139
0.42296433
0.38817308
0.45099372
0.31024305
0.27007477
0.33210422
0.39008011
0.44554217
0.36934588
0.39573392
0.34380019
0.39239918
0.3222236
0.29917029
0.34776928
0.25102658
0.23501543
0.20594141
0.25408512
0.34529716
0.27382395
0.23876983
0.2942319
0.45182449
0.37415733
0.40138773
0.39682355
0.32535033
0.30268411
0.35173838
0.23740484
0.20854468
0.25714367
0.2933461
0.26616749
0.27563926
0.33677091
0.23898888
0.16838546
0.24929939
0.079662961
8.3309926e-18
0.083099797
0.094757426
0.18101448
0.086257052
1.3683817e-18
0.089134726
0.28427228
0.36202896
0.25877116
0.26740418
0.32802746
0.23327004
0.16401373
0.2427418
0.077756679
5.514608e-18
0.080913935
0.62156888
0.67056452
0.57078242
0.58879858
0.61492862
0.51999597
0.47584977
0.53936906
0.38576655
0.40138915
0.45450573
0.50829066
0.41581388
0.42904075
0.6054578
0.65455236
0.55738522
0.57404444
0.60178941
0.50931264
0.46490844
0.52732879
0.37712202
0.39154676
0.73033323
0.79110275
0.7762779
0.70059028
0.76135979
0.64259349
0.67318225
0.6100778
0.63748583
0.66807459
0.61101104
0.58696456
0.62826421
0.74055566
0.74143689
0.67144575
0.71650918
0.82490204
0.81230926
0.72884411
0.79238636
0.70277732
0.63278618
0.65885297
0.6935557
0.60233584
0.64551738
0.090507239
0.43515981
0.3591358
0.2876367
0.093252265
0.44739792
0.68498374
0.27152172
0.2460206
0.082006866
0.093252265
0.27975679
0.25257819
0.084192729
0.58142151
0.53334893
0.39646795
0.44739792
0.59617565
0.5453892
0.40631034
0.48610152
0.43967928
0.32316335
0.36688568
0.49573806
0.44722224
0.32912393
0.39290702
0.34578474
0.25255585
0.2920335
0.39856083
0.34975383
0.25561439
0.27975679
0.25257819
0.084192729
0.090507239
0.27152172
0.2460206
0.082006866
0.59617565
0.5453892
0.40631034
0.43515981
0.58142151
0.53334893
0.39646795
0.74584651
0.65533404
0.61963762
0.7060007
0.77687308
0.68081514
0.6368908
0.046622561
0.091189924
0.044567363
-3.4029549e-18
0.047378713
0.092632332
0.045253619
-1.9205413e-18
-4.0386531e-18
0.094001274
0.089820983
-1.2848431e-18
0.41038412
0.43841425
0.39278983
0.3647597
0.41676772
0.44483277
0.39859438
0.37052933
0.37600509
0.45114674
0.43210028
0.35928393
0.34000696
0.36403031
0.32375526
0.29973191
0.34407437
0.36812891
0.32739437
0.30333983
0.30912044
0.37496089
0.35719833
0.2939513
0.27500017
0.29404122
0.25927784
0.24023679
0.27735436
0.29640691
0.26131912
0.24226657
0.2484439
0.30391064
0.2865375
0.23405946
0.049647168
0.096959557
0.047312389
2.5266993e-18
0.048891017
0.095517149
0.046626132
1.7950746e-18
7.8604658e-19
0.098538185
0.093938521
3.5357273e-18
0.43591853
0.46408834
0.41600805
0.38783823
0.42953492
0.45766982
0.41020349
0.3820686
0.39415274
0.47130071
0.45045745
0.37575409
0.68920844
0.69034132
0.66051077
0.6593779
0.69929532
0.70132027
0.66976805
0.66774309
0.67657167
0.71193209
0.6797295
0.65054932
0.2331128
0.27356977
0.22283682
0.18237985
0.23689356
0.277897
0.2262681
0.18526466
0.18800255
0.28200382
0.26946295
0.17964197
0.21256083
0.2489074
0.20228484
0.16593826
0.21564263
0.25239588
0.20501716
0.16826392
0.17128138
0.25692207
0.2443812
0.1629208
0.042512165
0.082969132
0.040456967
2.0671839e-18
0.043128526
0.084131959
0.041003433
3.6245599e-18
1.4689669e-18
0.085640691
0.0814604
4.2227769e-18
0.048134865
0.094074741
0.045939876
-4.3812779e-19
0.048891017
0.095517149
0.046626132
1.0442857e-18
-1.1113072e-18
0.097025881
0.092566008
1.7174652e-18
0.24067432
0.28222422
0.22969938
0.18814948
0.24445508
0.28655145
0.23313066
0.1910343
0.19405176
0.29107764
0.27769803
0.18513202
0.21872444
0.25588436
0.20774949
0.17058957
0.22180624
0.25937284
0.21048182
0.17291523
0.17621227
0.26431841
0.25093879
0.16729253
0.043744887
0.085294786
0.041549899
5.1819358e-18
0.044361248
0.086457613
0.042096364
6.7393118e-18
4.5462376e-18
0.088106136
0.083646263
7.37501e-18
0.55999863
0.58572335
0.53779351
0.5120688
0.56771978
0.59343965
0.54485608
0.51913621
0.52628838
0.60143003
0.57773297
0.50491662
0.5155884
0.5390077
0.49338328
0.46996398
0.52199238
0.54536707
0.49912868
0.47575399
0.48354487
0.55403592
0.53033886
0.46217311
0.37519554
0.40092025
0.35760125
0.33187653
0.38042104
0.40614092
0.36224771
0.33652784
0.34256277
0.41305382
0.39400735
0.3258416
0.42315132
0.4512513
0.40439894
0.37629896
0.42953492
0.45766982
0.41020349
0.3820686
0.38810352
0.46458272
0.44433839
0.37026403
0.57544094
0.60115596
0.55191865
0.52620363
0.58316209
0.60887227
0.55898122
0.53327104
0.54106192
0.61754111
0.59248712
0.51841276
0.52839637
0.55172644
0.50487408
0.48154401
0.53480035
0.55808581
0.51061948
0.48733402
0.4957636
0.56743312
0.54237913
0.47311444
0.38564655
0.41136158
0.36689417
0.34117914
0.39087206
0.41658224
0.37154063
0.34583045
0.35242454
0.42409407
0.40384974
0.33458505
0.47117817
0.49262711
0.44977765
0.42832871
0.47626498
0.49770708
0.45436009
0.43291799
0.44080135
0.5066418
0.48369238
0.42044535
0.42837713
0.44725166
0.40697661
0.38810208
0.43245519
0.45128484
0.41055029
0.39172065
0.40008936
0.46074296
0.43779353
0.37973337
0.30750357
0.32895251
0.29125187
0.26980293
0.31071437
0.33215646
0.29403436
0.27259227
0.27878217
0.33943576
0.3216732
0.26361303
0.34814178
0.37222751
0.33103347
0.30694775
0.3522092
0.37632611
0.33467258
0.31055566
0.31674556
0.38360542
0.36494821
0.30075785
0.4813518
0.50278704
0.45894252
0.43750728
0.48643861
0.50786701
0.46352496
0.44209656
0.45046528
0.51732513
0.49332892
0.42913856
0.43653325
0.45531801
0.41412398
0.39533921
0.44061131
0.45935119
0.41769766
0.39895778
0.40781185
0.46933271
0.4453365
0.38648514
0.31392516
0.33536041
0.29681686
0.27538161
0.31713596
0.33856436
0.29959935
0.27817095
0.28477014
0.34629099
0.32763378
0.26878242
0.38557609
0.40165009
0.36391966
0.34784566
0.3886454
0.40468759
0.36658944
0.35054725
0.35937737
0.41484411
0.39149356
0.33901553
0.34226322
0.35537017
0.32060679
0.30749984
0.34453348
0.35756531
0.32247752
0.30944568
0.31865368
0.36814301
0.34479246
0.29829184
0.24355551
0.25962951
0.22783318
0.21175918
0.24528387
0.26132606
0.22924863
0.21320644
0.21967503
0.26916436
0.25179122
0.20529059
0.27970855
0.29877259
0.26336039
0.24429635
0.28206273
0.30113827
0.26540167
0.24632612
0.25279471
0.30897657
0.2909343
0.23782776
0.3917147
0.40772508
0.36925922
0.35324884
0.39478401
0.41076258
0.371929
0.35595043
0.36515843
0.42134028
0.39714737
0.34404084
0.34680373
0.35976044
0.32434824
0.31139153
0.34907398
0.36195558
0.32621897
0.31333738
0.32292325
0.37295447
0.34876156
0.30180566
0.24701224
0.26302262
0.23066408
0.2146537
0.2487406
0.26471917
0.23207954
0.21610097
0.22286081
0.27289203
0.25484976
0.20789386
0.24823584
0.29087867
0.23656194
0.19391911
0.24445508
0.28655145
0.23313066
0.1910343
0.19707637
0.29561455
0.28181556
0.18787704
0.22488805
0.26286132
0.21321415
0.17524088
0.22180624
0.25937284
0.21048182
0.17291523
0.17867772
0.26801657
0.25421758
0.16947839
0.044977609
0.08762044
0.04264283
8.2966877e-18
0.044361248
0.086457613
0.042096364
7.023809e-18
6.285408e-18
0.089338858
0.084739194
9.0350887e-18
0.048134865
0.094074741
0.045939876
1.0634499e-18
0.047378713
0.092632332
0.045253619
3.3182516e-19
-4.0657581e-19
0.095513577
0.091193495
1.8018508e-18
0.24067432
0.28222422
0.22969938
0.18814948
0.23689356
0.277897
0.2262681
0.18526466
0.19102715
0.28654073
0.27358049
0.18238699
0.21872444
0.25588436
0.20774949
0.17058957
0.21564263
0.25239588
0.20501716
0.16826392
0.17374683
0.26062024
0.24765999
0.16510666
0.043744887
0.085294786
0.041549899
5.7509302e-18
0.043128526
0.084131959
0.041003433
4.4780514e-18
4.0102775e-18
0.086873414
0.082553332
6.2187041e-18
0.59088324
0.61658857
0.56604379
0.54033846
0.58316209
0.60887227
0.55898122
0.53327104
0.54844868
0.62559665
0.59986419
0.52516082
0.54120434
0.56444518
0.51636488
0.49312404
0.53480035
0.55808581
0.51061948
0.48733402
0.50187296
0.57413173
0.54839926
0.4785851
0.39609757
0.4218029
0.37618709
0.35048176
0.39087206
0.41658224
0.37154063
0.34583045
0.35735543
0.4296142
0.40877094
0.33895678
0.42315132
0.4512513
0.40439894
0.37629896
0.41676772
0.44483277
0.39859438
0.37052933
0.38205431
0.45786473
0.43821934
0.36477398
0.57544094
0.60115596
0.55191865
0.52620363
0.56771978
0.59343965
0.54485608
0.51913621
0.53367515
0.60948557
0.58511004
0.51166469
0.52839637
0.55172644
0.50487408
0.48154401
0.52199238
0.54536707
0.49912868
0.47575399
0.48965423
0.56073452
0.53635899
0.46764377
0.38564655
0.41136158
0.36689417
0.34117914
0.38042104
0.40614092
0.36224771
0.33652784
0.34749365
0.41857394
0.39892855
0.33021333
0.75720417
0.75226816
0.71636874
0.72130474
0.77274126
0.76847463
0.73063082
0.73489745
0.74729251
0.78265292
0.73808987
0.70890969
0.67553331
0.66452842
0.63469787
0.64570276
0.68852038
0.67796216
0.64640993
0.65696815
0.67052687
0.69352682
0.64896376
0.63214405
0.6318131
0.62687709
0.60311542
0.60805143
0.64024078
0.63597415
0.61071352
0.61498015
0.62452697
0.64752692
0.61532433
0.59850461
0.70938219
0.71229923
0.67902533
0.67610829
0.71946906
0.72327818
0.68828261
0.68447349
0.69402031
0.73483094
