MFEM mesh v1.0

#
# MFEM Geometry Types (see mesh/geom.hpp):
#
# POINT       = 0
# SEGMENT     = 1
# TRIANGLE    = 2
# SQUARE      = 3
# TETRAHEDRON = 4
# CUBE        = 5
#

dimension
3

elements
384
1 5 5 117 381 120 125 382 577 385
1 5 14 129 387 132 137 388 578 391
1 5 15 141 393 144 149 394 579 397
1 5 20 153 399 156 161 400 580 403
1 5 21 165 405 168 173 406 581 409
1 5 24 177 411 180 185 412 582 415
1 5 28 189 417 118 126 418 583 383
1 5 80 191 422 199 127 420 584 425
1 5 31 119 427 206 128 384 585 429
1 5 36 121 386 124 210 431 586 434
1 5 81 192 421 122 211 435 587 432
1 5 111 194 426 202 212 437 588 441
1 5 84 123 430 208 213 433 589 444
1 5 32 214 438 130 138 446 590 389
1 5 85 216 442 221 139 448 591 452
1 5 35 131 445 224 140 390 592 454
1 5 44 133 392 136 240 456 593 459
1 5 86 226 449 134 241 461 594 457
1 5 112 228 453 233 242 463 595 467
1 5 89 135 455 235 243 458 596 470
1 5 34 220 472 142 150 451 597 395
1 5 91 258 476 264 151 474 598 479
1 5 50 143 481 271 152 396 599 483
1 5 47 145 398 148 256 469 600 487
1 5 88 232 475 146 253 466 601 485
1 5 113 260 480 267 278 490 602 494
1 5 94 147 484 273 279 486 603 497
1 5 56 291 499 154 162 500 604 401
1 5 96 292 503 297 163 501 605 506
1 5 59 155 508 304 164 402 606 510
1 5 63 157 404 160 312 512 607 515
1 5 97 293 502 158 313 517 608 513
1 5 114 294 507 300 314 519 609 523
1 5 100 159 511 306 315 514 610 526
1 5 67 327 528 166 174 529 611 407
1 5 102 329 533 337 175 531 612 536
1 5 57 167 538 295 176 408 613 504
1 5 64 169 410 172 318 541 614 518
1 5 103 330 532 170 345 544 615 542
1 5 115 332 537 340 346 546 616 549
1 5 98 171 540 298 319 543 617 521
1 5 72 351 551 178 186 552 618 413
1 5 106 353 556 360 187 554 619 558
1 5 74 179 560 363 188 414 620 561
1 5 78 181 416 184 369 563 621 566
1 5 107 354 555 182 370 568 622 564
1 5 116 356 559 362 371 570 623 573
1 5 109 183 562 364 372 565 624 575
1 5 117 28 118 381 382 126 383 577
1 5 381 118 80 119 577 383 127 384
1 5 120 381 119 31 385 577 384 128
1 5 125 382 577 385 36 121 386 124
1 5 382 126 383 577 121 81 122 386
1 5 577 383 127 384 386 122 111 123
1 5 385 577 384 128 124 386 123 84
1 5 129 32 130 387 388 138 389 578
1 5 387 130 85 131 578 389 139 390
1 5 132 387 131 35 391 578 390 140
1 5 137 388 578 391 44 133 392 136
1 5 388 138 389 578 133 86 134 392
1 5 578 389 139 390 392 134 112 135
1 5 391 578 390 140 136 392 135 89
1 5 141 34 142 393 394 150 395 579
1 5 393 142 91 143 579 395 151 396
1 5 144 393 143 50 397 579 396 152
1 5 149 394 579 397 47 145 398 148
1 5 394 150 395 579 145 88 146 398
1 5 579 395 151 396 398 146 113 147
1 5 397 579 396 152 148 398 147 94
1 5 153 56 154 399 400 162 401 580
1 5 399 154 96 155 580 401 163 402
1 5 156 399 155 59 403 580 402 164
1 5 161 400 580 403 63 157 404 160
1 5 400 162 401 580 157 97 158 404
1 5 580 401 163 402 404 158 114 159
1 5 403 580 402 164 160 404 159 100
1 5 165 67 166 405 406 174 407 581
1 5 405 166 102 167 581 407 175 408
1 5 168 405 167 57 409 581 408 176
1 5 173 406 581 409 64 169 410 172
1 5 406 174 407 581 169 103 170 410
1 5 581 407 175 408 410 170 115 171
1 5 409 581 408 176 172 410 171 98
1 5 177 72 178 411 412 186 413 582
1 5 411 178 106 179 582 413 187 414
1 5 180 411 179 74 415 582 414 188
1 5 185 412 582 415 78 181 416 184
1 5 412 186 413 582 181 107 182 416
1 5 582 413 187 414 416 182 116 183
1 5 415 582 414 188 184 416 183 109
1 5 189 0 190 417 418 195 419 583
1 5 417 190 29 191 583 419 196 420
1 5 118 417 191 80 383 583 420 127
1 5 126 418 583 383 81 192 421 122
1 5 418 195 419 583 192 37 193 421
1 5 583 419 196 420 421 193 82 194
1 5 383 583 420 127 122 421 194 111
1 5 191 29 197 422 420 196 423 584
1 5 422 197 1 198 584 423 203 424
1 5 199 422 198 30 425 584 424 204
1 5 127 420 584 425 111 194 426 202
1 5 420 196 423 584 194 82 200 426
1 5 584 423 203 424 426 200 38 201
1 5 425 584 424 204 202 426 201 83
1 5 119 80 199 427 384 127 425 585
1 5 427 199 30 205 585 425 204 428
1 5 206 427 205 3 429 585 428 209
1 5 128 384 585 429 84 123 430 208
1 5 384 127 425 585 123 111 202 430
1 5 585 425 204 428 430 202 83 207
1 5 429 585 428 209 208 430 207 39
1 5 121 81 122 386 431 211 432 586
1 5 386 122 111 123 586 432 212 433
1 5 124 386 123 84 434 586 433 213
1 5 210 431 586 434 14 129 387 132
1 5 431 211 432 586 129 32 130 387
1 5 586 432 212 433 387 130 85 131
1 5 434 586 433 213 132 387 131 35
1 5 192 37 193 421 435 217 436 587
1 5 421 193 82 194 587 436 218 437
1 5 122 421 194 111 432 587 437 212
1 5 211 435 587 432 32 214 438 130
1 5 435 217 436 587 214 6 215 438
1 5 587 436 218 437 438 215 33 216
1 5 432 587 437 212 130 438 216 85
1 5 194 82 200 426 437 218 439 588
1 5 426 200 38 201 588 439 222 440
1 5 202 426 201 83 441 588 440 223
1 5 212 437 588 441 85 216 442 221
1 5 437 218 439 588 216 33 219 442
1 5 588 439 222 440 442 219 7 220
1 5 441 588 440 223 221 442 220 34
1 5 123 111 202 430 433 212 441 589
1 5 430 202 83 207 589 441 223 443
1 5 208 430 207 39 444 589 443 225
1 5 213 433 589 444 35 131 445 224
1 5 433 212 441 589 131 85 221 445
1 5 589 441 223 443 445 221 34 141
1 5 444 589 443 225 224 445 141 15
1 5 214 6 215 438 446 229 447 590
1 5 438 215 33 216 590 447 230 448
1 5 130 438 216 85 389 590 448 139
1 5 138 446 590 389 86 226 449 134
1 5 446 229 447 590 226 45 227 449
1 5 590 447 230 448 449 227 87 228
1 5 389 590 448 139 134 449 228 112
1 5 216 33 219 442 448 230 450 591
1 5 442 219 7 220 591 450 234 451
1 5 221 442 220 34 452 591 451 150
1 5 139 448 591 452 112 228 453 233
1 5 448 230 450 591 228 87 231 453
1 5 591 450 234 451 453 231 46 232
1 5 452 591 451 150 233 453 232 88
1 5 131 85 221 445 390 139 452 592
1 5 445 221 34 141 592 452 150 394
1 5 224 445 141 15 454 592 394 149
1 5 140 390 592 454 89 135 455 235
1 5 390 139 452 592 135 112 233 455
1 5 592 452 150 394 455 233 88 145
1 5 454 592 394 149 235 455 145 47
1 5 133 86 134 392 456 241 457 593
1 5 392 134 112 135 593 457 242 458
1 5 136 392 135 89 459 593 458 243
1 5 240 456 593 459 17 236 460 239
1 5 456 241 457 593 236 40 237 460
1 5 593 457 242 458 460 237 90 238
1 5 459 593 458 243 239 460 238 43
1 5 226 45 227 449 461 247 462 594
1 5 449 227 87 228 594 462 248 463
1 5 134 449 228 112 457 594 463 242
1 5 241 461 594 457 40 244 464 237
1 5 461 247 462 594 244 9 245 464
1 5 594 462 248 463 464 245 41 246
1 5 457 594 463 242 237 464 246 90
1 5 228 87 231 453 463 248 465 595
1 5 453 231 46 232 595 465 252 466
1 5 233 453 232 88 467 595 466 253
1 5 242 463 595 467 90 246 468 251
1 5 463 248 465 595 246 41 249 468
1 5 595 465 252 466 468 249 10 250
1 5 467 595 466 253 251 468 250 42
1 5 135 112 233 455 458 242 467 596
1 5 455 233 88 145 596 467 253 469
1 5 235 455 145 47 470 596 469 256
1 5 243 458 596 470 43 238 471 255
1 5 458 242 467 596 238 90 251 471
1 5 596 467 253 469 471 251 42 254
1 5 470 596 469 256 255 471 254 18
1 5 220 7 257 472 451 234 473 597
1 5 472 257 48 258 597 473 261 474
1 5 142 472 258 91 395 597 474 151
1 5 150 451 597 395 88 232 475 146
1 5 451 234 473 597 232 46 259 475
1 5 597 473 261 474 475 259 92 260
1 5 395 597 474 151 146 475 260 113
1 5 258 48 262 476 474 261 477 598
1 5 476 262 8 263 598 477 268 478
1 5 264 476 263 49 479 598 478 269
1 5 151 474 598 479 113 260 480 267
1 5 474 261 477 598 260 92 265 480
1 5 598 477 268 478 480 265 54 266
1 5 479 598 478 269 267 480 266 93
1 5 143 91 264 481 396 151 479 599
1 5 481 264 49 270 599 479 269 482
1 5 271 481 270 16 483 599 482 274
1 5 152 396 599 483 94 147 484 273
1 5 396 151 479 599 147 113 267 484
1 5 599 479 269 482 484 267 93 272
1 5 483 599 482 274 273 484 272 55
1 5 145 88 146 398 469 253 485 600
1 5 398 146 113 147 600 485 278 486
1 5 148 398 147 94 487 600 486 279
1 5 256 469 600 487 18 254 488 277
1 5 469 253 485 600 254 42 275 488
1 5 600 485 278 486 488 275 95 276
1 5 487 600 486 279 277 488 276 53
1 5 232 46 259 475 466 252 489 601
1 5 475 259 92 260 601 489 282 490
1 5 146 475 260 113 485 601 490 278
1 5 253 466 601 485 42 250 491 275
1 5 466 252 489 601 250 10 280 491
1 5 601 489 282 490 491 280 51 281
1 5 485 601 490 278 275 491 281 95
1 5 260 92 265 480 490 282 492 602
1 5 480 265 54 266 602 492 286 493
1 5 267 480 266 93 494 602 493 287
1 5 278 490 602 494 95 281 495 285
1 5 490 282 492 602 281 51 283 495
1 5 602 492 286 493 495 283 11 284
1 5 494 602 493 287 285 495 284 52
1 5 147 113 267 484 486 278 494 603
1 5 484 267 93 272 603 494 287 496
1 5 273 484 272 55 497 603 496 290
1 5 279 486 603 497 53 276 498 289
1 5 486 278 494 603 276 95 285 498
1 5 603 494 287 496 498 285 52 288
1 5 497 603 496 290 289 498 288 19
1 5 291 21 168 499 500 173 409 604
1 5 499 168 57 292 604 409 176 501
1 5 154 499 292 96 401 604 501 163
1 5 162 500 604 401 97 293 502 158
1 5 500 173 409 604 293 64 172 502
1 5 604 409 176 501 502 172 98 294
1 5 401 604 501 163 158 502 294 114
1 5 292 57 295 503 501 176 504 605
1 5 503 295 23 296 605 504 301 505
1 5 297 503 296 58 506 605 505 302
1 5 163 501 605 506 114 294 507 300
1 5 501 176 504 605 294 98 298 507
1 5 605 504 301 505 507 298 65 299
1 5 506 605 505 302 300 507 299 99
1 5 155 96 297 508 402 163 506 606
1 5 508 297 58 303 606 506 302 509
1 5 304 508 303 22 510 606 509 307
1 5 164 402 606 510 100 159 511 306
1 5 402 163 506 606 159 114 300 511
1 5 606 506 302 509 511 300 99 305
1 5 510 606 509 307 306 511 305 66
1 5 157 97 158 404 512 313 513 607
1 5 404 158 114 159 607 513 314 514
1 5 160 404 159 100 515 607 514 315
1 5 312 512 607 515 4 308 516 311
1 5 512 313 513 607 308 60 309 516
1 5 607 513 314 514 516 309 101 310
1 5 515 607 514 315 311 516 310 62
1 5 293 64 172 502 517 318 518 608
1 5 502 172 98 294 608 518 319 519
1 5 158 502 294 114 513 608 519 314
1 5 313 517 608 513 60 316 520 309
1 5 517 318 518 608 316 5 120 520
1 5 608 518 319 519 520 120 31 317
1 5 513 608 519 314 309 520 317 101
1 5 294 98 298 507 519 319 521 609
1 5 507 298 65 299 609 521 322 522
1 5 300 507 299 99 523 609 522 323
1 5 314 519 609 523 101 317 524 321
1 5 519 319 521 609 317 31 206 524
1 5 609 521 322 522 524 206 3 320
1 5 523 609 522 323 321 524 320 61
1 5 159 114 300 511 514 314 523 610
1 5 511 300 99 305 610 523 323 525
1 5 306 511 305 66 526 610 525 326
1 5 315 514 610 526 62 310 527 325
1 5 514 314 523 610 310 101 321 527
1 5 610 523 323 525 527 321 61 324
1 5 526 610 525 326 325 527 324 2
1 5 327 12 328 528 529 333 530 611
1 5 528 328 68 329 611 530 334 531
1 5 166 528 329 102 407 611 531 175
1 5 174 529 611 407 103 330 532 170
1 5 529 333 530 611 330 70 331 532
1 5 611 530 334 531 532 331 104 332
1 5 407 611 531 175 170 532 332 115
1 5 329 68 335 533 531 334 534 612
1 5 533 335 13 336 612 534 341 535
1 5 337 533 336 69 536 612 535 342
1 5 175 531 612 536 115 332 537 340
1 5 531 334 534 612 332 104 338 537
1 5 612 534 341 535 537 338 71 339
1 5 536 612 535 342 340 537 339 105
1 5 167 102 337 538 408 175 536 613
1 5 538 337 69 343 613 536 342 539
1 5 295 538 343 23 504 613 539 301
1 5 176 408 613 504 98 171 540 298
1 5 408 175 536 613 171 115 340 540
1 5 613 536 342 539 540 340 105 344
1 5 504 613 539 301 298 540 344 65
1 5 169 103 170 410 541 345 542 614
1 5 410 170 115 171 614 542 346 543
1 5 172 410 171 98 518 614 543 319
1 5 318 541 614 518 5 117 381 120
1 5 541 345 542 614 117 28 118 381
1 5 614 542 346 543 381 118 80 119
1 5 518 614 543 319 120 381 119 31
1 5 330 70 331 532 544 347 545 615
1 5 532 331 104 332 615 545 348 546
1 5 170 532 332 115 542 615 546 346
1 5 345 544 615 542 28 189 417 118
1 5 544 347 545 615 189 0 190 417
1 5 615 545 348 546 417 190 29 191
1 5 542 615 546 346 118 417 191 80
1 5 332 104 338 537 546 348 547 616
1 5 537 338 71 339 616 547 349 548
1 5 340 537 339 105 549 616 548 350
1 5 346 546 616 549 80 191 422 199
1 5 546 348 547 616 191 29 197 422
1 5 616 547 349 548 422 197 1 198
1 5 549 616 548 350 199 422 198 30
1 5 171 115 340 540 543 346 549 617
1 5 540 340 105 344 617 549 350 550
1 5 298 540 344 65 521 617 550 322
1 5 319 543 617 521 31 119 427 206
1 5 543 346 549 617 119 80 199 427
1 5 617 549 350 550 427 199 30 205
1 5 521 617 550 322 206 427 205 3
1 5 351 25 352 551 552 357 553 618
1 5 551 352 73 353 618 553 358 554
1 5 178 551 353 106 413 618 554 187
1 5 186 552 618 413 107 354 555 182
1 5 552 357 553 618 354 79 355 555
1 5 618 553 358 554 555 355 108 356
1 5 413 618 554 187 182 555 356 116
1 5 353 73 359 556 554 358 557 619
1 5 556 359 8 262 619 557 268 477
1 5 360 556 262 48 558 619 477 261
1 5 187 554 619 558 116 356 559 362
1 5 554 358 557 619 356 108 361 559
1 5 619 557 268 477 559 361 54 265
1 5 558 619 477 261 362 559 265 92
1 5 179 106 360 560 414 187 558 620
1 5 560 360 48 257 620 558 261 473
1 5 363 560 257 7 561 620 473 234
1 5 188 414 620 561 109 183 562 364
1 5 414 187 558 620 183 116 362 562
1 5 620 558 261 473 562 362 92 259
1 5 561 620 473 234 364 562 259 46
1 5 181 107 182 416 563 370 564 621
1 5 416 182 116 183 621 564 371 565
1 5 184 416 183 109 566 621 565 372
1 5 369 563 621 566 26 365 567 368
1 5 563 370 564 621 365 75 366 567
1 5 621 564 371 565 567 366 110 367
1 5 566 621 565 372 368 567 367 77
1 5 354 79 355 555 568 376 569 622
1 5 555 355 108 356 622 569 377 570
1 5 182 555 356 116 564 622 570 371
1 5 370 568 622 564 75 373 571 366
1 5 568 376 569 622 373 27 374 571
1 5 622 569 377 570 571 374 76 375
1 5 564 622 570 371 366 571 375 110
1 5 356 108 361 559 570 377 572 623
1 5 559 361 54 265 623 572 286 492
1 5 362 559 265 92 573 623 492 282
1 5 371 570 623 573 110 375 574 379
1 5 570 377 572 623 375 76 378 574
1 5 623 572 286 492 574 378 11 283
1 5 573 623 492 282 379 574 283 51
1 5 183 116 362 562 565 371 573 624
1 5 562 362 92 259 624 573 282 489
1 5 364 562 259 46 575 624 489 252
1 5 372 565 624 575 77 367 576 380
1 5 565 371 573 624 367 110 379 576
1 5 624 573 282 489 576 379 51 280
1 5 575 624 489 252 380 576 280 10

boundary
416
40 3 189 0 195 418
40 3 325 527 324 2
40 3 120 5 125 385
40 3 0 190 419 195
40 3 1 198 424 203
40 3 144 393 141 15
40 3 214 6 229 446
40 3 132 14 137 391
40 3 6 215 447 229
40 3 17 236 460 239
40 3 144 15 149 397
40 3 8 263 478 268
40 3 18 254 488 277
40 3 156 399 153 20
40 3 168 405 165 21
40 3 291 21 173 500
40 3 327 12 333 529
40 3 156 20 161 403
40 3 23 296 505 301
40 3 12 328 530 333
40 3 13 336 535 341
40 3 180 411 177 24
40 3 351 25 357 552
40 3 180 24 185 415
40 3 25 352 553 357
40 3 26 365 567 368
40 3 117 28 126 382
40 3 121 81 211 431
40 3 192 37 217 435
40 3 29 197 423 196
40 3 82 200 439 218
40 3 37 193 436 217
40 3 154 499 291 56
40 3 297 503 292 96
40 3 304 508 155 59
40 3 166 528 327 67
40 3 337 533 329 102
40 3 295 538 167 57
40 3 165 67 174 406
40 3 169 103 345 541
40 3 330 70 347 544
40 3 68 335 534 334
40 3 104 338 547 348
40 3 70 331 545 347
40 3 321 524 320 61
40 3 309 520 317 101
40 3 311 516 310 62
40 3 206 31 128 429
40 3 208 84 213 444
40 3 124 36 210 434
40 3 224 35 140 454
40 3 235 89 243 470
40 3 136 44 240 459
40 3 40 244 464 237
40 3 90 246 468 251
40 3 43 238 471 255
40 3 271 50 152 483
40 3 273 94 279 497
40 3 148 47 256 487
40 3 30 205 428 204
40 3 83 207 443 223
40 3 38 201 440 222
40 3 142 472 220 34
40 3 264 476 258 91
40 3 271 481 143 50
40 3 178 551 351 72
40 3 360 556 353 106
40 3 363 560 179 74
40 3 129 32 138 388
40 3 133 86 241 456
40 3 226 45 247 461
40 3 33 219 450 230
40 3 87 231 465 248
40 3 45 227 462 247
40 3 177 72 186 412
40 3 181 107 370 563
40 3 354 79 376 568
40 3 363 74 188 561
40 3 364 109 372 575
40 3 184 78 369 566
40 3 49 270 482 269
40 3 93 272 496 287
40 3 54 266 493 286
40 3 73 359 557 358
40 3 108 361 572 377
40 3 79 355 569 376
40 3 42 250 491 275
40 3 95 281 495 285
40 3 53 276 498 289
40 3 153 56 162 400
40 3 157 97 313 512
40 3 293 64 318 517
40 3 304 59 164 510
40 3 306 100 315 526
40 3 160 63 312 515
40 3 58 303 509 302
40 3 99 305 525 323
40 3 65 299 522 322
40 3 69 343 539 342
40 3 105 344 550 350
40 3 71 339 548 349
40 3 75 373 571 366
40 3 110 375 574 379
40 3 77 367 576 380
40 3 28 189 418 126
40 3 126 418 192 81
40 3 418 195 37 192
40 3 190 29 196 419
40 3 419 196 82 193
40 3 195 419 193 37
40 3 399 154 56 153
40 3 155 96 154 399
40 3 59 155 399 156
40 3 405 166 67 165
40 3 167 102 166 405
40 3 57 167 405 168
40 3 67 327 529 174
40 3 174 529 330 103
40 3 529 333 70 330
40 3 328 68 334 530
40 3 530 334 104 331
40 3 333 530 331 70
40 3 5 117 382 125
40 3 125 382 121 36
40 3 382 126 81 121
40 3 36 121 431 210
40 3 210 431 129 14
40 3 431 211 32 129
40 3 81 192 435 211
40 3 211 435 214 32
40 3 435 217 6 214
40 3 197 1 203 423
40 3 423 203 38 200
40 3 196 423 200 82
40 3 200 38 222 439
40 3 439 222 7 219
40 3 218 439 219 33
40 3 193 82 218 436
40 3 436 218 33 215
40 3 217 436 215 6
40 3 499 168 21 291
40 3 292 57 168 499
40 3 96 292 499 154
40 3 503 295 57 292
40 3 296 23 295 503
40 3 58 296 503 297
40 3 508 297 96 155
40 3 303 58 297 508
40 3 22 303 508 304
40 3 528 328 12 327
40 3 329 68 328 528
40 3 102 329 528 166
40 3 533 335 68 329
40 3 336 13 335 533
40 3 69 336 533 337
40 3 538 337 102 167
40 3 343 69 337 538
40 3 23 343 538 295
40 3 21 165 406 173
40 3 173 406 169 64
40 3 406 174 103 169
40 3 64 169 541 318
40 3 318 541 117 5
40 3 541 345 28 117
40 3 103 330 544 345
40 3 345 544 189 28
40 3 544 347 0 189
40 3 335 13 341 534
40 3 534 341 71 338
40 3 334 534 338 104
40 3 338 71 349 547
40 3 547 349 1 197
40 3 348 547 197 29
40 3 331 104 348 545
40 3 545 348 29 190
40 3 347 545 190 0
40 3 527 321 61 324
40 3 310 101 321 527
40 3 62 310 527 325
40 3 31 120 385 128
40 3 128 385 124 84
40 3 385 125 36 124
40 3 35 132 391 140
40 3 140 391 136 89
40 3 391 137 44 136
40 3 236 40 237 460
40 3 460 237 90 238
40 3 239 460 238 43
40 3 50 144 397 152
40 3 152 397 148 94
40 3 397 149 47 148
40 3 524 206 3 320
40 3 317 31 206 524
40 3 101 317 524 321
40 3 520 120 31 317
40 3 316 5 120 520
40 3 60 316 520 309
40 3 516 309 101 310
40 3 308 60 309 516
40 3 4 308 516 311
40 3 3 206 429 209
40 3 209 429 208 39
40 3 429 128 84 208
40 3 39 208 444 225
40 3 225 444 224 15
40 3 444 213 35 224
40 3 84 124 434 213
40 3 213 434 132 35
40 3 434 210 14 132
40 3 15 224 454 149
40 3 149 454 235 47
40 3 454 140 89 235
40 3 47 235 470 256
40 3 256 470 255 18
40 3 470 243 43 255
40 3 89 136 459 243
40 3 243 459 239 43
40 3 459 240 17 239
40 3 244 9 245 464
40 3 464 245 41 246
40 3 237 464 246 90
40 3 246 41 249 468
40 3 468 249 10 250
40 3 251 468 250 42
40 3 238 90 251 471
40 3 471 251 42 254
40 3 255 471 254 18
40 3 16 271 483 274
40 3 274 483 273 55
40 3 483 152 94 273
40 3 55 273 497 290
40 3 290 497 289 19
40 3 497 279 53 289
40 3 94 148 487 279
40 3 279 487 277 53
40 3 487 256 18 277
40 3 198 30 204 424
40 3 424 204 83 201
40 3 203 424 201 38
40 3 393 142 34 141
40 3 143 91 142 393
40 3 50 143 393 144
40 3 411 178 72 177
40 3 179 106 178 411
40 3 74 179 411 180
40 3 205 3 209 428
40 3 428 209 39 207
40 3 204 428 207 83
40 3 207 39 225 443
40 3 443 225 15 141
40 3 223 443 141 34
40 3 201 83 223 440
40 3 440 223 34 220
40 3 222 440 220 7
40 3 472 257 7 220
40 3 258 48 257 472
40 3 91 258 472 142
40 3 476 262 48 258
40 3 263 8 262 476
40 3 49 263 476 264
40 3 481 264 91 143
40 3 270 49 264 481
40 3 16 270 481 271
40 3 551 352 25 351
40 3 353 73 352 551
40 3 106 353 551 178
40 3 556 359 73 353
40 3 262 8 359 556
40 3 48 262 556 360
40 3 560 360 106 179
40 3 257 48 360 560
40 3 7 257 560 363
40 3 32 214 446 138
40 3 138 446 226 86
40 3 446 229 45 226
40 3 215 33 230 447
40 3 447 230 87 227
40 3 229 447 227 45
40 3 72 351 552 186
40 3 186 552 354 107
40 3 552 357 79 354
40 3 74 180 415 188
40 3 188 415 184 109
40 3 415 185 78 184
40 3 14 129 388 137
40 3 137 388 133 44
40 3 388 138 86 133
40 3 44 133 456 240
40 3 240 456 236 17
40 3 456 241 40 236
40 3 86 226 461 241
40 3 241 461 244 40
40 3 461 247 9 244
40 3 219 7 234 450
40 3 450 234 46 231
40 3 230 450 231 87
40 3 231 46 252 465
40 3 465 252 10 249
40 3 248 465 249 41
40 3 227 87 248 462
40 3 462 248 41 245
40 3 247 462 245 9
40 3 24 177 412 185
40 3 185 412 181 78
40 3 412 186 107 181
40 3 78 181 563 369
40 3 369 563 365 26
40 3 563 370 75 365
40 3 107 354 568 370
40 3 370 568 373 75
40 3 568 376 27 373
40 3 7 363 561 234
40 3 234 561 364 46
40 3 561 188 109 364
40 3 46 364 575 252
40 3 252 575 380 10
40 3 575 372 77 380
40 3 109 184 566 372
40 3 372 566 368 77
40 3 566 369 26 368
40 3 263 49 269 478
40 3 478 269 93 266
40 3 268 478 266 54
40 3 352 73 358 553
40 3 553 358 108 355
40 3 357 553 355 79
40 3 270 16 274 482
40 3 482 274 55 272
40 3 269 482 272 93
40 3 272 55 290 496
40 3 496 290 19 288
40 3 287 496 288 52
40 3 266 93 287 493
40 3 493 287 52 284
40 3 286 493 284 11
40 3 359 8 268 557
40 3 557 268 54 361
40 3 358 557 361 108
40 3 361 54 286 572
40 3 572 286 11 378
40 3 377 572 378 76
40 3 355 108 377 569
40 3 569 377 76 374
40 3 376 569 374 27
40 3 254 42 275 488
40 3 488 275 95 276
40 3 277 488 276 53
40 3 250 10 280 491
40 3 491 280 51 281
40 3 275 491 281 95
40 3 281 51 283 495
40 3 495 283 11 284
40 3 285 495 284 52
40 3 276 95 285 498
40 3 498 285 52 288
40 3 289 498 288 19
40 3 56 291 500 162
40 3 162 500 293 97
40 3 500 173 64 293
40 3 20 153 400 161
40 3 161 400 157 63
40 3 400 162 97 157
40 3 63 157 512 312
40 3 312 512 308 4
40 3 512 313 60 308
40 3 97 293 517 313
40 3 313 517 316 60
40 3 517 318 5 316
40 3 59 156 403 164
40 3 164 403 160 100
40 3 403 161 63 160
40 3 296 58 302 505
40 3 505 302 99 299
40 3 301 505 299 65
40 3 22 304 510 307
40 3 307 510 306 66
40 3 510 164 100 306
40 3 66 306 526 326
40 3 326 526 325 2
40 3 526 315 62 325
40 3 100 160 515 315
40 3 315 515 311 62
40 3 515 312 4 311
40 3 303 22 307 509
40 3 509 307 66 305
40 3 302 509 305 99
40 3 305 66 326 525
40 3 525 326 2 324
40 3 323 525 324 61
40 3 299 99 323 522
40 3 522 323 61 320
40 3 322 522 320 3
40 3 336 69 342 535
40 3 535 342 105 339
40 3 341 535 339 71
40 3 343 23 301 539
40 3 539 301 65 344
40 3 342 539 344 105
40 3 344 65 322 550
40 3 550 322 3 205
40 3 350 550 205 30
40 3 339 105 350 548
40 3 548 350 30 198
40 3 349 548 198 1
40 3 365 75 366 567
40 3 567 366 110 367
40 3 368 567 367 77
40 3 373 27 374 571
40 3 571 374 76 375
40 3 366 571 375 110
40 3 375 76 378 574
40 3 574 378 11 283
40 3 379 574 283 51
40 3 367 110 379 576
40 3 576 379 51 280
40 3 380 576 280 10

vertices
625

nodes
FiniteElementSpace
FiniteElementCollection: H1_3D_P2
VDim: 3
Ordering: 0

0.1716001
0.11108439
-1.9515639e-18
0.093042196
-2.1684043e-18
0.11052157
0.1716001
0.11108439
0.1716001
0.1716001
0.11108439
0.1716001
0.24764874
0.12307986
0.11052157
0.093042196
0.11052157
0.11052157
0.093042196
0.11052157
-3.2526065e-19
0.14907545
-1.8295912e-18
0.099661134
0.12755235
0.27585809
0.12909499
0.28596008
0.14106084
0.14134225
0.10206329
0.10178189
0.14106084
0.14134225
0.10206329
0.10178189
0.11052157
0.1716001
0.11108439
0.093042196
0.14106084
0.14134225
0.10206329
0.10178189
0.11052157
0.1716001
0.11108439
0.093042196
0.14134225
0.14106084
0.10178189
0.14134225
0.14106084
0.10178189
0.1716001
0.11052157
0.074537724
0.12436829
0.049830567
-1.0774259e-18
0.055260787
0.046521098
-2.0599841e-18
-1.2468325e-18
0.12979851
0.096351665
-1.8905775e-18
0.1983621
0.1853643
0.11137049
0.20962442
0.11708212
0.20170522
0.2237291
0.11931837
0.20752753
0.22878009
0.12008969
0.12832367
0.28090909
0.12156207
0.14106084
0.14134225
0.10206329
0.10178189
0.12156207
0.14106084
0.14134225
0.10206329
0.10178189
0.12156207
0.12156207
0.14134225
0.14106084
0.10178189
0.12156207
0.062184145
0.064899255
0.11307509
0.048175833
-1.568705e-18
0.050890943
0.1548663
0.16971147
0.16335327
0.10671689
0.17152373
0.20461638
0.22625459
0.11970403
0.17443489
0.12156207
0.12156207
0.12156207
0.056537544
0.13821418
0.17297931
0.12579121
0.13131145
0.11167198
0.10615173
0.12579121
0.13131145
0.11167198
0.10615173
0.11052157
0.14106084
0.12156207
0.10178189
0.12579121
0.13131145
0.11167198
0.10615173
0.12579121
0.13131145
0.11167198
0.10615173
0.11052157
0.14106084
0.12156207
0.10178189
0.097552745
0.11181268
0.11167198
0.097412041
0.097552745
0.11181268
0.11167198
0.097412041
0.093042196
0.10206329
0.12156207
0.10178189
0.037268862
0.068360935
0.031092073
-7.0134328e-19
0.032449628
0.0607184
0.028268772
-1.4077688e-18
-7.8604658e-19
0.06971849
0.059360845
-1.3230655e-18
0.17371877
0.1766142
0.13961729
0.13672187
0.14975499
0.15396282
0.12564463
0.1214368
0.13943698
0.18403678
0.14654024
0.11872169
0.16462878
0.18661448
0.14542105
0.12343536
0.16647002
0.18879784
0.14634167
0.12401385
0.12793801
0.2031608
0.17225152
0.1195112
0.15633047
0.15647117
0.13145216
0.15633047
0.15647117
0.13145216
0.1716001
0.14134225
0.12621332
0.10657384
0.11181268
0.12621332
0.10657384
0.11181268
0.11108439
0.10206329
0.097552745
0.097412041
0.097552745
0.097412041
0.093042196
0.11052157
0.14106084
0.12156207
0.10178189
0.15633047
0.15647117
0.13145216
0.1716001
0.14134225
0.12621332
0.10657384
0.11181268
0.11108439
0.10206329
0.097412041
0.093042196
0.15633047
0.15647117
0.13145216
0.1716001
0.14134225
0.12621332
0.10657384
0.11181268
0.11108439
0.097412041
0.12579121
0.13131145
0.11167198
0.10615173
0.11052157
0.14106084
0.12156207
0.10178189
0.15633047
0.15647117
0.13145216
0.1716001
0.14134225
0.12621332
0.10657384
0.11181268
0.11108439
0.10206329
0.097552745
0.097412041
0.093042196
0.12621332
0.13145216
0.12621332
0.13145216
0.14134225
0.15647117
0.15633047
0.13131145
0.15647117
0.15633047
0.13131145
0.1716001
0.14106084
0.12579121
0.10615173
0.12579121
0.10615173
0.11052157
0.11181268
0.11167198
0.097412041
0.12156207
0.10178189
0.12621332
0.13145216
0.14134225
0.15647117
0.15633047
0.13131145
0.1716001
0.14106084
0.12579121
0.10615173
0.11052157
0.11180659
0.093276218
0.097348883
0.084806316
0.11201471
0.074745851
0.056007356
0.10471338
0.072263749
0.052356688
0.0980064
0.0490032
0.024915284
-1.4535085e-18
0.024087916
-1.7296413e-18
-1.8600844e-18
0.027630394
0.053075865
0.025445471
-2.1141942e-18
-1.7076184e-18
0.060080021
0.053714243
-1.8143446e-18
0.082891181
0.076336414
0.12016004
0.10742849
0.069781647
0.04870602
0.09469693
0.047348465
0.023260549
-2.005774e-18
-1.9210707e-18
0.22300542
0.21650652
0.1701153
0.18966794
0.18648885
0.15078373
0.22863658
0.17435879
0.15422208
0.11722517
0.13311839
0.1402177
0.11189951
0.12246554
0.12008099
0.10904369
0.10551581
0.10153428
0.15538615
0.12988812
0.19061226
0.15234776
0.11408326
0.10439009
0.23878166
0.2497936
0.19762642
0.24276273
0.25358184
0.19961695
0.27838359
0.22499185
0.1976646
0.15643299
0.19892735
0.15716078
0.11520138
0.11539421
0.16831126
0.19098121
0.14726229
0.12459234
0.12870933
0.20607195
0.1737071
0.11989686
0.2467438
0.25737008
0.20160749
0.28343458
0.22751734
0.2001901
0.15788857
0.11558704
0.11873159
0.12579121
0.13131145
0.11167198
0.10615173
0.11873159
0.11873159
0.12579121
0.13131145
0.11167198
0.10615173
0.11873159
0.10461236
0.097552745
0.11181268
0.11167198
0.097412041
0.10461236
0.034180467
0.034859245
0.064539667
0.029680422
-1.054556e-18
0.0303592
0.15666803
0.16173688
0.16528851
0.13263096
0.12907933
0.13769981
0.15502492
0.1655494
0.18770616
0.14588136
0.1237246
0.15640585
0.14389131
0.15633047
0.15647117
0.13145216
0.14389131
0.119013
0.12621332
0.10657384
0.11181268
0.119013
0.10461236
0.097552745
0.097412041
0.10461236
0.12579121
0.13131145
0.11167198
0.10615173
0.15633047
0.15647117
0.13145216
0.14389131
0.12621332
0.10657384
0.11181268
0.119013
0.097552745
0.097412041
0.10461236
0.15633047
0.15647117
0.13145216
0.14389131
0.12621332
0.10657384
0.11181268
0.119013
0.097412041
0.10461236
0.12579121
0.13131145
0.11167198
0.10615173
0.11873159
0.15633047
0.15647117
0.13145216
0.14389131
0.12621332
0.10657384
0.11181268
0.119013
0.097552745
0.097412041
0.10461236
0.119013
0.12621332
0.13145216
0.119013
0.14389131
0.15647117
0.15633047
0.13131145
0.14389131
0.11873159
0.12579121
0.10615173
0.11873159
0.11181268
0.11167198
0.097412041
0.10461236
0.12621332
0.13145216
0.119013
0.15647117
0.15633047
0.13131145
0.14389131
0.12579121
0.10615173
0.11873159
0.1025414
0.10457773
0.089041267
0.0910776
0.084011034
0.10836404
0.0735048
0.054182022
0.078535032
0.028003678
0.0245016
-1.5915749e-18
0.026178344
0.030040011
0.056897132
0.026857122
-1.7609815e-18
0.026537932
0.090120032
0.11379426
0.080571365
0.079613797
0.10106271
0.071022698
0.050531354
0.07305903
0.023674233
-1.8677076e-18
0.02435301
0.19656036
0.20633668
0.20149769
0.16044951
0.17022584
0.14367024
0.14721989
0.11456234
0.12779197
0.13134162
0.12256655
0.10352505
0.11358946
0.1377731
0.14263714
0.1186583
0.17299921
0.17148001
0.14111794
0.13321551
0.10923668
0.11713911
0.099543512
0.21820404
0.24077219
0.25168772
0.19862168
0.22118984
0.17704879
0.19829597
0.15679688
0.17804406
0.13581719
0.1152978
0.13627749
0.16739064
0.18988953
0.14680198
0.12430309
0.15778677
0.24475327
0.25547596
0.20061222
0.22417565
0.19955872
0.15752467
0.17903933
0.11549063
0.1367378
0.11873159
0.11873159
0.10461236
0.032269834
0.14718392
0.15571538
0.14389131
0.119013
0.10461236
0.11873159
0.14389131
0.119013
0.10461236
0.14389131
0.119013
0.10461236
0.11873159
0.14389131
0.119013
0.10461236
0.119013
0.14389131
0.11873159
0.10461236
0.119013
0.14389131
0.11873159
0.096809501
0.081273033
0.027091011
0.028448566
0.085345698
0.075797031
0.025265677
0.1833931
0.13750593
0.11807801
0.1282157
0.15705857
0.12517731
0.10910091
0.21969694
0.17754643
0.13604734
0.15709631
0.22268274
0.1785417
0.13650765
0.11815639
0.1222614
0.11244166
0.10833665
0.11815639
0.1222614
0.11244166
0.10833665
0.11052157
0.12579121
0.11873159
0.10615173
0.11815639
0.1222614
0.11244166
0.10833665
0.11815639
0.1222614
0.11244166
0.10833665
0.11052157
0.12579121
0.11873159
0.10615173
0.09529747
0.10108255
0.1010122
0.095227118
0.09529747
0.10108255
0.1010122
0.095227118
0.093042196
0.097552745
0.10461236
0.097412041
0.018634431
0.035724665
0.017090234
-5.1330197e-19
0.017429622
0.033564539
0.016134917
-9.203013e-19
-5.5565361e-19
0.036064053
0.03322515
-8.7794965e-19
0.16139711
0.1651934
0.14669495
0.14289866
0.15058693
0.1544604
0.13813163
0.13425816
0.14425621
0.16772783
0.15192598
0.1329006
0.14609056
0.15982685
0.13923014
0.12549385
0.1467437
0.16063239
0.13971999
0.1258313
0.12774518
0.16508909
0.15537015
0.12357998
0.14869565
0.15011089
0.13760138
0.13618614
0.14869565
0.15011089
0.13760138
0.13618614
0.14106084
0.15633047
0.14389131
0.13131145
0.12650711
0.12523258
0.11541284
0.11668737
0.12650711
0.12523258
0.11541284
0.11668737
0.12156207
0.13145216
0.119013
0.11181268
0.10672693
0.10814217
0.1010122
0.099596963
0.10672693
0.10814217
0.1010122
0.099596963
0.10178189
0.11167198
0.10461236
0.097412041
0.11815639
0.1222614
0.11244166
0.10833665
0.11815639
0.1222614
0.11244166
0.10833665
0.11052157
0.12579121
0.11873159
0.10615173
0.14869565
0.15011089
0.13760138
0.13618614
0.14869565
0.15011089
0.13760138
0.13618614
0.14106084
0.15633047
0.14389131
0.13131145
0.12650711
0.12523258
0.11541284
0.11668737
0.12650711
0.12523258
0.11541284
0.11668737
0.12156207
0.13145216
0.119013
0.11181268
0.10672693
0.10814217
0.1010122
0.099596963
0.10672693
0.10814217
0.1010122
0.099596963
0.10178189
0.11167198
0.10461236
0.097412041
0.14869565
0.15011089
0.13760138
0.13618614
0.14869565
0.15011089
0.13760138
0.13618614
0.14106084
0.15633047
0.14389131
0.13131145
0.12650711
0.12523258
0.11541284
0.11668737
0.12650711
0.12523258
0.11541284
0.11668737
0.12156207
0.13145216
0.119013
0.11181268
0.10672693
0.10814217
0.1010122
0.099596963
0.10672693
0.10814217
0.1010122
0.099596963
0.10178189
0.11167198
0.10461236
0.097412041
0.11815639
0.1222614
0.11244166
0.10833665
0.11815639
0.1222614
0.11244166
0.10833665
0.11052157
0.12579121
0.11873159
0.10615173
0.14869565
0.15011089
0.13760138
0.13618614
0.14869565
0.15011089
0.13760138
0.13618614
0.14106084
0.15633047
0.14389131
0.13131145
0.12650711
0.12523258
0.11541284
0.11668737
0.12650711
0.12523258
0.11541284
0.11668737
0.12156207
0.13145216
0.119013
0.11181268
0.10672693
0.10814217
0.1010122
0.099596963
0.10672693
0.10814217
0.1010122
0.099596963
0.10178189
0.11167198
0.10461236
0.097412041
0.10431857
0.11279342
0.11541284
0.10693799
0.10431857
0.11279342
0.11541284
0.10693799
0.10206329
0.10657384
0.119013
0.11181268
0.12650711
0.13767173
0.13760138
0.12643676
0.12650711
0.13767173
0.13760138
0.12643676
0.12156207
0.13145216
0.14389131
0.13131145
0.10672693
0.11520178
0.11244166
0.10396681
0.10672693
0.11520178
0.11244166
0.10396681
0.10178189
0.11167198
0.11873159
0.10615173
0.09529747
0.10108255
0.1010122
0.095227118
0.09529747
0.10108255
0.1010122
0.095227118
0.093042196
0.097552745
0.10461236
0.097412041
0.10431857
0.11279342
0.11541284
0.10693799
0.10431857
0.11279342
0.11541284
0.10693799
0.10206329
0.10657384
0.119013
0.11181268
0.12650711
0.13767173
0.13760138
0.12643676
0.12650711
0.13767173
0.13760138
0.12643676
0.12156207
0.13145216
0.14389131
0.13131145
0.10672693
0.11520178
0.11244166
0.10396681
0.10672693
0.11520178
0.11244166
0.10396681
0.10178189
0.11167198
0.11873159
0.10615173
0.093172155
0.10717399
0.085451168
0.071449329
0.087148112
0.10069362
0.080674584
0.067129078
0.072128107
0.10819216
0.099675451
0.066450301
0.077730182
0.088643626
0.070009195
0.059095751
0.074201056
0.08515715
0.067727528
0.056771433
0.060772495
0.091158743
0.082642034
0.055094689
0.015546036
0.029547875
0.014001839
-1.2654672e-18
0.014840211
0.028385717
0.013545506
-1.4573202e-18
-1.2002457e-18
0.030386248
0.027547345
-1.5225417e-18
0.016224814
0.031404414
0.0151796
-1.3273006e-18
0.015020005
0.029244288
0.014224283
-1.7343e-18
-1.4772255e-18
0.031244819
0.029403883
-1.5843751e-18
0.081124069
0.094213241
0.075898
0.062808828
0.075100027
0.087732865
0.071121415
0.058488577
0.062489638
0.093734458
0.088211649
0.058807766
0.07067193
0.081670674
0.06544586
0.054447116
0.067142804
0.078184198
0.063164193
0.052122799
0.055125894
0.08268884
0.077166032
0.051444021
0.014134386
0.027223558
0.013089172
-1.6491731e-18
0.013428561
0.026061399
0.012632839
-1.8410261e-18
-1.6915248e-18
0.027562947
0.025722011
-1.7986745e-18
0.21068376
0.20978289
0.18658728
0.18748815
0.19518673
0.19486489
0.1743408
0.17466265
0.19119944
0.21467105
0.18997673
0.17095135
0.1624908
0.15689277
0.13839432
0.14399235
0.15349488
0.14897772
0.13264895
0.1371661
0.15070327
0.1652824
0.14058808
0.13045518
0.13199279
0.13109192
0.11729063
0.1181915
0.12567633
0.12535448
0.11322102
0.11354287
0.12154499
0.13612413
0.12032228
0.11018938
0.13977675
0.1437274
0.12956831
0.12561766
0.12896657
0.1329944
0.12100498
0.11697715
0.12497928
0.14376404
0.13295776
0.11761553
0.17968971
0.17994689
0.16209433
0.16183715
0.16419268
0.16502889
0.14984786
0.14901165
0.16254881
0.18133358
0.16364221
0.14829998
0.14449895
0.14106267
0.12690358
0.13033986
0.13550303
0.13314763
0.12115821
0.12351362
0.13405115
0.14595083
0.12825946
0.11980232
0.11935986
0.11961705
0.10915142
0.10889423
0.1130434
0.11387961
0.10508181
0.1042456
0.11025179
0.12215147
0.11134518
0.10288804
0.22024344
0.22849285
0.20240926
0.19415985
0.2219665
0.23023457
0.20370155
0.19543348
0.20243301
0.23977693
0.21895049
0.18716032
0.18457507
0.18733761
0.16674089
0.16397836
0.1854366
0.18808406
0.16717166
0.1645242
0.17188763
0.19812405
0.17729761
0.15661494
0.13236971
0.14061912
0.12550928
0.11725987
0.13269628
0.14096435
0.12567257
0.1174045
0.11941478
0.14565121
0.13593226
0.11524959
0.14739684
0.16143793
0.14020985
0.12616876
0.14804998
0.16224348
0.1406997
0.12650621
0.1285165
0.16693033
0.15675108
0.12415847
0.22368955
0.23197629
0.20499384
0.19670711
0.22541261
0.23371801
0.20628614
0.19798074
0.20534417
0.243758
0.22193629
0.18934369
0.18629813
0.18883051
0.16760242
0.16507005
0.18715966
0.18957696
0.16803319
0.16561589
0.17334321
0.20011459
0.17829288
0.15734273
0.13302285
0.14130958
0.12583585
0.11754912
0.13334942
0.14165481
0.12599914
0.11769374
0.11980044
0.14657183
0.13639257
0.11544242
0.13342602
0.12502152
0.13342602
0.12502152
0.12643676
0.11661702
0.11520178
0.12643676
0.11661702
0.11520178
0.10396681
0.10396681
0.11052157
0.12579121
0.11873159
0.10615173
0.13342602
0.12502152
0.14106084
0.13131145
0.12643676
0.11661702
0.11520178
0.12156207
0.11167198
0.10396681
0.10178189
0.13342602
0.12502152
0.13342602
0.12502152
0.12643676
0.11661702
0.11520178
0.12643676
0.11661702
0.11520178
0.10396681
0.10396681
0.11052157
0.12579121
0.11873159
0.10615173
0.13342602
0.12502152
0.14106084
0.13131145
0.12643676
0.11661702
0.11520178
0.12156207
0.11167198
0.10396681
0.10178189
0.099808019
0.10821252
0.099808019
0.10821252
0.11668737
0.11661702
0.10814217
0.11668737
0.11661702
0.10814217
0.099596963
0.099596963
0.093042196
0.097552745
0.10461236
0.097412041
0.099808019
0.10821252
0.10206329
0.11181268
0.11668737
0.11661702
0.10814217
0.12156207
0.11167198
0.099596963
0.10178189
0.055903293
0.051270701
0.052288867
0.04840475
0.06527254
0.046638109
0.03263627
0.061950256
0.044520634
0.030975128
-8.8938459e-19
-1.1888107e-18
-1.0164395e-18
0.033654436
0.031314517
-1.2311624e-18
0.048674442
0.0455388
0.067308873
0.062629033
0.058627972
0.042403158
0.029313986
0.057949194
0.028974597
-1.4882369e-18
-1.4458852e-18
0.18604043
0.16664111
0.17288683
0.15623622
0.16574025
0.14724179
0.14814266
0.15591437
0.1395856
0.13990744
0.13054508
0.12390051
0.13461775
0.15574593
0.14244187
0.12525807
0.15973323
0.14583132
0.17687412
0.15962567
0.1460885
0.13192941
0.13167222
0.14237721
0.1291378
0.11725594
0.11589839
0.183167
0.1708197
0.1843551
0.17171077
0.17906911
0.15847239
0.15022298
0.17997884
0.15906644
0.15079837
0.12137686
0.1216179
0.12813084
0.16600971
0.15606061
0.12386923
0.1855432
0.17260184
0.20388859
0.188252
0.18088858
0.15966049
0.15137376
0.17261542
0.14611152
0.12185894
0.11960761
0.16396529
0.16403564
0.15018124
0.16396529
0.16403564
0.15018124
0.1716001
0.15647117
0.14890671
0.1363972
0.13767173
0.14890671
0.1363972
0.13767173
0.14134225
0.15633047
0.14389131
0.16396529
0.16403564
0.15018124
0.1716001
0.15647117
0.14890671
0.1363972
0.13767173
0.14134225
0.13145216
0.13377778
0.12261316
0.13377778
0.12261316
0.12621332
0.11864886
0.10882912
0.11279342
0.11864886
0.10882912
0.11279342
0.11108439
0.10657384
0.10431857
0.10693799
0.10431857
0.10693799
0.10206329
0.119013
0.11181268
0.13377778
0.12261316
0.12621332
0.11864886
0.10882912
0.11279342
0.11108439
0.10657384
0.10431857
0.10693799
0.10206329
0.10821252
0.10821252
0.099808019
0.10108255
0.099808019
0.10108255
0.097552745
0.09529747
0.095227118
0.09529747
0.095227118
0.093042196
0.10461236
0.097412041
0.10821252
0.099808019
0.10108255
0.097552745
0.09529747
0.095227118
0.093042196
0.13342602
0.12502152
0.12643676
0.11661702
0.11520178
0.10396681
0.11052157
0.12579121
0.11873159
0.10615173
0.14106084
0.13131145
0.12156207
0.11167198
0.10178189
0.16396529
0.16403564
0.15018124
0.1716001
0.15647117
0.14890671
0.1363972
0.13767173
0.14134225
0.15633047
0.14389131
0.16396529
0.16403564
0.15018124
0.1716001
0.15647117
0.14890671
0.1363972
0.13767173
0.14134225
0.13145216
0.13377778
0.12261316
0.12621332
0.11864886
0.10882912
0.11279342
0.11108439
0.10657384
0.10431857
0.10693799
0.10206329
0.119013
0.11181268
0.13377778
0.12261316
0.12621332
0.11864886
0.10882912
0.11279342
0.11108439
0.10657384
0.10693799
0.10206329
0.10821252
0.099808019
0.10108255
0.097552745
0.09529747
0.095227118
0.093042196
0.10461236
0.097412041
0.10821252
0.10108255
0.097552745
0.095227118
0.093042196
0.16396529
0.16403564
0.15018124
0.1716001
0.15647117
0.14890671
0.1363972
0.13767173
0.14134225
0.15633047
0.14389131
0.16396529
0.16403564
0.15018124
0.1716001
0.15647117
0.14890671
0.1363972
0.13767173
0.14134225
0.13145216
0.13377778
0.12261316
0.12621332
0.11864886
0.10882912
0.11279342
0.11108439
0.10693799
0.119013
0.11181268
0.13377778
0.12261316
0.12621332
0.11864886
0.10882912
0.11279342
0.11108439
0.10657384
0.10693799
0.10821252
0.10108255
0.095227118
0.10461236
0.097412041
0.10821252
0.10108255
0.095227118
0.13342602
0.12502152
0.12643676
0.11661702
0.11520178
0.10396681
0.11815639
0.1222614
0.11244166
0.10833665
0.11052157
0.12579121
0.11873159
0.10615173
0.13342602
0.13618614
0.12502152
0.14106084
0.13131145
0.12643676
0.11661702
0.11520178
0.12156207
0.11167198
0.10672693
0.10396681
0.10178189
0.16396529
0.16403564
0.15018124
0.1716001
0.15647117
0.14890671
0.1363972
0.13767173
0.14134225
0.14869565
