MFEM mesh v1.0

#
# MFEM Geometry Types (see mesh/geom.hpp):
#
# POINT       = 0
# SEGMENT     = 1
# TRIANGLE    = 2
# SQUARE      = 3
# TETRAHEDRON = 4
# CUBE        = 5
#

dimension
3

elements
384
1 5 17 109 361 112 117 362 553 365
1 5 18 121 367 124 129 368 554 371
1 5 20 133 373 136 141 374 555 377
1 5 22 145 379 148 153 380 556 383
1 5 23 157 385 160 165 386 557 389
1 5 24 169 391 172 177 392 558 395
1 5 25 181 397 110 118 398 559 363
1 5 73 182 401 187 119 399 560 404
1 5 28 111 406 193 120 364 561 408
1 5 33 113 366 116 201 410 562 413
1 5 74 183 400 114 202 415 563 411
1 5 103 184 405 190 203 417 564 421
1 5 77 115 409 195 204 412 565 424
1 5 37 216 426 122 130 427 566 369
1 5 79 218 431 226 131 429 567 434
1 5 26 123 436 185 132 370 568 402
1 5 34 125 372 128 207 438 569 416
1 5 80 219 430 126 231 441 570 439
1 5 104 221 435 229 232 443 571 447
1 5 75 127 437 188 208 440 572 419
1 5 39 225 451 134 142 433 573 375
1 5 84 244 455 250 143 453 574 458
1 5 47 135 460 257 144 376 575 462
1 5 35 137 378 140 212 449 576 466
1 5 82 228 454 138 242 446 577 464
1 5 105 246 459 253 261 468 578 472
1 5 87 139 463 259 262 465 579 475
1 5 40 233 444 146 154 477 580 381
1 5 83 235 448 240 155 479 581 483
1 5 30 147 450 209 156 382 582 485
1 5 57 149 384 152 288 487 583 490
1 5 89 274 480 150 289 492 584 488
1 5 106 276 484 281 290 494 585 498
1 5 92 151 486 283 291 489 586 501
1 5 31 210 503 158 166 504 587 387
1 5 94 305 507 309 167 505 588 510
1 5 62 159 512 316 168 388 589 514
1 5 67 161 390 164 324 516 590 519
1 5 95 306 506 162 325 521 591 517
1 5 107 307 511 312 326 523 592 527
1 5 98 163 515 318 327 518 593 530
1 5 42 239 469 170 178 482 594 393
1 5 88 264 473 268 179 533 595 537
1 5 50 171 476 272 180 394 596 508
1 5 60 173 396 176 304 500 597 522
1 5 91 280 534 174 301 497 598 541
1 5 108 341 538 345 351 545 599 549
1 5 96 175 540 310 331 542 600 525
1 5 109 25 110 361 362 118 363 553
1 5 361 110 73 111 553 363 119 364
1 5 112 361 111 28 365 553 364 120
1 5 117 362 553 365 33 113 366 116
1 5 362 118 363 553 113 74 114 366
1 5 553 363 119 364 366 114 103 115
1 5 365 553 364 120 116 366 115 77
1 5 121 37 122 367 368 130 369 554
1 5 367 122 79 123 554 369 131 370
1 5 124 367 123 26 371 554 370 132
1 5 129 368 554 371 34 125 372 128
1 5 368 130 369 554 125 80 126 372
1 5 554 369 131 370 372 126 104 127
1 5 371 554 370 132 128 372 127 75
1 5 133 39 134 373 374 142 375 555
1 5 373 134 84 135 555 375 143 376
1 5 136 373 135 47 377 555 376 144
1 5 141 374 555 377 35 137 378 140
1 5 374 142 375 555 137 82 138 378
1 5 555 375 143 376 378 138 105 139
1 5 377 555 376 144 140 378 139 87
1 5 145 40 146 379 380 154 381 556
1 5 379 146 83 147 556 381 155 382
1 5 148 379 147 30 383 556 382 156
1 5 153 380 556 383 57 149 384 152
1 5 380 154 381 556 149 89 150 384
1 5 556 381 155 382 384 150 106 151
1 5 383 556 382 156 152 384 151 92
1 5 157 31 158 385 386 166 387 557
1 5 385 158 94 159 557 387 167 388
1 5 160 385 159 62 389 557 388 168
1 5 165 386 557 389 67 161 390 164
1 5 386 166 387 557 161 95 162 390
1 5 557 387 167 388 390 162 107 163
1 5 389 557 388 168 164 390 163 98
1 5 169 42 170 391 392 178 393 558
1 5 391 170 88 171 558 393 179 394
1 5 172 391 171 50 395 558 394 180
1 5 177 392 558 395 60 173 396 176
1 5 392 178 393 558 173 91 174 396
1 5 558 393 179 394 396 174 108 175
1 5 395 558 394 180 176 396 175 96
1 5 181 18 124 397 398 129 371 559
1 5 397 124 26 182 559 371 132 399
1 5 110 397 182 73 363 559 399 119
1 5 118 398 559 363 74 183 400 114
1 5 398 129 371 559 183 34 128 400
1 5 559 371 132 399 400 128 75 184
1 5 363 559 399 119 114 400 184 103
1 5 182 26 185 401 399 132 402 560
1 5 401 185 20 186 560 402 141 403
1 5 187 401 186 27 404 560 403 191
1 5 119 399 560 404 103 184 405 190
1 5 399 132 402 560 184 75 188 405
1 5 560 402 141 403 405 188 35 189
1 5 404 560 403 191 190 405 189 76
1 5 111 73 187 406 364 119 404 561
1 5 406 187 27 192 561 404 191 407
1 5 193 406 192 19 408 561 407 196
1 5 120 364 561 408 77 115 409 195
1 5 364 119 404 561 115 103 190 409
1 5 561 404 191 407 409 190 76 194
1 5 408 561 407 196 195 409 194 36
1 5 113 74 114 366 410 202 411 562
1 5 366 114 103 115 562 411 203 412
1 5 116 366 115 77 413 562 412 204
1 5 201 410 562 413 21 197 414 200
1 5 410 202 411 562 197 29 198 414
1 5 562 411 203 412 414 198 78 199
1 5 413 562 412 204 200 414 199 32
1 5 183 34 128 400 415 207 416 563
1 5 400 128 75 184 563 416 208 417
1 5 114 400 184 103 411 563 417 203
1 5 202 415 563 411 29 205 418 198
1 5 415 207 416 563 205 22 148 418
1 5 563 416 208 417 418 148 30 206
1 5 411 563 417 203 198 418 206 78
1 5 184 75 188 405 417 208 419 564
1 5 405 188 35 189 564 419 212 420
1 5 190 405 189 76 421 564 420 213
1 5 203 417 564 421 78 206 422 211
1 5 417 208 419 564 206 30 209 422
1 5 564 419 212 420 422 209 24 210
1 5 421 564 420 213 211 422 210 31
1 5 115 103 190 409 412 203 421 565
1 5 409 190 76 194 565 421 213 423
1 5 195 409 194 36 424 565 423 215
1 5 204 412 565 424 32 199 425 214
1 5 412 203 421 565 199 78 211 425
1 5 565 421 213 423 425 211 31 157
1 5 424 565 423 215 214 425 157 23
1 5 216 10 217 426 427 222 428 566
1 5 426 217 38 218 566 428 223 429
1 5 122 426 218 79 369 566 429 131
1 5 130 427 566 369 80 219 430 126
1 5 427 222 428 566 219 43 220 430
1 5 566 428 223 429 430 220 81 221
1 5 369 566 429 131 126 430 221 104
1 5 218 38 224 431 429 223 432 567
1 5 431 224 11 225 567 432 230 433
1 5 226 431 225 39 434 567 433 142
1 5 131 429 567 434 104 221 435 229
1 5 429 223 432 567 221 81 227 435
1 5 567 432 230 433 435 227 44 228
1 5 434 567 433 142 229 435 228 82
1 5 123 79 226 436 370 131 434 568
1 5 436 226 39 133 568 434 142 374
1 5 185 436 133 20 402 568 374 141
1 5 132 370 568 402 75 127 437 188
1 5 370 131 434 568 127 104 229 437
1 5 568 434 142 374 437 229 82 137
1 5 402 568 374 141 188 437 137 35
1 5 125 80 126 372 438 231 439 569
1 5 372 126 104 127 569 439 232 440
1 5 128 372 127 75 416 569 440 208
1 5 207 438 569 416 22 145 379 148
1 5 438 231 439 569 145 40 146 379
1 5 569 439 232 440 379 146 83 147
1 5 416 569 440 208 148 379 147 30
1 5 219 43 220 430 441 236 442 570
1 5 430 220 81 221 570 442 237 443
1 5 126 430 221 104 439 570 443 232
1 5 231 441 570 439 40 233 444 146
1 5 441 236 442 570 233 12 234 444
1 5 570 442 237 443 444 234 41 235
1 5 439 570 443 232 146 444 235 83
1 5 221 81 227 435 443 237 445 571
1 5 435 227 44 228 571 445 241 446
1 5 229 435 228 82 447 571 446 242
1 5 232 443 571 447 83 235 448 240
1 5 443 237 445 571 235 41 238 448
1 5 571 445 241 446 448 238 13 239
1 5 447 571 446 242 240 448 239 42
1 5 127 104 229 437 440 232 447 572
1 5 437 229 82 137 572 447 242 449
1 5 188 437 137 35 419 572 449 212
1 5 208 440 572 419 30 147 450 209
1 5 440 232 447 572 147 83 240 450
1 5 572 447 242 449 450 240 42 169
1 5 419 572 449 212 209 450 169 24
1 5 225 11 243 451 433 230 452 573
1 5 451 243 45 244 573 452 247 453
1 5 134 451 244 84 375 573 453 143
1 5 142 433 573 375 82 228 454 138
1 5 433 230 452 573 228 44 245 454
1 5 573 452 247 453 454 245 85 246
1 5 375 573 453 143 138 454 246 105
1 5 244 45 248 455 453 247 456 574
1 5 455 248 5 249 574 456 254 457
1 5 250 455 249 46 458 574 457 255
1 5 143 453 574 458 105 246 459 253
1 5 453 247 456 574 246 85 251 459
1 5 574 456 254 457 459 251 51 252
1 5 458 574 457 255 253 459 252 86
1 5 135 84 250 460 376 143 458 575
1 5 460 250 46 256 575 458 255 461
1 5 257 460 256 14 462 575 461 260
1 5 144 376 575 462 87 139 463 259
1 5 376 143 458 575 139 105 253 463
1 5 575 458 255 461 463 253 86 258
1 5 462 575 461 260 259 463 258 52
1 5 137 82 138 378 449 242 464 576
1 5 378 138 105 139 576 464 261 465
1 5 140 378 139 87 466 576 465 262
1 5 212 449 576 466 24 169 391 172
1 5 449 242 464 576 169 42 170 391
1 5 576 464 261 465 391 170 88 171
1 5 466 576 465 262 172 391 171 50
1 5 228 44 245 454 446 241 467 577
1 5 454 245 85 246 577 467 265 468
1 5 138 454 246 105 464 577 468 261
1 5 242 446 577 464 42 239 469 170
1 5 446 241 467 577 239 13 263 469
1 5 577 467 265 468 469 263 48 264
1 5 464 577 468 261 170 469 264 88
1 5 246 85 251 459 468 265 470 578
1 5 459 251 51 252 578 470 269 471
1 5 253 459 252 86 472 578 471 270
1 5 261 468 578 472 88 264 473 268
1 5 468 265 470 578 264 48 266 473
1 5 578 470 269 471 473 266 6 267
1 5 472 578 471 270 268 473 267 49
1 5 139 105 253 463 465 261 472 579
1 5 463 253 86 258 579 472 270 474
1 5 259 463 258 52 475 579 474 273
1 5 262 465 579 475 50 171 476 272
1 5 465 261 472 579 171 88 268 476
1 5 579 472 270 474 476 268 49 271
1 5 475 579 474 273 272 476 271 15
1 5 233 12 234 444 477 277 478 580
1 5 444 234 41 235 580 478 278 479
1 5 146 444 235 83 381 580 479 155
1 5 154 477 580 381 89 274 480 150
1 5 477 277 478 580 274 58 275 480
1 5 580 478 278 479 480 275 90 276
1 5 381 580 479 155 150 480 276 106
1 5 235 41 238 448 479 278 481 581
1 5 448 238 13 239 581 481 282 482
1 5 240 448 239 42 483 581 482 178
1 5 155 479 581 483 106 276 484 281
1 5 479 278 481 581 276 90 279 484
1 5 581 481 282 482 484 279 59 280
1 5 483 581 482 178 281 484 280 91
1 5 147 83 240 450 382 155 483 582
1 5 450 240 42 169 582 483 178 392
1 5 209 450 169 24 485 582 392 177
1 5 156 382 582 485 92 151 486 283
1 5 382 155 483 582 151 106 281 486
1 5 582 483 178 392 486 281 91 173
1 5 485 582 392 177 283 486 173 60
1 5 149 89 150 384 487 289 488 583
1 5 384 150 106 151 583 488 290 489
1 5 152 384 151 92 490 583 489 291
1 5 288 487 583 490 9 284 491 287
1 5 487 289 488 583 284 53 285 491
1 5 583 488 290 489 491 285 93 286
1 5 490 583 489 291 287 491 286 56
1 5 274 58 275 480 492 295 493 584
1 5 480 275 90 276 584 493 296 494
1 5 150 480 276 106 488 584 494 290
1 5 289 492 584 488 53 292 495 285
1 5 492 295 493 584 292 3 293 495
1 5 584 493 296 494 495 293 54 294
1 5 488 584 494 290 285 495 294 93
1 5 276 90 279 484 494 296 496 585
1 5 484 279 59 280 585 496 300 497
1 5 281 484 280 91 498 585 497 301
1 5 290 494 585 498 93 294 499 299
1 5 494 296 496 585 294 54 297 499
1 5 585 496 300 497 499 297 4 298
1 5 498 585 497 301 299 499 298 55
1 5 151 106 281 486 489 290 498 586
1 5 486 281 91 173 586 498 301 500
1 5 283 486 173 60 501 586 500 304
1 5 291 489 586 501 56 286 502 303
1 5 489 290 498 586 286 93 299 502
1 5 586 498 301 500 502 299 55 302
1 5 501 586 500 304 303 502 302 8
1 5 210 24 172 503 504 177 395 587
1 5 503 172 50 305 587 395 180 505
1 5 158 503 305 94 387 587 505 167
1 5 166 504 587 387 95 306 506 162
1 5 504 177 395 587 306 60 176 506
1 5 587 395 180 505 506 176 96 307
1 5 387 587 505 167 162 506 307 107
1 5 305 50 272 507 505 180 508 588
1 5 507 272 15 308 588 508 313 509
1 5 309 507 308 61 510 588 509 314
1 5 167 505 588 510 107 307 511 312
1 5 505 180 508 588 307 96 310 511
1 5 588 508 313 509 511 310 68 311
1 5 510 588 509 314 312 511 311 97
1 5 159 94 309 512 388 167 510 589
1 5 512 309 61 315 589 510 314 513
1 5 316 512 315 16 514 589 513 319
1 5 168 388 589 514 98 163 515 318
1 5 388 167 510 589 163 107 312 515
1 5 589 510 314 513 515 312 97 317
1 5 514 589 513 319 318 515 317 69
1 5 161 95 162 390 516 325 517 590
1 5 390 162 107 163 590 517 326 518
1 5 164 390 163 98 519 590 518 327
1 5 324 516 590 519 7 320 520 323
1 5 516 325 517 590 320 63 321 520
1 5 590 517 326 518 520 321 99 322
1 5 519 590 518 327 323 520 322 66
1 5 306 60 176 506 521 304 522 591
1 5 506 176 96 307 591 522 331 523
1 5 162 506 307 107 517 591 523 326
1 5 325 521 591 517 63 328 524 321
1 5 521 304 522 591 328 8 329 524
1 5 591 522 331 523 524 329 64 330
1 5 517 591 523 326 321 524 330 99
1 5 307 96 310 511 523 331 525 592
1 5 511 310 68 311 592 525 335 526
1 5 312 511 311 97 527 592 526 336
1 5 326 523 592 527 99 330 528 334
1 5 523 331 525 592 330 64 332 528
1 5 592 525 335 526 528 332 1 333
1 5 527 592 526 336 334 528 333 65
1 5 163 107 312 515 518 326 527 593
1 5 515 312 97 317 593 527 336 529
1 5 318 515 317 69 530 593 529 339
1 5 327 518 593 530 66 322 531 338
1 5 518 326 527 593 322 99 334 531
1 5 593 527 336 529 531 334 65 337
1 5 530 593 529 339 338 531 337 2
1 5 239 13 263 469 482 282 532 594
1 5 469 263 48 264 594 532 342 533
1 5 170 469 264 88 393 594 533 179
1 5 178 482 594 393 91 280 534 174
1 5 482 282 532 594 280 59 340 534
1 5 594 532 342 533 534 340 100 341
1 5 393 594 533 179 174 534 341 108
1 5 264 48 266 473 533 342 535 595
1 5 473 266 6 267 595 535 346 536
1 5 268 473 267 49 537 595 536 347
1 5 179 533 595 537 108 341 538 345
1 5 533 342 535 595 341 100 343 538
1 5 595 535 346 536 538 343 72 344
1 5 537 595 536 347 345 538 344 101
1 5 171 88 268 476 394 179 537 596
1 5 476 268 49 271 596 537 347 539
1 5 272 476 271 15 508 596 539 313
1 5 180 394 596 508 96 175 540 310
1 5 394 179 537 596 175 108 345 540
1 5 596 537 347 539 540 345 101 348
1 5 508 596 539 313 310 540 348 68
1 5 173 91 174 396 500 301 541 597
1 5 396 174 108 175 597 541 351 542
1 5 176 396 175 96 522 597 542 331
1 5 304 500 597 522 8 302 543 329
1 5 500 301 541 597 302 55 349 543
1 5 597 541 351 542 543 349 102 350
1 5 522 597 542 331 329 543 350 64
1 5 280 59 340 534 497 300 544 598
1 5 534 340 100 341 598 544 354 545
1 5 174 534 341 108 541 598 545 351
1 5 301 497 598 541 55 298 546 349
1 5 497 300 544 598 298 4 352 546
1 5 598 544 354 545 546 352 70 353
1 5 541 598 545 351 349 546 353 102
1 5 341 100 343 538 545 354 547 599
1 5 538 343 72 344 599 547 358 548
1 5 345 538 344 101 549 599 548 359
1 5 351 545 599 549 102 353 550 357
1 5 545 354 547 599 353 70 355 550
1 5 599 547 358 548 550 355 0 356
1 5 549 599 548 359 357 550 356 71
1 5 175 108 345 540 542 351 549 600
1 5 540 345 101 348 600 549 359 551
1 5 310 540 348 68 525 600 551 335
1 5 331 542 600 525 64 350 552 332
1 5 542 351 549 600 350 102 357 552
1 5 600 549 359 551 552 357 71 360
1 5 525 600 551 335 332 552 360 1

boundary
384
38 3 303 502 302 8
38 3 338 531 337 2
38 3 332 552 360 1
38 3 112 361 109 17
38 3 124 367 121 18
38 3 136 373 133 20
38 3 181 18 129 398
38 3 216 10 222 427
38 3 112 17 117 365
38 3 20 186 403 141
38 3 21 197 414 200
38 3 10 217 428 222
38 3 136 20 141 377
38 3 160 385 157 23
38 3 11 243 452 230
38 3 5 249 457 254
38 3 233 12 277 477
38 3 148 22 153 383
38 3 210 24 177 504
38 3 12 234 478 277
38 3 160 23 165 389
38 3 15 308 509 313
38 3 13 263 532 282
38 3 6 267 536 346
38 3 299 499 298 55
38 3 285 495 294 93
38 3 287 491 286 56
38 3 38 224 432 223
38 3 81 227 445 237
38 3 43 220 442 236
38 3 45 248 456 247
38 3 85 251 470 265
38 3 44 245 467 241
38 3 41 238 481 278
38 3 90 279 496 296
38 3 58 275 493 295
38 3 48 266 535 342
38 3 100 343 547 354
38 3 59 340 544 300
38 3 334 528 333 65
38 3 321 524 330 99
38 3 323 520 322 66
38 3 29 205 418 198
38 3 78 206 422 211
38 3 32 199 425 214
38 3 209 30 156 485
38 3 283 92 291 501
38 3 152 57 288 490
38 3 157 31 166 386
38 3 161 95 325 516
38 3 306 60 304 521
38 3 316 62 168 514
38 3 318 98 327 530
38 3 164 67 324 519
38 3 357 550 356 71
38 3 349 546 353 102
38 3 329 543 350 64
38 3 46 256 461 255
38 3 86 258 474 270
38 3 51 252 471 269
38 3 61 315 513 314
38 3 97 317 529 336
38 3 68 311 526 335
38 3 49 271 539 347
38 3 101 348 551 359
38 3 72 344 548 358
38 3 110 397 181 25
38 3 187 401 182 73
38 3 193 406 111 28
38 3 27 192 407 191
38 3 76 194 423 213
38 3 35 189 420 212
38 3 257 47 144 462
38 3 259 87 262 475
38 3 140 35 212 466
38 3 158 503 210 31
38 3 309 507 305 94
38 3 316 512 159 62
38 3 122 426 216 37
38 3 226 431 218 79
38 3 185 436 123 26
38 3 134 451 225 39
38 3 250 455 244 84
38 3 257 460 135 47
38 3 109 25 118 362
38 3 113 74 202 410
38 3 183 34 207 415
38 3 121 37 130 368
38 3 125 80 231 438
38 3 219 43 236 441
38 3 193 28 120 408
38 3 195 77 204 424
38 3 116 33 201 413
38 3 145 40 154 380
38 3 149 89 289 487
38 3 274 58 295 492
38 3 502 299 55 302
38 3 286 93 299 502
38 3 56 286 502 303
38 3 217 38 223 428
38 3 428 223 81 220
38 3 222 428 220 43
38 3 243 45 247 452
38 3 452 247 85 245
38 3 230 452 245 44
38 3 234 41 278 478
38 3 478 278 90 275
38 3 277 478 275 58
38 3 263 48 342 532
38 3 532 342 100 340
38 3 282 532 340 59
38 3 499 297 4 298
38 3 294 54 297 499
38 3 93 294 499 299
38 3 495 293 54 294
38 3 292 3 293 495
38 3 53 292 495 285
38 3 491 285 93 286
38 3 284 53 285 491
38 3 9 284 491 287
38 3 224 11 230 432
38 3 432 230 44 227
38 3 223 432 227 81
38 3 227 44 241 445
38 3 445 241 13 238
38 3 237 445 238 41
38 3 220 81 237 442
38 3 442 237 41 234
38 3 236 442 234 12
38 3 248 5 254 456
38 3 456 254 51 251
38 3 247 456 251 85
38 3 251 51 269 470
38 3 470 269 6 266
38 3 265 470 266 48
38 3 245 85 265 467
38 3 467 265 48 263
38 3 241 467 263 13
38 3 238 13 282 481
38 3 481 282 59 279
38 3 278 481 279 90
38 3 279 59 300 496
38 3 496 300 4 297
38 3 296 496 297 54
38 3 275 90 296 493
38 3 493 296 54 293
38 3 295 493 293 3
38 3 266 6 346 535
38 3 535 346 72 343
38 3 342 535 343 100
38 3 343 72 358 547
38 3 547 358 0 355
38 3 354 547 355 70
38 3 340 100 354 544
38 3 544 354 70 352
38 3 300 544 352 4
38 3 531 334 65 337
38 3 322 99 334 531
38 3 66 322 531 338
38 3 197 29 198 414
38 3 414 198 78 199
38 3 200 414 199 32
38 3 30 148 383 156
38 3 156 383 152 92
38 3 383 153 57 152
38 3 31 210 504 166
38 3 166 504 306 95
38 3 504 177 60 306
38 3 62 160 389 168
38 3 168 389 164 98
38 3 389 165 67 164
38 3 528 332 1 333
38 3 330 64 332 528
38 3 99 330 528 334
38 3 524 329 64 330
38 3 328 8 329 524
38 3 63 328 524 321
38 3 520 321 99 322
38 3 320 63 321 520
38 3 7 320 520 323
38 3 205 22 148 418
38 3 418 148 30 206
38 3 198 418 206 78
38 3 206 30 209 422
38 3 422 209 24 210
38 3 211 422 210 31
38 3 199 78 211 425
38 3 425 211 31 157
38 3 214 425 157 23
38 3 24 209 485 177
38 3 177 485 283 60
38 3 485 156 92 283
38 3 60 283 501 304
38 3 304 501 303 8
38 3 501 291 56 303
38 3 92 152 490 291
38 3 291 490 287 56
38 3 490 288 9 287
38 3 23 157 386 165
38 3 165 386 161 67
38 3 386 166 95 161
38 3 67 161 516 324
38 3 324 516 320 7
38 3 516 325 63 320
38 3 95 306 521 325
38 3 325 521 328 63
38 3 521 304 8 328
38 3 16 316 514 319
38 3 319 514 318 69
38 3 514 168 98 318
38 3 69 318 530 339
38 3 339 530 338 2
38 3 530 327 66 338
38 3 98 164 519 327
38 3 327 519 323 66
38 3 519 324 7 323
38 3 552 357 71 360
38 3 350 102 357 552
38 3 64 350 552 332
38 3 249 46 255 457
38 3 457 255 86 252
38 3 254 457 252 51
38 3 308 61 314 509
38 3 509 314 97 311
38 3 313 509 311 68
38 3 267 49 347 536
38 3 536 347 101 344
38 3 346 536 344 72
38 3 550 355 0 356
38 3 353 70 355 550
38 3 102 353 550 357
38 3 546 352 70 353
38 3 298 4 352 546
38 3 55 298 546 349
38 3 543 349 102 350
38 3 302 55 349 543
38 3 8 302 543 329
38 3 256 14 260 461
38 3 461 260 52 258
38 3 255 461 258 86
38 3 258 52 273 474
38 3 474 273 15 271
38 3 270 474 271 49
38 3 252 86 270 471
38 3 471 270 49 267
38 3 269 471 267 6
38 3 315 16 319 513
38 3 513 319 69 317
38 3 314 513 317 97
38 3 317 69 339 529
38 3 529 339 2 337
38 3 336 529 337 65
38 3 311 97 336 526
38 3 526 336 65 333
38 3 335 526 333 1
38 3 271 15 313 539
38 3 539 313 68 348
38 3 347 539 348 101
38 3 348 68 335 551
38 3 551 335 1 360
38 3 359 551 360 71
38 3 344 101 359 548
38 3 548 359 71 356
38 3 358 548 356 0
38 3 361 110 25 109
38 3 111 73 110 361
38 3 28 111 361 112
38 3 186 27 191 403
38 3 403 191 76 189
38 3 141 403 189 35
38 3 47 136 377 144
38 3 144 377 140 87
38 3 377 141 35 140
38 3 385 158 31 157
38 3 159 94 158 385
38 3 62 159 385 160
38 3 397 124 18 181
38 3 182 26 124 397
38 3 73 182 397 110
38 3 401 185 26 182
38 3 186 20 185 401
38 3 27 186 401 187
38 3 406 187 73 111
38 3 192 27 187 406
38 3 19 192 406 193
38 3 192 19 196 407
38 3 407 196 36 194
38 3 191 407 194 76
38 3 194 36 215 423
38 3 423 215 23 157
38 3 213 423 157 31
38 3 189 76 213 420
38 3 420 213 31 210
38 3 212 420 210 24
38 3 14 257 462 260
38 3 260 462 259 52
38 3 462 144 87 259
38 3 52 259 475 273
38 3 273 475 272 15
38 3 475 262 50 272
38 3 87 140 466 262
38 3 262 466 172 50
38 3 466 212 24 172
38 3 503 172 24 210
38 3 305 50 172 503
38 3 94 305 503 158
38 3 507 272 50 305
38 3 308 15 272 507
38 3 61 308 507 309
38 3 512 309 94 159
38 3 315 61 309 512
38 3 16 315 512 316
38 3 367 122 37 121
38 3 123 79 122 367
38 3 26 123 367 124
38 3 373 134 39 133
38 3 135 84 134 373
38 3 47 135 373 136
38 3 426 217 10 216
38 3 218 38 217 426
38 3 79 218 426 122
38 3 431 224 38 218
38 3 225 11 224 431
38 3 39 225 431 226
38 3 436 226 79 123
38 3 133 39 226 436
38 3 20 133 436 185
38 3 451 243 11 225
38 3 244 45 243 451
38 3 84 244 451 134
38 3 455 248 45 244
38 3 249 5 248 455
38 3 46 249 455 250
38 3 460 250 84 135
38 3 256 46 250 460
38 3 14 256 460 257
38 3 25 181 398 118
38 3 118 398 183 74
38 3 398 129 34 183
38 3 37 216 427 130
38 3 130 427 219 80
38 3 427 222 43 219
38 3 17 109 362 117
38 3 117 362 113 33
38 3 362 118 74 113
38 3 33 113 410 201
38 3 201 410 197 21
38 3 410 202 29 197
38 3 74 183 415 202
38 3 202 415 205 29
38 3 415 207 22 205
38 3 18 121 368 129
38 3 129 368 125 34
38 3 368 130 80 125
38 3 34 125 438 207
38 3 207 438 145 22
38 3 438 231 40 145
38 3 80 219 441 231
38 3 231 441 233 40
38 3 441 236 12 233
38 3 28 112 365 120
38 3 120 365 116 77
38 3 365 117 33 116
38 3 19 193 408 196
38 3 196 408 195 36
38 3 408 120 77 195
38 3 36 195 424 215
38 3 215 424 214 23
38 3 424 204 32 214
38 3 77 116 413 204
38 3 204 413 200 32
38 3 413 201 21 200
38 3 40 233 477 154
38 3 154 477 274 89
38 3 477 277 58 274
38 3 22 145 380 153
38 3 153 380 149 57
38 3 380 154 89 149
38 3 57 149 487 288
38 3 288 487 284 9
38 3 487 289 53 284
38 3 89 274 492 289
38 3 289 492 292 53
38 3 492 295 3 292

vertices
601

nodes
FiniteElementSpace
FiniteElementCollection: H1_3D_P2
VDim: 3
Ordering: 0

0.25513258
0.13464912
0
0.11108439
0.1716001
0.42586599
0.34303776
1.0842022e-18
0.11052157
0.093042196
0.13575486
0.34802459
0.12307986
0.24764874
0.22229806
0.17834803
-1.3010426e-18
-5.5429836e-18
0.10703716
-3.496552e-18
0.20621024
-1.8295912e-18
0.099661134
-1.2739376e-18
0.14907545
0.05351858
0.1566237
0.10310512
-4.5197678e-18
0.049830567
0.12436829
0.074537724
-1.5517644e-18
-3.6862874e-18
0.10334915
0.17764284
-2.3852448e-18
0.12139601
0.24188972
0.27711741
0.11137049
0.1853643
0.1983621
0.12941736
0.29783667
0.38694529
0.32408202
0.21425415
0.29534325
0.2606929
0.16371174
0.38445187
0.20032305
0.10206329
0.14134225
0.14106084
0.10178189
0.096351665
0.11708212
0.20962442
0.12979851
0.089174016
-1.2874901e-18
0.055260787
0.12258535
0.067324562
5.4210109e-19
-9.486769e-20
0.15649858
-6.505213e-19
0.21336634
0.19489085
0.29908517
0.078311849
0.051674574
0.14049599
0.088821421
-3.0357661e-18
0.062184145
0.19925671
0.11638325
0.21362701
0.23773975
0.1548663
0.30059972
0.34114427
0.29238746
0.18898294
0.2295275
0.10671689
0.16335327
0.16971147
0.11307509
0.12156207
0.08185587
0.064899255
0.14314854
0.078249289
-3.726945e-19
0.061292674
0.2543548
0.22779187
0.16797584
0.070247997
0.1770615
0.26506361
0.13821418
0.071574272
0.19875167
0.02675929
0.065915215
0.039155925
-5.0313757e-18
0.025837287
0.060961285
0.035123999
-3.3610267e-18
-4.6146355e-18
0.052596577
0.074279923
-3.7777669e-18
0.11421659
0.16032636
0.1779402
0.13183043
0.1098662
0.14672238
0.15877875
0.12192257
0.10519315
0.11888963
0.18815911
0.14855985
0.24166382
0.28885856
0.25742693
0.21023219
0.2076913
0.25140168
0.22702328
0.18331289
0.19192654
0.25742858
0.28283166
0.20161855
0.10551581
0.13311839
0.13961729
0.11201471
0.10153428
0.12246554
0.12564463
0.10471338
0.0980064
0.10904369
0.14654024
0.11872169
0.037268862
0.078196797
0.040927935
-1.2807138e-18
0.032449628
0.068236764
0.035787136
-2.3378109e-19
-6.8440262e-19
0.06971849
0.076715071
-8.3009229e-19
0.17371877
0.2139448
0.19661962
0.15639359
0.14975499
0.18423157
0.17095011
0.13647353
0.13943698
0.18403678
0.21413958
0.15343014
0.08027787
0.11746777
0.077511861
0.105372
0.18141697
0.15465768
0.090708484
0.15906942
0.13323213
0.079534709
0.095963269
0.051552559
-4.0081599e-18
0.04441071
-2.7105054e-18
-2.9408984e-18
0.024915284
0.056007356
0.031092073
-1.6906778e-18
-2.7579393e-18
0.05075257
0.066216071
-2.2937652e-18
0.074745851
0.093276218
0.10150514
0.13243214
0.13672187
0.11180659
0.068360935
0.16335914
0.081679572
-1.412851e-18
-1.8295912e-18
0.12857544
0.18882229
0.22057322
0.12290031
0.17152218
0.19534426
0.13258611
0.22775837
0.29495715
0.312571
0.23818706
0.25573184
0.26778821
0.20740063
0.32293063
0.11387687
0.1659639
0.11722517
0.15422208
0.1701153
0.12624861
0.19949566
0.21650652
0.22300542
0.1766142
0.2727427
0.21805092
0.36748494
0.3437725
0.31949047
0.30310394
0.36404478
0.40640564
0.374974
0.31234087
0.36279807
0.33841967
0.27872553
0.40515893
0.30823474
0.27319004
0.21827611
0.24635525
0.194653
0.21131056
0.24729555
0.17634734
0.271496
0.26243537
0.31824376
0.31919051
0.30186533
0.2451102
0.36374482
0.27654018
0.21952046
0.17102989
0.18933554
0.11189951
0.1402177
0.15078373
0.12008099
0.17435879
0.18648885
0.18966794
0.15396282
0.22863658
0.1214368
0.097552745
0.11181268
0.11167198
0.097412041
0.09469693
0.10439009
0.12988812
0.10742849
0.10657384
0.12621332
0.13145216
0.11408326
0.15234776
0.15647117
0.15633047
0.13131145
0.19061226
0.15538615
0.12579121
0.10615173
0.12016004
0.1227838
0.097348883
0.10736141
0.13376102
0.085514943
0.14982356
0.11737393
0.07491178
0.1674233
0.083711652
0.044587008
-1.2942663e-18
0.039124644
-5.116079e-19
-9.7578196e-19
0.027630394
0.058276731
0.030646337
8.1315163e-19
4.9466724e-19
0.060080021
0.066433473
8.4703295e-20
0.082891181
0.11655346
0.091939012
0.13286695
0.12861724
0.10098684
0.064308618
0.14557385
0.072786925
0.033662281
2.7105054e-19
-3.2526065e-19
0.23198961
0.22655323
0.27484902
0.27671998
0.26343852
0.21327177
0.32106146
0.24424238
0.19214522
0.15451834
0.1452806
0.18336376
0.19248322
0.19067109
0.23386057
0.23424946
0.22501171
0.18143335
0.27710887
0.21134136
0.16476999
0.032957607
0.026298288
0.06343825
0.037139962
-4.1962012e-18
0.030480643
0.1460784
0.11204139
0.15352437
0.16835948
0.1268765
0.13432247
0.24954538
0.22467756
0.27013012
0.2422251
0.19677254
0.21735729
0.12256655
0.10352505
0.12779197
0.13263096
0.10836404
0.11358946
0.039098398
0.034859245
0.07321678
0.038357535
-7.5724745e-19
0.034118382
0.18516919
0.16173688
0.19908818
0.18378486
0.14643356
0.16035255
0.098872822
0.078894865
0.11141988
0.091441928
0.13606273
0.17024319
0.1439449
0.085121596
0.11930206
0.045354242
0.047981635
-3.3593327e-18
0.039767355
0.025376285
0.058484321
0.033108036
-2.5258522e-18
0.028003678
0.076128856
0.11696864
0.099324107
0.084011034
0.14789564
0.12251936
0.073947822
0.1025414
0.040839786
-2.0616782e-18
0.034180467
0.17457433
0.12573787
0.18017224
0.20795874
0.15912228
0.26657211
0.2753445
0.2901796
0.22279384
0.23156623
0.20980201
0.18323502
0.10769101
0.13992039
0.14919802
0.12006274
0.16287213
0.18272978
0.14367024
0.23611918
0.24539681
0.19200741
0.19656036
0.19070503
0.15666803
0.32817175
0.3434877
0.32343822
0.28544607
0.35937325
0.38460185
0.35669684
0.2955332
0.3207618
0.26530849
0.25977265
0.20646455
0.23668926
0.23267324
0.21182145
0.16985324
0.29549323
0.28276966
0.2427204
0.34099429
0.3201425
0.26191786
0.28215035
0.23293786
0.18284144
0.20807004
0.11456234
0.14721989
0.16044951
0.13134162
0.20149769
0.20633668
0.16528851
0.17022584
0.12907933
0.13769981
0.099543512
0.11713911
0.1186583
0.10106271
0.10461236
0.10923668
0.13321551
0.14111794
0.119013
0.17148001
0.17299921
0.14263714
0.14389131
0.1377731
0.11379426
0.11873159
0.1172952
0.10457773
0.11507261
0.10235515
0.12827241
0.16042672
0.12556748
0.080213361
0.11236767
0.042757471
0.041855826
-9.0293712e-19
0.03745589
0.030040011
0.063256747
0.033216737
2.8968527e-19
0.029138365
0.090120032
0.12651349
0.09965021
0.087415096
0.1392204
0.10918039
0.069610199
0.096462927
0.036393463
-1.2027868e-19
0.032154309
0.2517428
0.2444943
0.20811059
0.29795524
0.28265192
0.22919098
0.24499588
0.20583284
0.18154767
0.16937495
0.15811535
0.1355359
0.21223641
0.20861216
0.17350078
0.25548472
0.24422512
0.19735256
0.2078414
0.17845761
0.15502529
0.031719125
0.14020043
0.23345133
0.11807801
0.03660839
0.17276087
0.095157375
0.12768239
0.042560798
0.02924216
0.087726481
0.11092173
0.036973911
0.1668483
0.24906917
0.19651852
0.12844451
0.15139626
0.2140633
0.16995153
0.30680891
0.34006753
0.25099888
0.20126324
0.26408324
0.30145608
0.22237965
0.13750593
0.1833931
0.14718392
0.10910091
0.12517731
0.15705857
0.1282157
0.10982517
0.12032004
0.040106681
0.031628374
0.094885121
0.1044153
0.0348051
0.22541549
0.26357311
0.19480885
0.14794422
0.19080568
0.22641864
0.16828648
0.013379645
0.029858449
0.016478804
-5.2871797e-18
0.013149144
0.029008707
0.015859563
-4.4054184e-18
-5.0788096e-18
0.026528789
0.032338366
-4.6137885e-18
0.11062687
0.13014749
0.13895441
0.1194338
0.10861727
0.12612091
0.13353847
0.11603483
0.10611516
0.11312899
0.14313941
0.12935346
0.22393703
0.2456046
0.22988879
0.20822121
0.20830205
0.22906445
0.21511194
0.19434954
0.19906839
0.23317069
0.24149836
0.20350237
0.10258847
0.11404118
0.11729063
0.10583792
0.10076572
0.11080153
0.11322102
0.10318522
0.098833767
0.10452043
0.12032228
0.11018938
0.018634431
0.03818363
0.019549199
-1.2773257e-18
0.017429622
0.035733817
0.018304195
-7.2082504e-19
-9.7917009e-19
0.036064053
0.037853394
-1.0189806e-18
0.16139711
0.17944398
0.17078139
0.15273452
0.15058693
0.16724888
0.15959722
0.14293527
0.14425621
0.16772783
0.17896503
0.15141358
0.066898225
0.089575346
0.082394018
0.059716898
0.065745721
0.08702612
0.079297813
0.058017414
0.053057579
0.079586368
0.097015099
0.064676732
0.097889811
0.12676525
0.1133856
0.084510166
0.092849904
0.11955114
0.106402
0.07970076
0.076295886
0.11444383
0.13187256
0.08791504
0.019577962
0.042255083
0.022677121
-4.2639639e-18
0.018569981
0.03985038
0.021280399
-3.5685498e-18
-4.1487674e-18
0.038147943
0.04395752
-3.6837463e-18
0.012918643
0.028158965
0.015240321
-3.5236571e-18
0.012688143
0.027309223
0.01462108
-2.6418958e-18
-3.2221133e-18
0.025606786
0.029861402
-2.9434395e-18
0.064593217
0.084476894
0.076201607
0.05631793
0.063440713
0.081927668
0.073105401
0.054618446
0.051213572
0.076820358
0.089584205
0.059722803
0.087809997
0.11233703
0.099418386
0.074891353
0.082770089
0.10512292
0.092434777
0.070081947
0.068232034
0.10234805
0.1151119
0.076741265
0.017561999
0.037445677
0.019883677
-2.8731358e-18
0.016554018
0.035040973
0.018486955
-2.1777217e-18
-2.6647657e-18
0.034116017
0.038370633
-2.3860918e-18
0.12498572
0.15157488
0.16745034
0.14086119
0.12231375
0.14629309
0.16018634
0.136207
0.12014282
0.12715665
0.17071132
0.15692537
0.20991496
0.24357266
0.25237958
0.21872189
0.19805892
0.22851395
0.23593151
0.20547648
0.19370791
0.21426598
0.25782064
0.23049045
0.16728195
0.19387111
0.19560949
0.16902033
0.15845966
0.182439
0.18338086
0.15940152
0.15259177
0.17314984
0.20316027
0.17583008
0.10660767
0.12209434
0.12812252
0.11263586
0.10459807
0.11806776
0.12270658
0.10923689
0.10242714
0.1087786
0.13138349
0.11944561
0.11964178
0.14101129
0.15292233
0.13155282
0.11696981
0.1357295
0.14565832
0.12689863
0.11513006
0.12148152
0.15525927
0.14332138
0.18620288
0.21345525
0.21948343
0.19223107
0.17434684
0.19839654
0.20303535
0.17898566
0.1715127
0.18903702
0.22281476
0.19970402
0.14963737
0.17100689
0.17115222
0.14978271
0.14081508
0.15957477
0.15892359
0.14016389
0.13646407
0.15398838
0.17659328
0.15348253
0.2948442
0.32037137
0.30851516
0.28298799
0.27380409
0.29849426
0.28846952
0.26377935
0.267273
0.3013753
0.31749033
0.27949434
0.32218611
0.35157288
0.33585706
0.30647029
0.30313494
0.33175287
0.31780037
0.28918243
0.29171569
0.33360536
0.34972039
0.30393704
0.23584054
0.26136771
0.2417923
0.21626513
0.22192183
0.24661199
0.22873171
0.20404155
0.20793635
0.24982602
0.25815368
0.21237033
0.19266707
0.21252429
0.20033509
0.18047787
0.17703209
0.19598414
0.18555824
0.16660619
0.17050099
0.19919817
0.20931026
0.17658307
0.25276398
0.27661714
0.26842388
0.24457072
0.23172387
0.25474003
0.24837824
0.22536208
0.22789534
0.25659251
0.27476465
0.24203746
0.28408377
0.31193287
0.29974367
0.27189457
0.2650326
0.29211287
0.28168697
0.25460671
0.25617958
0.2929368
0.31110894
0.2703217
0.20800311
0.23185627
0.21567113
0.19181797
0.19408439
0.21710055
0.20261055
0.17959439
0.18266514
0.21942236
0.22953446
0.18874722
0.11429783
0.13044771
0.13839432
0.12224444
0.11180302
0.12603413
0.13264895
0.11841783
0.11020709
0.11589376
0.14058808
0.13045518
0.1624908
0.18333783
0.18658728
0.16574025
0.15349488
0.1719213
0.1743408
0.15591437
0.15070327
0.1652824
0.18997673
0.17095135
0.13199279
0.14814266
0.14669495
0.13054508
0.12567633
0.13990744
0.13813163
0.12390051
0.12154499
0.13612413
0.15192598
0.1329006
0.098942972
0.10756187
0.10915142
0.10053252
0.097120221
0.10432221
0.10508181
0.09787982
0.095524298
0.1005389
0.11134518
0.10288804
0.1093082
0.12162056
0.12690358
0.11459122
0.10681338
0.11720699
0.12115821
0.1107646
0.10555349
0.11056809
0.12825946
0.11980232
0.14449895
0.16050478
0.16209433
0.1460885
0.13550303
0.14908826
0.14984786
0.13626263
0.13405115
0.14595083
0.16364221
0.14829998
0.11935986
0.13167222
0.12956831
0.11725594
0.1130434
0.123437
0.12100498
0.11061138
0.11025179
0.12215147
0.13295776
0.11761553
0.093172155
0.11455089
0.097745996
0.07636726
0.087148112
0.10720145
0.091520975
0.071467635
0.072128107
0.10819216
0.11356018
0.075706788
0.10231984
0.12552811
0.10689368
0.083685406
0.095893839
0.11769632
0.1002667
0.078464216
0.07928547
0.11892821
0.12429623
0.082864152
0.020463967
0.041842703
0.021378736
-1.2908782e-18
0.019178768
0.039232108
0.02005334
-8.6651471e-19
-1.0587912e-18
0.039642735
0.041432076
-1.0986017e-18
0.016224814
0.033284005
0.017059191
-1.6432439e-19
0.015020005
0.030834192
0.015814187
3.9217625e-19
1.9989978e-19
0.031244819
0.032873378
2.7952087e-20
0.081124069
0.099852014
0.085295955
0.06656801
0.075100027
0.092502576
0.079070934
0.061668384
0.062489638
0.093734458
0.098620133
0.065746755
0.08946784
0.10986454
0.093639725
0.073243026
0.083041841
0.10203275
0.087012749
0.068021836
0.069003873
0.10350581
0.10839148
0.07226099
0.017893568
0.036621513
0.018727945
-4.421512e-19
0.016608368
0.034010918
0.01740255
-1.7787692e-20
-1.439956e-19
0.034501936
0.036130495
-3.1594329e-19
0.21068376
0.23286291
0.2283326
0.20615345
0.19518673
0.21587609
0.21225184
0.19156248
0.19119944
0.21467105
0.23406795
0.20651649
0.24598144
0.27229286
0.26363027
0.23731885
0.22931694
0.25403371
0.24638205
0.22166528
0.22183354
0.25346484
0.27286173
0.23715059
0.18016568
0.20234483
0.18954996
0.16737081
0.1686075
0.18929686
0.17761779
0.15692843
0.15857094
0.19020224
0.20143945
0.1657283
0.13977675
0.15505377
0.14841304
0.13313602
0.12896657
0.14285866
0.13722886
0.12333677
0.12497928
0.14376404
0.15414839
0.13149351
0.17968971
0.19888927
0.19617108
0.17697152
0.16419268
0.18190245
0.18009032
0.16238055
0.16254881
0.18133358
0.19945814
0.17680326
0.21265245
0.23577455
0.22913382
0.20601172
0.19598796
0.2175154
0.2118856
0.19035816
0.19105771
0.2175827
0.23570726
0.20531217
0.15704933
0.17624889
0.16568561
0.14648605
0.14549115
0.16320092
0.15375344
0.13604367
0.13800775
0.16453273
0.17491707
0.14452198
0.040138935
0.049436411
0.039447433
0.047578688
0.072113532
0.058733887
0.036056766
0.068859087
0.055709942
0.034429543
-4.7755718e-18
-3.9869841e-18
-4.1504614e-18
0.026067788
0.031099884
-3.778614e-18
0.03875593
0.045720964
0.052135575
0.062199768
0.065604641
0.052685998
0.032802321
0.07226396
0.03613198
-3.1983964e-18
-3.4067665e-18
0.1178063
0.15320238
0.11546551
0.1468624
0.17979154
0.18859846
0.1620093
0.17084174
0.17825929
0.15427996
0.14422706
0.13771817
0.10427115
0.1109538
0.13726145
0.12439954
0.11312473
0.14052243
0.11763644
0.15012337
0.16189194
0.16792013
0.14655061
0.18261031
0.16356911
0.13120928
0.14452792
0.25939062
0.26920197
0.24105307
0.25179073
0.29472914
0.27901333
0.25348616
0.27648089
0.26252838
0.23783822
0.21224317
0.19919554
0.18478469
0.21618443
0.22540431
0.19004272
0.22271553
0.23437948
0.24758417
0.2607659
0.25823264
0.24604344
0.22219028
0.27394763
0.23462419
0.18614792
0.19530075
0.10844315
0.12784247
0.10628437
0.12293499
0.14399235
0.14724179
0.13109192
0.1371661
0.1395856
0.12535448
0.1181915
0.11354287
0.097179032
0.10252966
0.11583373
0.10653871
0.10412559
0.1180275
0.10788029
0.12512875
0.13033986
0.13192941
0.11961705
0.14237721
0.1291378
0.10889423
0.11589839
0.055903293
0.058647598
0.052288867
0.054912585
0.080026333
0.061391902
0.040013167
0.074965926
0.057536303
0.037482963
-1.2841019e-18
-7.9366987e-19
-3.8963516e-19
0.033654436
0.035363386
-4.9551427e-19
0.048674442
0.051177573
0.067308873
0.070726772
0.069905518
0.053680704
0.034952759
0.074144671
0.037072336
-3.032378e-19
-6.0139339e-19
0.18604043
0.199557
0.17288683
0.18592453
0.22173615
0.21307356
0.19089441
0.20661388
0.19896222
0.17827287
0.16005267
0.14993185
0.13461775
0.15574593
0.16655671
0.14145354
0.15973323
0.17229206
0.17687412
0.19165988
0.19149162
0.18485089
0.16565133
0.20644563
0.17736748
0.13981104
0.14828934
0.093657516
0.11535163
0.09204401
0.11101694
0.13704574
0.1081703
0.12998987
0.10328863
0.078203363
0.093299652
0.090430504
0.10668225
0.122934
0.098406962
0.10839594
0.15873985
0.14896279
0.1938136
0.18043396
0.1453602
0.18108487
0.16793572
0.13581365
0.14930129
0.1288814
0.096906801
0.11995409
0.090542433
0.099534194
0.12349223
0.082328153
0.13918574
0.16465631
0.16835613
0.15543749
0.1262671
0.13858852
0.11102678
0.084178065
0.092392345
0.068031363
0.063841197
0.077328838
0.0484534
0.071972452
0.045271216
0.049767097
0.025776279
-3.752356e-18
0.023990817
-3.1501155e-18
-3.2187252e-18
0.041164076
-3.0349191e-18
0.059651032
0.066616066
0.042089032
0.046196173
0.022205355
-2.5478751e-18
-2.6630716e-18
0.038064428
0.043863241
0.062350196
0.049662054
0.031175098
-2.4098087e-18
0.012457642
0.026459481
0.014001839
-1.7601345e-18
-2.2937652e-18
0.025145784
0.028622919
-2.108265e-18
0.037372925
0.052918962
0.042005517
0.050291569
0.057245839
0.059095751
0.046638109
0.029547875
0.064200108
0.032100054
0.015546036
-1.6212211e-18
-1.9227648e-18
0.088816998
0.10234756
0.12470039
0.11587812
0.093525294
0.062288209
0.079378443
0.070009195
0.075437353
0.085868758
0.087203492
0.098012873
0.10058314
0.11449168
0.10882225
0.088643626
0.12840022
0.096300163
0.077730182
0.12940869
0.15562739
0.14293925
0.11672055
0.12787574
0.10209947
0.077813697
0.085250497
0.09790881
0.085451168
0.06527254
0.10673157
0.071154378
0.11963164
0.14230876
0.14289866
0.13044102
0.10717399
0.1562173
0.11716297
0.071449329
0.078108648
0.055460866
0.061259679
0.038906849
0.042625248
0.020419893
-1.9456347e-18
-2.107418e-18
0.03263627
0.017090234
-1.4823077e-18
0.035577189
-1.7372646e-18
0.051270701
0.035724665
0.039054324
-1.3433943e-18
-1.5517644e-18
0.13216515
0.16228858
0.18169831
0.12916199
0.15637917
0.17351027
0.13417049
0.18449727
0.21535601
0.23123147
0.19757377
0.2039653
0.21785855
0.18740352
0.23482405
0.12431909
0.16298529
0.12615883
0.15046977
0.16532223
0.13100173
0.17584721
0.1925746
0.20448563
0.17723327
0.22069269
0.2016515
0.26842344
0.28076463
0.25155143
0.26220683
0.28515083
0.32149087
0.33029779
0.28957155
0.29913756
0.30655511
0.26962439
0.33547761
0.25765224
0.24011121
0.2403177
0.21509724
0.23467942
0.24364904
0.26553817
0.27678425
0.28281244
0.24967722
0.31038365
0.27898391
0.22257019
0.22399454
0.20965618
0.22573292
0.21059804
0.18987677
0.19531783
0.19546316
0.11078394
0.13418245
0.15294214
0.15758096
0.13882127
0.10660341
0.12550553
0.11262368
0.13651939
0.1604151
0.14440766
0.12315567
0.14456037
0.15713419
0.12783298
0.16719716
0.18118389
0.19111272
0.16706302
0.20656133
0.11864396
0.14753325
0.12015251
0.13865097
0.14894616
0.12466423
0.1585471
0.16979319
0.1777398
0.15689277
0.19242998
0.17642254
0.21780742
0.22509124
0.24592551
0.25443094
0.25906976
0.22973006
0.28528968
0.20502917
0.20531183
0.1843108
0.20093541
0.20653344
0.22631285
0.23207763
0.23532708
0.20978289
0.26019572
0.23420112
0.18748815
0.20820651
0.18097947
0.20437798
0.18032828
0.16330978
0.16664111
0.1651934
0.1822119
0.35775476
0.34782834
0.33320916
0.32514831
0.35548632
0.37721511
0.36535889
0.33597213
0.35376624
0.3437415
0.31512357
0.37549503
0.29612749
0.30866357
0.30246827
0.33148908
0.33031737
0.3221241
0.29427501
0.35259452
0.31327108
0.39667546
0.38288944
0.37432332
0.36233469
0.39550374
0.41613581
