MFEM mesh v1.0

#
# MFEM Geometry Types (see mesh/geom.hpp):
#
# POINT       = 0
# SEGMENT     = 1
# TRIANGLE    = 2
# SQUARE      = 3
# TETRAHEDRON = 4
# CUBE        = 5
#

dimension
3

elements
704
1 5 17 177 601 180 185 602 937 605
1 5 18 189 607 192 197 608 938 611
1 5 20 201 613 204 209 614 939 617
1 5 23 213 619 216 221 620 940 623
1 5 24 225 625 228 233 626 941 629
1 5 26 237 631 240 245 632 942 635
1 5 27 249 637 252 257 638 943 641
1 5 32 261 643 264 269 644 944 647
1 5 33 273 649 276 281 650 945 653
1 5 14 285 655 288 293 656 946 659
1 5 15 297 661 300 305 662 947 665
1 5 38 309 667 178 186 668 948 603
1 5 115 310 671 315 187 669 949 674
1 5 41 179 676 320 188 604 950 677
1 5 46 181 606 184 322 679 951 682
1 5 116 311 670 182 323 683 952 680
1 5 166 312 675 318 324 685 953 689
1 5 119 183 678 321 325 681 954 692
1 5 50 337 694 190 198 695 955 609
1 5 121 339 699 347 199 697 956 702
1 5 39 191 704 313 200 610 957 672
1 5 47 193 612 196 328 707 958 684
1 5 122 340 698 194 355 710 959 708
1 5 167 342 703 350 356 712 960 716
1 5 117 195 706 316 329 709 961 687
1 5 40 314 720 202 210 673 962 615
1 5 126 368 724 374 211 722 963 727
1 5 60 203 729 381 212 616 964 731
1 5 49 205 618 208 336 691 965 735
1 5 118 317 723 206 334 688 966 733
1 5 168 370 728 377 385 737 967 741
1 5 129 207 732 383 386 734 968 744
1 5 42 326 686 214 222 746 969 621
1 5 120 327 690 332 223 747 970 751
1 5 45 215 693 335 224 622 971 753
1 5 70 217 624 220 407 755 972 758
1 5 131 397 748 218 408 760 973 756
1 5 169 398 752 401 409 762 974 766
1 5 134 219 754 402 410 757 975 769
1 5 53 357 713 226 234 771 976 627
1 5 125 359 717 364 235 773 977 777
1 5 43 227 719 330 236 628 978 749
1 5 71 229 630 232 414 780 979 761
1 5 136 423 774 230 435 784 980 781
1 5 170 425 778 430 436 786 981 790
1 5 132 231 779 399 415 782 982 764
1 5 44 331 738 238 246 750 983 633
1 5 130 387 742 391 247 794 984 798
1 5 63 239 745 395 248 634 985 801
1 5 73 241 636 244 422 768 986 805
1 5 133 400 795 242 420 765 987 803
1 5 171 447 799 450 456 807 988 811
1 5 142 243 802 454 457 804 989 814
1 5 55 363 816 250 258 776 990 639
1 5 144 469 820 475 259 818 991 823
1 5 61 251 825 389 260 640 992 796
1 5 72 253 642 256 419 792 993 806
1 5 138 429 819 254 446 789 994 828
1 5 172 471 824 478 483 831 995 835
1 5 140 255 827 448 459 829 996 809
1 5 68 417 808 262 270 839 997 645
1 5 143 458 812 462 271 840 998 844
1 5 81 263 815 466 272 646 999 847
1 5 93 265 648 268 503 849 1000 852
1 5 148 493 841 266 504 853 1001 850
1 5 173 494 845 497 505 855 1002 859
1 5 151 267 848 501 506 851 1003 862
1 5 76 443 832 274 282 864 1004 651
1 5 147 485 836 489 283 866 1005 870
1 5 79 275 838 460 284 652 1006 842
1 5 94 277 654 280 509 874 1007 854
1 5 153 519 867 278 530 877 1008 875
1 5 174 521 871 526 531 879 1009 883
1 5 149 279 873 495 510 876 1010 857
1 5 102 543 887 286 294 888 1011 657
1 5 157 545 892 553 295 890 1012 895
1 5 89 287 897 507 296 658 1013 856
1 5 92 289 660 292 517 899 1014 863
1 5 158 546 891 290 561 903 1015 900
1 5 175 548 896 556 562 905 1016 909
1 5 152 291 898 508 513 901 1017 860
1 5 104 552 913 298 306 894 1018 663
1 5 162 575 917 581 307 915 1019 920
1 5 97 299 922 532 308 664 1020 880
1 5 90 301 666 304 511 911 1021 886
1 5 160 555 916 302 572 908 1022 925
1 5 176 577 921 584 591 929 1023 933
1 5 156 303 924 534 539 926 1024 884
1 5 177 38 178 601 602 186 603 937
1 5 601 178 115 179 937 603 187 604
1 5 180 601 179 41 605 937 604 188
1 5 185 602 937 605 46 181 606 184
1 5 602 186 603 937 181 116 182 606
1 5 937 603 187 604 606 182 166 183
1 5 605 937 604 188 184 606 183 119
1 5 189 50 190 607 608 198 609 938
1 5 607 190 121 191 938 609 199 610
1 5 192 607 191 39 611 938 610 200
1 5 197 608 938 611 47 193 612 196
1 5 608 198 609 938 193 122 194 612
1 5 938 609 199 610 612 194 167 195
1 5 611 938 610 200 196 612 195 117
1 5 201 40 202 613 614 210 615 939
1 5 613 202 126 203 939 615 211 616
1 5 204 613 203 60 617 939 616 212
1 5 209 614 939 617 49 205 618 208
1 5 614 210 615 939 205 118 206 618
1 5 939 615 211 616 618 206 168 207
1 5 617 939 616 212 208 618 207 129
1 5 213 42 214 619 620 222 621 940
1 5 619 214 120 215 940 621 223 622
1 5 216 619 215 45 623 940 622 224
1 5 221 620 940 623 70 217 624 220
1 5 620 222 621 940 217 131 218 624
1 5 940 621 223 622 624 218 169 219
1 5 623 940 622 224 220 624 219 134
1 5 225 53 226 625 626 234 627 941
1 5 625 226 125 227 941 627 235 628
1 5 228 625 227 43 629 941 628 236
1 5 233 626 941 629 71 229 630 232
1 5 626 234 627 941 229 136 230 630
1 5 941 627 235 628 630 230 170 231
1 5 629 941 628 236 232 630 231 132
1 5 237 44 238 631 632 246 633 942
1 5 631 238 130 239 942 633 247 634
1 5 240 631 239 63 635 942 634 248
1 5 245 632 942 635 73 241 636 244
1 5 632 246 633 942 241 133 242 636
1 5 942 633 247 634 636 242 171 243
1 5 635 942 634 248 244 636 243 142
1 5 249 55 250 637 638 258 639 943
1 5 637 250 144 251 943 639 259 640
1 5 252 637 251 61 641 943 640 260
1 5 257 638 943 641 72 253 642 256
1 5 638 258 639 943 253 138 254 642
1 5 943 639 259 640 642 254 172 255
1 5 641 943 640 260 256 642 255 140
1 5 261 68 262 643 644 270 645 944
1 5 643 262 143 263 944 645 271 646
1 5 264 643 263 81 647 944 646 272
1 5 269 644 944 647 93 265 648 268
1 5 644 270 645 944 265 148 266 648
1 5 944 645 271 646 648 266 173 267
1 5 647 944 646 272 268 648 267 151
1 5 273 76 274 649 650 282 651 945
1 5 649 274 147 275 945 651 283 652
1 5 276 649 275 79 653 945 652 284
1 5 281 650 945 653 94 277 654 280
1 5 650 282 651 945 277 153 278 654
1 5 945 651 283 652 654 278 174 279
1 5 653 945 652 284 280 654 279 149
1 5 285 102 286 655 656 294 657 946
1 5 655 286 157 287 946 657 295 658
1 5 288 655 287 89 659 946 658 296
1 5 293 656 946 659 92 289 660 292
1 5 656 294 657 946 289 158 290 660
1 5 946 657 295 658 660 290 175 291
1 5 659 946 658 296 292 660 291 152
1 5 297 104 298 661 662 306 663 947
1 5 661 298 162 299 947 663 307 664
1 5 300 661 299 97 665 947 664 308
1 5 305 662 947 665 90 301 666 304
1 5 662 306 663 947 301 160 302 666
1 5 947 663 307 664 666 302 176 303
1 5 665 947 664 308 304 666 303 156
1 5 309 18 192 667 668 197 611 948
1 5 667 192 39 310 948 611 200 669
1 5 178 667 310 115 603 948 669 187
1 5 186 668 948 603 116 311 670 182
1 5 668 197 611 948 311 47 196 670
1 5 948 611 200 669 670 196 117 312
1 5 603 948 669 187 182 670 312 166
1 5 310 39 313 671 669 200 672 949
1 5 671 313 21 314 949 672 319 673
1 5 315 671 314 40 674 949 673 210
1 5 187 669 949 674 166 312 675 318
1 5 669 200 672 949 312 117 316 675
1 5 949 672 319 673 675 316 48 317
1 5 674 949 673 210 318 675 317 118
1 5 179 115 315 676 604 187 674 950
1 5 676 315 40 201 950 674 210 614
1 5 320 676 201 20 677 950 614 209
1 5 188 604 950 677 119 183 678 321
1 5 604 187 674 950 183 166 318 678
1 5 950 674 210 614 678 318 118 205
1 5 677 950 614 209 321 678 205 49
1 5 181 116 182 606 679 323 680 951
1 5 606 182 166 183 951 680 324 681
1 5 184 606 183 119 682 951 681 325
1 5 322 679 951 682 23 213 619 216
1 5 679 323 680 951 213 42 214 619
1 5 951 680 324 681 619 214 120 215
1 5 682 951 681 325 216 619 215 45
1 5 311 47 196 670 683 328 684 952
1 5 670 196 117 312 952 684 329 685
1 5 182 670 312 166 680 952 685 324
1 5 323 683 952 680 42 326 686 214
1 5 683 328 684 952 326 24 228 686
1 5 952 684 329 685 686 228 43 327
1 5 680 952 685 324 214 686 327 120
1 5 312 117 316 675 685 329 687 953
1 5 675 316 48 317 953 687 333 688
1 5 318 675 317 118 689 953 688 334
1 5 324 685 953 689 120 327 690 332
1 5 685 329 687 953 327 43 330 690
1 5 953 687 333 688 690 330 27 331
1 5 689 953 688 334 332 690 331 44
1 5 183 166 318 678 681 324 689 954
1 5 678 318 118 205 954 689 334 691
1 5 321 678 205 49 692 954 691 336
1 5 325 681 954 692 45 215 693 335
1 5 681 324 689 954 215 120 332 693
1 5 954 689 334 691 693 332 44 237
1 5 692 954 691 336 335 693 237 26
1 5 337 19 338 694 695 343 696 955
1 5 694 338 51 339 955 696 344 697
1 5 190 694 339 121 609 955 697 199
1 5 198 695 955 609 122 340 698 194
1 5 695 343 696 955 340 56 341 698
1 5 955 696 344 697 698 341 123 342
1 5 609 955 697 199 194 698 342 167
1 5 339 51 345 699 697 344 700 956
1 5 699 345 22 346 956 700 351 701
1 5 347 699 346 52 702 956 701 352
1 5 199 697 956 702 167 342 703 350
1 5 697 344 700 956 342 123 348 703
1 5 956 700 351 701 703 348 57 349
1 5 702 956 701 352 350 703 349 124
1 5 191 121 347 704 610 199 702 957
1 5 704 347 52 353 957 702 352 705
1 5 313 704 353 21 672 957 705 319
1 5 200 610 957 672 117 195 706 316
1 5 610 199 702 957 195 167 350 706
1 5 957 702 352 705 706 350 124 354
1 5 672 957 705 319 316 706 354 48
1 5 193 122 194 612 707 355 708 958
1 5 612 194 167 195 958 708 356 709
1 5 196 612 195 117 684 958 709 329
1 5 328 707 958 684 24 225 625 228
1 5 707 355 708 958 225 53 226 625
1 5 958 708 356 709 625 226 125 227
1 5 684 958 709 329 228 625 227 43
1 5 340 56 341 698 710 360 711 959
1 5 698 341 123 342 959 711 361 712
1 5 194 698 342 167 708 959 712 356
1 5 355 710 959 708 53 357 713 226
1 5 710 360 711 959 357 25 358 713
1 5 959 711 361 712 713 358 54 359
1 5 708 959 712 356 226 713 359 125
1 5 342 123 348 703 712 361 714 960
1 5 703 348 57 349 960 714 365 715
1 5 350 703 349 124 716 960 715 366
1 5 356 712 960 716 125 359 717 364
1 5 712 361 714 960 359 54 362 717
1 5 960 714 365 715 717 362 28 363
1 5 716 960 715 366 364 717 363 55
1 5 195 167 350 706 709 356 716 961
1 5 706 350 124 354 961 716 366 718
1 5 316 706 354 48 687 961 718 333
1 5 329 709 961 687 43 227 719 330
1 5 709 356 716 961 227 125 364 719
1 5 961 716 366 718 719 364 55 249
1 5 687 961 718 333 330 719 249 27
1 5 314 21 367 720 673 319 721 962
1 5 720 367 58 368 962 721 371 722
1 5 202 720 368 126 615 962 722 211
1 5 210 673 962 615 118 317 723 206
1 5 673 319 721 962 317 48 369 723
1 5 962 721 371 722 723 369 127 370
1 5 615 962 722 211 206 723 370 168
1 5 368 58 372 724 722 371 725 963
1 5 724 372 4 373 963 725 378 726
1 5 374 724 373 59 727 963 726 379
1 5 211 722 963 727 168 370 728 377
1 5 722 371 725 963 370 127 375 728
1 5 963 725 378 726 728 375 64 376
1 5 727 963 726 379 377 728 376 128
1 5 203 126 374 729 616 211 727 964
1 5 729 374 59 380 964 727 379 730
1 5 381 729 380 3 731 964 730 384
1 5 212 616 964 731 129 207 732 383
1 5 616 211 727 964 207 168 377 732
1 5 964 727 379 730 732 377 128 382
1 5 731 964 730 384 383 732 382 65
1 5 205 118 206 618 691 334 733 965
1 5 618 206 168 207 965 733 385 734
1 5 208 618 207 129 735 965 734 386
1 5 336 691 965 735 26 237 631 240
1 5 691 334 733 965 237 44 238 631
1 5 965 733 385 734 631 238 130 239
1 5 735 965 734 386 240 631 239 63
1 5 317 48 369 723 688 333 736 966
1 5 723 369 127 370 966 736 388 737
1 5 206 723 370 168 733 966 737 385
1 5 334 688 966 733 44 331 738 238
1 5 688 333 736 966 331 27 252 738
1 5 966 736 388 737 738 252 61 387
1 5 733 966 737 385 238 738 387 130
1 5 370 127 375 728 737 388 739 967
1 5 728 375 64 376 967 739 392 740
1 5 377 728 376 128 741 967 740 393
1 5 385 737 967 741 130 387 742 391
1 5 737 388 739 967 387 61 389 742
1 5 967 739 392 740 742 389 6 390
1 5 741 967 740 393 391 742 390 62
1 5 207 168 377 732 734 385 741 968
1 5 732 377 128 382 968 741 393 743
1 5 383 732 382 65 744 968 743 396
1 5 386 734 968 744 63 239 745 395
1 5 734 385 741 968 239 130 391 745
1 5 968 741 393 743 745 391 62 394
1 5 744 968 743 396 395 745 394 5
1 5 326 24 228 686 746 233 629 969
1 5 686 228 43 327 969 629 236 747
1 5 214 686 327 120 621 969 747 223
1 5 222 746 969 621 131 397 748 218
1 5 746 233 629 969 397 71 232 748
1 5 969 629 236 747 748 232 132 398
1 5 621 969 747 223 218 748 398 169
1 5 327 43 330 690 747 236 749 970
1 5 690 330 27 331 970 749 257 750
1 5 332 690 331 44 751 970 750 246
1 5 223 747 970 751 169 398 752 401
1 5 747 236 749 970 398 132 399 752
1 5 970 749 257 750 752 399 72 400
1 5 751 970 750 246 401 752 400 133
1 5 215 120 332 693 622 223 751 971
1 5 693 332 44 237 971 751 246 632
1 5 335 693 237 26 753 971 632 245
1 5 224 622 971 753 134 219 754 402
1 5 622 223 751 971 219 169 401 754
1 5 971 751 246 632 754 401 133 241
1 5 753 971 632 245 402 754 241 73
1 5 217 131 218 624 755 408 756 972
1 5 624 218 169 219 972 756 409 757
1 5 220 624 219 134 758 972 757 410
1 5 407 755 972 758 29 403 759 406
1 5 755 408 756 972 403 66 404 759
1 5 972 756 409 757 759 404 135 405
1 5 758 972 757 410 406 759 405 69
1 5 397 71 232 748 760 414 761 973
1 5 748 232 132 398 973 761 415 762
1 5 218 748 398 169 756 973 762 409
1 5 408 760 973 756 66 411 763 404
1 5 760 414 761 973 411 30 412 763
1 5 973 761 415 762 763 412 67 413
1 5 756 973 762 409 404 763 413 135
1 5 398 132 399 752 762 415 764 974
1 5 752 399 72 400 974 764 419 765
1 5 401 752 400 133 766 974 765 420
1 5 409 762 974 766 135 413 767 418
1 5 762 415 764 974 413 67 416 767
1 5 974 764 419 765 767 416 33 417
1 5 766 974 765 420 418 767 417 68
1 5 219 169 401 754 757 409 766 975
1 5 754 401 133 241 975 766 420 768
1 5 402 754 241 73 769 975 768 422
1 5 410 757 975 769 69 405 770 421
1 5 757 409 766 975 405 135 418 770
1 5 975 766 420 768 770 418 68 261
1 5 769 975 768 422 421 770 261 32
1 5 357 25 358 713 771 426 772 976
1 5 713 358 54 359 976 772 427 773
1 5 226 713 359 125 627 976 773 235
1 5 234 771 976 627 136 423 774 230
1 5 771 426 772 976 423 77 424 774
1 5 976 772 427 773 774 424 137 425
1 5 627 976 773 235 230 774 425 170
1 5 359 54 362 717 773 427 775 977
1 5 717 362 28 363 977 775 431 776
1 5 364 717 363 55 777 977 776 258
1 5 235 773 977 777 170 425 778 430
1 5 773 427 775 977 425 137 428 778
1 5 977 775 431 776 778 428 78 429
1 5 777 977 776 258 430 778 429 138
1 5 227 125 364 719 628 235 777 978
1 5 719 364 55 249 978 777 258 638
1 5 330 719 249 27 749 978 638 257
1 5 236 628 978 749 132 231 779 399
1 5 628 235 777 978 231 170 430 779
1 5 978 777 258 638 779 430 138 253
1 5 749 978 638 257 399 779 253 72
1 5 229 136 230 630 780 435 781 979
1 5 630 230 170 231 979 781 436 782
1 5 232 630 231 132 761 979 782 415
1 5 414 780 979 761 30 432 783 412
1 5 780 435 781 979 432 74 433 783
1 5 979 781 436 782 783 433 139 434
1 5 761 979 782 415 412 783 434 67
1 5 423 77 424 774 784 440 785 980
1 5 774 424 137 425 980 785 441 786
1 5 230 774 425 170 781 980 786 436
1 5 435 784 980 781 74 437 787 433
1 5 784 440 785 980 437 31 438 787
1 5 980 785 441 786 787 438 75 439
1 5 781 980 786 436 433 787 439 139
1 5 425 137 428 778 786 441 788 981
1 5 778 428 78 429 981 788 445 789
1 5 430 778 429 138 790 981 789 446
1 5 436 786 981 790 139 439 791 444
1 5 786 441 788 981 439 75 442 791
1 5 981 788 445 789 791 442 34 443
1 5 790 981 789 446 444 791 443 76
1 5 231 170 430 779 782 436 790 982
1 5 779 430 138 253 982 790 446 792
1 5 399 779 253 72 764 982 792 419
1 5 415 782 982 764 67 434 793 416
1 5 782 436 790 982 434 139 444 793
1 5 982 790 446 792 793 444 76 273
1 5 764 982 792 419 416 793 273 33
1 5 331 27 252 738 750 257 641 983
1 5 738 252 61 387 983 641 260 794
1 5 238 738 387 130 633 983 794 247
1 5 246 750 983 633 133 400 795 242
1 5 750 257 641 983 400 72 256 795
1 5 983 641 260 794 795 256 140 447
1 5 633 983 794 247 242 795 447 171
1 5 387 61 389 742 794 260 796 984
1 5 742 389 6 390 984 796 451 797
1 5 391 742 390 62 798 984 797 452
1 5 247 794 984 798 171 447 799 450
1 5 794 260 796 984 447 140 448 799
1 5 984 796 451 797 799 448 82 449
1 5 798 984 797 452 450 799 449 141
1 5 239 130 391 745 634 247 798 985
1 5 745 391 62 394 985 798 452 800
1 5 395 745 394 5 801 985 800 455
1 5 248 634 985 801 142 243 802 454
1 5 634 247 798 985 243 171 450 802
1 5 985 798 452 800 802 450 141 453
1 5 801 985 800 455 454 802 453 83
1 5 241 133 242 636 768 420 803 986
1 5 636 242 171 243 986 803 456 804
1 5 244 636 243 142 805 986 804 457
1 5 422 768 986 805 32 261 643 264
1 5 768 420 803 986 261 68 262 643
1 5 986 803 456 804 643 262 143 263
1 5 805 986 804 457 264 643 263 81
1 5 400 72 256 795 765 419 806 987
1 5 795 256 140 447 987 806 459 807
1 5 242 795 447 171 803 987 807 456
1 5 420 765 987 803 68 417 808 262
1 5 765 419 806 987 417 33 276 808
1 5 987 806 459 807 808 276 79 458
1 5 803 987 807 456 262 808 458 143
1 5 447 140 448 799 807 459 809 988
1 5 799 448 82 449 988 809 463 810
1 5 450 799 449 141 811 988 810 464
1 5 456 807 988 811 143 458 812 462
1 5 807 459 809 988 458 79 460 812
1 5 988 809 463 810 812 460 9 461
1 5 811 988 810 464 462 812 461 80
1 5 243 171 450 802 804 456 811 989
1 5 802 450 141 453 989 811 464 813
1 5 454 802 453 83 814 989 813 467
1 5 457 804 989 814 81 263 815 466
1 5 804 456 811 989 263 143 462 815
1 5 989 811 464 813 815 462 80 465
1 5 814 989 813 467 466 815 465 8
1 5 363 28 468 816 776 431 817 990
1 5 816 468 84 469 990 817 472 818
1 5 250 816 469 144 639 990 818 259
1 5 258 776 990 639 138 429 819 254
1 5 776 431 817 990 429 78 470 819
1 5 990 817 472 818 819 470 145 471
1 5 639 990 818 259 254 819 471 172
1 5 469 84 473 820 818 472 821 991
1 5 820 473 7 474 991 821 479 822
1 5 475 820 474 85 823 991 822 480
1 5 259 818 991 823 172 471 824 478
1 5 818 472 821 991 471 145 476 824
1 5 991 821 479 822 824 476 88 477
1 5 823 991 822 480 478 824 477 146
1 5 251 144 475 825 640 259 823 992
1 5 825 475 85 481 992 823 480 826
1 5 389 825 481 6 796 992 826 451
1 5 260 640 992 796 140 255 827 448
1 5 640 259 823 992 255 172 478 827
1 5 992 823 480 826 827 478 146 482
1 5 796 992 826 451 448 827 482 82
1 5 253 138 254 642 792 446 828 993
1 5 642 254 172 255 993 828 483 829
1 5 256 642 255 140 806 993 829 459
1 5 419 792 993 806 33 273 649 276
1 5 792 446 828 993 273 76 274 649
1 5 993 828 483 829 649 274 147 275
1 5 806 993 829 459 276 649 275 79
1 5 429 78 470 819 789 445 830 994
1 5 819 470 145 471 994 830 486 831
1 5 254 819 471 172 828 994 831 483
1 5 446 789 994 828 76 443 832 274
1 5 789 445 830 994 443 34 484 832
1 5 994 830 486 831 832 484 86 485
1 5 828 994 831 483 274 832 485 147
1 5 471 145 476 824 831 486 833 995
1 5 824 476 88 477 995 833 490 834
1 5 478 824 477 146 835 995 834 491
1 5 483 831 995 835 147 485 836 489
1 5 831 486 833 995 485 86 487 836
1 5 995 833 490 834 836 487 10 488
1 5 835 995 834 491 489 836 488 87
1 5 255 172 478 827 829 483 835 996
1 5 827 478 146 482 996 835 491 837
1 5 448 827 482 82 809 996 837 463
1 5 459 829 996 809 79 275 838 460
1 5 829 483 835 996 275 147 489 838
1 5 996 835 491 837 838 489 87 492
1 5 809 996 837 463 460 838 492 9
1 5 417 33 276 808 839 281 653 997
1 5 808 276 79 458 997 653 284 840
1 5 262 808 458 143 645 997 840 271
1 5 270 839 997 645 148 493 841 266
1 5 839 281 653 997 493 94 280 841
1 5 997 653 284 840 841 280 149 494
1 5 645 997 840 271 266 841 494 173
1 5 458 79 460 812 840 284 842 998
1 5 812 460 9 461 998 842 498 843
1 5 462 812 461 80 844 998 843 499
1 5 271 840 998 844 173 494 845 497
1 5 840 284 842 998 494 149 495 845
1 5 998 842 498 843 845 495 95 496
1 5 844 998 843 499 497 845 496 150
1 5 263 143 462 815 646 271 844 999
1 5 815 462 80 465 999 844 499 846
1 5 466 815 465 8 847 999 846 502
1 5 272 646 999 847 151 267 848 501
1 5 646 271 844 999 267 173 497 848
1 5 999 844 499 846 848 497 150 500
1 5 847 999 846 502 501 848 500 96
1 5 265 148 266 648 849 504 850 1000
1 5 648 266 173 267 1000 850 505 851
1 5 268 648 267 151 852 1000 851 506
1 5 503 849 1000 852 14 288 659 293
1 5 849 504 850 1000 288 89 296 659
1 5 1000 850 505 851 659 296 152 292
1 5 852 1000 851 506 293 659 292 92
1 5 493 94 280 841 853 509 854 1001
1 5 841 280 149 494 1001 854 510 855
1 5 266 841 494 173 850 1001 855 505
1 5 504 853 1001 850 89 507 856 296
1 5 853 509 854 1001 507 15 305 856
1 5 1001 854 510 855 856 305 90 508
1 5 850 1001 855 505 296 856 508 152
1 5 494 149 495 845 855 510 857 1002
1 5 845 495 95 496 1002 857 514 858
1 5 497 845 496 150 859 1002 858 515
1 5 505 855 1002 859 152 508 860 513
1 5 855 510 857 1002 508 90 511 860
1 5 1002 857 514 858 860 511 1 512
1 5 859 1002 858 515 513 860 512 91
1 5 267 173 497 848 851 505 859 1003
1 5 848 497 150 500 1003 859 515 861
1 5 501 848 500 96 862 1003 861 518
1 5 506 851 1003 862 92 292 863 517
1 5 851 505 859 1003 292 152 513 863
1 5 1003 859 515 861 863 513 91 516
1 5 862 1003 861 518 517 863 516 0
1 5 443 34 484 832 864 522 865 1004
1 5 832 484 86 485 1004 865 523 866
1 5 274 832 485 147 651 1004 866 283
1 5 282 864 1004 651 153 519 867 278
1 5 864 522 865 1004 519 100 520 867
1 5 1004 865 523 866 867 520 154 521
1 5 651 1004 866 283 278 867 521 174
1 5 485 86 487 836 866 523 868 1005
1 5 836 487 10 488 1005 868 527 869
1 5 489 836 488 87 870 1005 869 528
1 5 283 866 1005 870 174 521 871 526
1 5 866 523 868 1005 521 154 524 871
1 5 1005 868 527 869 871 524 101 525
1 5 870 1005 869 528 526 871 525 155
1 5 275 147 489 838 652 283 870 1006
1 5 838 489 87 492 1006 870 528 872
1 5 460 838 492 9 842 1006 872 498
1 5 284 652 1006 842 149 279 873 495
1 5 652 283 870 1006 279 174 526 873
1 5 1006 870 528 872 873 526 155 529
1 5 842 1006 872 498 495 873 529 95
1 5 277 153 278 654 874 530 875 1007
1 5 654 278 174 279 1007 875 531 876
1 5 280 654 279 149 854 1007 876 510
1 5 509 874 1007 854 15 300 665 305
1 5 874 530 875 1007 300 97 308 665
1 5 1007 875 531 876 665 308 156 304
1 5 854 1007 876 510 305 665 304 90
1 5 519 100 520 867 877 535 878 1008
1 5 867 520 154 521 1008 878 536 879
1 5 278 867 521 174 875 1008 879 531
1 5 530 877 1008 875 97 532 880 308
1 5 877 535 878 1008 532 16 533 880
1 5 1008 878 536 879 880 533 98 534
1 5 875 1008 879 531 308 880 534 156
1 5 521 154 524 871 879 536 881 1009
1 5 871 524 101 525 1009 881 540 882
1 5 526 871 525 155 883 1009 882 541
1 5 531 879 1009 883 156 534 884 539
1 5 879 536 881 1009 534 98 537 884
1 5 1009 881 540 882 884 537 2 538
1 5 883 1009 882 541 539 884 538 99
1 5 279 174 526 873 876 531 883 1010
1 5 873 526 155 529 1010 883 541 885
1 5 495 873 529 95 857 1010 885 514
1 5 510 876 1010 857 90 304 886 511
1 5 876 531 883 1010 304 156 539 886
1 5 1010 883 541 885 886 539 99 542
1 5 857 1010 885 514 511 886 542 1
1 5 543 35 544 887 888 549 889 1011
1 5 887 544 103 545 1011 889 550 890
1 5 286 887 545 157 657 1011 890 295
1 5 294 888 1011 657 158 546 891 290
1 5 888 549 889 1011 546 108 547 891
1 5 1011 889 550 890 891 547 159 548
1 5 657 1011 890 295 290 891 548 175
1 5 545 103 551 892 890 550 893 1012
1 5 892 551 36 552 1012 893 557 894
1 5 553 892 552 104 895 1012 894 306
1 5 295 890 1012 895 175 548 896 556
1 5 890 550 893 1012 548 159 554 896
1 5 1012 893 557 894 896 554 109 555
1 5 895 1012 894 306 556 896 555 160
1 5 287 157 553 897 658 295 895 1013
1 5 897 553 104 297 1013 895 306 662
1 5 507 897 297 15 856 1013 662 305
1 5 296 658 1013 856 152 291 898 508
1 5 658 295 895 1013 291 175 556 898
1 5 1013 895 306 662 898 556 160 301
1 5 856 1013 662 305 508 898 301 90
1 5 289 158 290 660 899 561 900 1014
1 5 660 290 175 291 1014 900 562 901
1 5 292 660 291 152 863 1014 901 513
1 5 517 899 1014 863 0 558 902 516
1 5 899 561 900 1014 558 105 559 902
1 5 1014 900 562 901 902 559 161 560
1 5 863 1014 901 513 516 902 560 91
1 5 546 108 547 891 903 566 904 1015
1 5 891 547 159 548 1015 904 567 905
1 5 290 891 548 175 900 1015 905 562
1 5 561 903 1015 900 105 563 906 559
1 5 903 566 904 1015 563 11 564 906
1 5 1015 904 567 905 906 564 106 565
1 5 900 1015 905 562 559 906 565 161
1 5 548 159 554 896 905 567 907 1016
1 5 896 554 109 555 1016 907 571 908
1 5 556 896 555 160 909 1016 908 572
1 5 562 905 1016 909 161 565 910 570
1 5 905 567 907 1016 565 106 568 910
1 5 1016 907 571 908 910 568 12 569
1 5 909 1016 908 572 570 910 569 107
1 5 291 175 556 898 901 562 909 1017
1 5 898 556 160 301 1017 909 572 911
1 5 508 898 301 90 860 1017 911 511
1 5 513 901 1017 860 91 560 912 512
1 5 901 562 909 1017 560 161 570 912
1 5 1017 909 572 911 912 570 107 573
1 5 860 1017 911 511 512 912 573 1
1 5 552 36 574 913 894 557 914 1018
1 5 913 574 110 575 1018 914 578 915
1 5 298 913 575 162 663 1018 915 307
1 5 306 894 1018 663 160 555 916 302
1 5 894 557 914 1018 555 109 576 916
1 5 1018 914 578 915 916 576 163 577
1 5 663 1018 915 307 302 916 577 176
1 5 575 110 579 917 915 578 918 1019
1 5 917 579 37 580 1019 918 585 919
1 5 581 917 580 111 920 1019 919 586
1 5 307 915 1019 920 176 577 921 584
1 5 915 578 918 1019 577 163 582 921
1 5 1019 918 585 919 921 582 114 583
1 5 920 1019 919 586 584 921 583 164
1 5 299 162 581 922 664 307 920 1020
1 5 922 581 111 587 1020 920 586 923
1 5 532 922 587 16 880 1020 923 533
1 5 308 664 1020 880 156 303 924 534
1 5 664 307 920 1020 303 176 584 924
1 5 1020 920 586 923 924 584 164 588
1 5 880 1020 923 533 534 924 588 98
1 5 301 160 302 666 911 572 925 1021
1 5 666 302 176 303 1021 925 591 926
1 5 304 666 303 156 886 1021 926 539
1 5 511 911 1021 886 1 573 927 542
1 5 911 572 925 1021 573 107 589 927
1 5 1021 925 591 926 927 589 165 590
1 5 886 1021 926 539 542 927 590 99
1 5 555 109 576 916 908 571 928 1022
1 5 916 576 163 577 1022 928 594 929
1 5 302 916 577 176 925 1022 929 591
1 5 572 908 1022 925 107 569 930 589
1 5 908 571 928 1022 569 12 592 930
1 5 1022 928 594 929 930 592 112 593
1 5 925 1022 929 591 589 930 593 165
1 5 577 163 582 921 929 594 931 1023
1 5 921 582 114 583 1023 931 598 932
1 5 584 921 583 164 933 1023 932 599
1 5 591 929 1023 933 165 593 934 597
1 5 929 594 931 1023 593 112 595 934
1 5 1023 931 598 932 934 595 13 596
1 5 933 1023 932 599 597 934 596 113
1 5 303 176 584 924 926 591 933 1024
1 5 924 584 164 588 1024 933 599 935
1 5 534 924 588 98 884 1024 935 537
1 5 539 926 1024 884 99 590 936 538
1 5 926 591 933 1024 590 165 597 936
1 5 1024 933 599 935 936 597 113 600
1 5 884 1024 935 537 538 936 600 2

boundary
576
26 3 380 3 384 730
26 3 394 5 455 800
26 3 481 6 451 826
26 3 465 8 502 846
26 3 0 558 902 516
26 3 492 9 498 872
26 3 1 573 927 542
26 3 180 601 177 17
26 3 192 607 189 18
26 3 204 613 201 20
26 3 309 18 197 668
26 3 337 19 343 695
26 3 180 17 185 605
26 3 19 338 696 343
26 3 22 346 701 351
26 3 204 20 209 617
26 3 21 367 721 319
26 3 252 637 249 27
26 3 326 24 233 746
26 3 357 25 426 771
26 3 216 23 221 623
26 3 29 403 759 406
26 3 25 358 772 426
26 3 30 432 783 412
26 3 240 26 245 635
26 3 28 468 817 431
26 3 417 33 281 839
26 3 443 34 522 864
26 3 264 32 269 647
26 3 34 484 865 522
26 3 288 655 285 14
26 3 300 661 297 15
26 3 543 35 549 888
26 3 35 544 889 549
26 3 36 574 914 557
26 3 37 580 919 585
26 3 373 59 379 726
26 3 376 128 393 740
26 3 382 65 396 743
26 3 390 62 452 797
26 3 449 141 464 810
26 3 453 83 467 813
26 3 474 85 480 822
26 3 477 146 491 834
26 3 482 82 463 837
26 3 52 353 705 352
26 3 124 354 718 366
26 3 57 349 715 365
26 3 58 372 725 371
26 3 127 375 739 388
26 3 48 369 736 333
26 3 250 816 363 55
26 3 475 820 469 144
26 3 389 825 251 61
26 3 461 80 499 843
26 3 496 150 515 858
26 3 500 96 518 861
26 3 91 560 912 512
26 3 161 565 910 570
26 3 105 563 906 559
26 3 488 87 528 869
26 3 525 155 541 882
26 3 529 95 514 885
26 3 99 590 936 538
26 3 165 593 934 597
26 3 107 569 930 589
26 3 178 667 309 38
26 3 315 671 310 115
26 3 320 676 179 41
26 3 190 694 337 50
26 3 347 699 339 121
26 3 313 704 191 39
26 3 189 50 198 608
26 3 193 122 355 707
26 3 340 56 360 710
26 3 202 720 314 40
26 3 374 724 368 126
26 3 381 729 203 60
26 3 320 41 188 677
26 3 321 119 325 692
26 3 184 46 322 682
26 3 381 60 212 731
26 3 383 129 386 744
26 3 208 49 336 735
26 3 177 38 186 602
26 3 181 116 323 679
26 3 311 47 328 683
26 3 51 345 700 344
26 3 123 348 714 361
26 3 56 341 711 360
26 3 213 42 222 620
26 3 217 131 408 755
26 3 397 71 414 760
26 3 225 53 234 626
26 3 229 136 435 780
26 3 423 77 440 784
26 3 335 45 224 753
26 3 402 134 410 769
26 3 220 70 407 758
26 3 66 411 763 404
26 3 135 413 767 418
26 3 69 405 770 421
26 3 261 68 270 644
26 3 265 148 504 849
26 3 493 94 509 853
26 3 54 362 775 427
26 3 137 428 788 441
26 3 77 424 785 440
26 3 74 437 787 433
26 3 139 439 791 444
26 3 67 434 793 416
26 3 84 473 821 472
26 3 145 476 833 486
26 3 78 470 830 445
26 3 273 76 282 650
26 3 277 153 530 874
26 3 519 100 535 877
26 3 86 487 868 523
26 3 154 524 881 536
26 3 100 520 878 535
26 3 286 887 543 102
26 3 553 892 545 157
26 3 507 897 287 89
26 3 298 913 552 104
26 3 581 917 575 162
26 3 532 922 299 97
26 3 395 63 248 801
26 3 454 142 457 814
26 3 244 73 422 805
26 3 466 81 272 847
26 3 501 151 506 862
26 3 268 93 503 852
26 3 103 551 893 550
26 3 159 554 907 567
26 3 108 547 904 566
26 3 285 102 294 656
26 3 289 158 561 899
26 3 546 108 566 903
26 3 110 579 918 578
26 3 163 582 931 594
26 3 109 576 928 571
26 3 111 587 923 586
26 3 164 588 935 599
26 3 114 583 932 598
26 3 59 380 730 379
26 3 379 730 382 128
26 3 730 384 65 382
26 3 62 394 800 452
26 3 452 800 453 141
26 3 800 455 83 453
26 3 4 373 726 378
26 3 378 726 376 64
26 3 726 379 128 376
26 3 64 376 740 392
26 3 392 740 390 6
26 3 740 393 62 390
26 3 128 382 743 393
26 3 393 743 394 62
26 3 743 396 5 394
26 3 6 390 797 451
26 3 451 797 449 82
26 3 797 452 141 449
26 3 82 449 810 463
26 3 463 810 461 9
26 3 810 464 80 461
26 3 141 453 813 464
26 3 464 813 465 80
26 3 813 467 8 465
26 3 85 481 826 480
26 3 480 826 482 146
26 3 826 451 82 482
26 3 346 52 352 701
26 3 701 352 124 349
26 3 351 701 349 57
26 3 367 58 371 721
26 3 721 371 127 369
26 3 319 721 369 48
26 3 637 250 55 249
26 3 251 144 250 637
26 3 61 251 637 252
26 3 7 474 822 479
26 3 479 822 477 88
26 3 822 480 146 477
26 3 88 477 834 490
26 3 490 834 488 10
26 3 834 491 87 488
26 3 146 482 837 491
26 3 491 837 492 87
26 3 837 463 9 492
26 3 353 21 319 705
26 3 705 319 48 354
26 3 352 705 354 124
26 3 354 48 333 718
26 3 718 333 27 249
26 3 366 718 249 55
26 3 349 124 366 715
26 3 715 366 55 363
26 3 365 715 363 28
26 3 372 4 378 725
26 3 725 378 64 375
26 3 371 725 375 127
26 3 375 64 392 739
26 3 739 392 6 389
26 3 388 739 389 61
26 3 369 127 388 736
26 3 736 388 61 252
26 3 333 736 252 27
26 3 816 468 28 363
26 3 469 84 468 816
26 3 144 469 816 250
26 3 820 473 84 469
26 3 474 7 473 820
26 3 85 474 820 475
26 3 825 475 144 251
26 3 481 85 475 825
26 3 6 481 825 389
26 3 80 465 846 499
26 3 499 846 500 150
26 3 846 502 96 500
26 3 516 902 560 91
26 3 902 559 161 560
26 3 558 105 559 902
26 3 9 461 843 498
26 3 498 843 496 95
26 3 843 499 150 496
26 3 95 496 858 514
26 3 514 858 512 1
26 3 858 515 91 512
26 3 150 500 861 515
26 3 515 861 516 91
26 3 861 518 0 516
26 3 512 912 573 1
26 3 912 570 107 573
26 3 560 161 570 912
26 3 570 910 569 107
26 3 910 568 12 569
26 3 565 106 568 910
26 3 559 906 565 161
26 3 906 564 106 565
26 3 563 11 564 906
26 3 87 492 872 528
26 3 528 872 529 155
26 3 872 498 95 529
26 3 542 927 590 99
26 3 927 589 165 590
26 3 573 107 589 927
26 3 10 488 869 527
26 3 527 869 525 101
26 3 869 528 155 525
26 3 101 525 882 540
26 3 540 882 538 2
26 3 882 541 99 538
26 3 155 529 885 541
26 3 541 885 542 99
26 3 885 514 1 542
26 3 538 936 600 2
26 3 936 597 113 600
26 3 590 165 597 936
26 3 597 934 596 113
26 3 934 595 13 596
26 3 593 112 595 934
26 3 589 930 593 165
26 3 930 592 112 593
26 3 569 12 592 930
26 3 601 178 38 177
26 3 179 115 178 601
26 3 41 179 601 180
26 3 667 192 18 309
26 3 310 39 192 667
26 3 115 310 667 178
26 3 671 313 39 310
26 3 314 21 313 671
26 3 40 314 671 315
26 3 676 315 115 179
26 3 201 40 315 676
26 3 20 201 676 320
26 3 607 190 50 189
26 3 191 121 190 607
26 3 39 191 607 192
26 3 50 337 695 198
26 3 198 695 340 122
26 3 695 343 56 340
26 3 694 338 19 337
26 3 339 51 338 694
26 3 121 339 694 190
26 3 699 345 51 339
26 3 346 22 345 699
26 3 52 346 699 347
26 3 704 347 121 191
26 3 353 52 347 704
26 3 21 353 704 313
26 3 18 189 608 197
26 3 197 608 193 47
26 3 608 198 122 193
26 3 47 193 707 328
26 3 328 707 225 24
26 3 707 355 53 225
26 3 122 340 710 355
26 3 355 710 357 53
26 3 710 360 25 357
26 3 613 202 40 201
26 3 203 126 202 613
26 3 60 203 613 204
26 3 41 180 605 188
26 3 188 605 184 119
26 3 605 185 46 184
26 3 60 204 617 212
26 3 212 617 208 129
26 3 617 209 49 208
26 3 720 367 21 314
26 3 368 58 367 720
26 3 126 368 720 202
26 3 724 372 58 368
26 3 373 4 372 724
26 3 59 373 724 374
26 3 729 374 126 203
26 3 380 59 374 729
26 3 3 380 729 381
26 3 20 320 677 209
26 3 209 677 321 49
26 3 677 188 119 321
26 3 49 321 692 336
26 3 336 692 335 26
26 3 692 325 45 335
26 3 119 184 682 325
26 3 325 682 216 45
26 3 682 322 23 216
26 3 3 381 731 384
26 3 384 731 383 65
26 3 731 212 129 383
26 3 65 383 744 396
26 3 396 744 395 5
26 3 744 386 63 395
26 3 129 208 735 386
26 3 386 735 240 63
26 3 735 336 26 240
26 3 38 309 668 186
26 3 186 668 311 116
26 3 668 197 47 311
26 3 17 177 602 185
26 3 185 602 181 46
26 3 602 186 116 181
26 3 46 181 679 322
26 3 322 679 213 23
26 3 679 323 42 213
26 3 116 311 683 323
26 3 323 683 326 42
26 3 683 328 24 326
26 3 338 51 344 696
26 3 696 344 123 341
26 3 343 696 341 56
26 3 345 22 351 700
26 3 700 351 57 348
26 3 344 700 348 123
26 3 348 57 365 714
26 3 714 365 28 362
26 3 361 714 362 54
26 3 341 123 361 711
26 3 711 361 54 358
26 3 360 711 358 25
26 3 42 326 746 222
26 3 222 746 397 131
26 3 746 233 71 397
26 3 53 357 771 234
26 3 234 771 423 136
26 3 771 426 77 423
26 3 45 216 623 224
26 3 224 623 220 134
26 3 623 221 70 220
26 3 23 213 620 221
26 3 221 620 217 70
26 3 620 222 131 217
26 3 70 217 755 407
26 3 407 755 403 29
26 3 755 408 66 403
26 3 131 397 760 408
26 3 408 760 411 66
26 3 760 414 30 411
26 3 24 225 626 233
26 3 233 626 229 71
26 3 626 234 136 229
26 3 71 229 780 414
26 3 414 780 432 30
26 3 780 435 74 432
26 3 136 423 784 435
26 3 435 784 437 74
26 3 784 440 31 437
26 3 26 335 753 245
26 3 245 753 402 73
26 3 753 224 134 402
26 3 73 402 769 422
26 3 422 769 421 32
26 3 769 410 69 421
26 3 134 220 758 410
26 3 410 758 406 69
26 3 758 407 29 406
26 3 403 66 404 759
26 3 759 404 135 405
26 3 406 759 405 69
26 3 68 417 839 270
26 3 270 839 493 148
26 3 839 281 94 493
26 3 411 30 412 763
26 3 763 412 67 413
26 3 404 763 413 135
26 3 413 67 416 767
26 3 767 416 33 417
26 3 418 767 417 68
26 3 405 135 418 770
26 3 770 418 68 261
26 3 421 770 261 32
26 3 32 261 644 269
26 3 269 644 265 93
26 3 644 270 148 265
26 3 93 265 849 503
26 3 503 849 288 14
26 3 849 504 89 288
26 3 148 493 853 504
26 3 504 853 507 89
26 3 853 509 15 507
26 3 358 54 427 772
26 3 772 427 137 424
26 3 426 772 424 77
26 3 432 74 433 783
26 3 783 433 139 434
26 3 412 783 434 67
26 3 468 84 472 817
26 3 817 472 145 470
26 3 431 817 470 78
26 3 76 443 864 282
26 3 282 864 519 153
26 3 864 522 100 519
26 3 484 86 523 865
26 3 865 523 154 520
26 3 522 865 520 100
26 3 655 286 102 285
26 3 287 157 286 655
26 3 89 287 655 288
26 3 661 298 104 297
26 3 299 162 298 661
26 3 97 299 661 300
26 3 362 28 431 775
26 3 775 431 78 428
26 3 427 775 428 137
26 3 428 78 445 788
26 3 788 445 34 442
26 3 441 788 442 75
26 3 424 137 441 785
26 3 785 441 75 438
26 3 440 785 438 31
26 3 437 31 438 787
26 3 787 438 75 439
26 3 433 787 439 139
26 3 439 75 442 791
26 3 791 442 34 443
26 3 444 791 443 76
26 3 434 139 444 793
26 3 793 444 76 273
26 3 416 793 273 33
26 3 473 7 479 821
26 3 821 479 88 476
26 3 472 821 476 145
26 3 476 88 490 833
26 3 833 490 10 487
26 3 486 833 487 86
26 3 470 145 486 830
26 3 830 486 86 484
26 3 445 830 484 34
26 3 33 273 650 281
26 3 281 650 277 94
26 3 650 282 153 277
26 3 94 277 874 509
26 3 509 874 300 15
26 3 874 530 97 300
26 3 153 519 877 530
26 3 530 877 532 97
26 3 877 535 16 532
26 3 487 10 527 868
26 3 868 527 101 524
26 3 523 868 524 154
26 3 524 101 540 881
26 3 881 540 2 537
26 3 536 881 537 98
26 3 520 154 536 878
26 3 878 536 98 533
26 3 535 878 533 16
26 3 887 544 35 543
26 3 545 103 544 887
26 3 157 545 887 286
26 3 892 551 103 545
26 3 552 36 551 892
26 3 104 552 892 553
26 3 897 553 157 287
26 3 297 104 553 897
26 3 15 297 897 507
26 3 913 574 36 552
26 3 575 110 574 913
26 3 162 575 913 298
26 3 917 579 110 575
26 3 580 37 579 917
26 3 111 580 917 581
26 3 922 581 162 299
26 3 587 111 581 922
26 3 16 587 922 532
26 3 63 240 635 248
26 3 248 635 244 142
26 3 635 245 73 244
26 3 5 395 801 455
26 3 455 801 454 83
26 3 801 248 142 454
26 3 83 454 814 467
26 3 467 814 466 8
26 3 814 457 81 466
26 3 142 244 805 457
26 3 457 805 264 81
26 3 805 422 32 264
26 3 81 264 647 272
26 3 272 647 268 151
26 3 647 269 93 268
26 3 544 103 550 889
26 3 889 550 159 547
26 3 549 889 547 108
26 3 8 466 847 502
26 3 502 847 501 96
26 3 847 272 151 501
26 3 96 501 862 518
26 3 518 862 517 0
26 3 862 506 92 517
26 3 151 268 852 506
26 3 506 852 293 92
26 3 852 503 14 293
26 3 551 36 557 893
26 3 893 557 109 554
26 3 550 893 554 159
26 3 554 109 571 907
26 3 907 571 12 568
26 3 567 907 568 106
26 3 547 159 567 904
26 3 904 567 106 564
26 3 566 904 564 11
26 3 102 543 888 294
26 3 294 888 546 158
26 3 888 549 108 546
26 3 14 285 656 293
26 3 293 656 289 92
26 3 656 294 158 289
26 3 92 289 899 517
26 3 517 899 558 0
26 3 899 561 105 558
26 3 158 546 903 561
26 3 561 903 563 105
26 3 903 566 11 563
26 3 574 110 578 914
26 3 914 578 163 576
26 3 557 914 576 109
26 3 579 37 585 918
26 3 918 585 114 582
26 3 578 918 582 163
26 3 582 114 598 931
26 3 931 598 13 595
26 3 594 931 595 112
26 3 576 163 594 928
26 3 928 594 112 592
26 3 571 928 592 12
26 3 580 111 586 919
26 3 919 586 164 583
26 3 585 919 583 114
26 3 587 16 533 923
26 3 923 533 98 588
26 3 586 923 588 164
26 3 588 98 537 935
26 3 935 537 2 600
26 3 599 935 600 113
26 3 583 164 599 932
26 3 932 599 113 596
26 3 598 932 596 13

vertices
1025

nodes
FiniteElementSpace
FiniteElementCollection: H1_3D_P2
VDim: 3
Ordering: 0

-0.14433757
0
0.13464912
-0.14433757
-2.1684043e-18
-0.14433757
-1.9515639e-18
0.13464912
-0.14433757
1.0842022e-18
0.13464912
-0.14433757
7.5894152e-19
0.11052157
-0.18319635
-1.3010426e-18
0.17834803
-0.24775119
1.5517644e-18
0.2473562
-0.19368993
-5.502326e-18
0.19040097
-0.25629728
-5.4210109e-20
0.25605782
-0.19728907
0
0.19444247
-0.24775119
-1.0842022e-19
0.2473562
-0.19368993
-3.008661e-18
0.19040097
-0.19368993
-4.8246997e-18
0.14907545
-0.12387559
-1.9752808e-18
-0.096844965
-0.22072056
-0.12814864
-2.7105054e-20
-0.098644537
-0.22679318
-0.25202424
7.4877713e-19
-2.751163e-18
-0.1954895
0.1236781
0.21887858
0.095200485
0.12802891
0.22525015
0.097221237
0.25170701
0.19242172
-3.8353652e-18
-0.072168784
-0.16901375
-9.7578196e-19
-0.072168784
-0.17081332
-2.0599841e-18
-0.14433757
-0.12387559
-1.5585406e-18
-0.096844965
-0.22072056
-0.25202424
-8.1315163e-20
-1.5043305e-18
-0.1954895
0.1236781
0.21887858
0.095200485
0.25170701
0.19242172
-9.6222943e-19
-0.072168784
-0.16901375
-4.3368087e-19
-0.14433757
0.1645458
0.067324562
0.16252505
0.067324562
0.13464912
-0.091598175
-6.505213e-19
-0.072168784
-0.16376696
-0.18844314
-2.1548518e-18
5.4210109e-19
-0.14433757
0.089174016
0.15649858
0.067324562
0.1843745
0.13464912
-0.18844314
-0.096844965
-3.0628711e-18
-0.14433757
-0.072168784
3.7947076e-19
-0.16901375
-2.0328791e-18
0.074537724
0.16371174
0.055260787
0.12258535
0.12979851
-0.11036028
-0.12601212
-1.0011929e-18
-0.097744751
-0.22375687
-0.11339659
0.10943929
0.1258535
0.22206436
0.096210861
0.11262507
-0.084506874
-2.4055736e-18
-0.072168784
-0.16991353
-0.08540666
-0.12601212
-7.9282284e-19
-0.097744751
-0.22375687
-0.11036028
0.1258535
0.22206436
0.096210861
0.10943929
-9.6900569e-19
-0.072168784
-0.16991353
-0.084506874
0.082272899
0.16353542
0.067324562
0.081262523
-0.09422157
-8.0637537e-19
-0.072168784
-0.16639035
-0.081883479
0.09218725
0.15951181
0.067324562
0.078249289
-0.09422157
-0.16639035
-0.084506874
-1.3417002e-18
-0.072168784
0.08185587
0.064899255
0.14314854
0.061292674
-0.11187843
0.11103218
-0.084956767
-0.11187843
0.11103218
-0.084956767
0.081767711
-0.083195177
0.079755906
-0.083195177
0.071574272
-0.18581339
-0.11711794
-0.16554042
-0.23423587
-0.18901818
-0.11894528
-0.16781765
-0.23789055
-0.24988771
-0.12494386
-0.11111936
-0.22223871
0.061839049
0.11655869
0.054719646
-2.1175824e-19
0.062926752
0.11844284
0.055516091
-1.2620791e-19
1.1502707e-18
0.1247658
0.11023574
-1.4882369e-18
-0.14526745
-0.090675919
-0.12676031
-0.18135184
-0.14661713
-0.091350759
-0.12743515
-0.18270152
-0.19458972
-0.097294858
-0.084731821
-0.16946364
-0.19222296
-0.12077262
-0.17009488
-0.24154523
-0.18901818
-0.11894528
-0.16781765
-0.23789055
-0.25416076
-0.12708038
-0.11263751
-0.22527502
0.064014455
0.12032699
0.056312537
