MFEM mesh v1.0

#
# MFEM Geometry Types (see mesh/geom.hpp):
#
# POINT       = 0
# SEGMENT     = 1
# TRIANGLE    = 2
# SQUARE      = 3
# TETRAHEDRON = 4
# CUBE        = 5
#

dimension
3

elements
320
1 5 6 93 305 96 101 306 465 309
1 5 7 105 311 108 113 312 466 315
1 5 8 117 317 120 125 318 467 321
1 5 13 129 323 132 137 324 468 327
1 5 14 141 329 144 149 330 469 333
1 5 22 153 335 94 102 336 470 307
1 5 63 154 339 159 103 337 471 342
1 5 25 95 344 166 104 308 472 346
1 5 30 97 310 100 174 348 473 351
1 5 64 155 338 98 175 353 474 349
1 5 88 156 343 162 176 355 475 359
1 5 67 99 347 168 177 350 476 362
1 5 34 190 364 106 114 365 477 313
1 5 69 191 368 196 115 366 478 371
1 5 23 107 373 157 116 314 479 340
1 5 31 109 316 112 180 376 480 354
1 5 70 192 367 110 204 379 481 377
1 5 89 193 372 199 205 381 482 385
1 5 65 111 375 160 181 378 483 357
1 5 42 216 389 118 126 390 484 319
1 5 74 218 394 226 127 392 485 397
1 5 35 119 399 194 128 320 486 369
1 5 40 121 322 124 208 402 487 380
1 5 75 219 393 122 234 405 488 403
1 5 90 221 398 229 235 407 489 411
1 5 71 123 401 197 209 404 490 383
1 5 37 206 382 130 138 415 491 325
1 5 73 207 386 212 139 416 492 420
1 5 27 131 388 182 140 326 493 423
1 5 54 133 328 136 261 425 494 428
1 5 79 247 417 134 262 430 495 426
1 5 91 248 421 251 263 432 496 436
1 5 82 135 424 255 264 427 497 439
1 5 45 236 408 142 150 441 498 331
1 5 78 238 412 243 151 443 499 447
1 5 38 143 414 210 152 332 500 418
1 5 55 145 334 148 268 451 501 431
1 5 84 278 444 146 292 455 502 452
1 5 92 280 448 285 293 457 503 461
1 5 80 147 450 249 269 453 504 434
1 5 93 22 94 305 306 102 307 465
1 5 305 94 63 95 465 307 103 308
1 5 96 305 95 25 309 465 308 104
1 5 101 306 465 309 30 97 310 100
1 5 306 102 307 465 97 64 98 310
1 5 465 307 103 308 310 98 88 99
1 5 309 465 308 104 100 310 99 67
1 5 105 34 106 311 312 114 313 466
1 5 311 106 69 107 466 313 115 314
1 5 108 311 107 23 315 466 314 116
1 5 113 312 466 315 31 109 316 112
1 5 312 114 313 466 109 70 110 316
1 5 466 313 115 314 316 110 89 111
1 5 315 466 314 116 112 316 111 65
1 5 117 42 118 317 318 126 319 467
1 5 317 118 74 119 467 319 127 320
1 5 120 317 119 35 321 467 320 128
1 5 125 318 467 321 40 121 322 124
1 5 318 126 319 467 121 75 122 322
1 5 467 319 127 320 322 122 90 123
1 5 321 467 320 128 124 322 123 71
1 5 129 37 130 323 324 138 325 468
1 5 323 130 73 131 468 325 139 326
1 5 132 323 131 27 327 468 326 140
1 5 137 324 468 327 54 133 328 136
1 5 324 138 325 468 133 79 134 328
1 5 468 325 139 326 328 134 91 135
1 5 327 468 326 140 136 328 135 82
1 5 141 45 142 329 330 150 331 469
1 5 329 142 78 143 469 331 151 332
1 5 144 329 143 38 333 469 332 152
1 5 149 330 469 333 55 145 334 148
1 5 330 150 331 469 145 84 146 334
1 5 469 331 151 332 334 146 92 147
1 5 333 469 332 152 148 334 147 80
1 5 153 7 108 335 336 113 315 470
1 5 335 108 23 154 470 315 116 337
1 5 94 335 154 63 307 470 337 103
1 5 102 336 470 307 64 155 338 98
1 5 336 113 315 470 155 31 112 338
1 5 470 315 116 337 338 112 65 156
1 5 307 470 337 103 98 338 156 88
1 5 154 23 157 339 337 116 340 471
1 5 339 157 10 158 471 340 163 341
1 5 159 339 158 24 342 471 341 164
1 5 103 337 471 342 88 156 343 162
1 5 337 116 340 471 156 65 160 343
1 5 471 340 163 341 343 160 32 161
1 5 342 471 341 164 162 343 161 66
1 5 95 63 159 344 308 103 342 472
1 5 344 159 24 165 472 342 164 345
1 5 166 344 165 9 346 472 345 169
1 5 104 308 472 346 67 99 347 168
1 5 308 103 342 472 99 88 162 347
1 5 472 342 164 345 347 162 66 167
1 5 346 472 345 169 168 347 167 33
1 5 97 64 98 310 348 175 349 473
1 5 310 98 88 99 473 349 176 350
1 5 100 310 99 67 351 473 350 177
1 5 174 348 473 351 12 170 352 173
1 5 348 175 349 473 170 26 171 352
1 5 473 349 176 350 352 171 68 172
1 5 351 473 350 177 173 352 172 29
1 5 155 31 112 338 353 180 354 474
1 5 338 112 65 156 474 354 181 355
1 5 98 338 156 88 349 474 355 176
1 5 175 353 474 349 26 178 356 171
1 5 353 180 354 474 178 13 132 356
1 5 474 354 181 355 356 132 27 179
1 5 349 474 355 176 171 356 179 68
1 5 156 65 160 343 355 181 357 475
1 5 343 160 32 161 475 357 185 358
1 5 162 343 161 66 359 475 358 186
1 5 176 355 475 359 68 179 360 184
1 5 355 181 357 475 179 27 182 360
1 5 475 357 185 358 360 182 16 183
1 5 359 475 358 186 184 360 183 28
1 5 99 88 162 347 350 176 359 476
1 5 347 162 66 167 476 359 186 361
1 5 168 347 167 33 362 476 361 189
1 5 177 350 476 362 29 172 363 188
1 5 350 176 359 476 172 68 184 363
1 5 476 359 186 361 363 184 28 187
1 5 362 476 361 189 188 363 187 15
1 5 190 8 120 364 365 125 321 477
1 5 364 120 35 191 477 321 128 366
1 5 106 364 191 69 313 477 366 115
1 5 114 365 477 313 70 192 367 110
1 5 365 125 321 477 192 40 124 367
1 5 477 321 128 366 367 124 71 193
1 5 313 477 366 115 110 367 193 89
1 5 191 35 194 368 366 128 369 478
1 5 368 194 11 195 478 369 200 370
1 5 196 368 195 36 371 478 370 201
1 5 115 366 478 371 89 193 372 199
1 5 366 128 369 478 193 71 197 372
1 5 478 369 200 370 372 197 41 198
1 5 371 478 370 201 199 372 198 72
1 5 107 69 196 373 314 115 371 479
1 5 373 196 36 202 479 371 201 374
1 5 157 373 202 10 340 479 374 163
1 5 116 314 479 340 65 111 375 160
1 5 314 115 371 479 111 89 199 375
1 5 479 371 201 374 375 199 72 203
1 5 340 479 374 163 160 375 203 32
1 5 109 70 110 316 376 204 377 480
1 5 316 110 89 111 480 377 205 378
1 5 112 316 111 65 354 480 378 181
1 5 180 376 480 354 13 129 323 132
1 5 376 204 377 480 129 37 130 323
1 5 480 377 205 378 323 130 73 131
1 5 354 480 378 181 132 323 131 27
1 5 192 40 124 367 379 208 380 481
1 5 367 124 71 193 481 380 209 381
1 5 110 367 193 89 377 481 381 205
1 5 204 379 481 377 37 206 382 130
1 5 379 208 380 481 206 14 144 382
1 5 481 380 209 381 382 144 38 207
1 5 377 481 381 205 130 382 207 73
1 5 193 71 197 372 381 209 383 482
1 5 372 197 41 198 482 383 213 384
1 5 199 372 198 72 385 482 384 214
1 5 205 381 482 385 73 207 386 212
1 5 381 209 383 482 207 38 210 386
1 5 482 383 213 384 386 210 17 211
1 5 385 482 384 214 212 386 211 39
1 5 111 89 199 375 378 205 385 483
1 5 375 199 72 203 483 385 214 387
1 5 160 375 203 32 357 483 387 185
1 5 181 378 483 357 27 131 388 182
1 5 378 205 385 483 131 73 212 388
1 5 483 385 214 387 388 212 39 215
1 5 357 483 387 185 182 388 215 16
1 5 216 1 217 389 390 222 391 484
1 5 389 217 43 218 484 391 223 392
1 5 118 389 218 74 319 484 392 127
1 5 126 390 484 319 75 219 393 122
1 5 390 222 391 484 219 48 220 393
1 5 484 391 223 392 393 220 76 221
1 5 319 484 392 127 122 393 221 90
1 5 218 43 224 394 392 223 395 485
1 5 394 224 0 225 485 395 230 396
1 5 226 394 225 44 397 485 396 231
1 5 127 392 485 397 90 221 398 229
1 5 392 223 395 485 221 76 227 398
1 5 485 395 230 396 398 227 49 228
1 5 397 485 396 231 229 398 228 77
1 5 119 74 226 399 320 127 397 486
1 5 399 226 44 232 486 397 231 400
1 5 194 399 232 11 369 486 400 200
1 5 128 320 486 369 71 123 401 197
1 5 320 127 397 486 123 90 229 401
1 5 486 397 231 400 401 229 77 233
1 5 369 486 400 200 197 401 233 41
1 5 121 75 122 322 402 234 403 487
1 5 322 122 90 123 487 403 235 404
1 5 124 322 123 71 380 487 404 209
1 5 208 402 487 380 14 141 329 144
1 5 402 234 403 487 141 45 142 329
1 5 487 403 235 404 329 142 78 143
1 5 380 487 404 209 144 329 143 38
1 5 219 48 220 393 405 239 406 488
1 5 393 220 76 221 488 406 240 407
1 5 122 393 221 90 403 488 407 235
1 5 234 405 488 403 45 236 408 142
1 5 405 239 406 488 236 3 237 408
1 5 488 406 240 407 408 237 46 238
1 5 403 488 407 235 142 408 238 78
1 5 221 76 227 398 407 240 409 489
1 5 398 227 49 228 489 409 244 410
1 5 229 398 228 77 411 489 410 245
1 5 235 407 489 411 78 238 412 243
1 5 407 240 409 489 238 46 241 412
1 5 489 409 244 410 412 241 2 242
1 5 411 489 410 245 243 412 242 47
1 5 123 90 229 401 404 235 411 490
1 5 401 229 77 233 490 411 245 413
1 5 197 401 233 41 383 490 413 213
1 5 209 404 490 383 38 143 414 210
1 5 404 235 411 490 143 78 243 414
1 5 490 411 245 413 414 243 47 246
1 5 383 490 413 213 210 414 246 17
1 5 206 14 144 382 415 149 333 491
1 5 382 144 38 207 491 333 152 416
1 5 130 382 207 73 325 491 416 139
1 5 138 415 491 325 79 247 417 134
1 5 415 149 333 491 247 55 148 417
1 5 491 333 152 416 417 148 80 248
1 5 325 491 416 139 134 417 248 91
1 5 207 38 210 386 416 152 418 492
1 5 386 210 17 211 492 418 252 419
1 5 212 386 211 39 420 492 419 253
1 5 139 416 492 420 91 248 421 251
1 5 416 152 418 492 248 80 249 421
1 5 492 418 252 419 421 249 56 250
1 5 420 492 419 253 251 421 250 81
1 5 131 73 212 388 326 139 420 493
1 5 388 212 39 215 493 420 253 422
1 5 182 388 215 16 423 493 422 256
1 5 140 326 493 423 82 135 424 255
1 5 326 139 420 493 135 91 251 424
1 5 493 420 253 422 424 251 81 254
1 5 423 493 422 256 255 424 254 57
1 5 133 79 134 328 425 262 426 494
1 5 328 134 91 135 494 426 263 427
1 5 136 328 135 82 428 494 427 264
1 5 261 425 494 428 18 257 429 260
1 5 425 262 426 494 257 50 258 429
1 5 494 426 263 427 429 258 83 259
1 5 428 494 427 264 260 429 259 53
1 5 247 55 148 417 430 268 431 495
1 5 417 148 80 248 495 431 269 432
1 5 134 417 248 91 426 495 432 263
1 5 262 430 495 426 50 265 433 258
1 5 430 268 431 495 265 19 266 433
1 5 495 431 269 432 433 266 51 267
1 5 426 495 432 263 258 433 267 83
1 5 248 80 249 421 432 269 434 496
1 5 421 249 56 250 496 434 273 435
1 5 251 421 250 81 436 496 435 274
1 5 263 432 496 436 83 267 437 272
1 5 432 269 434 496 267 51 270 437
1 5 496 434 273 435 437 270 21 271
1 5 436 496 435 274 272 437 271 52
1 5 135 91 251 424 427 263 436 497
1 5 424 251 81 254 497 436 274 438
1 5 255 424 254 57 439 497 438 277
1 5 264 427 497 439 53 259 440 276
1 5 427 263 436 497 259 83 272 440
1 5 497 436 274 438 440 272 52 275
1 5 439 497 438 277 276 440 275 20
1 5 236 3 237 408 441 281 442 498
1 5 408 237 46 238 498 442 282 443
1 5 142 408 238 78 331 498 443 151
1 5 150 441 498 331 84 278 444 146
1 5 441 281 442 498 278 61 279 444
1 5 498 442 282 443 444 279 85 280
1 5 331 498 443 151 146 444 280 92
1 5 238 46 241 412 443 282 445 499
1 5 412 241 2 242 499 445 286 446
1 5 243 412 242 47 447 499 446 287
1 5 151 443 499 447 92 280 448 285
1 5 443 282 445 499 280 85 283 448
1 5 499 445 286 446 448 283 62 284
1 5 447 499 446 287 285 448 284 86
1 5 143 78 243 414 332 151 447 500
1 5 414 243 47 246 500 447 287 449
1 5 210 414 246 17 418 500 449 252
1 5 152 332 500 418 80 147 450 249
1 5 332 151 447 500 147 92 285 450
1 5 500 447 287 449 450 285 86 288
1 5 418 500 449 252 249 450 288 56
1 5 145 84 146 334 451 292 452 501
1 5 334 146 92 147 501 452 293 453
1 5 148 334 147 80 431 501 453 269
1 5 268 451 501 431 19 289 454 266
1 5 451 292 452 501 289 58 290 454
1 5 501 452 293 453 454 290 87 291
1 5 431 501 453 269 266 454 291 51
1 5 278 61 279 444 455 297 456 502
1 5 444 279 85 280 502 456 298 457
1 5 146 444 280 92 452 502 457 293
1 5 292 455 502 452 58 294 458 290
1 5 455 297 456 502 294 5 295 458
1 5 502 456 298 457 458 295 59 296
1 5 452 502 457 293 290 458 296 87
1 5 280 85 283 448 457 298 459 503
1 5 448 283 62 284 503 459 302 460
1 5 285 448 284 86 461 503 460 303
1 5 293 457 503 461 87 296 462 301
1 5 457 298 459 503 296 59 299 462
1 5 503 459 302 460 462 299 4 300
1 5 461 503 460 303 301 462 300 60
1 5 147 92 285 450 453 293 461 504
1 5 450 285 86 288 504 461 303 463
1 5 249 450 288 56 434 504 463 273
1 5 269 453 504 434 51 291 464 270
1 5 453 293 461 504 291 87 301 464
1 5 504 461 303 463 464 301 60 304
1 5 434 504 463 273 270 464 304 21

boundary
320
45 3 224 0 230 395
45 3 241 2 286 445
45 3 96 305 93 6
45 3 108 311 105 7
45 3 120 317 117 8
45 3 153 7 113 336
45 3 190 8 125 365
45 3 216 1 222 390
45 3 96 6 101 309
45 3 10 158 341 163
45 3 12 170 352 173
45 3 11 195 370 200
45 3 0 225 396 230
45 3 206 14 149 415
45 3 236 3 281 441
45 3 132 13 137 327
45 3 17 211 419 252
45 3 18 257 429 260
45 3 2 242 446 286
45 3 19 289 454 266
45 3 217 43 223 391
45 3 220 76 240 406
45 3 227 49 244 409
45 3 237 46 282 442
45 3 279 85 298 456
45 3 283 62 302 459
45 3 94 335 153 22
45 3 159 339 154 63
45 3 166 344 95 25
45 3 106 364 190 34
45 3 196 368 191 69
45 3 157 373 107 23
45 3 118 389 216 42
45 3 226 394 218 74
45 3 194 399 119 35
45 3 93 22 102 306
45 3 97 64 175 348
45 3 155 31 180 353
45 3 105 34 114 312
45 3 109 70 204 376
45 3 192 40 208 379
45 3 117 42 126 318
45 3 121 75 234 402
45 3 219 48 239 405
45 3 166 25 104 346
45 3 168 67 177 362
45 3 100 30 174 351
45 3 24 165 345 164
45 3 66 167 361 186
45 3 32 161 358 185
45 3 26 178 356 171
45 3 68 179 360 184
45 3 29 172 363 188
45 3 182 27 140 423
45 3 255 82 264 439
45 3 136 54 261 428
45 3 36 202 374 201
45 3 72 203 387 214
45 3 41 198 384 213
45 3 44 232 400 231
45 3 77 233 413 245
45 3 49 228 410 244
45 3 39 215 422 253
45 3 81 254 438 274
45 3 56 250 435 273
45 3 129 37 138 324
45 3 133 79 262 425
45 3 247 55 268 430
45 3 141 45 150 330
45 3 145 84 292 451
45 3 278 61 297 455
45 3 50 265 433 258
45 3 83 267 437 272
45 3 53 259 440 276
45 3 58 294 458 290
45 3 87 296 462 301
45 3 51 291 464 270
45 3 47 246 449 287
45 3 86 288 463 303
45 3 62 284 460 302
45 3 43 224 395 223
45 3 223 395 227 76
45 3 395 230 49 227
45 3 46 241 445 282
45 3 282 445 283 85
45 3 445 286 62 283
45 3 1 217 391 222
45 3 222 391 220 48
45 3 391 223 76 220
45 3 48 220 406 239
45 3 239 406 237 3
45 3 406 240 46 237
45 3 76 227 409 240
45 3 240 409 241 46
45 3 409 244 2 241
45 3 3 237 442 281
45 3 281 442 279 61
45 3 442 282 85 279
45 3 61 279 456 297
45 3 297 456 295 5
45 3 456 298 59 295
45 3 85 283 459 298
45 3 298 459 299 59
45 3 459 302 4 299
45 3 305 94 22 93
45 3 95 63 94 305
45 3 25 95 305 96
45 3 335 108 7 153
45 3 154 23 108 335
45 3 63 154 335 94
45 3 339 157 23 154
45 3 158 10 157 339
45 3 24 158 339 159
45 3 344 159 63 95
45 3 165 24 159 344
45 3 9 165 344 166
45 3 311 106 34 105
45 3 107 69 106 311
45 3 23 107 311 108
45 3 317 118 42 117
45 3 119 74 118 317
45 3 35 119 317 120
45 3 364 120 8 190
45 3 191 35 120 364
45 3 69 191 364 106
45 3 368 194 35 191
45 3 195 11 194 368
45 3 36 195 368 196
45 3 373 196 69 107
45 3 202 36 196 373
45 3 10 202 373 157
45 3 389 217 1 216
45 3 218 43 217 389
45 3 74 218 389 118
45 3 394 224 43 218
45 3 225 0 224 394
45 3 44 225 394 226
45 3 399 226 74 119
45 3 232 44 226 399
45 3 11 232 399 194
45 3 22 153 336 102
45 3 102 336 155 64
45 3 336 113 31 155
45 3 6 93 306 101
45 3 101 306 97 30
45 3 306 102 64 97
45 3 30 97 348 174
45 3 174 348 170 12
45 3 348 175 26 170
45 3 64 155 353 175
45 3 175 353 178 26
45 3 353 180 13 178
45 3 34 190 365 114
45 3 114 365 192 70
45 3 365 125 40 192
45 3 42 216 390 126
45 3 126 390 219 75
45 3 390 222 48 219
45 3 7 105 312 113
45 3 113 312 109 31
45 3 312 114 70 109
45 3 31 109 376 180
45 3 180 376 129 13
45 3 376 204 37 129
45 3 70 192 379 204
45 3 204 379 206 37
45 3 379 208 14 206
45 3 8 117 318 125
45 3 125 318 121 40
45 3 318 126 75 121
45 3 40 121 402 208
45 3 208 402 141 14
45 3 402 234 45 141
45 3 75 219 405 234
45 3 234 405 236 45
45 3 405 239 3 236
45 3 25 96 309 104
45 3 104 309 100 67
45 3 309 101 30 100
45 3 9 166 346 169
45 3 169 346 168 33
45 3 346 104 67 168
45 3 33 168 362 189
45 3 189 362 188 15
45 3 362 177 29 188
45 3 67 100 351 177
45 3 177 351 173 29
45 3 351 174 12 173
45 3 158 24 164 341
45 3 341 164 66 161
45 3 163 341 161 32
45 3 165 9 169 345
45 3 345 169 33 167
45 3 164 345 167 66
45 3 167 33 189 361
45 3 361 189 15 187
45 3 186 361 187 28
45 3 161 66 186 358
45 3 358 186 28 183
45 3 185 358 183 16
45 3 170 26 171 352
45 3 352 171 68 172
45 3 173 352 172 29
45 3 27 132 327 140
45 3 140 327 136 82
45 3 327 137 54 136
45 3 178 13 132 356
45 3 356 132 27 179
45 3 171 356 179 68
45 3 179 27 182 360
45 3 360 182 16 183
45 3 184 360 183 28
45 3 172 68 184 363
45 3 363 184 28 187
45 3 188 363 187 15
45 3 16 182 423 256
45 3 256 423 255 57
45 3 423 140 82 255
45 3 57 255 439 277
45 3 277 439 276 20
45 3 439 264 53 276
45 3 82 136 428 264
45 3 264 428 260 53
45 3 428 261 18 260
45 3 195 36 201 370
45 3 370 201 72 198
45 3 200 370 198 41
45 3 225 44 231 396
45 3 396 231 77 228
45 3 230 396 228 49
45 3 211 39 253 419
45 3 419 253 81 250
45 3 252 419 250 56
45 3 202 10 163 374
45 3 374 163 32 203
45 3 201 374 203 72
45 3 203 32 185 387
45 3 387 185 16 215
45 3 214 387 215 39
45 3 198 72 214 384
45 3 384 214 39 211
45 3 213 384 211 17
45 3 232 11 200 400
45 3 400 200 41 233
45 3 231 400 233 77
45 3 233 41 213 413
45 3 413 213 17 246
45 3 245 413 246 47
45 3 228 77 245 410
45 3 410 245 47 242
45 3 244 410 242 2
45 3 215 16 256 422
45 3 422 256 57 254
45 3 253 422 254 81
45 3 254 57 277 438
45 3 438 277 20 275
45 3 274 438 275 52
45 3 250 81 274 435
45 3 435 274 52 271
45 3 273 435 271 21
45 3 37 206 415 138
45 3 138 415 247 79
45 3 415 149 55 247
45 3 45 236 441 150
45 3 150 441 278 84
45 3 441 281 61 278
45 3 13 129 324 137
45 3 137 324 133 54
45 3 324 138 79 133
45 3 54 133 425 261
45 3 261 425 257 18
45 3 425 262 50 257
45 3 79 247 430 262
45 3 262 430 265 50
45 3 430 268 19 265
45 3 14 141 330 149
45 3 149 330 145 55
45 3 330 150 84 145
45 3 55 145 451 268
45 3 268 451 289 19
45 3 451 292 58 289
45 3 84 278 455 292
45 3 292 455 294 58
45 3 455 297 5 294
45 3 257 50 258 429
45 3 429 258 83 259
45 3 260 429 259 53
45 3 289 58 290 454
45 3 454 290 87 291
45 3 266 454 291 51
45 3 265 19 266 433
45 3 433 266 51 267
45 3 258 433 267 83
45 3 267 51 270 437
45 3 437 270 21 271
45 3 272 437 271 52
45 3 259 83 272 440
45 3 440 272 52 275
45 3 276 440 275 20
45 3 294 5 295 458
45 3 458 295 59 296
45 3 290 458 296 87
45 3 296 59 299 462
45 3 462 299 4 300
45 3 301 462 300 60
45 3 291 87 301 464
45 3 464 301 60 304
45 3 270 464 304 21
45 3 242 47 287 446
45 3 446 287 86 284
45 3 286 446 284 62
45 3 246 17 252 449
45 3 449 252 56 288
45 3 287 449 288 86
45 3 288 56 273 463
45 3 463 273 21 304
45 3 303 463 304 60
45 3 284 86 303 460
45 3 460 303 60 300
45 3 302 460 300 4

vertices
505

nodes
FiniteElementSpace
FiniteElementCollection: H1_3D_P2
VDim: 3
Ordering: 0

2.9273459e-18
-0.26592163
5.0957502e-18
-0.22368927
-1.3010426e-18
-0.18319635
-0.30722904
-0.3224644
-0.30722904
6.0986372e-18
-6.9117888e-18
-6.7762636e-19
-0.24775119
-0.25629728
-0.24775119
-7.3251409e-18
1.9380114e-18
8.4432244e-18
-0.19728907
-0.19368993
3.3203692e-18
7.0473141e-18
-0.31484672
-0.1612322
-4.0657581e-19
-0.15361452
-0.25202424
-0.12814864
-2.6935648e-18
-0.12387559
-0.27749011
-0.28938084
-2.4868887e-18
-6.1325185e-19
-0.31484672
-0.15361452
-3.7947076e-18
-0.25202424
-0.12387559
5.1906179e-18
-0.27749011
3.882799e-18
-0.28657533
-0.13296081
1.1248598e-18
-0.23572023
-0.11184464
6.7694873e-18
-0.24480545
4.011548e-18
-0.1954895
-0.096844965
5.1838416e-18
-0.098644537
-0.22679318
-0.22072056
7.7452693e-18
2.6291903e-18
-0.18844314
-0.091598175
2.8731358e-18
-0.20344281
1.8973538e-18
-0.15742336
-0.28343548
-0.14469042
-1.5500703e-18
-0.13874506
-0.12601212
-0.15742336
-0.28343548
-0.13874506
6.9795515e-19
-0.12601212
-0.14328767
-0.26114778
-0.12240272
3.9471735e-18
-0.11786011
-0.22375687
-0.11036028
5.1872298e-18
-0.11339659
-0.097744751
-0.21208168
-0.10172141
4.8213115e-18
-0.09422157
-0.14171774
-0.14171774
-0.13057389
-0.11187843
-0.10604084
-0.31103788
-0.23613504
-0.15551894
-0.23042178
-0.2804628
-0.21257661
-0.1402314
-0.20811758
-0.29235958
-0.2991411
-0.14957055
-0.14617979
-0.31865556
-0.23613504
-0.15932778
-0.2418483
-0.28640816
-0.21257661
-0.14320408
-0.21703563
-0.30592262
-0.2991411
-0.14957055
-0.15296131
-0.29690219
-0.2149315
-0.14845109
-0.23042178
-0.26931895
-0.19586084
-0.13465947
-0.20811758
-0.29235958
-0.27386156
-0.13693078
-0.14617979
-0.25416076
-0.18901818
-0.12708038
-0.19222296
-0.22527502
-0.16781765
-0.11263751
-0.17009488
-0.24154523
-0.23789055
-0.11894528
-0.12077262
-0.24173571
-0.17679017
-0.12086785
-0.18581339
-0.21640112
-0.15906126
-0.10820056
-0.16554042
-0.23423587
-0.22390096
-0.11195048
-0.11711794
-0.31865556
-0.15932778
-0.28640816
-0.14320408
-0.080616101
-3.6591823e-18
-0.078711681
-0.072345211
-2.0184795e-18
-0.07085887
-4.6993388e-18
-9.7832305e-19
2.8460307e-18
-0.07680726
-1.0816611e-18
-0.069372528
2.7426927e-18
-0.24988771
-0.18901818
-0.12494386
-0.18581339
-0.26262065
-0.26772986
-0.13386493
-0.13131032
-0.25416076
-0.12708038
-0.27283906
-0.13641953
-0.064074321
-3.7777669e-19
-0.063006059
-2.7443867e-19
-2.1218175e-18
-5.0093529e-18
-0.061937797
-3.9691964e-18
-0.31103788
-0.15551894
-0.2804628
-0.1402314
-0.07680726
-2.236167e-18
-0.078711681
-0.069372528
2.2903771e-18
-0.07085887
1.6025863e-18
-1.5483762e-18
-5.3532482e-18
-8.9446679e-19
-0.26772986
-0.13386493
-0.24988771
-0.12494386
-0.26262065
-0.13131032
-0.061937797
6.8169212e-18
-0.063006059
6.1630117e-18
2.9442865e-18
3.5643146e-18
-0.27624848
-0.19944122
-0.13812424
-0.25297661
-0.18360409
-0.12648831
-0.25536354
-0.12768177
-0.066480406
2.0261028e-18
-0.071643833
-0.061201362
3.9793608e-18
-0.065286945
3.469447e-18
2.5360166e-18
2.236167e-19
3.9149863e-18
-0.248434
-0.124217
-0.22970475
-0.16776695
-0.11485237
-0.23424736
-0.11712368
-0.055922318
5.9326188e-18
-0.058930057
4.5536491e-18
5.3583304e-18
7.6063559e-18
-0.22223871
-0.11111936
-0.055180139
6.4662495e-18
-0.055939217
8.0942468e-18
5.1889238e-18
3.90821e-18
-0.056698295
2.2836008e-18
-0.19638929
-0.14661713
-0.098194644
-0.14796681
-0.21204113
-0.20962319
-0.10481159
-0.10602056
-0.19458972
-0.14526745
-0.097294858
-0.20720524
-0.10360262
-0.048422482
6.1155779e-18
-0.048872375
7.3962917e-18
5.1855357e-18
4.2521054e-18
-0.049322268
2.9747797e-18
-0.20776225
-0.15258211
-0.10388112
-0.21356604
-0.10678302
-0.050860703
3.3593327e-18
-0.053020421
3.496552e-18
5.7953994e-18
6.2832904e-18
-0.19106653
-0.14133235
-0.095533267
-0.20026241
-0.10013121
-0.18581974
-0.13739726
-0.092909872
-0.19331958
-0.09665979
-0.045799087
7.8604658e-19
-0.047110785
2.981556e-19
3.8472236e-18
4.9602249e-18
-0.23327841
-0.29575034
-0.22435583
-0.14787517
-0.21926968
-0.2103471
-0.23899167
-0.30253186
-0.22435583
-0.15126593
-0.22944197
-0.21480612
-0.22267664
-0.28311057
-0.20539617
-0.14155528
-0.21926968
-0.20198921
-0.19062057
-0.23971789
-0.17841791
-0.11985895
-0.18115892
-0.16895627
-0.18130178
-0.22906841
-0.16792572
-0.11453421
-0.1756769
-0.16230084
-0.23899167
-0.30253186
-0.15126593
-0.21480612
-0.079663891
-0.076480656
-2.8388309e-18
-0.074785275
-0.07160204
-0.07775947
8.8218481e-19
-0.073089894
-0.070115699
-0.26517525
-0.20079739
-0.13258763
-0.19696549
-0.18741578
-0.27028446
-0.2046293
-0.13514223
-0.19062057
-0.068209766
-1.1981281e-18
-0.066932464
-0.06354019
-3.045507e-18
-0.065655162
-0.062471928
-0.23327841
-0.29575034
-0.14787517
-0.2103471
-0.07775947
-0.073089894
2.7105054e-20
-0.074785275
-0.070115699
-0.079663891
-3.1238575e-18
-0.07160204
-0.27028446
-0.20079739
-0.13514223
-0.26517525
-0.19696549
-0.13258763
-0.18741578
-0.065655162
4.5536491e-18
-0.066932464
-0.062471928
1.3349239e-18
-0.06354019
-0.20718636
-0.26461255
-0.19152265
-0.13230627
-0.18973246
-0.06906212
-0.063840884
3.0027318e-18
-0.068465389
-0.063244154
-0.074225547
2.0693015e-18
-0.067329737
-0.25552733
-0.1863255
-0.12776366
-0.24134068
-0.17568552
-0.12067034
-0.17227856
-0.05856184
4.9559898e-18
-0.062108501
-0.057426187
5.7606711e-18
-0.060433927
-0.23606321
-0.11803161
-0.16667903
-0.058558968
6.6415853e-18
-0.059472638
-0.055559678
3.7362623e-18
-0.060386308
-0.056318756
-0.21083216
-0.15721739
-0.10541608
-0.15903084
-0.14729197
-0.20841421
-0.15540393
-0.10420711
-0.14594229
-0.051801311
6.2909137e-18
-0.052405796
-0.048647429
4.0801577e-18
-0.053010282
-0.049097322
-0.2187335
-0.16017453
-0.10936675
-0.15582169
-0.05339151
4.6459757e-18
-0.055975239
-0.051940562
6.9448231e-18
-0.05410028
-0.20373383
-0.15019681
-0.10186691
-0.1432999
-0.196791
-0.14498969
-0.098395498
-0.13936481
-0.048329895
2.0726896e-18
-0.050065603
-0.046454936
5.6217577e-18
-0.047766634
-0.22181275
-0.2268989
-0.21233292
-0.17978842
-0.17180131
-0.2268989
-0.075632966
-0.073937585
-0.19888144
-0.20271335
-0.067571115
-0.066293813
-0.22181275
-0.073937585
-0.075632966
-0.20271335
-0.19888144
-0.066293813
-0.067571115
-0.19845941
-0.066153137
-0.070777642
-0.1916455
-0.18100551
-0.060335171
-0.063881832
-0.17704741
-0.059015803
-0.059929473
-0.15812412
-0.15631066
-0.052103554
-0.052708039
-0.16405012
-0.054683375
-0.057267104
-0.15280037
-0.14759325
-0.049197749
-0.050933457
-0.30913346
-0.27215815
-0.2318501
-0.26882541
-0.29405496
-0.25878155
-0.22054122
-0.25581463
-0.29979431
-0.30339411
-0.22754558
-0.22484573
-0.32055998
-0.27882362
-0.24041999
-0.28215635
-0.30422724
-0.26471538
-0.22817043
-0.2676823
-0.31419351
-0.31059371
-0.23294528
-0.23564514
-0.30206561
-0.25978941
-0.22654921
-0.26882541
-0.28773507
-0.24772175
-0.2158013
-0.25581463
-0.29979431
-0.29000638
-0.21750478
-0.22484573
-0.25522902
-0.22239067
-0.19142177
-0.22426012
-0.24063156
-0.20975316
-0.18047367
-0.21135208
-0.24892126
-0.24693933
-0.18520449
-0.18669094
-0.24474345
-0.21151874
-0.18355759
-0.21678229
-0.23165214
-0.20043486
-0.17373911
-0.20495639
-0.24099353
-0.23540206
-0.17655155
-0.18074515
-0.31675114
-0.27882362
-0.23756336
-0.27549088
-0.30083648
-0.26471538
-0.22562736
-0.26174846
-0.30699391
-0.31059371
-0.23294528
-0.23024543
-0.15837557
-0.11949584
-0.079187786
-0.11806752
-0.15041824
-0.11344945
-0.07520912
-0.11217791
-0.15349696
-0.15529686
-0.077648428
-0.076748478
-0.15456673
-0.11663921
-0.077283365
-0.11521089
-0.14702748
-0.11090638
-0.073513739
-0.10963484
-0.14989715
-0.15169705
-0.075848527
-0.074948577
-0.27897645
-0.24540495
-0.20923234
-0.24280385
-0.26389795
-0.23202835
-0.19792346
-0.22979307
-0.27005538
-0.27281902
-0.20461427
-0.20254154
-0.28492182
-0.25060714
-0.21369137
-0.24800604
-0.26900716
-0.2364989
-0.20175537
-0.23426362
-0.27558267
-0.27834631
-0.20875973
-0.206687
-0.14246091
-0.10740306
-0.071230455
-0.1062883
-0.13450358
-0.10135667
-0.06725179
-0.1003987
-0.13779133
-0.13917316
-0.069586578
-0.068895667
-0.13948823
-0.10517355
-0.069744114
-0.10405879
-0.13194898
-0.09944072
-0.065974488
-0.098482744
-0.13502769
-0.13640951
-0.068204756
-0.067513845
-0.3129423
-0.27215815
-0.23470673
-0.27549088
-0.29744572
-0.25878155
-0.22308429
-0.26174846
-0.30699391
-0.30339411
-0.22754558
-0.23024543
-0.15647115
-0.11663921
-0.078235575
-0.11806752
-0.14872286
-0.11090638
-0.07436143
-0.11217791
-0.15349696
-0.15169705
-0.075848527
-0.076748478
-0.16027999
-0.11949584
-0.080139996
-0.12092415
-0.15211362
-0.11344945
-0.076056811
-0.11472098
-0.15709676
-0.15529686
-0.077648428
-0.078548379
-0.2878945
-0.25060714
-0.21592088
-0.25320824
-0.27156176
-0.2364989
-0.20367132
-0.23873418
-0.28110995
-0.27834631
-0.20875973
-0.21083247
-0.28194914
-0.24540495
-0.21146185
-0.24800604
-0.26645256
-0.23202835
-0.19983942
-0.23426362
-0.27558267
-0.27281902
-0.20461427
-0.206687
-0.14097457
-0.10517355
-0.070487284
-0.1062883
-0.13322628
-0.09944072
-0.066613139
-0.1003987
-0.13779133
-0.13640951
-0.068204756
-0.068895667
-0.14394725
-0.10740306
-0.071973626
-0.10851782
-0.13578088
-0.10135667
-0.067890441
-0.10231465
-0.14055498
-0.13917316
-0.069586578
-0.070277489
-0.28141191
-0.24171742
-0.21105893
-0.25075342
-0.26923705
-0.23153598
-0.20192779
-0.23962886
-0.28021844
-0.27043051
-0.20282288
-0.21016383
-0.14070595
-0.10359318
-0.070352977
-0.10746575
-0.13461853
-0.099229705
-0.067309263
-0.10269808
-0.14010922
-0.13521526
-0.067607628
-0.070054611
-0.15103281
-0.11133832
-0.075516403
-0.11521089
-0.14386754
-0.10616646
-0.071933768
-0.10963484
-0.14989715
-0.14500319
-0.072501594
-0.074948577
-0.27340453
-0.23565408
-0.2050534
-0.24280385
-0.25907399
-0.22358641
-0.19430549
-0.22979307
-0.27005538
-0.26242314
-0.19681735
-0.20254154
-0.2570622
-0.22135454
-0.19279665
-0.22850431
-0.24488734
-0.2111731
-0.18366551
-0.21737975
-0.25479089
-0.24715865
-0.18536899
-0.19109317
-0.1285311
-0.09486623
-0.064265549
-0.097930418
-0.12244367
-0.090502756
-0.061221836
-0.093162752
-0.12739545
-0.12357932
-0.061789662
-0.063697723
-0.13670226
-0.10099461
-0.068351132
-0.10405879
-0.12953699
-0.095822748
-0.064768497
-0.098482744
-0.13502769
-0.13121157
-0.065605784
-0.067513845
-0.25095597
-0.21865175
-0.18821698
-0.22052121
-0.23697688
-0.20655531
-0.17773266
-0.20815423
-0.24495739
-0.24297546
-0.1822316
-0.18371805
-0.12547799
-0.093707892
-0.062738993
-0.094509088
-0.11848844
-0.088523704
-0.05924422
-0.089208957
-0.1224787
-0.12148773
-0.060743865
-0.061239348
-0.12761451
-0.095310285
-0.063807256
-0.096111482
-0.12031578
-0.089894209
-0.06015789
-0.090579462
-0.12446063
-0.12346966
-0.061734831
-0.062230315
-0.2260341
-0.19711565
-0.16952558
-0.19844403
-0.21143664
-0.18447814
-0.15857748
-0.18553599
-0.21941715
-0.21805359
-0.16354019
-0.16456286
-0.22299779
-0.19445887
-0.16724834
-0.19578726
-0.2090187
-0.18236244
-0.15676402
-0.18342029
-0.21669003
-0.21532646
-0.16149485
-0.16251752
-0.1114989
-0.083339517
-0.055749448
-0.083908826
-0.10450935
-0.07815533
-0.052254675
-0.078608694
-0.10834501
-0.10766323
-0.053831616
-0.054172507
-0.11301705
-0.084478134
-0.056508525
-0.085047442
-0.10571832
-0.079062058
-0.05285916
-0.079515422
-0.10970858
-0.10902679
-0.054513397
-0.054854288
-0.23271249
-0.20099166
-0.17453437
-0.2062552
-0.22131723
-0.19139181
-0.16598792
-0.19591334
-0.22981059
-0.22421912
-0.16816434
-0.17235794
-0.11635624
-0.086139281
-0.058178122
-0.088395086
-0.11065861
-0.082025062
-0.055329307
-0.083962859
-0.1149053
-0.11210956
-0.056054781
-0.057452648
-0.12237172
-0.09065089
-0.061185862
-0.092906695
-0.11582607
-0.085900655
-0.057913036
-0.087838452
-0.12049676
-0.11770103
-0.058850515
-0.060248382
-0.21856084
-0.18935098
-0.16392063
-0.19313049
-0.20546954
-0.1782671
-0.15410215
-0.18130459
-0.2139629
-0.21006747
-0.15755061
-0.16047218
-0.20992197
-0.18179197
-0.15744147
-0.18557147
-0.1985267
-0.17219212
-0.14889503
-0.17522961
-0.20617205
-0.20227662
-0.15170747
-0.15462904
-0.10496098
-0.077910843
-0.052480491
-0.079530632
-0.099263352
-0.073796623
-0.049631676
-0.075098404
-0.10308602
-0.10113831
-0.050569155
-0.051543012
-0.10928042
-0.08115042
-0.05464021
-0.082770209
-0.10273477
-0.076400185
-0.051367384
-0.077701966
-0.10698145
-0.10503374
-0.052516869
-0.053490725
-0.3129423
-0.23470673
-0.29744572
-0.22308429
-0.1967792
-0.15647115
-0.19439868
-0.18696319
-0.14872286
-0.18484396
-0.19201815
-0.18272474
-0.28492484
-0.28810657
-0.21607993
-0.21369363
-0.28194914
-0.21146185
-0.29128829
-0.21846622
-0.17714717
-0.14097457
-0.17528925
-0.14564414
-0.14405328
-0.17343132
-0.14246242
-0.31675114
-0.23756336
-0.30083648
-0.22562736
-0.1967792
-0.15837557
-0.19915973
-0.18696319
-0.15041824
-0.18908241
-0.20154025
-0.19120164
-0.29765173
-0.29447001
-0.22085251
-0.2232388
-0.28492182
-0.21369137
-0.29128829
-0.21846622
-0.17714717
-0.14246091
-0.1790051
-0.14564414
-0.14723501
-0.18086303
-0.14882587
-0.29173876
-0.21880407
-0.27848606
-0.20886455
-0.17910958
-0.14586938
-0.18556387
-0.17116347
-0.13924303
-0.1769441
-0.19201815
-0.18272474
-0.28492484
-0.27621476
-0.20716107
-0.21369363
-0.26523336
-0.19892502
-0.26750467
-0.2006285
-0.16321736
-0.13261668
-0.16832434
-0.13375233
-0.13810738
-0.17343132
-0.14246242
-0.2530925
-0.18981937
-0.23880422
-0.17910317
-0.15751515
-0.12654625
-0.15885048
-0.14868159
-0.11940211
-0.14982368
-0.1601858
-0.15096577
-0.23416921
-0.23249646
-0.17437234
-0.1756269
-0.22451595
-0.16838696
-0.23082371
-0.17311778
-0.13984804
-0.11225797
-0.14079689
-0.11541186
-0.11624823
-0.14174574
-0.1170846
-0.23872797
-0.17904598
-0.22648469
-0.16986351
-0.14732514
-0.11936398
-0.15108482
-0.1399381
-0.11324234
-0.14316776
-0.15484449
-0.14639742
-0.22747821
-0.22273477
-0.16705108
-0.17060866
-0.2142414
-0.16068105
-0.21799132
-0.16349349
-0.13255105
-0.1071207
-0.1352507
-0.10899566
-0.11136738
-0.13795035
-0.11373911
-0.32055998
-0.24041999
-0.30422724
-0.22817043
-0.16027999
-0.19915973
-0.15211362
-0.18908241
-0.29447001
-0.22085251
-0.2878945
-0.21592088
-0.14394725
-0.1790051
-0.14723501
-0.080139996
-0.076056811
-0.040308051
-5.2854856e-18
-0.039831945
-0.038240328
-3.7690849e-18
-0.037816483
-5.8055638e-18
-3.2490066e-18
-2.0328791e-18
-0.03935584
-1.908577e-18
-0.037392638
-6.9244943e-19
-0.073617503
-0.072822072
-0.071973626
-0.074412934
-0.036172606
-2.2526841e-18
-0.03580102
-3.5931138e-18
-2.4286552e-18
-1.7842749e-18
-0.035429435
-1.2641967e-18
-0.078235575
-0.07436143
1.2197274e-18
-0.038879735
-4.806912e-20
-0.036968792
1.8641078e-18
4.472334e-18
-0.03840363
1.8124387e-18
-0.036544947
4.420665e-18
-0.072026642
-0.071231211
-0.070487284
-1.3158657e-18
-0.035057849
-9.973813e-20
-8.4745646e-19
-0.034686264
1.0647204e-18
-0.26645256
-0.19983942
-0.16733116
-0.13322628
-0.16573453
-0.16413791
-0.24881945
-0.21865175
-0.18661459
-0.21678229
-0.25518592
-0.25753148
-0.19314861
-0.19138944
-0.25095597
-0.22052121
-0.18821698
-0.25987705
-0.19490778
-0.15751515
-0.12547799
-0.15617982
-0.12993852
-0.12876574
-0.12440972
-0.15484449
-0.12759296
-0.27156176
-0.20367132
-0.17052442
-0.13578088
-0.16892779
-0.2530925
-0.22239067
-0.18981937
-0.26222261
-0.19666696
-0.25522902
-0.19142177
-0.26456817
-0.19842613
-0.12761451
-0.15885048
-0.13228409
-0.13111131
-0.12654625
-0.067890441
-0.034104883
-7.3628339e-19
-0.033785558
-1.3806637e-18
-1.6083038e-18
-1.6599728e-18
-0.033466232
-1.8359439e-18
-0.095310285
-0.063273124
-0.094509088
-0.065555653
-0.064969262
-0.063807256
-0.066142044
-0.032037161
7.8011734e-19
-0.031770095
8.3178635e-19
-7.879524e-19
-1.5356707e-18
-0.031503029
-2.4076912e-18
-0.066613139
-2.5836622e-18
-0.033146907
-2.063584e-18
-3.5073517e-18
-0.032827581
-2.2912241e-18
-0.093707892
-0.062204862
-0.092906695
-0.064382871
-0.063796479
-0.062738993
-3.8514588e-18
-0.031235964
-4.0274299e-18
-6.1672469e-18
-0.030968898
-5.6471687e-18
-0.30913346
-0.2318501
-0.29405496
-0.22054122
-0.15456673
-0.19439868
-0.14702748
-0.18484396
-0.28810657
-0.21607993
-0.27897645
-0.20923234
-0.13948823
-0.17528925
-0.14405328
-0.077283365
-0.073513739
-0.03840363
-1.4568967e-18
-0.038879735
-0.036544947
8.148457e-19
-0.036968792
4.6247999e-19
-1.104531e-18
-3.0154373e-18
-0.03935584
-7.6063559e-19
-0.037392638
-2.6715419e-18
-0.072026642
-0.072822072
-0.069744114
-0.071231211
-0.034686264
3.0865881e-18
-0.035057849
2.7426927e-18
1.1587411e-18
1.4941661e-18
-0.035429435
-4.2521054e-19
-0.079187786
-0.07520912
-4.5739779e-18
-0.039831945
-2.3361169e-18
-0.037816483
-4.2385529e-18
-6.1325185e-18
-3.9115982e-18
-0.073617503
-0.071230455
-9.8255822e-20
-0.03580102
-2.0091622e-18
-1.6906778e-18
-0.26900716
-0.20175537
-0.16733116
-0.13450358
-0.16892779
-0.26222261
-0.19666696
-0.25987705
-0.19490778
-0.12993852
-0.13111131
-0.26389795
-0.19792346
-0.16413791
-0.13194898
-0.16573453
-0.25753148
-0.19314861
-0.24881945
-0.18661459
-0.25518592
-0.19138944
-0.12440972
-0.15617982
-0.12759296
-0.12876574
-0.065974488
-0.032827581
5.3583304e-18
-0.033146907
5.0229054e-18
3.4220131e-18
3.7489678e-18
-0.033466232
1.8211208e-18
-0.064382871
-0.064969262
-0.062204862
-0.063796479
-0.030968898
7.6300728e-18
-0.031235964
7.3031181e-18
5.6852851e-18
6.0037695e-18
-0.031503029
4.0674522e-18
-0.06725179
2.1396052e-18
-0.033785558
2.2022857e-19
5.3024262e-19
-0.065555653
-0.063273124
4.3774663e-18
-0.031770095
2.4496193e-18
2.751163e-18
-0.27108505
-0.23268142
-0.20331379
-0.25998804
-0.22344309
-0.19499103
-0.26064258
-0.19548194
-0.16620102
-0.13554253
-0.1726553
-0.15960221
-0.12999402
-0.16538284
-0.13032129
-0.25879458
-0.19409594
-0.24889103
-0.21420477
-0.18666827
-0.25008449
-0.18756337
-0.15300341
-0.12444552
-0.15811038
-0.12504225
-0.12939729
-0.09972061
-0.067771263
-0.095761326
-0.06499701
-0.065160645
-0.033240203
2.4767243e-18
-0.03453106
-0.031920442
3.2360894e-18
-0.033076568
3.1983964e-18
2.5144173e-18
1.5754813e-18
-0.035821917
2.7693742e-18
-0.034232695
1.8304382e-18
-0.064698645
-0.066876167
-0.091802043
-0.062222758
-0.062521123
-0.030600681
3.9954544e-18
-0.031622077
3.7404975e-18
3.4910463e-18
3.9632672e-18
-0.032643473
3.2415951e-18
-0.07293469
-0.069621515
6.7423823e-19
-0.037112773
2.3026591e-18
-0.035388821
1.1464591e-18
-2.2700483e-19
1.8359439e-18
-0.069053689
-0.066308341
3.9310799e-18
-0.033664868
2.9921439e-18
3.8988927e-18
-0.25198067
-0.1889855
-0.15527125
-0.12599033
-0.15970458
-0.24863152
-0.18647364
-0.24207712
-0.18155784
-0.12103856
-0.12431576
-0.23779402
-0.20496644
-0.17834552
-0.2395264
-0.1796448
-0.1464046
-0.11889701
-0.15083793
-0.1197632
-0.23552272
-0.17664204
-0.22669701
-0.19572811
-0.17002276
-0.22896832
-0.17172624
-0.13980579
-0.11334851
-0.14356547
-0.11448416
-0.11776136
-0.08784276
-0.059448505
-0.059881601
-0.02928092
4.7548194e-18
-0.030167585
4.2825986e-18
4.4676753e-18
5.1571601e-18
-0.031054251
4.652752e-18
-0.058880679
-0.060519279
-0.083883477
-0.056674253
-0.057242079
-0.027961159
5.5141845e-18
-0.028713094
4.8246997e-18
5.4443043e-18
6.351053e-18
-0.029465029
6.0639089e-18
-0.062995166
5.5595007e-18
-0.031940916
4.8378287e-18
5.9618414e-18
-0.062157879
-0.059681992
7.1879216e-18
-0.030216963
6.6835135e-18
8.0247901e-18
-0.23514954
-0.17636216
-0.11757477
-0.14753951
-0.22915096
-0.17186322
-0.22147964
-0.16610973
-0.11073982
-0.1388992
-0.11457548
-0.058787385
-0.029279484
7.3679161e-18
-0.029507901
8.2687356e-18
6.7292532e-18
5.9152546e-18
-0.029736319
5.1897709e-18
-0.057287741
-0.057705928
-0.055369909
-0.056869554
-0.02759007
7.1057594e-18
-0.027779839
7.9197581e-18
6.5539174e-18
5.8267396e-18
-0.027969609
5.1880768e-18
-0.059701055
4.4625931e-18
-0.029964736
3.6502885e-18
3.0099316e-18
-0.030193154
2.1108061e-18
-0.058124114
-0.058542301
-0.056128987
4.5477199e-18
-0.028159378
3.8222362e-18
3.2687001e-18
-0.028349147
2.4563955e-18
-0.21022767
-0.15767075
-0.13101449
-0.10511384
-0.1317701
-0.1325257
-0.19683918
-0.17184063
-0.14762939
-0.17262794
-0.2046651
-0.20361072
-0.15270804
-0.15349883
-0.19593939
-0.17105331
-0.14695455
-0.20255634
-0.15191726
-0.12218094
-0.097969697
-0.1227433
-0.10127817
-0.10180536
-0.09841959
-0.12330567
-0.10233255
-0.20780973
-0.1558573
-0.12950328
-0.10390486
-0.13025888
-0.19503961
-0.170266
-0.14627971
-0.20150196
-0.15112647
-0.19413982
-0.16947869
-0.14560487
-0.20044759
-0.15033569
-0.12105621
-0.097069911
-0.12161857
-0.10022379
-0.10075098
-0.097519804
-0.051952432
-0.025900655
6.8436027e-18
-0.026051777
7.5707805e-18
6.3785816e-18
5.7382247e-18
-0.026202898
5.1863827e-18
-0.072971143
-0.048759902
-0.073308563
-0.050375491
-0.050639086
-0.072633724
-0.048534956
-0.050111897
-0.024211241
6.581446e-18
-0.024323714
7.2218029e-18
6.2032458e-18
5.6497098e-18
-0.024436188
5.1846887e-18
-0.052556918
4.6328467e-18
-0.026354019
3.9941839e-18
3.5274687e-18
-0.026505141
2.801985e-18
-0.073645983
-0.049209795
-0.073983403
-0.05090268
-0.051166275
-0.048984849
4.7179735e-18
-0.024548661
4.1661316e-18
3.7862373e-18
-0.024661134
3.1475744e-18
-0.21614977
-0.18687029
-0.16211233
-0.21862766
-0.16397074
-0.13347878
-0.10807488
-0.13670844
-0.10931383
-0.21324787
-0.1599359
-0.20560253
-0.17801246
-0.1542019
-0.20850443
-0.15637832
-0.12715176
-0.10280126
-0.1298514
-0.10425221
-0.10662394
-0.080087265
-0.054037442
-0.054656914
-0.026695755
4.0712639e-18
-0.027341687
4.2961511e-18
5.2892972e-18
5.2206876e-18
-0.02798762
6.2824434e-18
-0.053311968
-0.05449783
-0.076291054
-0.051400632
-0.052126106
-0.025430351
2.6283432e-18
-0.025970281
2.6969529e-18
4.0026542e-18
4.0903221e-18
-0.026510211
5.3083555e-18
-0.056621171
6.3701113e-18
-0.028633552
7.2755895e-18
7.519535e-18
-0.055683692
-0.053560351
5.552301e-18
-0.02705014
6.6140568e-18
7.0142798e-18
-0.20199812
-0.15149859
-0.12516401
-0.10099906
-0.12733364
-0.19237823
-0.16718322
-0.14428367
-0.19740018
-0.14805014
-0.18975484
-0.16488775
-0.14231613
-0.19435278
-0.14576458
-0.11777696
-0.094877419
-0.11941658
-0.097176388
-0.098700091
-0.096189116
-0.19505529
-0.16915463
-0.14629147
-0.1983812
-0.1487859
-0.12082474
-0.097527644
-0.12299437
-0.099190598
-0.18713144
-0.16259228
-0.14034858
-0.19130537
-0.14347903
-0.18450805
-0.16029681
-0.13838104
-0.18825796
-0.14119347
-0.11449772
-0.092254024
-0.11613734
-0.094128982
-0.095652685
-0.093565721
-0.072494843
-0.048763822
-0.049595299
-0.024164948
1.1854226e-18
-0.024598874
