MFEM mesh v1.0

#
# MFEM Geometry Types (see mesh/geom.hpp):
#
# POINT       = 0
# SEGMENT     = 1
# TRIANGLE    = 2
# SQUARE      = 3
# TETRAHEDRON = 4
# CUBE        = 5
#

dimension
3

elements
512
1 5 0 129 437 132 137 438 681 441
1 5 5 141 443 144 149 444 682 447
1 5 11 153 449 156 161 450 683 453
1 5 0 129 438 137 169 455 684 458
1 5 5 141 444 149 177 460 685 463
1 5 0 132 465 169 137 441 686 458
1 5 2 186 469 189 194 470 687 473
1 5 5 144 475 177 149 447 688 463
1 5 28 203 479 130 138 480 689 439
1 5 84 205 484 213 139 482 690 487
1 5 31 131 489 220 140 440 691 491
1 5 36 133 442 136 223 493 692 496
1 5 85 206 483 134 224 497 693 494
1 5 121 208 488 216 225 499 694 503
1 5 88 135 492 222 226 495 695 506
1 5 32 227 500 142 150 508 696 445
1 5 89 229 504 234 151 510 697 514
1 5 35 143 507 237 152 446 698 516
1 5 44 145 448 148 253 518 699 521
1 5 90 239 511 146 254 523 700 519
1 5 122 241 515 246 255 525 701 529
1 5 93 147 517 248 256 520 702 532
1 5 34 233 534 154 162 513 703 451
1 5 95 271 538 277 163 536 704 541
1 5 50 155 543 284 164 452 705 545
1 5 47 157 454 160 269 531 706 549
1 5 92 245 537 158 266 528 707 547
1 5 123 273 542 280 291 552 708 556
1 5 98 159 546 286 292 548 709 559
1 5 28 203 480 138 170 561 710 456
1 5 85 206 497 224 171 563 711 567
1 5 36 133 493 223 172 457 712 569
1 5 60 165 459 168 318 571 713 574
1 5 100 304 564 166 319 576 714 572
1 5 124 306 568 311 320 578 715 582
1 5 103 167 570 313 321 573 716 585
1 5 32 227 508 150 178 566 717 461
1 5 90 239 523 254 179 588 718 592
1 5 44 145 518 253 180 462 719 595
1 5 63 173 464 176 334 584 720 599
1 5 102 310 589 174 331 581 721 597
1 5 125 336 593 340 349 602 722 606
1 5 107 175 596 344 350 598 723 609
1 5 31 220 611 181 140 491 724 466
1 5 109 362 614 366 185 612 725 617
1 5 60 182 619 318 168 467 726 574
1 5 36 136 468 172 223 496 727 569
1 5 88 222 613 183 226 506 728 622
1 5 126 363 618 369 374 625 729 629
1 5 103 184 621 321 313 623 730 585
1 5 74 384 633 187 195 634 731 471
1 5 113 386 638 394 196 636 732 641
1 5 69 188 643 364 197 472 733 615
1 5 39 190 474 193 238 646 734 624
1 5 114 387 637 191 404 650 735 647
1 5 127 389 642 397 405 652 736 656
1 5 110 192 645 367 377 648 737 627
1 5 35 237 626 198 152 516 738 476
1 5 112 376 630 380 202 661 739 665
1 5 63 199 632 334 176 477 740 599
1 5 44 148 478 180 253 521 741 595
1 5 93 248 662 200 256 532 742 669
1 5 128 417 666 421 427 673 743 677
1 5 107 201 668 350 344 670 744 609
1 5 129 28 130 437 438 138 439 681
1 5 437 130 84 131 681 439 139 440
1 5 132 437 131 31 441 681 440 140
1 5 137 438 681 441 36 133 442 136
1 5 438 138 439 681 133 85 134 442
1 5 681 439 139 440 442 134 121 135
1 5 441 681 440 140 136 442 135 88
1 5 141 32 142 443 444 150 445 682
1 5 443 142 89 143 682 445 151 446
1 5 144 443 143 35 447 682 446 152
1 5 149 444 682 447 44 145 448 148
1 5 444 150 445 682 145 90 146 448
1 5 682 445 151 446 448 146 122 147
1 5 447 682 446 152 148 448 147 93
1 5 153 34 154 449 450 162 451 683
1 5 449 154 95 155 683 451 163 452
1 5 156 449 155 50 453 683 452 164
1 5 161 450 683 453 47 157 454 160
1 5 450 162 451 683 157 92 158 454
1 5 683 451 163 452 454 158 123 159
1 5 453 683 452 164 160 454 159 98
1 5 129 28 138 438 455 170 456 684
1 5 438 138 85 133 684 456 171 457
1 5 137 438 133 36 458 684 457 172
1 5 169 455 684 458 60 165 459 168
1 5 455 170 456 684 165 100 166 459
1 5 684 456 171 457 459 166 124 167
1 5 458 684 457 172 168 459 167 103
1 5 141 32 150 444 460 178 461 685
1 5 444 150 90 145 685 461 179 462
1 5 149 444 145 44 463 685 462 180
1 5 177 460 685 463 63 173 464 176
1 5 460 178 461 685 173 102 174 464
1 5 685 461 179 462 464 174 125 175
1 5 463 685 462 180 176 464 175 107
1 5 132 31 181 465 441 140 466 686
1 5 465 181 109 182 686 466 185 467
1 5 169 465 182 60 458 686 467 168
1 5 137 441 686 458 36 136 468 172
1 5 441 140 466 686 136 88 183 468
1 5 686 466 185 467 468 183 126 184
1 5 458 686 467 168 172 468 184 103
1 5 186 74 187 469 470 195 471 687
1 5 469 187 113 188 687 471 196 472
1 5 189 469 188 69 473 687 472 197
1 5 194 470 687 473 39 190 474 193
1 5 470 195 471 687 190 114 191 474
1 5 687 471 196 472 474 191 127 192
1 5 473 687 472 197 193 474 192 110
1 5 144 35 198 475 447 152 476 688
1 5 475 198 112 199 688 476 202 477
1 5 177 475 199 63 463 688 477 176
1 5 149 447 688 463 44 148 478 180
1 5 447 152 476 688 148 93 200 478
1 5 688 476 202 477 478 200 128 201
1 5 463 688 477 176 180 478 201 107
1 5 203 1 204 479 480 209 481 689
1 5 479 204 29 205 689 481 210 482
1 5 130 479 205 84 439 689 482 139
1 5 138 480 689 439 85 206 483 134
1 5 480 209 481 689 206 37 207 483
1 5 689 481 210 482 483 207 86 208
1 5 439 689 482 139 134 483 208 121
1 5 205 29 211 484 482 210 485 690
1 5 484 211 7 212 690 485 217 486
1 5 213 484 212 30 487 690 486 218
1 5 139 482 690 487 121 208 488 216
1 5 482 210 485 690 208 86 214 488
1 5 690 485 217 486 488 214 38 215
1 5 487 690 486 218 216 488 215 87
1 5 131 84 213 489 440 139 487 691
1 5 489 213 30 219 691 487 218 490
1 5 220 489 219 2 491 691 490 194
1 5 140 440 691 491 88 135 492 222
1 5 440 139 487 691 135 121 216 492
1 5 691 487 218 490 492 216 87 221
1 5 491 691 490 194 222 492 221 39
1 5 133 85 134 442 493 224 494 692
1 5 442 134 121 135 692 494 225 495
1 5 136 442 135 88 496 692 495 226
1 5 223 493 692 496 5 141 443 144
1 5 493 224 494 692 141 32 142 443
1 5 692 494 225 495 443 142 89 143
1 5 496 692 495 226 144 443 143 35
1 5 206 37 207 483 497 230 498 693
1 5 483 207 86 208 693 498 231 499
1 5 134 483 208 121 494 693 499 225
1 5 224 497 693 494 32 227 500 142
1 5 497 230 498 693 227 8 228 500
1 5 693 498 231 499 500 228 33 229
1 5 494 693 499 225 142 500 229 89
1 5 208 86 214 488 499 231 501 694
1 5 488 214 38 215 694 501 235 502
1 5 216 488 215 87 503 694 502 236
1 5 225 499 694 503 89 229 504 234
1 5 499 231 501 694 229 33 232 504
1 5 694 501 235 502 504 232 19 233
1 5 503 694 502 236 234 504 233 34
1 5 135 121 216 492 495 225 503 695
1 5 492 216 87 221 695 503 236 505
1 5 222 492 221 39 506 695 505 238
1 5 226 495 695 506 35 143 507 237
1 5 495 225 503 695 143 89 234 507
1 5 695 503 236 505 507 234 34 153
1 5 506 695 505 238 237 507 153 11
1 5 227 8 228 500 508 242 509 696
1 5 500 228 33 229 696 509 243 510
1 5 142 500 229 89 445 696 510 151
1 5 150 508 696 445 90 239 511 146
1 5 508 242 509 696 239 45 240 511
1 5 696 509 243 510 511 240 91 241
1 5 445 696 510 151 146 511 241 122
1 5 229 33 232 504 510 243 512 697
1 5 504 232 19 233 697 512 247 513
1 5 234 504 233 34 514 697 513 162
1 5 151 510 697 514 122 241 515 246
1 5 510 243 512 697 241 91 244 515
1 5 697 512 247 513 515 244 46 245
1 5 514 697 513 162 246 515 245 92
1 5 143 89 234 507 446 151 514 698
1 5 507 234 34 153 698 514 162 450
1 5 237 507 153 11 516 698 450 161
1 5 152 446 698 516 93 147 517 248
1 5 446 151 514 698 147 122 246 517
1 5 698 514 162 450 517 246 92 157
1 5 516 698 450 161 248 517 157 47
1 5 145 90 146 448 518 254 519 699
1 5 448 146 122 147 699 519 255 520
1 5 148 448 147 93 521 699 520 256
1 5 253 518 699 521 6 249 522 252
1 5 518 254 519 699 249 40 250 522
1 5 699 519 255 520 522 250 94 251
1 5 521 699 520 256 252 522 251 43
1 5 239 45 240 511 523 260 524 700
1 5 511 240 91 241 700 524 261 525
1 5 146 511 241 122 519 700 525 255
1 5 254 523 700 519 40 257 526 250
1 5 523 260 524 700 257 9 258 526
1 5 700 524 261 525 526 258 41 259
1 5 519 700 525 255 250 526 259 94
1 5 241 91 244 515 525 261 527 701
1 5 515 244 46 245 701 527 265 528
1 5 246 515 245 92 529 701 528 266
1 5 255 525 701 529 94 259 530 264
1 5 525 261 527 701 259 41 262 530
1 5 701 527 265 528 530 262 21 263
1 5 529 701 528 266 264 530 263 42
1 5 147 122 246 517 520 255 529 702
1 5 517 246 92 157 702 529 266 531
1 5 248 517 157 47 532 702 531 269
1 5 256 520 702 532 43 251 533 268
1 5 520 255 529 702 251 94 264 533
1 5 702 529 266 531 533 264 42 267
1 5 532 702 531 269 268 533 267 13
1 5 233 19 270 534 513 247 535 703
1 5 534 270 48 271 703 535 274 536
1 5 154 534 271 95 451 703 536 163
1 5 162 513 703 451 92 245 537 158
1 5 513 247 535 703 245 46 272 537
1 5 703 535 274 536 537 272 96 273
1 5 451 703 536 163 158 537 273 123
1 5 271 48 275 538 536 274 539 704
1 5 538 275 20 276 704 539 281 540
1 5 277 538 276 49 541 704 540 282
1 5 163 536 704 541 123 273 542 280
1 5 536 274 539 704 273 96 278 542
1 5 704 539 281 540 542 278 54 279
1 5 541 704 540 282 280 542 279 97
1 5 155 95 277 543 452 163 541 705
1 5 543 277 49 283 705 541 282 544
1 5 284 543 283 10 545 705 544 287
1 5 164 452 705 545 98 159 546 286
1 5 452 163 541 705 159 123 280 546
1 5 705 541 282 544 546 280 97 285
1 5 545 705 544 287 286 546 285 55
1 5 157 92 158 454 531 266 547 706
1 5 454 158 123 159 706 547 291 548
1 5 160 454 159 98 549 706 548 292
1 5 269 531 706 549 13 267 550 290
1 5 531 266 547 706 267 42 288 550
1 5 706 547 291 548 550 288 99 289
1 5 549 706 548 292 290 550 289 53
1 5 245 46 272 537 528 265 551 707
1 5 537 272 96 273 707 551 295 552
1 5 158 537 273 123 547 707 552 291
1 5 266 528 707 547 42 263 553 288
1 5 528 265 551 707 263 21 293 553
1 5 707 551 295 552 553 293 51 294
1 5 547 707 552 291 288 553 294 99
1 5 273 96 278 542 552 295 554 708
1 5 542 278 54 279 708 554 299 555
1 5 280 542 279 97 556 708 555 300
1 5 291 552 708 556 99 294 557 298
1 5 552 295 554 708 294 51 296 557
1 5 708 554 299 555 557 296 22 297
1 5 556 708 555 300 298 557 297 52
1 5 159 123 280 546 548 291 556 709
1 5 546 280 97 285 709 556 300 558
1 5 286 546 285 55 559 709 558 303
1 5 292 548 709 559 53 289 560 302
1 5 548 291 556 709 289 99 298 560
1 5 709 556 300 558 560 298 52 301
1 5 559 709 558 303 302 560 301 12
1 5 203 1 209 480 561 307 562 710
1 5 480 209 37 206 710 562 308 563
1 5 138 480 206 85 456 710 563 171
1 5 170 561 710 456 100 304 564 166
1 5 561 307 562 710 304 61 305 564
1 5 710 562 308 563 564 305 101 306
1 5 456 710 563 171 166 564 306 124
1 5 206 37 230 497 563 308 565 711
1 5 497 230 8 227 711 565 312 566
1 5 224 497 227 32 567 711 566 178
1 5 171 563 711 567 124 306 568 311
1 5 563 308 565 711 306 101 309 568
1 5 711 565 312 566 568 309 62 310
1 5 567 711 566 178 311 568 310 102
1 5 133 85 224 493 457 171 567 712
1 5 493 224 32 141 712 567 178 460
1 5 223 493 141 5 569 712 460 177
1 5 172 457 712 569 103 167 570 313
1 5 457 171 567 712 167 124 311 570
1 5 712 567 178 460 570 311 102 173
1 5 569 712 460 177 313 570 173 63
1 5 165 100 166 459 571 319 572 713
1 5 459 166 124 167 713 572 320 573
1 5 168 459 167 103 574 713 573 321
1 5 318 571 713 574 4 314 575 317
1 5 571 319 572 713 314 56 315 575
1 5 713 572 320 573 575 315 104 316
1 5 574 713 573 321 317 575 316 59
1 5 304 61 305 564 576 325 577 714
1 5 564 305 101 306 714 577 326 578
1 5 166 564 306 124 572 714 578 320
1 5 319 576 714 572 56 322 579 315
1 5 576 325 577 714 322 14 323 579
1 5 714 577 326 578 579 323 57 324
1 5 572 714 578 320 315 579 324 104
1 5 306 101 309 568 578 326 580 715
1 5 568 309 62 310 715 580 330 581
1 5 311 568 310 102 582 715 581 331
1 5 320 578 715 582 104 324 583 329
1 5 578 326 580 715 324 57 327 583
1 5 715 580 330 581 583 327 23 328
1 5 582 715 581 331 329 583 328 58
1 5 167 124 311 570 573 320 582 716
1 5 570 311 102 173 716 582 331 584
1 5 313 570 173 63 585 716 584 334
1 5 321 573 716 585 59 316 586 333
1 5 573 320 582 716 316 104 329 586
1 5 716 582 331 584 586 329 58 332
1 5 585 716 584 334 333 586 332 16
1 5 227 8 242 508 566 312 587 717
1 5 508 242 45 239 717 587 337 588
1 5 150 508 239 90 461 717 588 179
1 5 178 566 717 461 102 310 589 174
1 5 566 312 587 717 310 62 335 589
1 5 717 587 337 588 589 335 105 336
1 5 461 717 588 179 174 589 336 125
1 5 239 45 260 523 588 337 590 718
1 5 523 260 9 257 718 590 341 591
1 5 254 523 257 40 592 718 591 342
1 5 179 588 718 592 125 336 593 340
1 5 588 337 590 718 336 105 338 593
1 5 718 590 341 591 593 338 67 339
1 5 592 718 591 342 340 593 339 106
1 5 145 90 254 518 462 179 592 719
1 5 518 254 40 249 719 592 342 594
1 5 253 518 249 6 595 719 594 345
1 5 180 462 719 595 107 175 596 344
1 5 462 179 592 719 175 125 340 596
1 5 719 592 342 594 596 340 106 343
1 5 595 719 594 345 344 596 343 68
1 5 173 102 174 464 584 331 597 720
1 5 464 174 125 175 720 597 349 598
1 5 176 464 175 107 599 720 598 350
1 5 334 584 720 599 16 332 600 348
1 5 584 331 597 720 332 58 346 600
1 5 720 597 349 598 600 346 108 347
1 5 599 720 598 350 348 600 347 66
1 5 310 62 335 589 581 330 601 721
1 5 589 335 105 336 721 601 353 602
1 5 174 589 336 125 597 721 602 349
1 5 331 581 721 597 58 328 603 346
1 5 581 330 601 721 328 23 351 603
1 5 721 601 353 602 603 351 64 352
1 5 597 721 602 349 346 603 352 108
1 5 336 105 338 593 602 353 604 722
1 5 593 338 67 339 722 604 357 605
1 5 340 593 339 106 606 722 605 358
1 5 349 602 722 606 108 352 607 356
1 5 602 353 604 722 352 64 354 607
1 5 722 604 357 605 607 354 24 355
1 5 606 722 605 358 356 607 355 65
1 5 175 125 340 596 598 349 606 723
1 5 596 340 106 343 723 606 358 608
1 5 344 596 343 68 609 723 608 361
1 5 350 598 723 609 66 347 610 360
1 5 598 349 606 723 347 108 356 610
1 5 723 606 358 608 610 356 65 359
1 5 609 723 608 361 360 610 359 15
1 5 220 2 189 611 491 194 473 724
1 5 611 189 69 362 724 473 197 612
1 5 181 611 362 109 466 724 612 185
1 5 140 491 724 466 88 222 613 183
1 5 491 194 473 724 222 39 193 613
1 5 724 473 197 612 613 193 110 363
1 5 466 724 612 185 183 613 363 126
1 5 362 69 364 614 612 197 615 725
1 5 614 364 17 365 725 615 370 616
1 5 366 614 365 70 617 725 616 371
1 5 185 612 725 617 126 363 618 369
1 5 612 197 615 725 363 110 367 618
1 5 725 615 370 616 618 367 73 368
1 5 617 725 616 371 369 618 368 111
1 5 182 109 366 619 467 185 617 726
1 5 619 366 70 372 726 617 371 620
1 5 318 619 372 4 574 726 620 317
1 5 168 467 726 574 103 184 621 321
1 5 467 185 617 726 184 126 369 621
1 5 726 617 371 620 621 369 111 373
1 5 574 726 620 317 321 621 373 59
1 5 136 88 183 468 496 226 622 727
1 5 468 183 126 184 727 622 374 623
1 5 172 468 184 103 569 727 623 313
1 5 223 496 727 569 5 144 475 177
1 5 496 226 622 727 144 35 198 475
1 5 727 622 374 623 475 198 112 199
1 5 569 727 623 313 177 475 199 63
1 5 222 39 193 613 506 238 624 728
1 5 613 193 110 363 728 624 377 625
1 5 183 613 363 126 622 728 625 374
1 5 226 506 728 622 35 237 626 198
1 5 506 238 624 728 237 11 375 626
1 5 728 624 377 625 626 375 71 376
1 5 622 728 625 374 198 626 376 112
1 5 363 110 367 618 625 377 627 729
1 5 618 367 73 368 729 627 381 628
1 5 369 618 368 111 629 729 628 382
1 5 374 625 729 629 112 376 630 380
1 5 625 377 627 729 376 71 378 630
1 5 729 627 381 628 630 378 25 379
1 5 629 729 628 382 380 630 379 72
1 5 184 126 369 621 623 374 629 730
1 5 621 369 111 373 730 629 382 631
1 5 321 621 373 59 585 730 631 333
1 5 313 623 730 585 63 199 632 334
1 5 623 374 629 730 199 112 380 632
1 5 730 629 382 631 632 380 72 383
1 5 585 730 631 333 334 632 383 16
1 5 384 3 385 633 634 390 635 731
1 5 633 385 75 386 731 635 391 636
1 5 187 633 386 113 471 731 636 196
1 5 195 634 731 471 114 387 637 191
1 5 634 390 635 731 387 79 388 637
1 5 731 635 391 636 637 388 115 389
1 5 471 731 636 196 191 637 389 127
1 5 386 75 392 638 636 391 639 732
1 5 638 392 18 393 732 639 398 640
1 5 394 638 393 76 641 732 640 399
1 5 196 636 732 641 127 389 642 397
1 5 636 391 639 732 389 115 395 642
1 5 732 639 398 640 642 395 80 396
1 5 641 732 640 399 397 642 396 116
1 5 188 113 394 643 472 196 641 733
1 5 643 394 76 400 733 641 399 644
1 5 364 643 400 17 615 733 644 370
1 5 197 472 733 615 110 192 645 367
1 5 472 196 641 733 192 127 397 645
1 5 733 641 399 644 645 397 116 401
1 5 615 733 644 370 367 645 401 73
1 5 190 114 191 474 646 404 647 734
1 5 474 191 127 192 734 647 405 648
1 5 193 474 192 110 624 734 648 377
1 5 238 646 734 624 11 156 649 375
1 5 646 404 647 734 156 50 402 649
1 5 734 647 405 648 649 402 117 403
1 5 624 734 648 377 375 649 403 71
1 5 387 79 388 637 650 408 651 735
1 5 637 388 115 389 735 651 409 652
1 5 191 637 389 127 647 735 652 405
1 5 404 650 735 647 50 284 653 402
1 5 650 408 651 735 284 10 406 653
1 5 735 651 409 652 653 406 77 407
1 5 647 735 652 405 402 653 407 117
1 5 389 115 395 642 652 409 654 736
1 5 642 395 80 396 736 654 413 655
1 5 397 642 396 116 656 736 655 414
1 5 405 652 736 656 117 407 657 412
1 5 652 409 654 736 407 77 410 657
1 5 736 654 413 655 657 410 26 411
1 5 656 736 655 414 412 657 411 78
1 5 192 127 397 645 648 405 656 737
1 5 645 397 116 401 737 656 414 658
1 5 367 645 401 73 627 737 658 381
1 5 377 648 737 627 71 403 659 378
1 5 648 405 656 737 403 117 412 659
1 5 737 656 414 658 659 412 78 415
1 5 627 737 658 381 378 659 415 25
1 5 237 11 375 626 516 161 660 738
1 5 626 375 71 376 738 660 418 661
1 5 198 626 376 112 476 738 661 202
1 5 152 516 738 476 93 248 662 200
1 5 516 161 660 738 248 47 416 662
1 5 738 660 418 661 662 416 118 417
1 5 476 738 661 202 200 662 417 128
1 5 376 71 378 630 661 418 663 739
1 5 630 378 25 379 739 663 422 664
1 5 380 630 379 72 665 739 664 423
1 5 202 661 739 665 128 417 666 421
1 5 661 418 663 739 417 118 419 666
1 5 739 663 422 664 666 419 83 420
1 5 665 739 664 423 421 666 420 119
1 5 199 112 380 632 477 202 665 740
1 5 632 380 72 383 740 665 423 667
1 5 334 632 383 16 599 740 667 348
1 5 176 477 740 599 107 201 668 350
1 5 477 202 665 740 201 128 421 668
1 5 740 665 423 667 668 421 119 424
1 5 599 740 667 348 350 668 424 66
1 5 148 93 200 478 521 256 669 741
1 5 478 200 128 201 741 669 427 670
1 5 180 478 201 107 595 741 670 344
1 5 253 521 741 595 6 252 671 345
1 5 521 256 669 741 252 43 425 671
1 5 741 669 427 670 671 425 120 426
1 5 595 741 670 344 345 671 426 68
1 5 248 47 416 662 532 269 672 742
1 5 662 416 118 417 742 672 430 673
1 5 200 662 417 128 669 742 673 427
1 5 256 532 742 669 43 268 674 425
1 5 532 269 672 742 268 13 428 674
1 5 742 672 430 673 674 428 81 429
1 5 669 742 673 427 425 674 429 120
1 5 417 118 419 666 673 430 675 743
1 5 666 419 83 420 743 675 434 676
1 5 421 666 420 119 677 743 676 435
1 5 427 673 743 677 120 429 678 433
1 5 673 430 675 743 429 81 431 678
1 5 743 675 434 676 678 431 27 432
1 5 677 743 676 435 433 678 432 82
1 5 201 128 421 668 670 427 677 744
1 5 668 421 119 424 744 677 435 679
1 5 350 668 424 66 609 744 679 360
1 5 344 670 744 609 68 426 680 361
1 5 670 427 677 744 426 120 433 680
1 5 744 677 435 679 680 433 82 436
1 5 609 744 679 360 361 680 436 15

boundary
416
1 3 2 219 489 220
1 3 0 129 455 169
1 3 4 372 619 318
1 3 17 400 643 364
1 3 30 212 484 213
1 3 84 205 479 130
1 3 31 131 437 132
1 3 28 203 561 170
1 3 100 304 576 319
1 3 60 165 571 318
1 3 70 365 614 366
1 3 109 362 611 181
1 3 60 182 465 169
1 3 76 393 638 394
1 3 113 386 633 187
1 3 69 188 469 189
1 3 219 30 213 489
1 3 489 213 84 131
1 3 220 489 131 31
1 3 129 28 170 455
1 3 455 170 100 165
1 3 169 455 165 60
1 3 372 70 366 619
1 3 619 366 109 182
1 3 318 619 182 60
1 3 400 76 394 643
1 3 643 394 113 188
1 3 364 643 188 69
1 3 212 7 211 484
1 3 484 211 29 205
1 3 213 484 205 84
1 3 205 29 204 479
1 3 479 204 1 203
1 3 130 479 203 28
1 3 131 84 130 437
1 3 437 130 28 129
1 3 132 437 129 0
1 3 203 1 307 561
1 3 561 307 61 304
1 3 170 561 304 100
1 3 304 61 325 576
1 3 576 325 14 322
1 3 319 576 322 56
1 3 165 100 319 571
1 3 571 319 56 314
1 3 318 571 314 4
1 3 365 17 364 614
1 3 614 364 69 362
1 3 366 614 362 109
1 3 362 69 189 611
1 3 611 189 2 220
1 3 181 611 220 31
1 3 182 109 181 465
1 3 465 181 31 132
1 3 169 465 132 0
1 3 393 18 392 638
1 3 638 392 75 386
1 3 394 638 386 113
1 3 386 75 385 633
1 3 633 385 3 384
1 3 187 633 384 74
1 3 188 113 187 469
1 3 469 187 74 186
1 3 189 469 186 2
7 3 1 204 481 209
7 3 7 212 486 217
7 3 384 3 390 634
7 3 156 449 153 11
7 3 8 228 509 242
7 3 6 249 522 252
7 3 19 270 535 247
7 3 20 276 540 281
7 3 10 284 545 287
7 3 13 267 550 290
7 3 1 209 562 307
7 3 4 314 575 317
7 3 8 242 587 312
7 3 9 257 591 341
7 3 16 332 600 348
7 3 17 365 616 370
7 3 3 385 635 390
7 3 18 393 640 398
7 3 11 156 649 375
7 3 11 375 660 161
7 3 25 379 664 422
7 3 6 252 671 345
7 3 29 211 485 210
7 3 86 214 501 231
7 3 37 207 498 230
7 3 37 230 565 308
7 3 101 309 580 326
7 3 61 305 577 325
7 3 56 322 579 315
7 3 104 324 583 329
7 3 59 316 586 333
7 3 58 328 603 346
7 3 108 352 607 356
7 3 66 347 610 360
7 3 30 219 490 218
7 3 87 221 505 236
7 3 38 215 502 235
7 3 186 74 195 470
7 3 190 114 404 646
7 3 387 79 408 650
7 3 154 534 233 34
7 3 277 538 271 95
7 3 284 543 155 50
7 3 49 283 544 282
7 3 97 285 558 300
7 3 54 279 555 299
7 3 33 232 512 243
7 3 91 244 527 261
7 3 45 240 524 260
7 3 48 275 539 274
7 3 96 278 554 295
7 3 46 272 551 265
7 3 45 260 590 337
7 3 105 338 604 353
7 3 62 335 601 330
7 3 40 257 526 250
7 3 94 259 530 264
7 3 43 251 533 268
7 3 76 400 644 399
7 3 116 401 658 414
7 3 80 396 655 413
7 3 72 383 667 423
7 3 119 424 679 435
7 3 83 420 676 434
7 3 50 156 453 164
7 3 98 160 549 292
7 3 55 286 559 303
7 3 75 392 639 391
7 3 115 395 654 409
7 3 79 388 651 408
7 3 50 284 653 402
7 3 117 407 657 412
7 3 71 403 659 378
7 3 71 378 663 418
7 3 118 419 675 430
7 3 47 416 672 269
7 3 42 263 553 288
7 3 99 294 557 298
7 3 53 289 560 302
7 3 40 249 594 342
7 3 106 343 608 358
7 3 67 339 605 357
7 3 70 372 620 371
7 3 111 373 631 382
7 3 73 368 628 381
7 3 43 268 674 425
7 3 120 429 678 433
7 3 68 426 680 361
7 3 204 29 210 481
7 3 481 210 86 207
7 3 209 481 207 37
7 3 209 37 308 562
7 3 562 308 101 305
7 3 307 562 305 61
7 3 314 56 315 575
7 3 575 315 104 316
7 3 317 575 316 59
7 3 332 58 346 600
7 3 600 346 108 347
7 3 348 600 347 66
7 3 211 7 217 485
7 3 485 217 38 214
7 3 210 485 214 86
7 3 214 38 235 501
7 3 501 235 19 232
7 3 231 501 232 33
7 3 207 86 231 498
7 3 498 231 33 228
7 3 230 498 228 8
7 3 230 8 312 565
7 3 565 312 62 309
7 3 308 565 309 101
7 3 309 62 330 580
7 3 580 330 23 327
7 3 326 580 327 57
7 3 305 101 326 577
7 3 577 326 57 323
7 3 325 577 323 14
7 3 322 14 323 579
7 3 579 323 57 324
7 3 315 579 324 104
7 3 324 57 327 583
7 3 583 327 23 328
7 3 329 583 328 58
7 3 316 104 329 586
7 3 586 329 58 332
7 3 333 586 332 16
7 3 328 23 351 603
7 3 603 351 64 352
7 3 346 603 352 108
7 3 352 64 354 607
7 3 607 354 24 355
7 3 356 607 355 65
7 3 347 108 356 610
7 3 610 356 65 359
7 3 360 610 359 15
7 3 212 30 218 486
7 3 486 218 87 215
7 3 217 486 215 38
7 3 74 384 634 195
7 3 195 634 387 114
7 3 634 390 79 387
7 3 449 154 34 153
7 3 155 95 154 449
7 3 50 155 449 156
7 3 276 49 282 540
7 3 540 282 97 279
7 3 281 540 279 54
7 3 219 2 194 490
7 3 490 194 39 221
7 3 218 490 221 87
7 3 221 39 238 505
7 3 505 238 11 153
7 3 236 505 153 34
7 3 215 87 236 502
7 3 502 236 34 233
7 3 235 502 233 19
7 3 2 186 470 194
7 3 194 470 190 39
7 3 470 195 114 190
7 3 39 190 646 238
7 3 238 646 156 11
7 3 646 404 50 156
7 3 114 387 650 404
7 3 404 650 284 50
7 3 650 408 10 284
7 3 534 270 19 233
7 3 271 48 270 534
7 3 95 271 534 154
7 3 538 275 48 271
7 3 276 20 275 538
7 3 49 276 538 277
7 3 543 277 95 155
7 3 283 49 277 543
7 3 10 283 543 284
7 3 283 10 287 544
7 3 544 287 55 285
7 3 282 544 285 97
7 3 285 55 303 558
7 3 558 303 12 301
7 3 300 558 301 52
7 3 279 97 300 555
7 3 555 300 52 297
7 3 299 555 297 22
7 3 228 33 243 509
7 3 509 243 91 240
7 3 242 509 240 45
7 3 270 48 274 535
7 3 535 274 96 272
7 3 247 535 272 46
7 3 242 45 337 587
7 3 587 337 105 335
7 3 312 587 335 62
7 3 232 19 247 512
7 3 512 247 46 244
7 3 243 512 244 91
7 3 244 46 265 527
7 3 527 265 21 262
7 3 261 527 262 41
7 3 240 91 261 524
7 3 524 261 41 258
7 3 260 524 258 9
7 3 275 20 281 539
7 3 539 281 54 278
7 3 274 539 278 96
7 3 278 54 299 554
7 3 554 299 22 296
7 3 295 554 296 51
7 3 272 96 295 551
7 3 551 295 51 293
7 3 265 551 293 21
7 3 260 9 341 590
7 3 590 341 67 338
7 3 337 590 338 105
7 3 338 67 357 604
7 3 604 357 24 354
7 3 353 604 354 64
7 3 335 105 353 601
7 3 601 353 64 351
7 3 330 601 351 23
7 3 249 40 250 522
7 3 522 250 94 251
7 3 252 522 251 43
7 3 393 76 399 640
7 3 640 399 116 396
7 3 398 640 396 80
7 3 379 72 423 664
7 3 664 423 119 420
7 3 422 664 420 83
7 3 257 9 258 526
7 3 526 258 41 259
7 3 250 526 259 94
7 3 259 41 262 530
7 3 530 262 21 263
7 3 264 530 263 42
7 3 251 94 264 533
7 3 533 264 42 267
7 3 268 533 267 13
7 3 400 17 370 644
7 3 644 370 73 401
7 3 399 644 401 116
7 3 401 73 381 658
7 3 658 381 25 415
7 3 414 658 415 78
7 3 396 116 414 655
7 3 655 414 78 411
7 3 413 655 411 26
7 3 383 16 348 667
7 3 667 348 66 424
7 3 423 667 424 119
7 3 424 66 360 679
7 3 679 360 15 436
7 3 435 679 436 82
7 3 420 119 435 676
7 3 676 435 82 432
7 3 434 676 432 27
7 3 284 50 164 545
7 3 545 164 98 286
7 3 287 545 286 55
7 3 385 75 391 635
7 3 635 391 115 388
7 3 390 635 388 79
7 3 156 50 402 649
7 3 649 402 117 403
7 3 375 649 403 71
7 3 375 71 418 660
7 3 660 418 118 416
7 3 161 660 416 47
7 3 156 11 161 453
7 3 453 161 47 160
7 3 164 453 160 98
7 3 160 47 269 549
7 3 549 269 13 290
7 3 292 549 290 53
7 3 286 98 292 559
7 3 559 292 53 302
7 3 303 559 302 12
7 3 392 18 398 639
7 3 639 398 80 395
7 3 391 639 395 115
7 3 395 80 413 654
7 3 654 413 26 410
7 3 409 654 410 77
7 3 388 115 409 651
7 3 651 409 77 406
7 3 408 651 406 10
7 3 284 10 406 653
7 3 653 406 77 407
7 3 402 653 407 117
7 3 407 77 410 657
7 3 657 410 26 411
7 3 412 657 411 78
7 3 403 117 412 659
7 3 659 412 78 415
7 3 378 659 415 25
7 3 378 25 422 663
7 3 663 422 83 419
7 3 418 663 419 118
7 3 419 83 434 675
7 3 675 434 27 431
7 3 430 675 431 81
7 3 416 118 430 672
7 3 672 430 81 428
7 3 269 672 428 13
7 3 267 42 288 550
7 3 550 288 99 289
7 3 290 550 289 53
7 3 257 40 342 591
7 3 591 342 106 339
7 3 341 591 339 67
7 3 263 21 293 553
7 3 553 293 51 294
7 3 288 553 294 99
7 3 294 51 296 557
7 3 557 296 22 297
7 3 298 557 297 52
7 3 289 99 298 560
7 3 560 298 52 301
7 3 302 560 301 12
7 3 249 6 345 594
7 3 594 345 68 343
7 3 342 594 343 106
7 3 343 68 361 608
7 3 608 361 15 359
7 3 358 608 359 65
7 3 339 106 358 605
7 3 605 358 65 355
7 3 357 605 355 24
7 3 365 70 371 616
7 3 616 371 111 368
7 3 370 616 368 73
7 3 372 4 317 620
7 3 620 317 59 373
7 3 371 620 373 111
7 3 373 59 333 631
7 3 631 333 16 383
7 3 382 631 383 72
7 3 368 111 382 628
7 3 628 382 72 379
7 3 381 628 379 25
7 3 252 43 425 671
7 3 671 425 120 426
7 3 345 671 426 68
7 3 268 13 428 674
7 3 674 428 81 429
7 3 425 674 429 120
7 3 429 81 431 678
7 3 678 431 27 432
7 3 433 678 432 82
7 3 426 120 433 680
7 3 680 433 82 436
7 3 361 680 436 15

vertices
745

nodes
FiniteElementSpace
FiniteElementCollection: H1_3D_P2
VDim: 3
Ordering: 0

-0.57735027
-0.31000795
-0.67227043
-0.70710678
-0.67227043
-0.50518149
-0.4330127
-0.37298049
-0.26592163
-0.22368927
-0.59335069
-0.57019239
-0.48603889
-0.47240707
-0.37298049
-0.47240707
-0.57019239
-0.84957113
-0.91774188
-0.30722904
-0.3224644
-0.24775119
-0.25629728
-0.30722904
-0.24775119
-0.68827279
-0.73185567
-0.54236453
-0.44367911
-0.34149422
-0.52262546
-0.62481035
-0.38555156
-0.28657533
-0.43871072
-0.53768694
-0.54126588
-0.28796479
-0.34010476
-0.62123141
-0.32835099
-0.23572023
-0.36007913
-0.45270988
-0.46909709
-0.24480545
-0.27749011
-0.52129973
-0.31484672
-0.45790755
-0.58177154
-0.25202424
-0.37116809
-0.47922298
-0.28938084
-0.53969479
-0.52262546
-0.34010476
-0.43871072
-0.62123141
-0.62481035
-0.34149422
-0.28657533
-0.53768694
-0.27749011
-0.36007913
-0.52129973
-0.23572023
-0.45270988
-0.76092078
-0.76092078
-0.62923259
-0.62923259
-0.76892196
-0.68968861
-0.81242433
-0.88365651
-0.66260318
-0.71006423
-0.65022874
-0.82479877
-0.5073858
-0.5073858
-0.61531866
-0.48315229
-0.41461533
-0.31403478
-0.48066809
-0.58124864
-0.41213114
-0.35695127
-0.26114778
-0.39939492
-0.49519841
-0.34421506
-0.44830913
-0.28343548
-0.41453782
-0.53049726
-0.36562361
-0.48315229
-0.31403478
-0.41213114
-0.58124864
-0.48066809
-0.26114778
-0.34421506
-0.49519841
-0.39939492
-0.69286557
-0.69507669
-0.69507669
-0.58345977
-0.78667256
-0.63573008
-0.73751376
-0.79686037
-0.64591789
-0.5683092
-0.5683092
-0.48004784
-0.44764171
-0.3781731
-0.40696637
-0.44764171
-0.3781731
-0.63816267
-0.71629522
-0.5317538
-0.51051469
-0.4634157
-0.55398132
-0.60108031
-0.47794061
-0.43112852
-0.51444518
-0.56125726
-0.55930807
-0.42914722
-0.465397
-0.6030295
-0.44536652
-0.39884135
-0.47490904
-0.52143421
-0.41302418
-0.36756218
-0.43668575
-0.48214775
-0.48713929
-0.37125141
-0.39515212
-0.51644268
-0.50445155
-0.44350992
-0.51504034
-0.57598197
-0.46034733
-0.40318065
-0.46873181
-0.52589849
-0.54574606
-0.41905282
-0.42763775
-0.5561344
-0.55398132
-0.465397
-0.51444518
-0.6030295
-0.60108031
-0.4634157
-0.43112852
-0.56125726
-0.47490904
-0.39515212
-0.43668575
-0.51644268
-0.52143421
-0.39884135
-0.36756218
-0.48214775
-0.65883796
-0.65883796
-0.60970566
-0.60970566
-0.66551412
-0.68097952
-0.73818058
-0.77379667
-0.71659561
-0.62848074
-0.67601265
-0.70568596
-0.65815405
-0.64675092
-0.66270934
-0.75148389
-0.72799874
-0.56057335
-0.56057335
-0.51347611
-0.51347611
-0.55760679
-0.37684353
-0.32575109
-0.41232325
-0.35129006
-0.30099978
-0.38083824
-0.29898637
-0.3277645
-0.35723735
-0.44780297
-0.50288887
-0.32706977
-0.41038643
-0.4641549
-0.35654263
-0.50164677
-0.59744795
-0.64854039
-0.55094975
-0.60124003
-0.52322368
-0.40008344
-0.42988642
-0.55946779
-0.32573659
-0.27624848
-0.34935323
-0.27694321
-0.30030505
-0.29690219
-0.37296988
-0.42542093
-0.3236669
-0.4596894
-0.55393967
-0.5957119
-0.30087836
-0.25297661
-0.31966044
-0.25536354
-0.27386156
-0.26931895
-0.33844252
-0.38878401
-0.29235958
-0.50824907
-0.38068184
-0.33628302
-0.39846247
-0.44286129
-0.4510549
-0.34265113
-0.36119408
-0.47395415
-0.27602013
-0.22970475
-0.28996764
-0.23424736
-0.248434
-0.24173571
-0.30391516
-0.35214709
-0.26262065
-0.37973702
-0.4162431
-0.46255848
-0.4968534
-0.31103788
-0.38157793
-0.2804628
-0.34520092
-0.2991411
-0.31865556
-0.39018598
-0.45310834
-0.28640816
-0.35195933
-0.41075209
-0.30592262
-0.43622268
-0.52562912
-0.58756112
-0.4771163
-0.53509603
-0.56652274
-0.36285137
-0.42242329
-0.47581502
-0.38629499
-0.50486012
-0.24988771
-0.30882392
-0.26772986
-0.25416076
-0.31373269
-0.36839585
-0.27283906
-0.39285295
-0.42860349
-0.48263093
-0.51286684
-0.41232325
-0.3277645
-0.38083824
-0.32575109
-0.30099978
-0.30030505
-0.34935323
-0.42988642
-0.27624848
-0.55946779
-0.59744795
-0.50164677
-0.55094975
-0.64675092
-0.64854039
-0.50288887
-0.4641549
-0.60124003
-0.44780297
-0.35654263
-0.41038643
-0.35723735
-0.32706977
-0.3236669
-0.37296988
-0.4596894
-0.29690219
-0.42542093
-0.50445155
-0.5957119
-0.55393967
-0.27386156
-0.31966044
-0.25297661
-0.248434
-0.28996764
-0.36119408
-0.22970475
-0.33628302
-0.39846247
-0.47395415
-0.44286129
-0.41905282
-0.46034733
-0.54574606
-0.38878401
-0.50824907
-0.29235958
-0.33844252
-0.26931895
-0.26262065
-0.30391516
-0.37973702
-0.24173571
-0.35214709
-0.4162431
-0.4968534
-0.46255848
-0.72689318
-0.66661968
-0.80524596
-0.80524596
-0.72689318
-0.73199933
-0.73199933
-0.66661968
-0.80924655
-0.72799874
-0.71659561
-0.65815405
-0.61081122
-0.59971249
-0.60634618
-0.66215464
-0.65875269
-0.65875269
-0.60634618
-0.72859738
-0.66215464
-0.59971249
-0.69839769
-0.75976556
-0.79954844
-0.64297941
-0.69387125
-0.72690449
-0.67866776
-0.77496904
-0.8650831
-0.90069919
-0.83516453
-0.78115627
-0.81082957
-0.7565778
-0.87127033
-0.84025844
-0.86661382
-0.78289117
-0.61384472
-0.63757524
-0.60875081
-0.68110655
-0.62797694
-0.65426054
-0.62178972
-0.70005847
-0.69722943
-0.72095995
-0.67799106
-0.77832722
-0.7534623
-0.69916851
-0.54480446
-0.5500315
-0.59877089
-0.59181393
-0.59181393
-0.5500315
-0.65179573
-0.59877089
-0.54480446
-0.46637886
-0.46637886
-0.50590082
-0.48989643
-0.49371682
-0.5378475
-0.52487517
-0.52487517
-0.49371682
-0.5788416
-0.5378475
-0.48989643
-0.532248
-0.49422765
-0.44727211
-0.53421325
-0.58116879
-0.49619289
-0.46013778
-0.42919535
-0.38320176
-0.4557974
-0.50179098
-0.42485497
-0.50974595
-0.48239944
-0.42334528
-0.49188608
-0.55094023
-0.46453957
-0.532248
-0.44727211
-0.49619289
-0.58116879
-0.53421325
-0.46013778
-0.38320176
-0.42485497
-0.50179098
-0.4557974
-0.62995913
-0.63427181
-0.63427181
-0.58548146
-0.72738809
-0.65473013
-0.70709662
-0.73974131
-0.68737483
-0.66708335
-0.54100378
-0.53702473
-0.53702473
-0.49781193
-0.39458339
-0.3640668
-0.31337544
-0.39658075
-0.36606415
-0.43006311
-0.34215356
-0.4290947
-0.48352189
-0.39561233
-0.57571463
-0.57419885
-0.62489021
-0.53269746
-0.46165356
-0.41498493
-0.49467711
-0.54134574
-0.33851333
-0.28862413
-0.36509574
-0.33754491
-0.31198598
-0.39167815
-0.44478791
-0.36116156
-0.52770065
-0.57758985
-0.4896803
-0.31330748
-0.26461255
-0.33450684
-0.3102694
-0.28311057
-0.3557062
-0.40710247
-0.32905148
-0.53109437
-0.44851654
-0.39685301
-0.3519226
-0.41757411
-0.46250452
-0.38957216
-0.28844924
-0.24134068
-0.30481404
-0.28299389
-0.25552733
-0.32117884
-0.37046555
-0.2969414
-0.43829521
-0.48540377
-0.40735278
-0.3772739
-0.29575034
-0.36338943
-0.34182172
-0.38588195
-0.30253186
-0.37107265
-0.43193022
-0.34858013
-0.52033473
-0.50137271
-0.56132857
-0.47292406
-0.38301601
-0.44557755
-0.50085676
-0.41933319
-0.26517525
-0.32701242
-0.30636954
-0.27028446
-0.33284601
-0.38957397
-0.3112783
-0.4528599
-0.50886348
-0.42551339
-0.39458339
-0.31337544
-0.36606415
-0.39658075
-0.28862413
-0.33754491
-0.41498493
-0.36509574
-0.54134574
-0.49467711
-0.57571463
-0.48352189
-0.53269746
-0.62489021
-0.57419885
-0.43006311
-0.34215356
-0.39561233
-0.4290947
-0.31198598
-0.36116156
-0.44478791
-0.39167815
-0.4896803
-0.57758985
-0.52770065
-0.26461255
-0.3102694
-0.33450684
-0.24134068
-0.28299389
-0.3519226
-0.30481404
-0.38957216
-0.46250452
-0.41757411
-0.40710247
-0.44851654
-0.53109437
-0.48239944
-0.28311057
-0.32905148
-0.3557062
-0.25552733
-0.2969414
-0.37046555
-0.32117884
-0.40735278
-0.48540377
-0.43829521
-0.68771678
-0.69675643
-0.63392985
-0.76606957
-0.76862264
-0.76862264
-0.69675643
-0.6993095
-0.68771678
-0.68737483
-0.63392985
-0.5851395
-0.5851395
-0.62893327
-0.63648293
-0.58014292
-0.69537601
-0.69537601
-0.63648293
-0.63254944
-0.62893327
-0.58014292
-0.74897307
-0.67068855
-0.7268184
-0.76322647
-0.68494195
-0.85012382
-0.82311968
-0.85576438
-0.79587116
-0.76886703
-0.82020525
-0.82475249
-0.74428856
-0.60223136
-0.64492868
-0.6716306
-0.6067786
-0.61527026
-0.66092409
-0.69058251
-0.62091083
-0.73919285
-0.76589476
-0.71728443
-0.68761024
-0.74102984
-0.66837188
-0.57225848
-0.57818884
-0.52914029
-0.62528331
-0.62528331
-0.57818884
-0.57092272
-0.57225848
-0.52914029
-0.48992749
-0.48992749
-0.45462008
-0.51735045
-0.52187416
-0.47813765
-0.55834455
-0.55834455
-0.52187416
-0.50929599
-0.51735045
-0.47813765
-0.51422045
-0.44249637
-0.48714276
-0.51422045
-0.44249637
-0.6077203
-0.69723572
-0.51940786
-0.38032377
-0.41283772
-0.55420605
-0.47816534
-0.35180453
-0.37838695
-0.51118888
-0.32390716
-0.34510652
-0.46909842
-0.40721356
-0.29663164
-0.31299644
-0.42793466
-0.35954781
-0.36723104
-0.49662939
-0.44193638
-0.32409563
-0.32992922
-0.44921872
-0.38032377
-0.35180453
-0.47816534
-0.55420605
-0.41283772
-0.37838695
-0.51118888
-0.32390716
-0.29663164
-0.40721356
-0.46909842
-0.34510652
-0.31299644
-0.42793466
-0.66082332
-0.73268953
-0.66082332
-0.56324262
-0.60703639
-0.66592947
-0.60703639
-0.71695751
-0.80949542
-0.7822469
-0.63693098
-0.65292639
-0.72823864
-0.70633022
-0.5546416
-0.60173608
-0.5546416
-0.476216
-0.50363897
-0.54010936
-0.50363897
-0.54393248
-0.52138135
-0.56666416
-0.58921529
-0.52676786
-0.50422405
-0.54769462
-0.57023843
-0.56832917
-0.50237117
-0.52323423
-0.59112455
-0.475274
-0.45275215
-0.490786
-0.51330785
-0.45816732
-0.43584586
-0.47214368
-0.49446514
-0.49616039
-0.43728094
-0.45131708
-0.5116126
-0.53732197
-0.50709875
-0.54286396
-0.57308718
-0.51407275
-0.4847711
-0.51904149
-0.54834315
-0.55796923
-0.4934255
-0.49844435
-0.5634611
-0.56666416
-0.52323423
-0.54769462
-0.59112455
-0.58921529
-0.52138135
-0.50422405
-0.57023843
-0.490786
-0.45131708
-0.47214368
-0.5116126
-0.51330785
-0.45275215
-0.43584586
-0.49446514
-0.61551972
-0.61551972
-0.59444454
-0.59444454
-0.61883972
-0.67662498
-0.70418381
-0.72199185
-0.69443302
-0.65074053
-0.67598293
-0.69230528
-0.66706288
-0.65951068
-0.66785483
-0.71231191
-0.70198522
-0.531219
-0.531219
-0.51059942
-0.51059942
-0.53020582
-0.41026132
-0.38571346
-0.42899955
-0.45354741
-0.39660701
-0.37219529
-0.41379794
-0.43820967
-0.43641317
-0.37045517
-0.38745358
-0.4553439
-0.44773777
-0.42119318
-0.46647599
-0.49302058
-0.43098887
-0.40470924
-0.4481798
-0.47445944
-0.47427464
-0.404452
-0.42145042
-0.49320538
-0.58939583
-0.56484798
-0.61212751
-0.63667537
-0.56862137
-0.54420965
-0.58954813
-0.61395985
-0.61391992
-0.54409728
-0.56496034
-0.6367153
-0.50960324
-0.48706675
-0.52872508
-0.55126157
-0.49243862
-0.46990945
-0.50975554
-0.53228471
-0.53224478
-0.46979708
-0.48717911
-0.5513015
-0.3829527
-0.35867711
-0.39859634
-0.42287193
-0.36929839
-0.34515893
-0.38339473
-0.40753419
-0.40734939
-0.34490169
-0.35893434
-0.42305673
-0.41423998
-0.38822529
-0.42988362
-0.45589831
-0.39749108
-0.37174134
-0.41158743
-0.43733717
-0.43876407
-0.37296699
-0.38699964
-0.45447141
-0.54784691
-0.52357132
-0.56696875
-0.59124434
-0.52707245
-0.50293299
-0.54438936
-0.56852882
-0.57035822
-0.50456114
-0.52194317
-0.58941494
-0.35564407
-0.33164075
-0.36819313
-0.39219645
-0.34227944
-0.31860732
-0.35355446
-0.37722659
-0.37840148
-0.31952203
-0.33072603
-0.39102156
-0.38074219
-0.3552574
-0.39329124
-0.41877603
-0.36482948
-0.33980668
-0.37610449
-0.40112729
-0.40364163
-0.34193004
-0.35313404
-0.4162617
-0.50629799
-0.48229467
-0.52180998
-0.5458133
-0.48612004
-0.46244791
-0.50009639
-0.52376852
-0.52706481
-0.46535322
-0.47938936
-0.54251702
-0.44106064
-0.41893958
-0.45350136
-0.47562242
-0.42395396
-0.40203329
-0.43485904
-0.45677971
-0.460076
-0.4049386
-0.41603427
-0.47232614
-0.32891482
-0.30557388
-0.33891579
-0.36225673
-0.31555019
-0.29254044
-0.32427712
-0.34728687
-0.3498012
-0.2946638
-0.30345052
-0.35974239
-0.34891677
-0.32435596
-0.35891774
-0.38347855
-0.33300406
-0.30890524
-0.34173099
-0.36582981
-0.36968359
-0.31223724
-0.32102396
-0.37962478
-0.46594208
-0.44260115
-0.47838281
-0.50172374
-0.44576413
-0.42275439
-0.45666922
-0.47967896
-0.48457628
-0.42712993
-0.4382256
-0.49682642
-0.4058403
-0.37512189
-0.41039191
-0.44111032
-0.38737951
-0.357627
-0.39144655
-0.42119905
-0.42888177
-0.36433804
-0.36841086
-0.4334276
-0.41494353
-0.38372994
-0.41949515
-0.45070874
-0.39551359
-0.36531023
-0.39958063
-0.42978398
-0.43797344
-0.37248368
-0.3765565
-0.44251928
-0.54840594
-0.51768753
-0.55394792
-0.58466633
-0.52401024
-0.49425774
-0.52897898
-0.55873149
-0.56895297
-0.50346321
-0.50848206
-0.57444485
-0.49082353
-0.46244345
-0.49521903
-0.52359911
-0.4675743
-0.4401158
-0.47139657
-0.49885508
-0.50907656
-0.44932127
-0.45323798
-0.51337763
-0.36891872
-0.34013212
-0.37250118
-0.40128778
-0.35045793
-0.32263723
-0.35355582
-0.38137651
-0.38956597
-0.32981068
-0.33295868
-0.39309833
-0.37608365
-0.34689053
-0.37966611
-0.40885923
-0.35665371
-0.32847082
-0.35975159
-0.38793448
-0.39663068
-0.33610667
-0.33925467
-0.40016303
-0.49961454
-0.47082794
-0.50401004
-0.53279664
-0.47521884
-0.44739814
-0.4790411
-0.5068618
-0.51767869
-0.45715468
-0.46107139
-0.52197975
-0.42899955
-0.38745358
-0.41379794
-0.4553439
-0.45354741
-0.38571346
-0.37219529
-0.43820967
-0.39859634
-0.35893434
-0.38339473
-0.42305673
-0.42287193
-0.35867711
-0.34515893
-0.40753419
-0.52872508
-0.48717911
-0.50975554
-0.5513015
-0.55126157
-0.48706675
-0.46990945
-0.53228471
-0.58939583
-0.54409728
-0.56862137
-0.61391992
-0.61212751
-0.56496034
-0.58954813
-0.6367153
-0.63667537
-0.56484798
-0.54420965
-0.61395985
-0.44773777
-0.404452
-0.43098887
-0.47427464
-0.46647599
-0.42145042
-0.4481798
-0.49320538
-0.49302058
-0.42119318
-0.40470924
-0.47445944
-0.41423998
-0.37296699
-0.39749108
-0.43876407
-0.42988362
-0.38699964
-0.41158743
-0.45447141
-0.45589831
-0.38822529
-0.37174134
-0.43733717
-0.54784691
-0.50456114
-0.52707245
-0.57035822
-0.56696875
-0.52194317
-0.54438936
-0.58941494
-0.59124434
-0.52357132
-0.50293299
-0.56852882
-0.36819313
-0.33072603
-0.35355446
-0.39102156
-0.39219645
-0.33164075
-0.31860732
-0.37722659
