MFEM mesh v1.0

#
# MFEM Geometry Types (see mesh/geom.hpp):
#
# POINT       = 0
# SEGMENT     = 1
# TRIANGLE    = 2
# SQUARE      = 3
# TETRAHEDRON = 4
# CUBE        = 5
#

dimension
3

elements
448
1 5 8 129 425 132 137 426 649 429
1 5 9 141 431 144 149 432 650 435
1 5 22 153 437 156 161 438 651 441
1 5 24 165 443 168 173 444 652 447
1 5 2 177 449 180 185 450 653 453
1 5 1 189 455 192 197 456 654 459
1 5 21 201 461 204 209 462 655 465
1 5 30 213 467 130 138 468 656 427
1 5 87 214 471 219 139 469 657 474
1 5 33 131 476 223 140 428 658 477
1 5 38 133 430 136 229 479 659 482
1 5 88 215 470 134 230 484 660 480
1 5 122 216 475 222 231 486 661 490
1 5 91 135 478 224 232 481 662 493
1 5 42 245 495 142 150 496 663 433
1 5 93 247 500 255 151 498 664 503
1 5 31 143 505 217 152 434 665 472
1 5 39 145 436 148 235 507 666 485
1 5 94 248 499 146 260 510 667 508
1 5 123 250 504 258 261 512 668 516
1 5 89 147 506 220 236 509 669 488
1 5 50 273 520 154 162 521 670 439
1 5 98 275 525 282 163 523 671 528
1 5 52 155 530 287 164 440 672 531
1 5 57 157 442 160 293 533 673 536
1 5 99 276 524 158 294 538 674 534
1 5 124 278 529 285 295 540 675 544
1 5 102 159 532 288 296 535 676 547
1 5 45 262 513 166 174 527 677 445
1 5 97 264 517 269 175 550 678 554
1 5 35 167 519 237 176 446 679 557
1 5 60 169 448 172 309 546 680 561
1 5 101 284 551 170 306 543 681 559
1 5 125 311 555 315 324 564 682 568
1 5 106 171 558 319 325 560 683 571
1 5 32 218 573 178 186 473 684 451
1 5 108 337 576 341 187 574 685 579
1 5 68 179 581 347 188 452 686 583
1 5 41 181 454 184 244 492 687 587
1 5 90 221 575 182 241 489 688 585
1 5 126 338 580 344 354 590 689 594
1 5 111 183 584 349 355 586 690 597
1 5 44 254 599 190 198 502 691 457
1 5 113 368 603 374 199 601 692 606
1 5 66 191 608 339 200 458 693 577
1 5 40 193 460 196 240 518 694 589
1 5 96 257 602 194 271 515 695 610
1 5 127 370 607 377 381 614 696 618
1 5 109 195 609 342 358 611 697 592
1 5 75 373 622 202 210 605 698 463
1 5 117 392 626 398 211 624 699 629
1 5 81 203 631 405 212 464 700 633
1 5 72 205 466 208 362 620 701 637
1 5 115 376 625 206 389 617 702 635
1 5 128 394 630 401 412 640 703 644
1 5 120 207 634 407 413 636 704 647
1 5 129 30 130 425 426 138 427 649
1 5 425 130 87 131 649 427 139 428
1 5 132 425 131 33 429 649 428 140
1 5 137 426 649 429 38 133 430 136
1 5 426 138 427 649 133 88 134 430
1 5 649 427 139 428 430 134 122 135
1 5 429 649 428 140 136 430 135 91
1 5 141 42 142 431 432 150 433 650
1 5 431 142 93 143 650 433 151 434
1 5 144 431 143 31 435 650 434 152
1 5 149 432 650 435 39 145 436 148
1 5 432 150 433 650 145 94 146 436
1 5 650 433 151 434 436 146 123 147
1 5 435 650 434 152 148 436 147 89
1 5 153 50 154 437 438 162 439 651
1 5 437 154 98 155 651 439 163 440
1 5 156 437 155 52 441 651 440 164
1 5 161 438 651 441 57 157 442 160
1 5 438 162 439 651 157 99 158 442
1 5 651 439 163 440 442 158 124 159
1 5 441 651 440 164 160 442 159 102
1 5 165 45 166 443 444 174 445 652
1 5 443 166 97 167 652 445 175 446
1 5 168 443 167 35 447 652 446 176
1 5 173 444 652 447 60 169 448 172
1 5 444 174 445 652 169 101 170 448
1 5 652 445 175 446 448 170 125 171
1 5 447 652 446 176 172 448 171 106
1 5 177 32 178 449 450 186 451 653
1 5 449 178 108 179 653 451 187 452
1 5 180 449 179 68 453 653 452 188
1 5 185 450 653 453 41 181 454 184
1 5 450 186 451 653 181 90 182 454
1 5 653 451 187 452 454 182 126 183
1 5 453 653 452 188 184 454 183 111
1 5 189 44 190 455 456 198 457 654
1 5 455 190 113 191 654 457 199 458
1 5 192 455 191 66 459 654 458 200
1 5 197 456 654 459 40 193 460 196
1 5 456 198 457 654 193 96 194 460
1 5 654 457 199 458 460 194 127 195
1 5 459 654 458 200 196 460 195 109
1 5 201 75 202 461 462 210 463 655
1 5 461 202 117 203 655 463 211 464
1 5 204 461 203 81 465 655 464 212
1 5 209 462 655 465 72 205 466 208
1 5 462 210 463 655 205 115 206 466
1 5 655 463 211 464 466 206 128 207
1 5 465 655 464 212 208 466 207 120
1 5 213 9 144 467 468 149 435 656
1 5 467 144 31 214 656 435 152 469
1 5 130 467 214 87 427 656 469 139
1 5 138 468 656 427 88 215 470 134
1 5 468 149 435 656 215 39 148 470
1 5 656 435 152 469 470 148 89 216
1 5 427 656 469 139 134 470 216 122
1 5 214 31 217 471 469 152 472 657
1 5 471 217 1 218 657 472 197 473
1 5 219 471 218 32 474 657 473 186
1 5 139 469 657 474 122 216 475 222
1 5 469 152 472 657 216 89 220 475
1 5 657 472 197 473 475 220 40 221
1 5 474 657 473 186 222 475 221 90
1 5 131 87 219 476 428 139 474 658
1 5 476 219 32 177 658 474 186 450
1 5 223 476 177 2 477 658 450 185
1 5 140 428 658 477 91 135 478 224
1 5 428 139 474 658 135 122 222 478
1 5 658 474 186 450 478 222 90 181
1 5 477 658 450 185 224 478 181 41
1 5 133 88 134 430 479 230 480 659
1 5 430 134 122 135 659 480 231 481
1 5 136 430 135 91 482 659 481 232
1 5 229 479 659 482 23 225 483 228
1 5 479 230 480 659 225 34 226 483
1 5 659 480 231 481 483 226 92 227
1 5 482 659 481 232 228 483 227 37
1 5 215 39 148 470 484 235 485 660
1 5 470 148 89 216 660 485 236 486
1 5 134 470 216 122 480 660 486 231
1 5 230 484 660 480 34 233 487 226
1 5 484 235 485 660 233 24 168 487
1 5 660 485 236 486 487 168 35 234
1 5 480 660 486 231 226 487 234 92
1 5 216 89 220 475 486 236 488 661
1 5 475 220 40 221 661 488 240 489
1 5 222 475 221 90 490 661 489 241
1 5 231 486 661 490 92 234 491 239
1 5 486 236 488 661 234 35 237 491
1 5 661 488 240 489 491 237 14 238
1 5 490 661 489 241 239 491 238 36
1 5 135 122 222 478 481 231 490 662
1 5 478 222 90 181 662 490 241 492
1 5 224 478 181 41 493 662 492 244
1 5 232 481 662 493 37 227 494 243
1 5 481 231 490 662 227 92 239 494
1 5 662 490 241 492 494 239 36 242
1 5 493 662 492 244 243 494 242 15
1 5 245 3 246 495 496 251 497 663
1 5 495 246 43 247 663 497 252 498
1 5 142 495 247 93 433 663 498 151
1 5 150 496 663 433 94 248 499 146
1 5 496 251 497 663 248 48 249 499
1 5 663 497 252 498 499 249 95 250
1 5 433 663 498 151 146 499 250 123
1 5 247 43 253 500 498 252 501 664
1 5 500 253 0 254 664 501 259 502
1 5 255 500 254 44 503 664 502 198
1 5 151 498 664 503 123 250 504 258
1 5 498 252 501 664 250 95 256 504
1 5 664 501 259 502 504 256 49 257
1 5 503 664 502 198 258 504 257 96
1 5 143 93 255 505 434 151 503 665
1 5 505 255 44 189 665 503 198 456
1 5 217 505 189 1 472 665 456 197
1 5 152 434 665 472 89 147 506 220
1 5 434 151 503 665 147 123 258 506
1 5 665 503 198 456 506 258 96 193
1 5 472 665 456 197 220 506 193 40
1 5 145 94 146 436 507 260 508 666
1 5 436 146 123 147 666 508 261 509
1 5 148 436 147 89 485 666 509 236
1 5 235 507 666 485 24 165 443 168
1 5 507 260 508 666 165 45 166 443
1 5 666 508 261 509 443 166 97 167
1 5 485 666 509 236 168 443 167 35
1 5 248 48 249 499 510 265 511 667
1 5 499 249 95 250 667 511 266 512
1 5 146 499 250 123 508 667 512 261
1 5 260 510 667 508 45 262 513 166
1 5 510 265 511 667 262 11 263 513
1 5 667 511 266 512 513 263 46 264
1 5 508 667 512 261 166 513 264 97
1 5 250 95 256 504 512 266 514 668
1 5 504 256 49 257 668 514 270 515
1 5 258 504 257 96 516 668 515 271
1 5 261 512 668 516 97 264 517 269
1 5 512 266 514 668 264 46 267 517
1 5 668 514 270 515 517 267 6 268
1 5 516 668 515 271 269 517 268 47
1 5 147 123 258 506 509 261 516 669
1 5 506 258 96 193 669 516 271 518
1 5 220 506 193 40 488 669 518 240
1 5 236 509 669 488 35 167 519 237
1 5 509 261 516 669 167 97 269 519
1 5 669 516 271 518 519 269 47 272
1 5 488 669 518 240 237 519 272 14
1 5 273 10 274 520 521 279 522 670
1 5 520 274 51 275 670 522 280 523
1 5 154 520 275 98 439 670 523 163
1 5 162 521 670 439 99 276 524 158
1 5 521 279 522 670 276 58 277 524
1 5 670 522 280 523 524 277 100 278
1 5 439 670 523 163 158 524 278 124
1 5 275 51 281 525 523 280 526 671
1 5 525 281 11 262 671 526 286 527
1 5 282 525 262 45 528 671 527 174
1 5 163 523 671 528 124 278 529 285
1 5 523 280 526 671 278 100 283 529
1 5 671 526 286 527 529 283 59 284
1 5 528 671 527 174 285 529 284 101
1 5 155 98 282 530 440 163 528 672
1 5 530 282 45 165 672 528 174 444
1 5 287 530 165 24 531 672 444 173
1 5 164 440 672 531 102 159 532 288
1 5 440 163 528 672 159 124 285 532
1 5 672 528 174 444 532 285 101 169
1 5 531 672 444 173 288 532 169 60
1 5 157 99 158 442 533 294 534 673
1 5 442 158 124 159 673 534 295 535
1 5 160 442 159 102 536 673 535 296
1 5 293 533 673 536 25 289 537 292
1 5 533 294 534 673 289 53 290 537
1 5 673 534 295 535 537 290 103 291
1 5 536 673 535 296 292 537 291 56
1 5 276 58 277 524 538 300 539 674
1 5 524 277 100 278 674 539 301 540
1 5 158 524 278 124 534 674 540 295
1 5 294 538 674 534 53 297 541 290
1 5 538 300 539 674 297 12 298 541
1 5 674 539 301 540 541 298 54 299
1 5 534 674 540 295 290 541 299 103
1 5 278 100 283 529 540 301 542 675
1 5 529 283 59 284 675 542 305 543
1 5 285 529 284 101 544 675 543 306
1 5 295 540 675 544 103 299 545 304
1 5 540 301 542 675 299 54 302 545
1 5 675 542 305 543 545 302 13 303
1 5 544 675 543 306 304 545 303 55
1 5 159 124 285 532 535 295 544 676
1 5 532 285 101 169 676 544 306 546
1 5 288 532 169 60 547 676 546 309
1 5 296 535 676 547 56 291 548 308
1 5 535 295 544 676 291 103 304 548
1 5 676 544 306 546 548 304 55 307
1 5 547 676 546 309 308 548 307 26
1 5 262 11 263 513 527 286 549 677
1 5 513 263 46 264 677 549 312 550
1 5 166 513 264 97 445 677 550 175
1 5 174 527 677 445 101 284 551 170
1 5 527 286 549 677 284 59 310 551
1 5 677 549 312 550 551 310 104 311
1 5 445 677 550 175 170 551 311 125
1 5 264 46 267 517 550 312 552 678
1 5 517 267 6 268 678 552 316 553
1 5 269 517 268 47 554 678 553 317
1 5 175 550 678 554 125 311 555 315
1 5 550 312 552 678 311 104 313 555
1 5 678 552 316 553 555 313 64 314
1 5 554 678 553 317 315 555 314 105
1 5 167 97 269 519 446 175 554 679
1 5 519 269 47 272 679 554 317 556
1 5 237 519 272 14 557 679 556 320
1 5 176 446 679 557 106 171 558 319
1 5 446 175 554 679 171 125 315 558
1 5 679 554 317 556 558 315 105 318
1 5 557 679 556 320 319 558 318 65
1 5 169 101 170 448 546 306 559 680
1 5 448 170 125 171 680 559 324 560
1 5 172 448 171 106 561 680 560 325
1 5 309 546 680 561 26 307 562 323
1 5 546 306 559 680 307 55 321 562
1 5 680 559 324 560 562 321 107 322
1 5 561 680 560 325 323 562 322 63
1 5 284 59 310 551 543 305 563 681
1 5 551 310 104 311 681 563 328 564
1 5 170 551 311 125 559 681 564 324
1 5 306 543 681 559 55 303 565 321
1 5 543 305 563 681 303 13 326 565
1 5 681 563 328 564 565 326 61 327
1 5 559 681 564 324 321 565 327 107
1 5 311 104 313 555 564 328 566 682
1 5 555 313 64 314 682 566 332 567
1 5 315 555 314 105 568 682 567 333
1 5 324 564 682 568 107 327 569 331
1 5 564 328 566 682 327 61 329 569
1 5 682 566 332 567 569 329 7 330
1 5 568 682 567 333 331 569 330 62
1 5 171 125 315 558 560 324 568 683
1 5 558 315 105 318 683 568 333 570
1 5 319 558 318 65 571 683 570 336
1 5 325 560 683 571 63 322 572 335
1 5 560 324 568 683 322 107 331 572
1 5 683 568 333 570 572 331 62 334
1 5 571 683 570 336 335 572 334 16
1 5 218 1 192 573 473 197 459 684
1 5 573 192 66 337 684 459 200 574
1 5 178 573 337 108 451 684 574 187
1 5 186 473 684 451 90 221 575 182
1 5 473 197 459 684 221 40 196 575
1 5 684 459 200 574 575 196 109 338
1 5 451 684 574 187 182 575 338 126
1 5 337 66 339 576 574 200 577 685
1 5 576 339 21 340 685 577 209 578
1 5 341 576 340 67 579 685 578 345
1 5 187 574 685 579 126 338 580 344
1 5 574 200 577 685 338 109 342 580
1 5 685 577 209 578 580 342 72 343
1 5 579 685 578 345 344 580 343 110
1 5 179 108 341 581 452 187 579 686
1 5 581 341 67 346 686 579 345 582
1 5 347 581 346 20 583 686 582 350
1 5 188 452 686 583 111 183 584 349
1 5 452 187 579 686 183 126 344 584
1 5 686 579 345 582 584 344 110 348
1 5 583 686 582 350 349 584 348 73
1 5 181 90 182 454 492 241 585 687
1 5 454 182 126 183 687 585 354 586
1 5 184 454 183 111 587 687 586 355
1 5 244 492 687 587 15 242 588 353
1 5 492 241 585 687 242 36 351 588
1 5 687 585 354 586 588 351 112 352
1 5 587 687 586 355 353 588 352 71
1 5 221 40 196 575 489 240 589 688
1 5 575 196 109 338 688 589 358 590
1 5 182 575 338 126 585 688 590 354
1 5 241 489 688 585 36 238 591 351
1 5 489 240 589 688 238 14 356 591
1 5 688 589 358 590 591 356 69 357
1 5 585 688 590 354 351 591 357 112
1 5 338 109 342 580 590 358 592 689
1 5 580 342 72 343 689 592 362 593
1 5 344 580 343 110 594 689 593 363
1 5 354 590 689 594 112 357 595 361
1 5 590 358 592 689 357 69 359 595
1 5 689 592 362 593 595 359 28 360
1 5 594 689 593 363 361 595 360 70
1 5 183 126 344 584 586 354 594 690
1 5 584 344 110 348 690 594 363 596
1 5 349 584 348 73 597 690 596 366
1 5 355 586 690 597 71 352 598 365
1 5 586 354 594 690 352 112 361 598
1 5 690 594 363 596 598 361 70 364
1 5 597 690 596 366 365 598 364 27
1 5 254 0 367 599 502 259 600 691
1 5 599 367 74 368 691 600 371 601
1 5 190 599 368 113 457 691 601 199
1 5 198 502 691 457 96 257 602 194
1 5 502 259 600 691 257 49 369 602
1 5 691 600 371 601 602 369 114 370
1 5 457 691 601 199 194 602 370 127
1 5 368 74 372 603 601 371 604 692
1 5 603 372 4 373 692 604 378 605
1 5 374 603 373 75 606 692 605 210
1 5 199 601 692 606 127 370 607 377
1 5 601 371 604 692 370 114 375 607
1 5 692 604 378 605 607 375 78 376
1 5 606 692 605 210 377 607 376 115
1 5 191 113 374 608 458 199 606 693
1 5 608 374 75 201 693 606 210 462
1 5 339 608 201 21 577 693 462 209
1 5 200 458 693 577 109 195 609 342
1 5 458 199 606 693 195 127 377 609
1 5 693 606 210 462 609 377 115 205
1 5 577 693 462 209 342 609 205 72
1 5 193 96 194 460 518 271 610 694
1 5 460 194 127 195 694 610 381 611
1 5 196 460 195 109 589 694 611 358
1 5 240 518 694 589 14 272 612 356
1 5 518 271 610 694 272 47 379 612
1 5 694 610 381 611 612 379 116 380
1 5 589 694 611 358 356 612 380 69
1 5 257 49 369 602 515 270 613 695
1 5 602 369 114 370 695 613 384 614
1 5 194 602 370 127 610 695 614 381
1 5 271 515 695 610 47 268 615 379
1 5 515 270 613 695 268 6 382 615
1 5 695 613 384 614 615 382 76 383
1 5 610 695 614 381 379 615 383 116
1 5 370 114 375 607 614 384 616 696
1 5 607 375 78 376 696 616 388 617
1 5 377 607 376 115 618 696 617 389
1 5 381 614 696 618 116 383 619 387
1 5 614 384 616 696 383 76 385 619
1 5 696 616 388 617 619 385 17 386
1 5 618 696 617 389 387 619 386 77
1 5 195 127 377 609 611 381 618 697
1 5 609 377 115 205 697 618 389 620
1 5 342 609 205 72 592 697 620 362
1 5 358 611 697 592 69 380 621 359
1 5 611 381 618 697 380 116 387 621
1 5 697 618 389 620 621 387 77 390
1 5 592 697 620 362 359 621 390 28
1 5 373 4 391 622 605 378 623 698
1 5 622 391 79 392 698 623 395 624
1 5 202 622 392 117 463 698 624 211
1 5 210 605 698 463 115 376 625 206
1 5 605 378 623 698 376 78 393 625
1 5 698 623 395 624 625 393 118 394
1 5 463 698 624 211 206 625 394 128
1 5 392 79 396 626 624 395 627 699
1 5 626 396 5 397 699 627 402 628
1 5 398 626 397 80 629 699 628 403
1 5 211 624 699 629 128 394 630 401
1 5 624 395 627 699 394 118 399 630
1 5 699 627 402 628 630 399 85 400
1 5 629 699 628 403 401 630 400 119
1 5 203 117 398 631 464 211 629 700
1 5 631 398 80 404 700 629 403 632
1 5 405 631 404 19 633 700 632 408
1 5 212 464 700 633 120 207 634 407
1 5 464 211 629 700 207 128 401 634
1 5 700 629 403 632 634 401 119 406
1 5 633 700 632 408 407 634 406 86
1 5 205 115 206 466 620 389 635 701
1 5 466 206 128 207 701 635 412 636
1 5 208 466 207 120 637 701 636 413
1 5 362 620 701 637 28 390 638 411
1 5 620 389 635 701 390 77 409 638
1 5 701 635 412 636 638 409 121 410
1 5 637 701 636 413 411 638 410 84
1 5 376 78 393 625 617 388 639 702
1 5 625 393 118 394 702 639 416 640
1 5 206 625 394 128 635 702 640 412
1 5 389 617 702 635 77 386 641 409
1 5 617 388 639 702 386 17 414 641
1 5 702 639 416 640 641 414 82 415
1 5 635 702 640 412 409 641 415 121
1 5 394 118 399 630 640 416 642 703
1 5 630 399 85 400 703 642 420 643
1 5 401 630 400 119 644 703 643 421
1 5 412 640 703 644 121 415 645 419
1 5 640 416 642 703 415 82 417 645
1 5 703 642 420 643 645 417 18 418
1 5 644 703 643 421 419 645 418 83
1 5 207 128 401 634 636 412 644 704
1 5 634 401 119 406 704 644 421 646
1 5 407 634 406 86 647 704 646 424
1 5 413 636 704 647 84 410 648 423
1 5 636 412 644 704 410 121 419 648
1 5 704 644 421 646 648 419 83 422
1 5 647 704 646 424 423 648 422 29

boundary
448
1 3 2 177 476 223
1 3 1 189 505 217
1 3 20 346 581 347
1 3 21 201 608 339
1 3 19 404 631 405
1 3 32 218 471 219
1 3 87 214 467 130
1 3 33 131 425 132
1 3 44 254 500 255
1 3 93 247 495 142
1 3 31 143 431 144
1 3 67 340 576 341
1 3 108 337 573 178
1 3 68 179 449 180
1 3 75 373 603 374
1 3 113 368 599 190
1 3 66 191 455 192
1 3 80 397 626 398
1 3 117 392 622 202
1 3 81 203 461 204
1 3 177 32 219 476
1 3 476 219 87 131
1 3 223 476 131 33
1 3 189 44 255 505
1 3 505 255 93 143
1 3 217 505 143 31
1 3 346 67 341 581
1 3 581 341 108 179
1 3 347 581 179 68
1 3 201 75 374 608
1 3 608 374 113 191
1 3 339 608 191 66
1 3 404 80 398 631
1 3 631 398 117 203
1 3 405 631 203 81
1 3 218 1 217 471
1 3 471 217 31 214
1 3 219 471 214 87
1 3 214 31 144 467
1 3 467 144 9 213
1 3 130 467 213 30
1 3 131 87 130 425
1 3 425 130 30 129
1 3 132 425 129 8
1 3 254 0 253 500
1 3 500 253 43 247
1 3 255 500 247 93
1 3 247 43 246 495
1 3 495 246 3 245
1 3 142 495 245 42
1 3 143 93 142 431
1 3 431 142 42 141
1 3 144 431 141 9
1 3 340 21 339 576
1 3 576 339 66 337
1 3 341 576 337 108
1 3 337 66 192 573
1 3 573 192 1 218
1 3 178 573 218 32
1 3 179 108 178 449
1 3 449 178 32 177
1 3 180 449 177 2
1 3 373 4 372 603
1 3 603 372 74 368
1 3 374 603 368 113
1 3 368 74 367 599
1 3 599 367 0 254
1 3 190 599 254 44
1 3 191 113 190 455
1 3 455 190 44 189
1 3 192 455 189 1
1 3 397 5 396 626
1 3 626 396 79 392
1 3 398 626 392 117
1 3 392 79 391 622
1 3 622 391 4 373
1 3 202 622 373 75
1 3 203 117 202 461
1 3 461 202 75 201
1 3 204 461 201 21
37 3 213 9 149 468
37 3 245 3 251 496
37 3 156 437 153 22
37 3 132 8 137 429
37 3 23 225 483 228
37 3 3 246 497 251
37 3 273 10 279 521
37 3 156 22 161 441
37 3 10 274 522 279
37 3 25 289 537 292
37 3 168 24 173 447
37 3 11 263 549 286
37 3 6 268 553 316
37 3 26 307 562 323
37 3 0 367 600 259
37 3 4 391 623 378
37 3 180 2 185 453
37 3 21 340 578 209
37 3 15 242 588 353
37 3 14 272 612 356
37 3 204 21 209 465
37 3 5 397 628 402
37 3 28 390 638 411
37 3 129 30 138 426
37 3 133 88 230 479
37 3 215 39 235 484
37 3 141 42 150 432
37 3 145 94 260 507
37 3 248 48 265 510
37 3 154 520 273 50
37 3 282 525 275 98
37 3 287 530 155 52
37 3 34 233 487 226
37 3 92 234 491 239
37 3 37 227 494 243
37 3 287 52 164 531
37 3 288 102 296 547
37 3 160 57 293 536
37 3 237 35 176 557
37 3 319 106 325 571
37 3 172 60 309 561
37 3 36 238 591 351
37 3 112 357 595 361
37 3 71 352 598 365
37 3 223 33 140 477
37 3 224 91 232 493
37 3 136 38 229 482
37 3 347 68 188 583
37 3 349 111 355 597
37 3 184 41 244 587
37 3 43 253 501 252
37 3 95 256 514 266
37 3 48 249 511 265
37 3 46 267 552 312
37 3 104 313 566 328
37 3 59 310 563 305
37 3 49 369 613 270
37 3 114 375 616 384
37 3 74 372 604 371
37 3 78 393 639 388
37 3 118 399 642 416
37 3 79 396 627 395
37 3 77 386 641 409
37 3 121 415 645 419
37 3 84 410 648 423
37 3 153 50 162 438
37 3 157 99 294 533
37 3 276 58 300 538
37 3 51 281 526 280
37 3 100 283 542 301
37 3 58 277 539 300
37 3 53 297 541 290
37 3 103 299 545 304
37 3 56 291 548 308
37 3 55 303 565 321
37 3 107 327 569 331
37 3 63 322 572 335
37 3 47 272 556 317
37 3 105 318 570 333
37 3 64 314 567 332
37 3 47 268 615 379
37 3 116 383 619 387
37 3 69 380 621 359
37 3 67 346 582 345
37 3 110 348 596 363
37 3 72 343 593 362
37 3 405 81 212 633
37 3 407 120 413 647
37 3 208 72 362 637
37 3 80 404 632 403
37 3 119 406 646 421
37 3 85 400 643 420
37 3 30 213 468 138
37 3 138 468 215 88
37 3 468 149 39 215
37 3 42 245 496 150
37 3 150 496 248 94
37 3 496 251 48 248
37 3 437 154 50 153
37 3 155 98 154 437
37 3 52 155 437 156
37 3 225 34 226 483
37 3 483 226 92 227
37 3 228 483 227 37
37 3 52 156 441 164
37 3 164 441 160 102
37 3 441 161 57 160
37 3 35 168 447 176
37 3 176 447 172 106
37 3 447 173 60 172
37 3 242 36 351 588
37 3 588 351 112 352
37 3 353 588 352 71
37 3 8 129 426 137
37 3 137 426 133 38
37 3 426 138 88 133
37 3 38 133 479 229
37 3 229 479 225 23
37 3 479 230 34 225
37 3 88 215 484 230
37 3 230 484 233 34
37 3 484 235 24 233
37 3 9 141 432 149
37 3 149 432 145 39
37 3 432 150 94 145
37 3 39 145 507 235
37 3 235 507 165 24
37 3 507 260 45 165
37 3 94 248 510 260
37 3 260 510 262 45
37 3 510 265 11 262
37 3 520 274 10 273
37 3 275 51 274 520
37 3 98 275 520 154
37 3 525 281 51 275
37 3 262 11 281 525
37 3 45 262 525 282
37 3 530 282 98 155
37 3 165 45 282 530
37 3 24 165 530 287
37 3 233 24 168 487
37 3 487 168 35 234
37 3 226 487 234 92
37 3 234 35 237 491
37 3 491 237 14 238
37 3 239 491 238 36
37 3 227 92 239 494
37 3 494 239 36 242
37 3 243 494 242 15
37 3 24 287 531 173
37 3 173 531 288 60
37 3 531 164 102 288
37 3 60 288 547 309
37 3 309 547 308 26
37 3 547 296 56 308
37 3 102 160 536 296
37 3 296 536 292 56
37 3 536 293 25 292
37 3 14 237 557 320
37 3 320 557 319 65
37 3 557 176 106 319
37 3 65 319 571 336
37 3 336 571 335 16
37 3 571 325 63 335
37 3 106 172 561 325
37 3 325 561 323 63
37 3 561 309 26 323
37 3 238 14 356 591
37 3 591 356 69 357
37 3 351 591 357 112
37 3 357 69 359 595
37 3 595 359 28 360
37 3 361 595 360 70
37 3 352 112 361 598
37 3 598 361 70 364
37 3 365 598 364 27
37 3 33 132 429 140
37 3 140 429 136 91
37 3 429 137 38 136
37 3 68 180 453 188
37 3 188 453 184 111
37 3 453 185 41 184
37 3 2 223 477 185
37 3 185 477 224 41
37 3 477 140 91 224
37 3 41 224 493 244
37 3 244 493 243 15
37 3 493 232 37 243
37 3 91 136 482 232
37 3 232 482 228 37
37 3 482 229 23 228
37 3 20 347 583 350
37 3 350 583 349 73
37 3 583 188 111 349
37 3 73 349 597 366
37 3 366 597 365 27
37 3 597 355 71 365
37 3 111 184 587 355
37 3 355 587 353 71
37 3 587 244 15 353
37 3 246 43 252 497
37 3 497 252 95 249
37 3 251 497 249 48
37 3 263 46 312 549
37 3 549 312 104 310
37 3 286 549 310 59
37 3 259 600 369 49
37 3 600 371 114 369
37 3 367 74 371 600
37 3 378 623 393 78
37 3 623 395 118 393
37 3 391 79 395 623
37 3 390 77 409 638
37 3 638 409 121 410
37 3 411 638 410 84
37 3 253 0 259 501
37 3 501 259 49 256
37 3 252 501 256 95
37 3 256 49 270 514
37 3 514 270 6 267
37 3 266 514 267 46
37 3 249 95 266 511
37 3 511 266 46 263
37 3 265 511 263 11
37 3 267 6 316 552
37 3 552 316 64 313
37 3 312 552 313 104
37 3 313 64 332 566
37 3 566 332 7 329
37 3 328 566 329 61
37 3 310 104 328 563
37 3 563 328 61 326
37 3 305 563 326 13
37 3 270 613 382 6
37 3 613 384 76 382
37 3 369 114 384 613
37 3 384 616 385 76
37 3 616 388 17 385
37 3 375 78 388 616
37 3 371 604 375 114
37 3 604 378 78 375
37 3 372 4 378 604
37 3 388 639 414 17
37 3 639 416 82 414
37 3 393 118 416 639
37 3 416 642 417 82
37 3 642 420 18 417
37 3 399 85 420 642
37 3 395 627 399 118
37 3 627 402 85 399
37 3 396 5 402 627
37 3 386 17 414 641
37 3 641 414 82 415
37 3 409 641 415 121
37 3 415 82 417 645
37 3 645 417 18 418
37 3 419 645 418 83
37 3 410 121 419 648
37 3 648 419 83 422
37 3 423 648 422 29
37 3 50 273 521 162
37 3 162 521 276 99
37 3 521 279 58 276
37 3 22 153 438 161
37 3 161 438 157 57
37 3 438 162 99 157
37 3 57 157 533 293
37 3 293 533 289 25
37 3 533 294 53 289
37 3 99 276 538 294
37 3 294 538 297 53
37 3 538 300 12 297
37 3 274 51 280 522
37 3 522 280 100 277
37 3 279 522 277 58
37 3 281 11 286 526
37 3 526 286 59 283
37 3 280 526 283 100
37 3 283 59 305 542
37 3 542 305 13 302
37 3 301 542 302 54
37 3 277 100 301 539
37 3 539 301 54 298
37 3 300 539 298 12
37 3 289 53 290 537
37 3 537 290 103 291
37 3 292 537 291 56
37 3 307 55 321 562
37 3 562 321 107 322
37 3 323 562 322 63
37 3 297 12 298 541
37 3 541 298 54 299
37 3 290 541 299 103
37 3 299 54 302 545
37 3 545 302 13 303
37 3 304 545 303 55
37 3 291 103 304 548
37 3 548 304 55 307
37 3 308 548 307 26
37 3 303 13 326 565
37 3 565 326 61 327
37 3 321 565 327 107
37 3 327 61 329 569
37 3 569 329 7 330
37 3 331 569 330 62
37 3 322 107 331 572
37 3 572 331 62 334
37 3 335 572 334 16
37 3 268 47 317 553
37 3 553 317 105 314
37 3 316 553 314 64
37 3 272 47 379 612
37 3 612 379 116 380
37 3 356 612 380 69
37 3 272 14 320 556
37 3 556 320 65 318
37 3 317 556 318 105
37 3 318 65 336 570
37 3 570 336 16 334
37 3 333 570 334 62
37 3 314 105 333 567
37 3 567 333 62 330
37 3 332 567 330 7
37 3 268 6 382 615
37 3 615 382 76 383
37 3 379 615 383 116
37 3 383 76 385 619
37 3 619 385 17 386
37 3 387 619 386 77
37 3 380 116 387 621
37 3 621 387 77 390
37 3 359 621 390 28
37 3 340 67 345 578
37 3 578 345 110 343
37 3 209 578 343 72
37 3 81 204 465 212
37 3 212 465 208 120
37 3 465 209 72 208
37 3 346 20 350 582
37 3 582 350 73 348
37 3 345 582 348 110
37 3 348 73 366 596
37 3 596 366 27 364
37 3 363 596 364 70
37 3 343 110 363 593
37 3 593 363 70 360
37 3 362 593 360 28
37 3 19 405 633 408
37 3 408 633 407 86
37 3 633 212 120 407
37 3 86 407 647 424
37 3 424 647 423 29
37 3 647 413 84 423
37 3 120 208 637 413
37 3 413 637 411 84
37 3 637 362 28 411
37 3 397 80 403 628
37 3 628 403 119 400
37 3 402 628 400 85
37 3 404 19 408 632
37 3 632 408 86 406
37 3 403 632 406 119
37 3 406 86 424 646
37 3 646 424 29 422
37 3 421 646 422 83
37 3 400 119 421 643
37 3 643 421 83 418
37 3 420 643 418 18

vertices
705

nodes
FiniteElementSpace
FiniteElementCollection: H1_3D_P2
VDim: 3
Ordering: 0

0.57680281
0.30998466
-3.1225023e-17
0.59718411
0.67220951
0.70710678
0.50295308
0.42586599
-1.3010426e-18
0.35742227
0.14916884
0.46713824
0.13575486
0.34802459
0.26568513
2.9273459e-18
0.22229806
0.56955658
0.59296204
0.39717735
-4.7704896e-18
0.37298049
0.11530805
-1.1519648e-18
0.27788281
0.10703716
0.20621024
2.4733362e-19
0.30721416
0.3224644
0.17871113
0.33370346
0.15499233
-1.6263033e-17
0.1389414
0.27178397
0.13284256
8.8769053e-19
-1.2265037e-18
0.31765254
0.28783489
-1.4148838e-17
0.47730319
0.58699346
0.44339373
0.37251052
0.48504566
0.3843191
0.53216118
0.53987794
0.13223844
0.30815354
0.19659543
0.12139601
0.24188972
0.27711741
0.1566237
0.11117261
0.14246185
0.40758141
0.24204652
0.38694529
0.32408202
0.21425415
0.46440953
0.24399159
0.34148257
0.18649024
-1.7997756e-17
0.28644964
0.15360708
1.5873397e-18
0.34009732
-2.261578e-18
0.62450616
0.522595
0.53625483
0.43838537
0.62088304
0.68965815
0.55214206
0.38507892
0.58125931
0.45771322
0.31483928
0.65003441
0.35982088
0.16685173
0.15882627
0.30274372
0.14391745
-7.687671e-18
0.13589198
0.46034846
0.42490686
0.53601956
0.41385642
0.37841481
0.25237448
0.12681723
0.27502163
0.32481397
0.17660956
0.19925671
0.43599547
0.35420056
0.24301906
0.30059972
0.17074129
0.31396611
0.17004866
-8.2052082e-18
0.14322482
0.48299437
0.58038049
0.48049018
0.41135223
0.53736853
0.63545873
0.50492764
0.3499591
0.44804929
0.15137186
0.41938164
0.2258156
0.33950727
0.15698305
0.4471733
0.49270891
0.089355567
0.17278143
0.083425866
-8.7820376e-18
0.079413135
0.15509906
0.075685929
-4.4570874e-18
-1.2637732e-18
0.1687687
0.15911179
-1.1975352e-17
0.41736273
0.46882583
0.39702596
0.34556287
0.3712797
0.42214425
0.36106268
0.31019813
0.3375374
0.45110502
0.43986505
0.31822359
0.12377325
0.19230646
0.22448496
0.15595174
0.11899492
0.17631641
0.20121258
0.14389108
0.11324033
0.12952784
0.23909504
0.1866025
0.32519667
0.37546267
0.32509939
0.27483339
0.28343024
0.33216062
0.29126316
0.24253279
0.25996467
0.34866224
0.35896104
0.25740151
0.077496165
0.16286681
0.085370643
-2.4611389e-17
0.071958723
0.15045025
0.078491527
-1.1177023e-17
-2.268693e-17
0.14945489
0.16386217
-1.3101482e-17
0.3766892
0.46319405
0.41223847
0.32573362
0.35084566
0.43051486
0.3805697
0.3009005
0.29890978
0.42862508
0.46508383
0.32772434
0.44778774
0.52998177
0.46122372
0.3790297
0.41029375
0.48659955
0.42133401
0.34502821
0.3565389
0.50154259
0.51503872
0.36751901
0.2680667
0.2502776
0.2382394
0.22705779
0.32184406
0.23248849
0.16092203
0.2952893
0.21587617
0.14764465
-2.3744028e-17
-1.0918255e-17
0.069470702
0.13741669
0.067945992
-1.3213714e-19
-1.1892343e-18
0.14888384
0.14363192
-3.3999903e-18
0.20841211
0.20383798
0.29776767
0.28726384
0.26873455
0.19926384
0.13436727
0.27676001
0.13838
0.066421282
1.9075182e-18
-5.6107462e-18
0.53724365
0.59208879
0.52367096
0.47853402
0.53409037
0.4777006
0.56467264
0.56150651
0.58189813
0.51009827
0.4518711
0.53794875
0.47686718
0.41661903
0.55834037
0.39870869
0.39889822
0.41982438
0.47609195
0.43173023
0.49964971
0.51053261
0.49399937
0.44363609
0.38136696
0.52141551
0.39908776
0.32500211
0.14070364
0.22866119
0.28026401
0.13463954
0.20874174
0.25041861
0.14581534
0.29158758
0.38764589
0.3124425
0.34130152
0.36619769
0.27531478
0.43735982
0.23723912
0.20932804
0.11421659
0.16032636
0.1779402
0.13183043
0.10910488
0.12410662
0.21253615
0.16661663
0.12857544
0.18882229
0.22057322
0.13910835
0.25845568
0.29495715
0.312571
0.23818706
0.377803
0.30096569
0.24166382
0.18141697
0.22412838
0.42178844
0.38775137
0.46052056
0.4502025
0.40930505
0.34685391
0.4836813
0.36925983
0.29909608
0.24350533
0.25483836
0.28885856
0.25742693
0.21023219
0.32005349
0.2286366
0.36748494
0.3437725
0.41147038
0.40640564
0.374974
0.31234087
0.44513776
0.33914129
0.27319004
0.21827611
0.23314483
0.25611193
0.23547458
0.35723153
0.27973537
0.17861577
0.32703171
0.25507299
0.16351586
0.17826945
0.093245122
-1.1384123e-17
0.08502433
-5.2333931e-18
-3.5160338e-18
0.13803369
0.07161241
2.2573428e-18
0.15010394
-3.3089342e-18
0.27606738
0.21483723
0.30020787
0.2968319
0.23041062
0.14841595
0.32365574
0.16182787
0.076803539
9.1733668e-19
-1.0071222e-18
0.60065448
0.55375026
0.56012922
0.5137769
0.60244333
0.64835784
0.59740226
0.50279468
0.60063177
0.55068661
0.46383174
0.64654628
0.39783567
0.34890094
0.42926277
0.51960395
0.47380353
0.55831766
0.5529057
0.50397097
0.4248688
0.59521981
0.45943777
0.37279976
0.68093383
0.61351334
0.62817089
0.56408382
0.66255844
0.69838246
0.62962442
0.5447553
0.64274657
0.57748103
0.49881828
0.6785706
0.52853485
0.47465971
0.39112813
0.43237426
0.35488999
0.37849911
0.44321733
0.38144429
0.31102672
0.4703791
0.33239919
0.57540794
0.5146543
0.60835902
0.58711068
0.52533763
0.45288126
0.62149823
0.48132043
0.39008881
0.31865184
0.34114264
0.086390716
0.084384351
0.16394025
0.079555897
-6.6195625e-18
0.077549532
0.40719435
0.39432121
0.44548504
0.37904432
0.3278805
0.36617119
0.1741291
0.12138408
0.18431144
0.21284877
0.14992141
0.16010375
0.32514803
0.30431345
0.35381164
0.30818128
0.25868309
0.2873467
0.081433404
0.074727444
0.15665853
0.081931085
-1.7894206e-17
0.075225125
0.39446383
0.36376743
0.44685445
0.39640409
0.31331706
0.36570768
0.45450573
0.42904075
0.50829066
0.44127887
0.36202896
0.41581388
0.25917215
0.25315305
0.23866769
0.2326486
0.24138305
0.30856668
0.22418233
0.15428334
0.22146698
0.080461015
-1.7331141e-17
0.073822326
0.074441918
0.14625788
0.07181596
-2.2946123e-18
0.068708347
0.22332575
0.29251576
0.21544788
0.20612504
0.28201193
0.20757001
0.14100596
0.20155091
0.069190002
-4.5053682e-18
0.067183637
0.53045731
0.50788883
0.56308958
0.50068578
0.47811731
0.51688461
0.55992344
0.49348272
0.43424506
0.47728389
0.38685758
0.35595417
0.34823818
0.39880346
0.34308103
0.4491792
0.50509116
0.45471542
0.42577731
0.51597406
0.46025163
0.39899299
0.43768316
0.33792388
0.32505075
0.21048383
0.13767159
0.21870146
0.26534131
0.19252908
0.35004419
0.3644737
0.39301103
0.29387864
0.30830815
0.27484081
0.22328358
0.24232141
0.11660575
0.16832139
0.18957639
0.13786076
0.1460784
0.13160749
0.19878202
0.23549592
0.17457433
0.31812934
0.33938434
0.25675092
0.26657211
0.26254703
0.19537251
0.20980201
0.44894019
0.4097408
0.37697453
0.47210093
0.42647057
0.36411044
0.39852821
0.3120491
0.25611994
0.29517962
0.31050959
0.27434505
0.22638249
0.24954538
0.39463669
0.36576193
0.32817175
0.42830407
0.39213953
0.32959739
0.35937325
0.28614306
0.23089072
0.26530849
0.24430021
0.24579326
0.22567538
0.26792365
0.34213162
0.26740418
0.17106581
0.24527379
0.089307883
0.089134726
-8.3087579e-18
0.081757929
0.14424197
0.075051969
-4.4598402e-18
0.069016846
0.28848394
0.22515591
0.20705054
0.31193181
0.2427418
0.1559659
0.22262392
0.080913935
-2.1580282e-18
0.074207975
0.53192427
0.58039185
0.53376358
0.49532204
0.57557626
0.6244948
0.57404444
0.48331321
0.53223176
0.43001311
0.39543173
0.41417526
0.36473532
0.33695153
0.53986659
0.49379021
0.45871981
0.57676874
0.52732879
0.44435027
0.48888725
0.39154676
0.36085035
0.6054578
0.65455236
0.58879858
0.55738522
0.62156888
0.67056452
0.60355273
0.52178679
0.57078242
0.46794172
0.45351698
0.37300906
0.42685413
0.46490844
0.40138915
0.32802746
0.37712202
0.60178941
0.53936906
0.50931264
0.61492862
0.55140933
0.47584977
0.51999597
0.41123154
0.33677091
0.38576655
0.081970124
0.38668277
0.16711643
0.30624737
0.078329265
0.38008576
0.43515981
0.24591037
0.23142501
0.077141671
0.073128939
0.21938682
0.21150894
0.070502981
0.50428731
0.49708425
0.37140587
0.34565961
0.45194731
0.45748353
0.34050246
0.20150645
0.32917617
0.25858111
0.15309107
0.1835517
0.28744013
0.22606171
0.40137592
0.41810569
0.31011519
0.26844604
0.35257314
0.37895073
0.28024405
0.23498779
0.25659872
0.085532906
0.072120985
0.21636296
0.23394885
0.077982952
0.51362315
0.55390401
0.41272242
0.3513296
0.47702092
0.5105595
0.37814104
0.58142151
0.59617565
0.44739792
0.39646795
0.53334893
0.5453892
0.40631034
0.044677783
0.087873142
0.043195358
-5.0415401e-18
0.042192175
0.083177237
0.040985062
-3.9416678e-18
-1.2824079e-18
0.086869959
0.08418042
-7.7008e-18
0.3873925
0.41227854
0.37637861
0.35149257
0.36592931
0.39050199
0.35728163
0.33270895
0.34747984
0.40584197
0.39693856
0.33672168
0.11954065
0.14895117
0.16504042
0.1356299
0.1173122
0.14425025
0.15851892
0.13158087
0.11427419
0.12257866
0.17062276
0.15293658
0.30153974
0.32517235
0.29999071
0.2763581
0.28213906
0.30528041
0.28246523
0.25932388
0.26892374
0.31475506
0.3156977
0.26675824
0.038748082
0.079464785
0.040716702
-2.7918206e-17
0.037363722
0.076528354
0.039164632
-2.0290568e-17
-2.6955977e-17
0.076111805
0.079881334
-2.1252798e-17
0.34333693
0.38557651
0.36009872
0.31785914
0.3313386
0.37192659
0.34670141
0.30611342
0.30444722
0.37022831
0.38727479
0.31952534
0.41038412
0.45114674
0.41676772
0.37600509
0.39278983
0.43210028
0.39859438
0.35928393
0.3647597
0.43841425
0.44483277
0.37052933
0.22338892
0.26361943
0.21597679
0.17574628
0.21096088
0.24953171
0.20492531
0.16635447
0.17373992
0.26060988
0.25254126
0.16836084
0.20856466
0.24583032
0.20115254
0.16388688
0.19888974
0.23504635
0.19285418
0.15669757
0.16298176
0.24447265
0.23640403
0.15760269
0.041712933
0.081943441
0.040230508
-2.000353e-17
0.039777949
0.078348784
0.038570835
-1.4653246e-17
-1.4119192e-17
0.081490882
0.078801343
-2.0537584e-17
0.039706567
0.078481333
0.038774766
-2.8417955e-18
0.037220959
0.073785429
0.03656447
-1.7419233e-18
-1.207869e-18
0.076927526
0.075339236
-3.3758498e-18
0.19853284
0.235444
0.19387383
0.15696267
0.1861048
0.22135629
0.18282235
0.14757086
0.15385505
0.23078258
0.22601771
0.15067847
0.18921482
0.22426238
0.18455582
0.14950825
0.1795399
0.21347841
0.17625745
0.14231894
0.14750189
0.22125283
0.21648796
0.14432531
0.037842964
0.074754127
0.036911163
-9.3029629e-18
0.03590798
0.071159471
0.035251491
-3.9526792e-18
-5.5438306e-18
0.073750945
0.072162654
-7.7118115e-18
0.50727342
0.53385048
0.49964157
0.47306451
0.47949693
0.50608807
0.47488617
0.44829503
0.46420411
0.52256624
0.51737231
0.45715543
0.49200971
0.52027779
0.48437786
0.45610978
0.47027541
0.49888502
0.46566466
0.43705506
0.45010676
0.51217837
0.50698443
0.44305808
0.36536471
0.39194177
0.35435082
0.32777376
0.34863395
0.3752251
0.33998628
0.31339514
0.32596353
0.38803514
0.37913173
0.31520537
0.34446612
0.36872544
0.33818466
0.31392533
0.32300293
0.34694889
0.31908768
0.29514172
0.30771011
0.35975894
0.3559154
0.30135694
0.45172044
0.47832566
0.45013078
0.42352555
0.42394394
0.45056325
0.42537538
0.39875607
0.41180777
0.46385661
0.46503231
0.41047385
0.44854112
0.47749224
0.44695146
0.41800033
0.42680682
0.45609947
0.42823826
0.39894561
0.40913993
0.46620801
0.46738371
0.40780601
0.3319032
0.35850842
0.32562174
0.29901651
0.31517244
0.34179175
0.31125719
0.28463788
0.29500378
0.35207185
0.34822831
0.28865061
0.13647104
0.17559373
0.20139514
0.16227245
0.13359971
0.16958902
0.19290894
0.15691964
0.13088314
0.13918761
0.20599514
0.18830895
0.26631925
0.3151541
0.33124335
0.28240849
0.25221818
0.29725874
0.31152741
0.26648684
0.24573476
0.27280266
0.33961018
0.30316057
0.21054019
0.24966288
0.25603996
0.21691727
0.19972563
0.23571494
0.24093235
0.20494304
0.19159896
0.21866686
0.26671096
0.23026135
0.11508376
0.13954933
0.15199742
0.12753185
0.11285532
0.13484841
0.14547591
0.12348282
0.11013874
0.11780033
0.15659741
0.14087592
0.13072838
0.16358431
0.18442274
0.15156682
0.12785705
0.15757959
0.17593654
0.146214
0.12546192
0.13312351
0.18804039
0.1723189
0.23811711
0.27936338
0.29181147
0.25056519
0.22401603
0.26146802
0.27209553
0.23464354
0.21917588
0.24295726
0.29787414
0.26603285
0.18891107
0.221767
0.22582473
0.1929688
0.17809651
0.20781905
0.21071711
0.18099457
0.1716131
0.19539449
0.23419156
0.20235027
0.39616745
0.42280084
0.40061999
0.3739866
0.37083664
0.39719348
0.37759378
0.35123694
0.36058638
0.40641771
0.41357661
0.36463715
0.40507252
0.4347067
0.40952506
0.37989088
0.38435092
0.41392324
0.39110806
0.36153574
0.36868793
0.42073552
0.42789442
0.3727387
0.29844168
0.32507507
0.29689265
0.27025926
0.28279139
0.30914823
0.28311756
0.25676072
0.26459274
0.31664033
0.31758297
0.26242724
0.26273838
0.28538847
0.26493975
0.24228966
0.24333771
0.26549654
0.24741427
0.22525544
0.23308745
0.27298864
0.27789637
0.23445764
0.34550583
0.37158611
0.35456757
0.32848729
0.32017502
0.34597874
0.33154136
0.30573764
0.31288983
0.35279102
0.36477383
0.3213351
0.36362932
0.39313979
0.37269106
0.34318059
0.34290771
0.37235633
0.35427406
0.32482544
0.32978038
0.37675665
0.38873947
0.33822565
0.26714111
0.29322139
0.26934247
0.24326219
0.25149083
0.27729455
0.25556739
0.22976366
0.23582783
0.2828041
0.28771184
0.23719802
0.19374041
0.23839435
0.20358351
0.15892957
0.18681861
0.22958506
0.19582316
0.15305671
0.15222361
0.22833541
0.239644
0.15976267
0.21342661
0.26201779
0.22326971
0.17467853
0.20482771
0.25119599
0.21383226
0.16746399
0.16730173
0.25095259
0.26226118
0.17484079
0.042685322
0.087339263
0.044653941
-1.4690939e-17
0.040965543
0.083731995
0.042766453
-1.070512e-17
-1.5549619e-17
0.083650864
0.087420394
-9.8464404e-18
0.035979362
0.073591924
0.037612563
-1.2662931e-17
0.034595001
0.070655494
0.036060493
-5.0352932e-18
-9.8797923e-18
0.070574363
0.073673055
-7.8184317e-18
0.17989681
0.22077577
0.18806281
0.14718385
0.17297501
0.21196648
0.18030246
0.14131099
0.14114873
0.21172309
0.22101917
0.14734611
0.19622882
0.24037418
0.20439482
0.16024946
0.18762992
0.22955238
0.19495738
0.15303492
0.1535435
0.23031524
0.23961132
0.15974088
0.039245763
0.080124728
0.040878964
-6.7193006e-18
0.037525984
0.07651746
0.038991476
-2.7334812e-18
-5.7570712e-18
0.076771748
0.07987044
-3.6957106e-18
0.476746
0.52101127
0.49755916
0.45329389
0.4610539
0.50355294
0.4802388
0.43773976
0.4360094
0.5017905
0.52277371
0.45502425
0.51837231
0.56466326
0.53918547
0.49289452
0.49942371
0.54383379
0.51860861
0.47419852
0.4740391
0.54375692
0.56474013
0.49305395
0.37686052
0.42112579
0.39362232
0.34935705
0.36206421
0.40456325
0.37742702
0.33492798
0.33460346
0.40432128
0.42136776
0.34968158
0.31934027
0.35827667
0.33330409
0.2943677
0.30734195
0.34462674
0.31990677
0.28262198
0.28229745
0.34438477
0.35851864
0.29469222
0.4453618
0.48609461
0.46291845
0.42218564
0.4296697
0.46863628
0.44559809
0.40663151
0.40647209
0.46855941
0.48617148
0.42234506
0.4804751
0.52300433
0.49803175
0.45550252
0.46152649
0.50217486
0.47745489
0.43680652
0.43821803
0.50378356
0.52139563
0.45409101
0.34726791
0.38800072
0.36123172
0.32049891
0.3324716
0.37143818
0.34503642
0.30606984
0.30708699
0.37265251
0.38678638
0.31948176
0.55999863
0.60143003
0.56771978
0.52628838
0.53779351
0.57773297
0.54485608
0.50491662
0.5120688
0.58572335
0.59343965
0.51913621
0.57544094
0.61754111
0.58316209
0.54106192
0.55191865
0.59248712
0.55898122
0.51841276
0.52620363
0.60115596
0.60887227
0.53327104
0.42315132
0.46458272
0.42953492
0.38810352
0.40439894
0.44433839
0.41020349
0.37026403
0.37629896
0.4512513
0.45766982
0.3820686
0.37519554
0.41305382
0.38042104
0.34256277
