MFEM mesh v1.0

#
# MFEM Geometry Types (see mesh/geom.hpp):
#
# POINT       = 0
# SEGMENT     = 1
# TRIANGLE    = 2
# SQUARE      = 3
# TETRAHEDRON = 4
# CUBE        = 5
#

dimension
3

elements
384
1 5 1 111 365 114 119 366 557 369
1 5 13 123 371 126 131 372 558 375
1 5 14 135 377 138 143 378 559 381
1 5 16 147 383 150 155 384 560 387
1 5 17 159 389 162 167 390 561 393
1 5 19 171 395 174 179 396 562 399
1 5 26 183 401 112 120 402 563 367
1 5 75 185 406 193 121 404 564 409
1 5 29 113 411 200 122 368 565 413
1 5 34 115 370 118 208 415 566 418
1 5 76 186 405 116 209 420 567 416
1 5 105 188 410 196 210 422 568 426
1 5 79 117 414 202 211 417 569 429
1 5 38 225 431 124 132 432 570 373
1 5 81 227 436 235 133 434 571 439
1 5 41 125 441 239 134 374 572 442
1 5 46 127 376 130 241 444 573 447
1 5 82 228 435 128 242 448 574 445
1 5 106 230 440 238 243 450 575 454
1 5 85 129 443 240 244 446 576 457
1 5 40 234 459 136 144 438 577 379
1 5 87 256 462 259 145 460 578 464
1 5 50 137 466 264 146 380 579 468
1 5 48 139 382 142 255 456 580 472
1 5 84 237 461 140 253 453 581 470
1 5 107 257 465 261 268 473 582 476
1 5 89 141 469 266 269 471 583 479
1 5 54 277 481 148 156 482 584 385
1 5 91 278 485 282 157 483 585 488
1 5 56 149 490 288 158 386 586 492
1 5 61 151 388 154 296 494 587 497
1 5 92 279 484 152 297 499 588 495
1 5 108 280 489 285 298 501 589 505
1 5 95 153 493 290 299 496 590 508
1 5 42 245 451 160 168 510 591 391
1 5 86 247 455 252 169 512 592 516
1 5 45 161 458 254 170 392 593 486
1 5 62 163 394 166 303 519 594 500
1 5 97 313 513 164 325 523 595 520
1 5 109 315 517 320 326 525 596 529
1 5 93 165 518 283 304 521 597 503
1 5 44 251 474 172 180 515 598 397
1 5 90 270 477 272 181 534 599 538
1 5 52 173 480 275 182 398 600 541
1 5 63 175 400 178 308 531 601 545
1 5 99 319 535 176 336 528 602 543
1 5 110 339 539 343 352 548 603 552
1 5 103 177 542 347 353 544 604 555
1 5 111 26 112 365 366 120 367 557
1 5 365 112 75 113 557 367 121 368
1 5 114 365 113 29 369 557 368 122
1 5 119 366 557 369 34 115 370 118
1 5 366 120 367 557 115 76 116 370
1 5 557 367 121 368 370 116 105 117
1 5 369 557 368 122 118 370 117 79
1 5 123 38 124 371 372 132 373 558
1 5 371 124 81 125 558 373 133 374
1 5 126 371 125 41 375 558 374 134
1 5 131 372 558 375 46 127 376 130
1 5 372 132 373 558 127 82 128 376
1 5 558 373 133 374 376 128 106 129
1 5 375 558 374 134 130 376 129 85
1 5 135 40 136 377 378 144 379 559
1 5 377 136 87 137 559 379 145 380
1 5 138 377 137 50 381 559 380 146
1 5 143 378 559 381 48 139 382 142
1 5 378 144 379 559 139 84 140 382
1 5 559 379 145 380 382 140 107 141
1 5 381 559 380 146 142 382 141 89
1 5 147 54 148 383 384 156 385 560
1 5 383 148 91 149 560 385 157 386
1 5 150 383 149 56 387 560 386 158
1 5 155 384 560 387 61 151 388 154
1 5 384 156 385 560 151 92 152 388
1 5 560 385 157 386 388 152 108 153
1 5 387 560 386 158 154 388 153 95
1 5 159 42 160 389 390 168 391 561
1 5 389 160 86 161 561 391 169 392
1 5 162 389 161 45 393 561 392 170
1 5 167 390 561 393 62 163 394 166
1 5 390 168 391 561 163 97 164 394
1 5 561 391 169 392 394 164 109 165
1 5 393 561 392 170 166 394 165 93
1 5 171 44 172 395 396 180 397 562
1 5 395 172 90 173 562 397 181 398
1 5 174 395 173 52 399 562 398 182
1 5 179 396 562 399 63 175 400 178
1 5 396 180 397 562 175 99 176 400
1 5 562 397 181 398 400 176 110 177
1 5 399 562 398 182 178 400 177 103
1 5 183 9 184 401 402 189 403 563
1 5 401 184 27 185 563 403 190 404
1 5 112 401 185 75 367 563 404 121
1 5 120 402 563 367 76 186 405 116
1 5 402 189 403 563 186 35 187 405
1 5 563 403 190 404 405 187 77 188
1 5 367 563 404 121 116 405 188 105
1 5 185 27 191 406 404 190 407 564
1 5 406 191 10 192 564 407 197 408
1 5 193 406 192 28 409 564 408 198
1 5 121 404 564 409 105 188 410 196
1 5 404 190 407 564 188 77 194 410
1 5 564 407 197 408 410 194 36 195
1 5 409 564 408 198 196 410 195 78
1 5 113 75 193 411 368 121 409 565
1 5 411 193 28 199 565 409 198 412
1 5 200 411 199 0 413 565 412 203
1 5 122 368 565 413 79 117 414 202
1 5 368 121 409 565 117 105 196 414
1 5 565 409 198 412 414 196 78 201
1 5 413 565 412 203 202 414 201 37
1 5 115 76 116 370 415 209 416 566
1 5 370 116 105 117 566 416 210 417
1 5 118 370 117 79 418 566 417 211
1 5 208 415 566 418 4 204 419 207
1 5 415 209 416 566 204 30 205 419
1 5 566 416 210 417 419 205 80 206
1 5 418 566 417 211 207 419 206 33
1 5 186 35 187 405 420 215 421 567
1 5 405 187 77 188 567 421 216 422
1 5 116 405 188 105 416 567 422 210
1 5 209 420 567 416 30 212 423 205
1 5 420 215 421 567 212 11 213 423
1 5 567 421 216 422 423 213 31 214
1 5 416 567 422 210 205 423 214 80
1 5 188 77 194 410 422 216 424 568
1 5 410 194 36 195 568 424 220 425
1 5 196 410 195 78 426 568 425 221
1 5 210 422 568 426 80 214 427 219
1 5 422 216 424 568 214 31 217 427
1 5 568 424 220 425 427 217 12 218
1 5 426 568 425 221 219 427 218 32
1 5 117 105 196 414 417 210 426 569
1 5 414 196 78 201 569 426 221 428
1 5 202 414 201 37 429 569 428 224
1 5 211 417 569 429 33 206 430 223
1 5 417 210 426 569 206 80 219 430
1 5 569 426 221 428 430 219 32 222
1 5 429 569 428 224 223 430 222 3
1 5 225 2 226 431 432 231 433 570
1 5 431 226 39 227 570 433 232 434
1 5 124 431 227 81 373 570 434 133
1 5 132 432 570 373 82 228 435 128
1 5 432 231 433 570 228 47 229 435
1 5 570 433 232 434 435 229 83 230
1 5 373 570 434 133 128 435 230 106
1 5 227 39 233 436 434 232 437 571
1 5 436 233 1 234 571 437 119 438
1 5 235 436 234 40 439 571 438 144
1 5 133 434 571 439 106 230 440 238
1 5 434 232 437 571 230 83 236 440
1 5 571 437 119 438 440 236 34 237
1 5 439 571 438 144 238 440 237 84
1 5 125 81 235 441 374 133 439 572
1 5 441 235 40 135 572 439 144 378
1 5 239 441 135 14 442 572 378 143
1 5 134 374 572 442 85 129 443 240
1 5 374 133 439 572 129 106 238 443
1 5 572 439 144 378 443 238 84 139
1 5 442 572 378 143 240 443 139 48
1 5 127 82 128 376 444 242 445 573
1 5 376 128 106 129 573 445 243 446
1 5 130 376 129 85 447 573 446 244
1 5 241 444 573 447 17 159 389 162
1 5 444 242 445 573 159 42 160 389
1 5 573 445 243 446 389 160 86 161
1 5 447 573 446 244 162 389 161 45
1 5 228 47 229 435 448 248 449 574
1 5 435 229 83 230 574 449 249 450
1 5 128 435 230 106 445 574 450 243
1 5 242 448 574 445 42 245 451 160
1 5 448 248 449 574 245 5 246 451
1 5 574 449 249 450 451 246 43 247
1 5 445 574 450 243 160 451 247 86
1 5 230 83 236 440 450 249 452 575
1 5 440 236 34 237 575 452 208 453
1 5 238 440 237 84 454 575 453 253
1 5 243 450 575 454 86 247 455 252
1 5 450 249 452 575 247 43 250 455
1 5 575 452 208 453 455 250 4 251
1 5 454 575 453 253 252 455 251 44
1 5 129 106 238 443 446 243 454 576
1 5 443 238 84 139 576 454 253 456
1 5 240 443 139 48 457 576 456 255
1 5 244 446 576 457 45 161 458 254
1 5 446 243 454 576 161 86 252 458
1 5 576 454 253 456 458 252 44 171
1 5 457 576 456 255 254 458 171 19
1 5 234 1 114 459 438 119 369 577
1 5 459 114 29 256 577 369 122 460
1 5 136 459 256 87 379 577 460 145
1 5 144 438 577 379 84 237 461 140
1 5 438 119 369 577 237 34 118 461
1 5 577 369 122 460 461 118 79 257
1 5 379 577 460 145 140 461 257 107
1 5 256 29 200 462 460 122 413 578
1 5 462 200 0 258 578 413 203 463
1 5 259 462 258 49 464 578 463 262
1 5 145 460 578 464 107 257 465 261
1 5 460 122 413 578 257 79 202 465
1 5 578 413 203 463 465 202 37 260
1 5 464 578 463 262 261 465 260 88
1 5 137 87 259 466 380 145 464 579
1 5 466 259 49 263 579 464 262 467
1 5 264 466 263 15 468 579 467 267
1 5 146 380 579 468 89 141 469 266
1 5 380 145 464 579 141 107 261 469
1 5 579 464 262 467 469 261 88 265
1 5 468 579 467 267 266 469 265 53
1 5 139 84 140 382 456 253 470 580
1 5 382 140 107 141 580 470 268 471
1 5 142 382 141 89 472 580 471 269
1 5 255 456 580 472 19 171 395 174
1 5 456 253 470 580 171 44 172 395
1 5 580 470 268 471 395 172 90 173
1 5 472 580 471 269 174 395 173 52
1 5 237 34 118 461 453 208 418 581
1 5 461 118 79 257 581 418 211 473
1 5 140 461 257 107 470 581 473 268
1 5 253 453 581 470 44 251 474 172
1 5 453 208 418 581 251 4 207 474
1 5 581 418 211 473 474 207 33 270
1 5 470 581 473 268 172 474 270 90
1 5 257 79 202 465 473 211 429 582
1 5 465 202 37 260 582 429 224 475
1 5 261 465 260 88 476 582 475 273
1 5 268 473 582 476 90 270 477 272
1 5 473 211 429 582 270 33 223 477
1 5 582 429 224 475 477 223 3 271
1 5 476 582 475 273 272 477 271 51
1 5 141 107 261 469 471 268 476 583
1 5 469 261 88 265 583 476 273 478
1 5 266 469 265 53 479 583 478 276
1 5 269 471 583 479 52 173 480 275
1 5 471 268 476 583 173 90 272 480
1 5 583 476 273 478 480 272 51 274
1 5 479 583 478 276 275 480 274 20
1 5 277 17 162 481 482 167 393 584
1 5 481 162 45 278 584 393 170 483
1 5 148 481 278 91 385 584 483 157
1 5 156 482 584 385 92 279 484 152
1 5 482 167 393 584 279 62 166 484
1 5 584 393 170 483 484 166 93 280
1 5 385 584 483 157 152 484 280 108
1 5 278 45 254 485 483 170 486 585
1 5 485 254 19 281 585 486 179 487
1 5 282 485 281 55 488 585 487 286
1 5 157 483 585 488 108 280 489 285
1 5 483 170 486 585 280 93 283 489
1 5 585 486 179 487 489 283 63 284
1 5 488 585 487 286 285 489 284 94
1 5 149 91 282 490 386 157 488 586
1 5 490 282 55 287 586 488 286 491
1 5 288 490 287 18 492 586 491 291
1 5 158 386 586 492 95 153 493 290
1 5 386 157 488 586 153 108 285 493
1 5 586 488 286 491 493 285 94 289
1 5 492 586 491 291 290 493 289 64
1 5 151 92 152 388 494 297 495 587
1 5 388 152 108 153 587 495 298 496
1 5 154 388 153 95 497 587 496 299
1 5 296 494 587 497 21 292 498 295
1 5 494 297 495 587 292 57 293 498
1 5 587 495 298 496 498 293 96 294
1 5 497 587 496 299 295 498 294 60
1 5 279 62 166 484 499 303 500 588
1 5 484 166 93 280 588 500 304 501
1 5 152 484 280 108 495 588 501 298
1 5 297 499 588 495 57 300 502 293
1 5 499 303 500 588 300 22 301 502
1 5 588 500 304 501 502 301 58 302
1 5 495 588 501 298 293 502 302 96
1 5 280 93 283 489 501 304 503 589
1 5 489 283 63 284 589 503 308 504
1 5 285 489 284 94 505 589 504 309
1 5 298 501 589 505 96 302 506 307
1 5 501 304 503 589 302 58 305 506
1 5 589 503 308 504 506 305 24 306
1 5 505 589 504 309 307 506 306 59
1 5 153 108 285 493 496 298 505 590
1 5 493 285 94 289 590 505 309 507
1 5 290 493 289 64 508 590 507 312
1 5 299 496 590 508 60 294 509 311
1 5 496 298 505 590 294 96 307 509
1 5 590 505 309 507 509 307 59 310
1 5 508 590 507 312 311 509 310 23
1 5 245 5 246 451 510 316 511 591
1 5 451 246 43 247 591 511 317 512
1 5 160 451 247 86 391 591 512 169
1 5 168 510 591 391 97 313 513 164
1 5 510 316 511 591 313 68 314 513
1 5 591 511 317 512 513 314 98 315
1 5 391 591 512 169 164 513 315 109
1 5 247 43 250 455 512 317 514 592
1 5 455 250 4 251 592 514 321 515
1 5 252 455 251 44 516 592 515 180
1 5 169 512 592 516 109 315 517 320
1 5 512 317 514 592 315 98 318 517
1 5 592 514 321 515 517 318 69 319
1 5 516 592 515 180 320 517 319 99
1 5 161 86 252 458 392 169 516 593
1 5 458 252 44 171 593 516 180 396
1 5 254 458 171 19 486 593 396 179
1 5 170 392 593 486 93 165 518 283
1 5 392 169 516 593 165 109 320 518
1 5 593 516 180 396 518 320 99 175
1 5 486 593 396 179 283 518 175 63
1 5 163 97 164 394 519 325 520 594
1 5 394 164 109 165 594 520 326 521
1 5 166 394 165 93 500 594 521 304
1 5 303 519 594 500 22 322 522 301
1 5 519 325 520 594 322 65 323 522
1 5 594 520 326 521 522 323 100 324
1 5 500 594 521 304 301 522 324 58
1 5 313 68 314 513 523 330 524 595
1 5 513 314 98 315 595 524 331 525
1 5 164 513 315 109 520 595 525 326
1 5 325 523 595 520 65 327 526 323
1 5 523 330 524 595 327 8 328 526
1 5 595 524 331 525 526 328 66 329
1 5 520 595 525 326 323 526 329 100
1 5 315 98 318 517 525 331 527 596
1 5 517 318 69 319 596 527 335 528
1 5 320 517 319 99 529 596 528 336
1 5 326 525 596 529 100 329 530 334
1 5 525 331 527 596 329 66 332 530
1 5 596 527 335 528 530 332 7 333
1 5 529 596 528 336 334 530 333 67
1 5 165 109 320 518 521 326 529 597
1 5 518 320 99 175 597 529 336 531
1 5 283 518 175 63 503 597 531 308
1 5 304 521 597 503 58 324 532 305
1 5 521 326 529 597 324 100 334 532
1 5 597 529 336 531 532 334 67 337
1 5 503 597 531 308 305 532 337 24
1 5 251 4 207 474 515 321 533 598
1 5 474 207 33 270 598 533 340 534
1 5 172 474 270 90 397 598 534 181
1 5 180 515 598 397 99 319 535 176
1 5 515 321 533 598 319 69 338 535
1 5 598 533 340 534 535 338 101 339
1 5 397 598 534 181 176 535 339 110
1 5 270 33 223 477 534 340 536 599
1 5 477 223 3 271 599 536 344 537
1 5 272 477 271 51 538 599 537 345
1 5 181 534 599 538 110 339 539 343
1 5 534 340 536 599 339 101 341 539
1 5 599 536 344 537 539 341 73 342
1 5 538 599 537 345 343 539 342 102
1 5 173 90 272 480 398 181 538 600
1 5 480 272 51 274 600 538 345 540
1 5 275 480 274 20 541 600 540 348
1 5 182 398 600 541 103 177 542 347
1 5 398 181 538 600 177 110 343 542
1 5 600 538 345 540 542 343 102 346
1 5 541 600 540 348 347 542 346 74
1 5 175 99 176 400 531 336 543 601
1 5 400 176 110 177 601 543 352 544
1 5 178 400 177 103 545 601 544 353
1 5 308 531 601 545 24 337 546 351
1 5 531 336 543 601 337 67 349 546
1 5 601 543 352 544 546 349 104 350
1 5 545 601 544 353 351 546 350 72
1 5 319 69 338 535 528 335 547 602
1 5 535 338 101 339 602 547 356 548
1 5 176 535 339 110 543 602 548 352
1 5 336 528 602 543 67 333 549 349
1 5 528 335 547 602 333 7 354 549
1 5 602 547 356 548 549 354 70 355
1 5 543 602 548 352 349 549 355 104
1 5 339 101 341 539 548 356 550 603
1 5 539 341 73 342 603 550 360 551
1 5 343 539 342 102 552 603 551 361
1 5 352 548 603 552 104 355 553 359
1 5 548 356 550 603 355 70 357 553
1 5 603 550 360 551 553 357 6 358
1 5 552 603 551 361 359 553 358 71
1 5 177 110 343 542 544 352 552 604
1 5 542 343 102 346 604 552 361 554
1 5 347 542 346 74 555 604 554 364
1 5 353 544 604 555 72 350 556 363
1 5 544 352 552 604 350 104 359 556
1 5 604 552 361 554 556 359 71 362
1 5 555 604 554 364 363 556 362 25

boundary
384
15 3 114 365 111 1
15 3 183 9 189 402
15 3 233 1 119 437
15 3 9 184 403 189
15 3 10 192 408 197
15 3 4 204 419 207
15 3 250 4 321 514
15 3 223 3 344 536
15 3 126 371 123 13
15 3 138 377 135 14
15 3 225 2 231 432
15 3 126 13 131 375
15 3 150 383 147 16
15 3 138 14 143 381
15 3 0 258 463 203
15 3 277 17 167 482
15 3 245 5 316 510
15 3 150 16 155 387
15 3 19 281 487 179
15 3 21 292 498 295
15 3 22 322 522 301
15 3 174 19 179 399
15 3 3 271 537 344
15 3 24 337 546 351
15 3 112 401 183 26
15 3 193 406 185 75
15 3 200 411 113 29
15 3 124 431 225 38
15 3 235 436 227 81
15 3 239 441 125 41
15 3 136 459 234 40
15 3 259 462 256 87
15 3 264 466 137 50
15 3 111 26 120 366
15 3 115 76 209 415
15 3 186 35 215 420
15 3 226 39 232 433
15 3 229 83 249 449
15 3 236 34 208 452
15 3 123 38 132 372
15 3 127 82 242 444
15 3 228 47 248 448
15 3 27 191 407 190
15 3 77 194 424 216
15 3 35 187 421 215
15 3 28 199 412 198
15 3 78 201 428 221
15 3 36 195 425 220
15 3 49 263 467 262
15 3 88 265 478 273
15 3 37 260 475 224
15 3 30 212 423 205
15 3 80 214 427 219
15 3 33 206 430 223
15 3 246 43 317 511
15 3 314 98 331 524
15 3 318 69 335 527
15 3 207 33 340 533
15 3 338 101 356 547
15 3 341 73 360 550
15 3 159 42 168 390
15 3 163 97 325 519
15 3 313 68 330 523
15 3 239 41 134 442
15 3 240 85 244 457
15 3 130 46 241 447
15 3 148 481 277 54
15 3 282 485 278 91
15 3 288 490 149 56
15 3 264 50 146 468
15 3 266 89 269 479
15 3 142 48 255 472
15 3 288 56 158 492
15 3 290 95 299 508
15 3 154 61 296 497
15 3 55 287 491 286
15 3 94 289 507 309
15 3 63 284 504 308
15 3 275 52 182 541
15 3 347 103 353 555
15 3 178 63 308 545
15 3 147 54 156 384
15 3 151 92 297 494
15 3 279 62 303 499
15 3 57 300 502 293
15 3 96 302 506 307
15 3 60 294 509 311
15 3 65 327 526 323
15 3 100 329 530 334
15 3 58 324 532 305
15 3 51 274 540 345
15 3 102 346 554 361
15 3 73 342 551 360
15 3 67 333 549 349
15 3 104 355 553 359
15 3 72 350 556 363
15 3 365 112 26 111
15 3 113 75 112 365
15 3 29 113 365 114
15 3 371 124 38 123
15 3 125 81 124 371
15 3 41 125 371 126
15 3 377 136 40 135
15 3 137 87 136 377
15 3 50 137 377 138
15 3 401 184 9 183
15 3 185 27 184 401
15 3 75 185 401 112
15 3 406 191 27 185
15 3 192 10 191 406
15 3 28 192 406 193
15 3 411 193 75 113
15 3 199 28 193 411
15 3 0 199 411 200
15 3 431 226 2 225
15 3 227 39 226 431
15 3 81 227 431 124
15 3 436 233 39 227
15 3 234 1 233 436
15 3 40 234 436 235
15 3 441 235 81 125
15 3 135 40 235 441
15 3 14 135 441 239
15 3 459 114 1 234
15 3 256 29 114 459
15 3 87 256 459 136
15 3 462 200 29 256
15 3 258 0 200 462
15 3 49 258 462 259
15 3 466 259 87 137
15 3 263 49 259 466
15 3 15 263 466 264
15 3 26 183 402 120
15 3 120 402 186 76
15 3 402 189 35 186
15 3 39 233 437 232
15 3 232 437 236 83
15 3 437 119 34 236
15 3 38 225 432 132
15 3 132 432 228 82
15 3 432 231 47 228
15 3 1 111 366 119
15 3 119 366 115 34
15 3 366 120 76 115
15 3 34 115 415 208
15 3 208 415 204 4
15 3 415 209 30 204
15 3 76 186 420 209
15 3 209 420 212 30
15 3 420 215 11 212
15 3 2 226 433 231
15 3 231 433 229 47
15 3 433 232 83 229
15 3 47 229 449 248
15 3 248 449 246 5
15 3 449 249 43 246
15 3 83 236 452 249
15 3 249 452 250 43
15 3 452 208 4 250
15 3 13 123 372 131
15 3 131 372 127 46
15 3 372 132 82 127
15 3 46 127 444 241
15 3 241 444 159 17
15 3 444 242 42 159
15 3 82 228 448 242
15 3 242 448 245 42
15 3 448 248 5 245
15 3 184 27 190 403
15 3 403 190 77 187
15 3 189 403 187 35
15 3 191 10 197 407
15 3 407 197 36 194
15 3 190 407 194 77
15 3 194 36 220 424
15 3 424 220 12 217
15 3 216 424 217 31
15 3 187 77 216 421
15 3 421 216 31 213
15 3 215 421 213 11
15 3 192 28 198 408
15 3 408 198 78 195
15 3 197 408 195 36
15 3 258 49 262 463
15 3 463 262 88 260
15 3 203 463 260 37
15 3 199 0 203 412
15 3 412 203 37 201
15 3 198 412 201 78
15 3 201 37 224 428
15 3 428 224 3 222
15 3 221 428 222 32
15 3 195 78 221 425
15 3 425 221 32 218
15 3 220 425 218 12
15 3 263 15 267 467
15 3 467 267 53 265
15 3 262 467 265 88
15 3 265 53 276 478
15 3 478 276 20 274
15 3 273 478 274 51
15 3 260 88 273 475
15 3 475 273 51 271
15 3 224 475 271 3
15 3 204 30 205 419
15 3 419 205 80 206
15 3 207 419 206 33
15 3 43 250 514 317
15 3 317 514 318 98
15 3 514 321 69 318
15 3 33 223 536 340
15 3 340 536 341 101
15 3 536 344 73 341
15 3 42 245 510 168
15 3 168 510 313 97
15 3 510 316 68 313
15 3 212 11 213 423
15 3 423 213 31 214
15 3 205 423 214 80
15 3 214 31 217 427
15 3 427 217 12 218
15 3 219 427 218 32
15 3 206 80 219 430
15 3 430 219 32 222
15 3 223 430 222 3
15 3 5 246 511 316
15 3 316 511 314 68
15 3 511 317 98 314
15 3 68 314 524 330
15 3 330 524 328 8
15 3 524 331 66 328
15 3 98 318 527 331
15 3 331 527 332 66
15 3 527 335 7 332
15 3 4 207 533 321
15 3 321 533 338 69
15 3 533 340 101 338
15 3 69 338 547 335
15 3 335 547 354 7
15 3 547 356 70 354
15 3 101 341 550 356
15 3 356 550 357 70
15 3 550 360 6 357
15 3 17 159 390 167
15 3 167 390 163 62
15 3 390 168 97 163
15 3 62 163 519 303
15 3 303 519 322 22
15 3 519 325 65 322
15 3 97 313 523 325
15 3 325 523 327 65
15 3 523 330 8 327
15 3 41 126 375 134
15 3 134 375 130 85
15 3 375 131 46 130
15 3 383 148 54 147
15 3 149 91 148 383
15 3 56 149 383 150
15 3 14 239 442 143
15 3 143 442 240 48
15 3 442 134 85 240
15 3 48 240 457 255
15 3 255 457 254 19
15 3 457 244 45 254
15 3 85 130 447 244
15 3 244 447 162 45
15 3 447 241 17 162
15 3 481 162 17 277
15 3 278 45 162 481
15 3 91 278 481 148
15 3 485 254 45 278
15 3 281 19 254 485
15 3 55 281 485 282
15 3 490 282 91 149
15 3 287 55 282 490
15 3 18 287 490 288
15 3 50 138 381 146
15 3 146 381 142 89
15 3 381 143 48 142
15 3 56 150 387 158
15 3 158 387 154 95
15 3 387 155 61 154
15 3 281 55 286 487
15 3 487 286 94 284
15 3 179 487 284 63
15 3 52 174 399 182
15 3 182 399 178 103
15 3 399 179 63 178
15 3 15 264 468 267
15 3 267 468 266 53
15 3 468 146 89 266
15 3 53 266 479 276
15 3 276 479 275 20
15 3 479 269 52 275
15 3 89 142 472 269
15 3 269 472 174 52
15 3 472 255 19 174
15 3 18 288 492 291
15 3 291 492 290 64
15 3 492 158 95 290
15 3 64 290 508 312
15 3 312 508 311 23
15 3 508 299 60 311
15 3 95 154 497 299
15 3 299 497 295 60
15 3 497 296 21 295
15 3 287 18 291 491
15 3 491 291 64 289
15 3 286 491 289 94
15 3 289 64 312 507
15 3 507 312 23 310
15 3 309 507 310 59
15 3 284 94 309 504
15 3 504 309 59 306
15 3 308 504 306 24
15 3 20 275 541 348
15 3 348 541 347 74
15 3 541 182 103 347
15 3 74 347 555 364
15 3 364 555 363 25
15 3 555 353 72 363
15 3 103 178 545 353
15 3 353 545 351 72
15 3 545 308 24 351
15 3 54 277 482 156
15 3 156 482 279 92
15 3 482 167 62 279
15 3 16 147 384 155
15 3 155 384 151 61
15 3 384 156 92 151
15 3 61 151 494 296
15 3 296 494 292 21
15 3 494 297 57 292
15 3 92 279 499 297
15 3 297 499 300 57
15 3 499 303 22 300
15 3 292 57 293 498
15 3 498 293 96 294
15 3 295 498 294 60
15 3 322 65 323 522
15 3 522 323 100 324
15 3 301 522 324 58
15 3 300 22 301 502
15 3 502 301 58 302
15 3 293 502 302 96
15 3 302 58 305 506
15 3 506 305 24 306
15 3 307 506 306 59
15 3 294 96 307 509
15 3 509 307 59 310
15 3 311 509 310 23
15 3 327 8 328 526
15 3 526 328 66 329
15 3 323 526 329 100
15 3 329 66 332 530
15 3 530 332 7 333
15 3 334 530 333 67
15 3 324 100 334 532
15 3 532 334 67 337
15 3 305 532 337 24
15 3 271 51 345 537
15 3 537 345 102 342
15 3 344 537 342 73
15 3 274 20 348 540
15 3 540 348 74 346
15 3 345 540 346 102
15 3 346 74 364 554
15 3 554 364 25 362
15 3 361 554 362 71
15 3 342 102 361 551
15 3 551 361 71 358
15 3 360 551 358 6
15 3 337 67 349 546
15 3 546 349 104 350
15 3 351 546 350 72
15 3 333 7 354 549
15 3 549 354 70 355
15 3 349 549 355 104
15 3 355 70 357 553
15 3 553 357 6 358
15 3 359 553 358 71
15 3 350 104 359 556
15 3 556 359 71 362
15 3 363 556 362 25

vertices
605

nodes
FiniteElementSpace
FiniteElementCollection: H1_3D_P2
VDim: 3
Ordering: 0

-0.57019239
-0.59335069
-0.57019239
-0.47240707
-0.48603889
-0.47240707
-0.37864925
-0.38463884
-0.37864925
-0.3224644
-0.30722904
-0.25629728
-0.24775119
-0.68827279
-0.73185567
-0.68827279
-0.56723152
-0.54236453
-0.59630391
-0.56723152
-0.54236453
-0.42041877
-0.40974402
-0.43275991
-0.42041877
-0.40974402
-0.45790755
-0.31484672
-0.43871072
-0.58177154
-0.37116809
-0.25202424
-0.36007913
-0.47922298
-0.53969479
-0.28938084
-0.27749011
-0.52129973
-0.62923259
-0.58177154
-0.66260318
-0.71006423
-0.5073858
-0.47922298
-0.5266352
-0.55479803
-0.61531866
-0.52129973
-0.64954359
-0.62923259
-0.71006423
-0.5073858
-0.55479803
-0.61531866
-0.55479803
-0.58176771
-0.58176771
-0.41508139
-0.41508139
-0.42658934
-0.42658934
-0.49382514
-0.47605428
-0.49382514
-0.51453191
-0.39419663
-0.38164404
-0.4025288
-0.42552816
-0.43533886
-0.38164404
-0.39419663
-0.41508139
-0.42552816
-0.47605428
-0.44830913
-0.41453782
-0.28343548
-0.39939492
-0.53049726
-0.36562361
-0.64591789
-0.5683092
-0.53049726
-0.59461919
-0.63243113
-0.5170105
-0.64591789
-0.5683092
-0.63243113
-0.5170105
-0.56828287
-0.48493971
-0.48493971
-0.50417853
-0.50417853
-0.42083536
-0.45079122
-0.43043351
-0.464582
-0.39836272
-0.43043351
-0.45079122
-0.48493971
-0.39836272
-0.40696637
-0.58146419
-0.58146419
-0.49455912
-0.45768661
-0.45768661
-0.52562912
-0.45310834
-0.51504034
-0.58756112
-0.4771163
-0.41075209
-0.46873181
-0.53509603
-0.56652274
-0.43622268
-0.42763775
-0.5561344
-0.65875269
-0.63757524
-0.67799106
-0.69916851
-0.59181393
-0.5748867
-0.60694766
-0.6238749
-0.65179573
-0.59877089
-0.61369104
-0.67124768
-0.69722943
-0.65426054
-0.67799106
-0.72095995
-0.62208139
-0.58804169
-0.60694766
-0.64098736
-0.69069963
-0.62861119
-0.61369104
-0.67124768
-0.56101477
-0.56154045
-0.57502529
-0.57449962
-0.48938243
-0.48974941
-0.49936882
-0.49900183
-0.53052833
-0.51986887
-0.53142099
-0.54297312
-0.52487517
-0.51219815
-0.53590426
-0.54858128
-0.46342275
-0.45423891
-0.47131316
-0.48049699
-0.50920941
-0.47908851
-0.48734856
-0.51986887
-0.54693336
-0.52182285
-0.53590426
-0.56101477
-0.47920357
-0.46113431
-0.47131316
-0.48938243
-0.53052833
-0.4956086
-0.48734856
-0.51986887
-0.39018598
-0.31865556
-0.38157793
-0.35195933
-0.28640816
-0.34520092
-0.30592262
-0.2991411
-0.31103788
-0.37296988
-0.44350992
-0.2804628
-0.33844252
-0.40318065
-0.29235958
-0.41905282
-0.50445155
-0.57598197
-0.46034733
-0.52589849
-0.54574606
-0.42860349
-0.36839585
-0.42242329
-0.48263093
-0.51286684
-0.39285295
-0.38629499
-0.50486012
-0.31373269
-0.25416076
-0.30882392
-0.27283906
-0.26772986
-0.24988771
-0.30391516
-0.36285137
-0.26262065
-0.37973702
-0.4162431
-0.47581502
-0.4968534
-0.59971249
-0.57598197
-0.61384472
-0.54480446
-0.52589849
-0.55598073
-0.54574606
-0.5561344
-0.58756112
-0.62797694
-0.65426054
-0.53509603
-0.56715699
-0.58804169
-0.72095995
-0.64098736
-0.5788416
-0.5378475
-0.54923735
-0.59361458
-0.48989643
-0.47581502
-0.49811674
-0.4968534
-0.50486012
-0.48263093
-0.50633705
-0.52182285
-0.5606272
-0.56101477
-0.60838756
-0.61384472
-0.55598073
-0.59971249
-0.63757524
-0.54480446
-0.5748867
-0.59877089
-0.65875269
-0.69916851
-0.59181393
-0.6238749
-0.65179573
-0.54923735
-0.59361458
-0.49811674
-0.48989643
-0.51219815
-0.5378475
-0.52487517
-0.54858128
-0.5788416
-0.54858128
-0.56154045
-0.48049699
-0.48974941
-0.57449962
-0.57502529
-0.48938243
-0.49900183
-0.49936882
-0.54297312
-0.58903581
-0.58903581
-0.50935522
-0.50935522
-0.55541791
-0.41775008
-0.41795838
-0.42371235
-0.42350405
-0.45712196
-0.45001055
-0.45769724
-0.46538393
-0.4124127
-0.4124127
-0.41795838
-0.44289915
-0.45001055
-0.41775008
-0.42350405
-0.42371235
-0.45712196
-0.46538393
-0.42967462
-0.42967462
-0.47364591
-0.43815969
-0.42798083
-0.44406006
-0.44896761
-0.45482824
-0.43288619
-0.44996043
-0.46113431
-0.46068888
-0.40197032
-0.39627968
-0.40672206
-0.42249392
-0.42802466
-0.38642294
-0.38014665
-0.39000338
-0.4020887
-0.40603878
-0.38314144
-0.39358382
-0.40044576
-0.40998885
-0.4335554
-0.41147379
-0.43288619
-0.44406006
-0.45482824
-0.42798083
-0.43815969
-0.45423891
-0.44896761
-0.47908851
-0.46342275
-0.48049699
-0.50920941
-0.40044576
-0.40672206
-0.41775008
-0.42802466
-0.45001055
-0.38314144
-0.39000338
-0.40603878
-0.38014665
-0.38642294
-0.39627968
-0.4020887
-0.42249392
-0.40197032
-0.4124127
-0.44289915
-0.52033473
-0.50137271
-0.43193022
-0.49188608
-0.56132857
-0.47292406
-0.66837188
-0.62528331
-0.60623097
-0.64246936
-0.6615217
-0.5993808
-0.68761024
-0.65965541
-0.62115111
-0.64246936
-0.68097366
-0.61451453
-0.56802003
-0.5251986
-0.52564493
-0.53719706
-0.53675073
-0.49437562
-0.53038972
-0.49414896
-0.48321853
-0.50360871
-0.51453914
-0.46736795
-0.54141881
-0.51306847
-0.49147858
-0.50360871
-0.5251986
-0.47525837
-0.38588195
-0.37107265
-0.30253186
-0.36338943
-0.34858013
-0.3772739
-0.29575034
-0.3557062
-0.42334528
-0.34182172
-0.50974595
-0.48239944
-0.55094023
-0.46453957
-0.4528599
-0.38957397
-0.44557755
-0.50886348
-0.42551339
-0.33284601
-0.27028446
-0.32701242
-0.3112783
-0.26517525
-0.32117884
-0.38301601
-0.30636954
-0.43829521
-0.50085676
-0.41933319
-0.6067786
-0.57225848
-0.55094023
-0.58491272
-0.5503926
-0.62091083
-0.56132857
-0.59756697
-0.62115111
-0.56156886
-0.68761024
-0.68097366
-0.61451453
-0.55834455
-0.54354242
-0.57142596
-0.58622809
-0.51735045
-0.50085676
-0.52704873
-0.49400659
-0.50886348
-0.53674702
-0.55493227
-0.50222689
-0.58450738
-0.60100107
-0.54141881
-0.62091083
-0.58491272
-0.56156886
-0.6067786
-0.57225848
-0.60623097
-0.5503926
-0.66837188
-0.62528331
-0.6615217
-0.5993808
-0.55493227
-0.57142596
-0.60100107
-0.52704873
-0.50222689
-0.51735045
-0.54354242
-0.49400659
-0.55834455
-0.58622809
-0.53038972
-0.55506086
-0.51453914
-0.52564493
-0.4851232
-0.56802003
-0.5251986
-0.53675073
-0.53719706
-0.49437562
-0.58203055
-0.54919551
-0.54919551
-0.50436202
-0.45356625
-0.4538539
-0.46154059
-0.46125294
-0.42073122
-0.44645485
-0.44645485
-0.4538539
-0.41518554
-0.45356625
-0.46125294
-0.46154059
-0.42073122
-0.46951492
-0.46951492
-0.42669349
-0.46402806
-0.45189793
-0.4710884
-0.44110987
-0.45775856
-0.47814874
-0.49147858
-0.44701025
-0.47525837
-0.43269653
-0.42525929
-0.43901761
-0.40434619
-0.41229131
-0.40406374
-0.41703172
-0.38821316
-0.40801381
-0.42177213
-0.43079003
-0.3917936
-0.44533868
-0.40909792
-0.45775856
-0.4710884
-0.44701025
-0.45189793
-0.46402806
-0.48321853
-0.44110987
-0.49414896
-0.51453914
-0.46736795
-0.43079003
-0.43901761
-0.45356625
-0.40909792
-0.40801381
-0.41703172
-0.3917936
-0.40406374
-0.41229131
-0.42525929
-0.38821316
-0.43269653
-0.44645485
-0.40434619
-0.49662939
-0.63387634
-0.65106239
-0.53119783
-0.49887883
-0.50833859
-0.36723104
-0.35954781
-0.48714276
-0.44921872
-0.32992922
-0.32409563
-0.44193638
-0.5785856
-0.59123984
-0.65106239
-0.56488526
-0.52219959
-0.53189788
-0.57796667
-0.59123984
-0.5785856
-0.63387634
-0.57796667
-0.53189788
-0.52219959
-0.56488526
-0.52009203
-0.53119783
-0.54319629
-0.45755342
-0.45015437
-0.45755342
-0.46552775
-0.46755823
-0.47461857
-0.50833859
-0.43585707
-0.41466152
-0.41940192
-0.44217814
-0.47461857
-0.46755823
-0.49887883
-0.44217814
-0.41940192
-0.41466152
-0.43585707
-0.55948991
-0.52298193
-0.55394792
-0.59045591
-0.53394773
-0.49900105
-0.52897898
-0.56392566
-0.57993672
-0.51350092
-0.50848206
-0.57444485
-0.67351274
-0.66356228
-0.68377019
-0.69372065
-0.63853952
-0.62957982
-0.64769902
-0.65665872
-0.67003426
-0.642018
-0.65112411
-0.68034511
-0.71454255
-0.69241983
-0.7042851
-0.72640781
-0.67517752
-0.6553589
-0.66601802
-0.68583664
-0.71127765
-0.67844242
-0.66933631
-0.7009668
-0.56412315
-0.5645174
-0.57125982
-0.57086557
-0.52786347
-0.52819821
-0.53397428
-0.53363953
-0.54887992
-0.54310669
-0.54960893
-0.55562517
-0.53361985
-0.52763244
-0.5394855
-0.54547291
-0.50167918
-0.4965139
-0.50670899
-0.51187427
-0.52578697
-0.50951206
-0.51463428
-0.53156021
-0.55708244
-0.54417609
-0.55121679
-0.56412315
-0.5217984
-0.51070353
-0.51676859
-0.52786347
-0.54887992
-0.53000091
-0.5248787
-0.54310669
-0.42404676
-0.38803396
-0.41949515
-0.45550795
-0.40364767
-0.36915185
-0.39958063
-0.43407645
-0.44706512
-0.38062932
-0.3765565
-0.44251928
-0.41494353
-0.37942592
-0.41039191
-0.44590953
-0.39551359
-0.36146862
-0.39144655
-0.42549152
-0.43797344
-0.37248368
-0.36841086
-0.4334276
-0.54840594
-0.51239314
-0.54286396
-0.57887676
-0.52401024
-0.48951442
-0.51904149
-0.55353732
-0.56895297
-0.50346321
-0.49844435
-0.5634611
-0.50840555
-0.47502018
-0.50401004
-0.53739541
-0.48286337
-0.45103931
-0.4790411
-0.51086516
-0.52628082
-0.4649881
-0.46107139
-0.52197975
-0.38324857
-0.35026973
-0.37966611
-0.41264496
-0.36284948
-0.33138761
-0.35975159
-0.39121346
-0.40369538
-0.34240267
-0.33925467
-0.40016303
-0.37608365
-0.34351132
-0.37250118
-0.40507351
-0.35665371
-0.32555403
-0.35355582
-0.3846555
-0.39663068
-0.33610667
-0.33295868
-0.39309833
-0.49961454
-0.46663569
-0.49521903
-0.52819788
-0.47521884
-0.44375697
-0.47139657
-0.50285844
-0.51767869
-0.45715468
-0.45323798
-0.51337763
-0.61447254
-0.60324555
-0.62217692
-0.63340392
-0.58551469
-0.57542204
-0.59240828
-0.60250093
-0.61400174
-0.58598549
-0.5926821
-0.6219031
-0.6298813
-0.61737777
-0.63758568
-0.65008921
-0.59930188
-0.58807628
-0.60619548
-0.61742108
-0.62980446
-0.59937872
-0.60607534
-0.63770582
-0.69402765
-0.68280065
-0.7042851
-0.71551209
-0.65685852
-0.64676587
-0.66601802
-0.67611067
-0.69065596
-0.66023021
-0.66933631
-0.7009668
-0.6035663
-0.59559736
-0.61162785
-0.61959678
-0.56859307
-0.5616149
-0.57555667
-0.58253484
-0.59708013
-0.57507924
-0.58213303
-0.60505149
-0.55655683
-0.54759853
-0.56263965
-0.57159795
-0.52759897
-0.51977502
-0.53287101
-0.54069496
-0.55307835
-0.53107746
-0.53629609
-0.55921456
-0.56872246
-0.55877479
-0.57480528
-0.58475294
-0.53814304
-0.5294733
-0.54341507
-0.55208481
-0.56535077
-0.54151473
-0.54673337
-0.57148698
-0.6196894
-0.61073109
-0.62775094
-0.63670925
-0.58252027
-0.57469632
-0.58948387
-0.59730782
-0.61302285
-0.58918681
-0.5962406
-0.62099421
-0.64529006
-0.62444388
-0.63758568
-0.65843186
-0.61308908
-0.5944034
-0.60619548
-0.62488115
-0.64560719
-0.61277195
-0.60607534
-0.63770582
-0.6298813
-0.61031166
-0.62217692
-0.64174656
-0.59930188
-0.58174916
-0.59240828
-0.609961
-0.62980446
-0.59937872
-0.5926821
-0.6219031
-0.69402765
-0.67318147
-0.68377019
-0.70461637
-0.65685852
-0.63817285
-0.64769902
-0.66638469
-0.69065596
-0.66023021
-0.65112411
-0.68034511
-0.63581249
-0.61829796
-0.62775094
-0.64526548
-0.59644747
-0.58123702
-0.58948387
-0.60469431
-0.62896558
-0.60329439
-0.5962406
-0.62099421
-0.58088809
-0.56436293
-0.57480528
-0.59133044
-0.54868711
-0.53432245
-0.54341507
-0.55777974
-0.5776232
-0.55195201
-0.54673337
-0.57148698
-0.56872246
-0.55318666
-0.56263965
-0.57817545
-0.53814304
-0.52462416
-0.53287101
-0.54638989
-0.56535077
-0.54151473
-0.53629609
-0.55921456
-0.6196894
-0.60316423
-0.61162785
-0.62815301
-0.58252027
-0.56815561
-0.57555667
-0.58992133
-0.61302285
-0.58918681
-0.58213303
-0.60505149
-0.55168965
-0.55182107
-0.55830066
-0.55816924
-0.517204
-0.51731559
-0.52286848
-0.5227569
-0.53733345
-0.53156021
-0.53757645
-0.54359269
-0.56491166
-0.56478024
-0.57152266
-0.57165408
-0.52853296
-0.52842138
-0.53419744
-0.53430903
-0.54985193
-0.54359269
-0.54960893
-0.55611117
-0.5783965
-0.57852792
-0.58553318
-0.58540176
-0.54008509
-0.54019667
-0.5461959
-0.54608432
-0.56237042
-0.55611117
-0.56261342
-0.56911566
-0.49160379
-0.49187903
-0.49668873
-0.49641349
-0.45534411
-0.45555984
-0.45940318
-0.45918745
-0.47547355
-0.47147434
-0.47596452
-0.48012739
-0.48271835
-0.4828101
-0.48743631
-0.48734456
-0.4482327
-0.44830461
-0.45200413
-0.45193222
-0.46747513
-0.46347592
-0.46763879
-0.47180165
-0.49215427
-0.49206252
-0.49687222
-0.49696397
-0.45577557
-0.45570366
-0.459547
-0.45961891
-0.47612818
-0.47180165
-0.47596452
-0.4804547
-0.50177367
-0.50186542
-0.50685862
-0.50676687
-0.46346226
-0.46353417
-0.46752134
-0.46744943
-0.48478123
-0.4804547
-0.48494489
-0.48943507
-0.49864112
-0.49195151
-0.50310237
-0.50979198
-0.47155828
-0.46579315
-0.47538838
-0.48115352
-0.49323715
-0.47696225
-0.48078241
-0.49770834
-0.50756362
-0.50017182
-0.51202487
-0.51941668
-0.47921848
-0.47285348
-0.48304857
-0.48941357
-0.50217953
-0.48460257
-0.48842273
-0.50665072
-0.54535115
-0.53866154
-0.55121679
-0.5579064
-0.51173879
-0.50597365
-0.51676859
-0.52253373
-0.53733345
-0.51975649
-0.5248787
-0.54310669
-0.46973851
-0.46539535
-0.47393247
-0.47827563
-0.43779784
-0.4342768
-0.44115596
-0.444677
-0.45947671
-0.44805964
-0.45161251
-0.46347592
-0.44447545
-0.43963478
-0.44767439
-0.45251506
-0.41739262
-0.41347642
-0.41996041
-0.42387661
-0.43664257
-0.4252255
-0.4278857
-0.4397491
-0.45087334
-0.44553515
-0.45407228
-0.45941046
-0.42252819
-0.41821682
-0.42509598
-0.42940735
-0.44285564
-0.43054589
-0.43320609
-0.44596217
-0.47812643
-0.47328576
-0.4823204
-0.48716107
-0.44451408
-0.44059788
-0.4478722
-0.4517884
-0.46747513
-0.45516538
-0.45871826
-0.47147434
-0.51648612
-0.50428197
-0.51202487
-0.52422903
-0.48687867
-0.47638365
-0.48304857
-0.49354359
-0.5111219
-0.49224289
-0.48842273
-0.50665072
-0.50756362
-0.49606166
-0.50310237
-0.51460433
-0.47921848
-0.46932332
-0.47538838
-0.48528354
-0.50217953
-0.48460257
-0.48078241
-0.49770834
-0.54535115
-0.53314699
-0.5394855
-0.55168965
-0.51173879
-0.50124377
-0.50670899
-0.517204
-0.53733345
-0.51975649
-0.51463428
-0.53156021
-0.48651436
-0.47723097
-0.4823204
-0.49160379
-0.45123032
-0.44375841
-0.4478722
-0.45534411
-0.47547355
-0.46227113
-0.45871826
-0.47147434
-0.45727122
-0.44848534
-0.45407228
-0.46285816
-0.42766377
-0.42058703
-0.42509598
-0.43217272
-0.4490687
-0.43586628
-0.43320609
-0.44596217
-0.45087334
-0.44258497
-0.44767439
-0.45596276
-0.42252819
-0.41584662
-0.41996041
-0.42664198
-0.44285564
-0.43054589
-0.4278857
-0.4397491
-0.47812643
-0.46934056
-0.47393247
-0.48271835
-0.44451408
-0.43743734
-0.44115596
-0.4482327
-0.46747513
-0.45516538
-0.45161251
-0.46347592
-0.49176834
-0.48672154
-0.4687977
-0.46427981
-0.45070874
-0.48167474
-0.51768753
-0.42978398
-0.45976191
-0.49425774
-0.58466633
-0.55873149
-0.55310877
-0.48924451
-0.48477673
-0.5482123
-0.44582706
-0.44183808
-0.42538025
-0.42134116
-0.40885923
-0.43784909
-0.47082794
-0.41730206
-0.48030895
-0.53279664
-0.54331583
-0.64399264
-0.65297356
-0.6120271
-0.62005365
-0.64174656
-0.66195447
-0.67318147
-0.609961
-0.6280802
-0.63817285
-0.70461637
-0.66638469
-0.6335572
-0.60854862
-0.61662857
-0.6426983
-0.58006156
-0.58713375
-0.58354005
-0.59055883
-0.57817545
-0.59420593
-0.60316423
-0.59757762
-0.62470851
-0.62815301
-0.65183941
-0.6799163
-0.67093539
-0.6441333
-0.63610675
-0.65008921
-0.66195447
-0.68280065
-0.61742108
-0.6280802
-0.64676587
-0.71551209
-0.67611067
-0.67012161
-0.6408684
-0.63278846
-0.66098051
-0.60835029
-0.60127811
-0.61161519
-0.6045964
-0.58475294
-0.59420593
-0.61073109
-0.59757762
-0.62470851
-0.63670925
-0.65183941
-0.5579064
-0.56478024
-0.52253373
-0.52842138
-0.56491166
-0.57165408
-0.57152266
-0.52853296
-0.53430903
-0.53419744
-0.57813367
-0.53986192
-0.51217674
-0.50729051
-0.51278673
-0.51787628
-0.48716107
-0.49206252
-0.50240429
-0.50769717
-0.49215427
-0.49696397
-0.49687222
-0.51299006
-0.51828294
-0.50159018
-0.52357582
-0.51613048
-0.52129393
-0.48661873
-0.49104868
-0.51460433
-0.52645738
-0.53314699
-0.48528354
-0.49547863
-0.50124377
-0.55168965
-0.517204
-0.49263184
-0.47878585
-0.48312339
-0.49751806
-0.45710698
-0.46080343
-0.46493986
-0.46872872
-0.45596276
-0.46449989
-0.46934056
-0.47251758
-0.48746094
-0.48271835
-0.50240429
-0.53678428
-0.53162083
-0.50433854
-0.49990858
-0.51941668
-0.52645738
-0.53866154
-0.48941357
-0.49547863
-0.50597365
-0.5579064
-0.52253373
-0.51217674
-0.49613602
-0.49179848
-0.50729051
-0.47189279
-0.46819634
-0.4800953
-0.47630644
-0.45941046
-0.46449989
-0.47328576
-0.47251758
-0.48746094
-0.48716107
-0.50240429
-0.35632519
-0.32055998
-0.35226876
-0.33849764
-0.30422724
-0.33488145
-0.31419351
-0.31059371
-0.31675114
-0.34821232
-0.38372994
-0.30083648
-0.33126526
-0.36531023
-0.30699391
-0.36151599
-0.35790558
-0.32067009
-0.2878945
-0.31749414
-0.29765173
-0.29447001
-0.28492182
-0.3143182
-0.34689053
-0.29128829
-0.35429518
-0.3129423
-0.34415589
-0.29744572
-0.32764908
-0.30339411
-0.30913346
-0.34009946
-0.37512189
-0.29405496
-0.32403289
-0.357627
-0.29979431
-0.36433804
-0.4058403
-0.44111032
-0.38737951
-0.42119905
-0.42888177
-0.35068477
-0.41326297
-0.28194914
-0.31114226
-0.28810657
-0.27897645
-0.30796632
-0.34013212
-0.28492484
-0.34707436
-0.36891872
-0.40128778
-0.40922387
-0.47662794
-0.45524402
-0.47158114
-0.50709875
-0.45072613
-0.4847711
-0.4934255
-0.53732197
-0.57308718
-0.51407275
-0.54834315
-0.55796923
-0.47584116
-0.53841936
-0.43386011
-0.42987112
-0.46244345
-0.47137338
-0.49082353
-0.52359911
-0.5335229
-0.42285642
-0.41939635
-0.38793448
-0.41593627
-0.44739814
-0.5068618
-0.45732119
-0.42705844
-0.45407216
-0.48433491
-0.49945286
-0.44073169
-0.43736606
-0.49574721
-0.39988579
-0.36978197
-0.39695462
-0.38201052
-0.37898491
-0.36700973
-0.39402345
-0.42396834
-0.3759593
-0.43400042
-0.45082313
-0.48092695
-0.49204155
-0.30284254
-0.27156176
-0.30010684
-0.28110995
-0.27834631
-0.26900716
-0.29737114
-0.32847082
-0.27558267
-0.34245039
-0.31250549
-0.33983707
-0.32328935
-0.32060376
-0.28501499
-0.25522902
-0.28271953
-0.26456817
-0.26222261
-0.2530925
-0.28042408
-0.31005111
-0.25987705
-0.31791817
-0.33722376
-0.26645256
-0.29463544
-0.27281902
-0.26389795
-0.29189974
-0.32263723
-0.27005538
-0.32981068
-0.35045793
-0.38137651
-0.38956597
-0.30759673
-0.33461045
-0.36423749
-0.31523258
-0.37293369
-0.25095597
-0.27812862
-0.25753148
-0.24881945
-0.27583317
-0.30514235
-0.25518592
-0.312547
-0.33199714
-0.36146525
-0.36990808
-0.41247619
-0.40901612
-0.4401158
-0.44932127
-0.4675743
-0.49885508
-0.50907656
-0.42087824
-0.44757411
-0.477519
-0.43063479
-0.48833589
-0.39109228
-0.38816111
-0.41778815
-0.42726915
-0.44432508
-0.47411104
-0.48463023
-0.58495244
-0.57308718
-0.59138029
-0.55900227
-0.54834315
-0.56476292
-0.55796923
-0.5634611
-0.57887676
-0.59780813
-0.61031166
-0.55353732
-0.57052356
-0.58174916
-0.56895297
-0.55853147
-0.5644891
-0.5330521
-0.52359911
-0.53814555
-0.5335229
-0.53841936
-0.52819788
-0.54323899
-0.55318666
-0.54331583
-0.57044672
-0.58466633
-0.60423597
-0.55873149
-0.57628421
-0.57444485
-0.59045591
-0.61066382
-0.62444388
-0.56392566
-0.58204485
-0.5944034
-0.65843186
