MFEM mesh v1.0

#
# MFEM Geometry Types (see mesh/geom.hpp):
#
# POINT       = 0
# SEGMENT     = 1
# TRIANGLE    = 2
# SQUARE      = 3
# TETRAHEDRON = 4
# CUBE        = 5
#

dimension
3

elements
512
1 5 10 135 453 138 143 454 701 457
1 5 20 147 459 150 155 460 702 463
1 5 21 159 465 162 167 466 703 469
1 5 22 171 471 174 179 472 704 475
1 5 25 183 477 186 191 478 705 481
1 5 13 195 483 198 203 484 706 487
1 5 12 207 489 210 215 490 707 493
1 5 15 219 495 222 227 496 708 499
1 5 30 231 501 136 144 502 709 455
1 5 89 233 506 241 145 504 710 509
1 5 33 137 511 248 146 456 711 513
1 5 38 139 458 142 256 515 712 518
1 5 90 234 505 140 257 520 713 516
1 5 127 236 510 244 258 522 714 526
1 5 93 141 514 250 259 517 715 529
1 5 42 273 531 148 156 532 716 461
1 5 95 274 535 279 157 533 717 538
1 5 45 149 540 285 158 462 718 542
1 5 50 151 464 154 293 544 719 547
1 5 96 275 534 152 294 549 720 545
1 5 128 276 539 282 295 551 721 555
1 5 99 153 543 287 296 546 722 558
1 5 54 310 560 160 168 561 723 467
1 5 101 311 564 316 169 562 724 567
1 5 43 161 569 277 170 468 725 536
1 5 51 163 470 166 300 571 726 550
1 5 102 312 563 164 323 575 727 572
1 5 129 313 568 319 324 577 728 581
1 5 97 165 570 280 301 573 729 553
1 5 62 335 585 172 180 586 730 473
1 5 106 336 589 340 181 587 731 591
1 5 55 173 593 314 182 474 732 565
1 5 60 175 476 178 327 595 733 576
1 5 107 337 588 176 343 598 734 596
1 5 130 338 592 342 344 599 735 602
1 5 103 177 594 317 328 597 736 579
1 5 64 345 600 184 192 606 737 479
1 5 109 346 603 348 193 608 738 612
1 5 58 185 605 329 194 480 739 614
1 5 70 187 482 190 364 616 740 619
1 5 110 350 609 188 365 621 741 617
1 5 131 352 613 357 366 623 742 627
1 5 113 189 615 359 367 618 743 630
1 5 56 315 632 196 204 566 744 485
1 5 115 381 635 385 205 633 745 638
1 5 76 197 640 392 206 486 746 642
1 5 52 199 488 202 305 583 747 646
1 5 104 318 634 200 333 580 748 644
1 5 132 382 639 388 399 649 749 653
1 5 118 201 643 394 400 645 750 656
1 5 63 339 658 208 216 590 751 491
1 5 120 411 661 414 217 659 752 663
1 5 74 209 665 383 218 492 753 636
1 5 61 211 494 214 332 604 754 648
1 5 108 341 660 212 349 601 755 668
1 5 133 412 664 416 420 670 756 673
1 5 116 213 667 386 402 669 757 651
1 5 65 347 671 220 228 611 758 497
1 5 122 421 674 423 229 678 759 682
1 5 77 221 676 403 230 498 760 685
1 5 73 223 500 226 380 629 761 689
1 5 112 356 679 224 377 626 762 687
1 5 134 427 683 431 440 692 763 696
1 5 125 225 686 435 441 688 764 699
1 5 135 30 136 453 454 144 455 701
1 5 453 136 89 137 701 455 145 456
1 5 138 453 137 33 457 701 456 146
1 5 143 454 701 457 38 139 458 142
1 5 454 144 455 701 139 90 140 458
1 5 701 455 145 456 458 140 127 141
1 5 457 701 456 146 142 458 141 93
1 5 147 42 148 459 460 156 461 702
1 5 459 148 95 149 702 461 157 462
1 5 150 459 149 45 463 702 462 158
1 5 155 460 702 463 50 151 464 154
1 5 460 156 461 702 151 96 152 464
1 5 702 461 157 462 464 152 128 153
1 5 463 702 462 158 154 464 153 99
1 5 159 54 160 465 466 168 467 703
1 5 465 160 101 161 703 467 169 468
1 5 162 465 161 43 469 703 468 170
1 5 167 466 703 469 51 163 470 166
1 5 466 168 467 703 163 102 164 470
1 5 703 467 169 468 470 164 129 165
1 5 469 703 468 170 166 470 165 97
1 5 171 62 172 471 472 180 473 704
1 5 471 172 106 173 704 473 181 474
1 5 174 471 173 55 475 704 474 182
1 5 179 472 704 475 60 175 476 178
1 5 472 180 473 704 175 107 176 476
1 5 704 473 181 474 476 176 130 177
1 5 475 704 474 182 178 476 177 103
1 5 183 64 184 477 478 192 479 705
1 5 477 184 109 185 705 479 193 480
1 5 186 477 185 58 481 705 480 194
1 5 191 478 705 481 70 187 482 190
1 5 478 192 479 705 187 110 188 482
1 5 705 479 193 480 482 188 131 189
1 5 481 705 480 194 190 482 189 113
1 5 195 56 196 483 484 204 485 706
1 5 483 196 115 197 706 485 205 486
1 5 198 483 197 76 487 706 486 206
1 5 203 484 706 487 52 199 488 202
1 5 484 204 485 706 199 104 200 488
1 5 706 485 205 486 488 200 132 201
1 5 487 706 486 206 202 488 201 118
1 5 207 63 208 489 490 216 491 707
1 5 489 208 120 209 707 491 217 492
1 5 210 489 209 74 493 707 492 218
1 5 215 490 707 493 61 211 494 214
1 5 490 216 491 707 211 108 212 494
1 5 707 491 217 492 494 212 133 213
1 5 493 707 492 218 214 494 213 116
1 5 219 65 220 495 496 228 497 708
1 5 495 220 122 221 708 497 229 498
1 5 222 495 221 77 499 708 498 230
1 5 227 496 708 499 73 223 500 226
1 5 496 228 497 708 223 112 224 500
1 5 708 497 229 498 500 224 134 225
1 5 499 708 498 230 226 500 225 125
1 5 231 18 232 501 502 237 503 709
1 5 501 232 31 233 709 503 238 504
1 5 136 501 233 89 455 709 504 145
1 5 144 502 709 455 90 234 505 140
1 5 502 237 503 709 234 39 235 505
1 5 709 503 238 504 505 235 91 236
1 5 455 709 504 145 140 505 236 127
1 5 233 31 239 506 504 238 507 710
1 5 506 239 8 240 710 507 245 508
1 5 241 506 240 32 509 710 508 246
1 5 145 504 710 509 127 236 510 244
1 5 504 238 507 710 236 91 242 510
1 5 710 507 245 508 510 242 40 243
1 5 509 710 508 246 244 510 243 92
1 5 137 89 241 511 456 145 509 711
1 5 511 241 32 247 711 509 246 512
1 5 248 511 247 4 513 711 512 251
1 5 146 456 711 513 93 141 514 250
1 5 456 145 509 711 141 127 244 514
1 5 711 509 246 512 514 244 92 249
1 5 513 711 512 251 250 514 249 41
1 5 139 90 140 458 515 257 516 712
1 5 458 140 127 141 712 516 258 517
1 5 142 458 141 93 518 712 517 259
1 5 256 515 712 518 11 252 519 255
1 5 515 257 516 712 252 34 253 519
1 5 712 516 258 517 519 253 94 254
1 5 518 712 517 259 255 519 254 37
1 5 234 39 235 505 520 263 521 713
1 5 505 235 91 236 713 521 264 522
1 5 140 505 236 127 516 713 522 258
1 5 257 520 713 516 34 260 523 253
1 5 520 263 521 713 260 19 261 523
1 5 713 521 264 522 523 261 35 262
1 5 516 713 522 258 253 523 262 94
1 5 236 91 242 510 522 264 524 714
1 5 510 242 40 243 714 524 268 525
1 5 244 510 243 92 526 714 525 269
1 5 258 522 714 526 94 262 527 267
1 5 522 264 524 714 262 35 265 527
1 5 714 524 268 525 527 265 9 266
1 5 526 714 525 269 267 527 266 36
1 5 141 127 244 514 517 258 526 715
1 5 514 244 92 249 715 526 269 528
1 5 250 514 249 41 529 715 528 272
1 5 259 517 715 529 37 254 530 271
1 5 517 258 526 715 254 94 267 530
1 5 715 526 269 528 530 267 36 270
1 5 529 715 528 272 271 530 270 5
1 5 273 21 162 531 532 167 469 716
1 5 531 162 43 274 716 469 170 533
1 5 148 531 274 95 461 716 533 157
1 5 156 532 716 461 96 275 534 152
1 5 532 167 469 716 275 51 166 534
1 5 716 469 170 533 534 166 97 276
1 5 461 716 533 157 152 534 276 128
1 5 274 43 277 535 533 170 536 717
1 5 535 277 13 278 717 536 203 537
1 5 279 535 278 44 538 717 537 283
1 5 157 533 717 538 128 276 539 282
1 5 533 170 536 717 276 97 280 539
1 5 717 536 203 537 539 280 52 281
1 5 538 717 537 283 282 539 281 98
1 5 149 95 279 540 462 157 538 718
1 5 540 279 44 284 718 538 283 541
1 5 285 540 284 14 542 718 541 288
1 5 158 462 718 542 99 153 543 287
1 5 462 157 538 718 153 128 282 543
1 5 718 538 283 541 543 282 98 286
1 5 542 718 541 288 287 543 286 53
1 5 151 96 152 464 544 294 545 719
1 5 464 152 128 153 719 545 295 546
1 5 154 464 153 99 547 719 546 296
1 5 293 544 719 547 23 289 548 292
1 5 544 294 545 719 289 46 290 548
1 5 719 545 295 546 548 290 100 291
1 5 547 719 546 296 292 548 291 49
1 5 275 51 166 534 549 300 550 720
1 5 534 166 97 276 720 550 301 551
1 5 152 534 276 128 545 720 551 295
1 5 294 549 720 545 46 297 552 290
1 5 549 300 550 720 297 24 298 552
1 5 720 550 301 551 552 298 47 299
1 5 545 720 551 295 290 552 299 100
1 5 276 97 280 539 551 301 553 721
1 5 539 280 52 281 721 553 305 554
1 5 282 539 281 98 555 721 554 306
1 5 295 551 721 555 100 299 556 304
1 5 551 301 553 721 299 47 302 556
1 5 721 553 305 554 556 302 16 303
1 5 555 721 554 306 304 556 303 48
1 5 153 128 282 543 546 295 555 722
1 5 543 282 98 286 722 555 306 557
1 5 287 543 286 53 558 722 557 309
1 5 296 546 722 558 49 291 559 308
1 5 546 295 555 722 291 100 304 559
1 5 722 555 306 557 559 304 48 307
1 5 558 722 557 309 308 559 307 17
1 5 310 22 174 560 561 179 475 723
1 5 560 174 55 311 723 475 182 562
1 5 160 560 311 101 467 723 562 169
1 5 168 561 723 467 102 312 563 164
1 5 561 179 475 723 312 60 178 563
1 5 723 475 182 562 563 178 103 313
1 5 467 723 562 169 164 563 313 129
1 5 311 55 314 564 562 182 565 724
1 5 564 314 12 315 724 565 215 566
1 5 316 564 315 56 567 724 566 204
1 5 169 562 724 567 129 313 568 319
1 5 562 182 565 724 313 103 317 568
1 5 724 565 215 566 568 317 61 318
1 5 567 724 566 204 319 568 318 104
1 5 161 101 316 569 468 169 567 725
1 5 569 316 56 195 725 567 204 484
1 5 277 569 195 13 536 725 484 203
1 5 170 468 725 536 97 165 570 280
1 5 468 169 567 725 165 129 319 570
1 5 725 567 204 484 570 319 104 199
1 5 536 725 484 203 280 570 199 52
1 5 163 102 164 470 571 323 572 726
1 5 470 164 129 165 726 572 324 573
1 5 166 470 165 97 550 726 573 301
1 5 300 571 726 550 24 320 574 298
1 5 571 323 572 726 320 57 321 574
1 5 726 572 324 573 574 321 105 322
1 5 550 726 573 301 298 574 322 47
1 5 312 60 178 563 575 327 576 727
1 5 563 178 103 313 727 576 328 577
1 5 164 563 313 129 572 727 577 324
1 5 323 575 727 572 57 325 578 321
1 5 575 327 576 727 325 25 186 578
1 5 727 576 328 577 578 186 58 326
1 5 572 727 577 324 321 578 326 105
1 5 313 103 317 568 577 328 579 728
1 5 568 317 61 318 728 579 332 580
1 5 319 568 318 104 581 728 580 333
1 5 324 577 728 581 105 326 582 331
1 5 577 328 579 728 326 58 329 582
1 5 728 579 332 580 582 329 15 330
1 5 581 728 580 333 331 582 330 59
1 5 165 129 319 570 573 324 581 729
1 5 570 319 104 199 729 581 333 583
1 5 280 570 199 52 553 729 583 305
1 5 301 573 729 553 47 322 584 302
1 5 573 324 581 729 322 105 331 584
1 5 729 581 333 583 584 331 59 334
1 5 553 729 583 305 302 584 334 16
1 5 335 10 138 585 586 143 457 730
1 5 585 138 33 336 730 457 146 587
1 5 172 585 336 106 473 730 587 181
1 5 180 586 730 473 107 337 588 176
1 5 586 143 457 730 337 38 142 588
1 5 730 457 146 587 588 142 93 338
1 5 473 730 587 181 176 588 338 130
1 5 336 33 248 589 587 146 513 731
1 5 589 248 4 339 731 513 251 590
1 5 340 589 339 63 591 731 590 216
1 5 181 587 731 591 130 338 592 342
1 5 587 146 513 731 338 93 250 592
1 5 731 513 251 590 592 250 41 341
1 5 591 731 590 216 342 592 341 108
1 5 173 106 340 593 474 181 591 732
1 5 593 340 63 207 732 591 216 490
1 5 314 593 207 12 565 732 490 215
1 5 182 474 732 565 103 177 594 317
1 5 474 181 591 732 177 130 342 594
1 5 732 591 216 490 594 342 108 211
1 5 565 732 490 215 317 594 211 61
1 5 175 107 176 476 595 343 596 733
1 5 476 176 130 177 733 596 344 597
1 5 178 476 177 103 576 733 597 328
1 5 327 595 733 576 25 183 477 186
1 5 595 343 596 733 183 64 184 477
1 5 733 596 344 597 477 184 109 185
1 5 576 733 597 328 186 477 185 58
1 5 337 38 142 588 598 256 518 734
1 5 588 142 93 338 734 518 259 599
1 5 176 588 338 130 596 734 599 344
1 5 343 598 734 596 64 345 600 184
1 5 598 256 518 734 345 11 255 600
1 5 734 518 259 599 600 255 37 346
1 5 596 734 599 344 184 600 346 109
1 5 338 93 250 592 599 259 529 735
1 5 592 250 41 341 735 529 272 601
1 5 342 592 341 108 602 735 601 349
1 5 344 599 735 602 109 346 603 348
1 5 599 259 529 735 346 37 271 603
1 5 735 529 272 601 603 271 5 347
1 5 602 735 601 349 348 603 347 65
1 5 177 130 342 594 597 344 602 736
1 5 594 342 108 211 736 602 349 604
1 5 317 594 211 61 579 736 604 332
1 5 328 597 736 579 58 185 605 329
1 5 597 344 602 736 185 109 348 605
1 5 736 602 349 604 605 348 65 219
1 5 579 736 604 332 329 605 219 15
1 5 345 11 255 600 606 353 607 737
1 5 600 255 37 346 737 607 354 608
1 5 184 600 346 109 479 737 608 193
1 5 192 606 737 479 110 350 609 188
1 5 606 353 607 737 350 71 351 609
1 5 737 607 354 608 609 351 111 352
1 5 479 737 608 193 188 609 352 131
1 5 346 37 271 603 608 354 610 738
1 5 603 271 5 347 738 610 358 611
1 5 348 603 347 65 612 738 611 228
1 5 193 608 738 612 131 352 613 357
1 5 608 354 610 738 352 111 355 613
1 5 738 610 358 611 613 355 72 356
1 5 612 738 611 228 357 613 356 112
1 5 185 109 348 605 480 193 612 739
1 5 605 348 65 219 739 612 228 496
1 5 329 605 219 15 614 739 496 227
1 5 194 480 739 614 113 189 615 359
1 5 480 193 612 739 189 131 357 615
1 5 739 612 228 496 615 357 112 223
1 5 614 739 496 227 359 615 223 73
1 5 187 110 188 482 616 365 617 740
1 5 482 188 131 189 740 617 366 618
1 5 190 482 189 113 619 740 618 367
1 5 364 616 740 619 6 360 620 363
1 5 616 365 617 740 360 66 361 620
1 5 740 617 366 618 620 361 114 362
1 5 619 740 618 367 363 620 362 69
1 5 350 71 351 609 621 371 622 741
1 5 609 351 111 352 741 622 372 623
1 5 188 609 352 131 617 741 623 366
1 5 365 621 741 617 66 368 624 361
1 5 621 371 622 741 368 3 369 624
1 5 741 622 372 623 624 369 67 370
1 5 617 741 623 366 361 624 370 114
1 5 352 111 355 613 623 372 625 742
1 5 613 355 72 356 742 625 376 626
1 5 357 613 356 112 627 742 626 377
1 5 366 623 742 627 114 370 628 375
1 5 623 372 625 742 370 67 373 628
1 5 742 625 376 626 628 373 0 374
1 5 627 742 626 377 375 628 374 68
1 5 189 131 357 615 618 366 627 743
1 5 615 357 112 223 743 627 377 629
1 5 359 615 223 73 630 743 629 380
1 5 367 618 743 630 69 362 631 379
1 5 618 366 627 743 362 114 375 631
1 5 743 627 377 629 631 375 68 378
1 5 630 743 629 380 379 631 378 2
1 5 315 12 210 632 566 215 493 744
1 5 632 210 74 381 744 493 218 633
1 5 196 632 381 115 485 744 633 205
1 5 204 566 744 485 104 318 634 200
1 5 566 215 493 744 318 61 214 634
1 5 744 493 218 633 634 214 116 382
1 5 485 744 633 205 200 634 382 132
1 5 381 74 383 635 633 218 636 745
1 5 635 383 27 384 745 636 389 637
1 5 385 635 384 75 638 745 637 390
1 5 205 633 745 638 132 382 639 388
1 5 633 218 636 745 382 116 386 639
1 5 745 636 389 637 639 386 80 387
1 5 638 745 637 390 388 639 387 117
1 5 197 115 385 640 486 205 638 746
1 5 640 385 75 391 746 638 390 641
1 5 392 640 391 26 642 746 641 395
1 5 206 486 746 642 118 201 643 394
1 5 486 205 638 746 201 132 388 643
1 5 746 638 390 641 643 388 117 393
1 5 642 746 641 395 394 643 393 81
1 5 199 104 200 488 583 333 644 747
1 5 488 200 132 201 747 644 399 645
1 5 202 488 201 118 646 747 645 400
1 5 305 583 747 646 16 334 647 398
1 5 583 333 644 747 334 59 396 647
1 5 747 644 399 645 647 396 119 397
1 5 646 747 645 400 398 647 397 79
1 5 318 61 214 634 580 332 648 748
1 5 634 214 116 382 748 648 402 649
1 5 200 634 382 132 644 748 649 399
1 5 333 580 748 644 59 330 650 396
1 5 580 332 648 748 330 15 222 650
1 5 748 648 402 649 650 222 77 401
1 5 644 748 649 399 396 650 401 119
1 5 382 116 386 639 649 402 651 749
1 5 639 386 80 387 749 651 406 652
1 5 388 639 387 117 653 749 652 407
1 5 399 649 749 653 119 401 654 405
1 5 649 402 651 749 401 77 403 654
1 5 749 651 406 652 654 403 29 404
1 5 653 749 652 407 405 654 404 78
1 5 201 132 388 643 645 399 653 750
1 5 643 388 117 393 750 653 407 655
1 5 394 643 393 81 656 750 655 410
1 5 400 645 750 656 79 397 657 409
1 5 645 399 653 750 397 119 405 657
1 5 750 653 407 655 657 405 78 408
1 5 656 750 655 410 409 657 408 28
1 5 339 4 247 658 590 251 512 751
1 5 658 247 32 411 751 512 246 659
1 5 208 658 411 120 491 751 659 217
1 5 216 590 751 491 108 341 660 212
1 5 590 251 512 751 341 41 249 660
1 5 751 512 246 659 660 249 92 412
1 5 491 751 659 217 212 660 412 133
1 5 411 32 240 661 659 246 508 752
1 5 661 240 8 413 752 508 245 662
1 5 414 661 413 82 663 752 662 417
1 5 217 659 752 663 133 412 664 416
1 5 659 246 508 752 412 92 243 664
1 5 752 508 245 662 664 243 40 415
1 5 663 752 662 417 416 664 415 121
1 5 209 120 414 665 492 217 663 753
1 5 665 414 82 418 753 663 417 666
1 5 383 665 418 27 636 753 666 389
1 5 218 492 753 636 116 213 667 386
1 5 492 217 663 753 213 133 416 667
1 5 753 663 417 666 667 416 121 419
1 5 636 753 666 389 386 667 419 80
1 5 211 108 212 494 604 349 668 754
1 5 494 212 133 213 754 668 420 669
1 5 214 494 213 116 648 754 669 402
1 5 332 604 754 648 15 219 495 222
1 5 604 349 668 754 219 65 220 495
1 5 754 668 420 669 495 220 122 221
1 5 648 754 669 402 222 495 221 77
1 5 341 41 249 660 601 272 528 755
1 5 660 249 92 412 755 528 269 670
1 5 212 660 412 133 668 755 670 420
1 5 349 601 755 668 65 347 671 220
1 5 601 272 528 755 347 5 270 671
1 5 755 528 269 670 671 270 36 421
1 5 668 755 670 420 220 671 421 122
1 5 412 92 243 664 670 269 525 756
1 5 664 243 40 415 756 525 268 672
1 5 416 664 415 121 673 756 672 424
1 5 420 670 756 673 122 421 674 423
1 5 670 269 525 756 421 36 266 674
1 5 756 525 268 672 674 266 9 422
1 5 673 756 672 424 423 674 422 83
1 5 213 133 416 667 669 420 673 757
1 5 667 416 121 419 757 673 424 675
1 5 386 667 419 80 651 757 675 406
1 5 402 669 757 651 77 221 676 403
1 5 669 420 673 757 221 122 423 676
1 5 757 673 424 675 676 423 83 425
1 5 651 757 675 406 403 676 425 29
1 5 347 5 270 671 611 358 677 758
1 5 671 270 36 421 758 677 428 678
1 5 220 671 421 122 497 758 678 229
1 5 228 611 758 497 112 356 679 224
1 5 611 358 677 758 356 72 426 679
1 5 758 677 428 678 679 426 123 427
1 5 497 758 678 229 224 679 427 134
1 5 421 36 266 674 678 428 680 759
1 5 674 266 9 422 759 680 432 681
1 5 423 674 422 83 682 759 681 433
1 5 229 678 759 682 134 427 683 431
1 5 678 428 680 759 427 123 429 683
1 5 759 680 432 681 683 429 87 430
1 5 682 759 681 433 431 683 430 124
1 5 221 122 423 676 498 229 682 760
1 5 676 423 83 425 760 682 433 684
1 5 403 676 425 29 685 760 684 436
1 5 230 498 760 685 125 225 686 435
1 5 498 229 682 760 225 134 431 686
1 5 760 682 433 684 686 431 124 434
1 5 685 760 684 436 435 686 434 88
1 5 223 112 224 500 629 377 687 761
1 5 500 224 134 225 761 687 440 688
1 5 226 500 225 125 689 761 688 441
1 5 380 629 761 689 2 378 690 439
1 5 629 377 687 761 378 68 437 690
1 5 761 687 440 688 690 437 126 438
1 5 689 761 688 441 439 690 438 86
1 5 356 72 426 679 626 376 691 762
1 5 679 426 123 427 762 691 444 692
1 5 224 679 427 134 687 762 692 440
1 5 377 626 762 687 68 374 693 437
1 5 626 376 691 762 374 0 442 693
1 5 762 691 444 692 693 442 84 443
1 5 687 762 692 440 437 693 443 126
1 5 427 123 429 683 692 444 694 763
1 5 683 429 87 430 763 694 448 695
1 5 431 683 430 124 696 763 695 449
1 5 440 692 763 696 126 443 697 447
1 5 692 444 694 763 443 84 445 697
1 5 763 694 448 695 697 445 1 446
1 5 696 763 695 449 447 697 446 85
1 5 225 134 431 686 688 440 696 764
1 5 686 431 124 434 764 696 449 698
1 5 435 686 434 88 699 764 698 452
1 5 441 688 764 699 86 438 700 451
1 5 688 440 696 764 438 126 447 700
1 5 764 696 449 698 700 447 85 450
1 5 699 764 698 452 451 700 450 7

boundary
448
19 3 368 3 369 624
19 3 2 378 690 439
19 3 138 453 135 10
19 3 231 18 237 502
19 3 18 232 503 237
19 3 11 252 519 255
19 3 266 9 432 680
19 3 271 5 358 610
19 3 150 459 147 20
19 3 162 465 159 21
19 3 174 471 171 22
19 3 273 21 167 532
19 3 310 22 179 561
19 3 335 10 143 586
19 3 150 20 155 463
19 3 13 278 537 203
19 3 23 289 548 292
19 3 24 320 574 298
19 3 345 11 353 606
19 3 186 25 191 481
19 3 198 483 195 13
19 3 210 489 207 12
19 3 198 13 203 487
19 3 27 384 637 389
19 3 16 334 647 398
19 3 8 413 662 245
19 3 222 15 227 499
19 3 9 422 681 432
19 3 360 66 361 620
19 3 362 114 375 631
19 3 370 67 373 628
19 3 86 438 700 451
19 3 126 443 697 447
19 3 68 374 693 437
19 3 57 325 578 321
19 3 105 326 582 331
19 3 47 322 584 302
19 3 329 58 194 614
19 3 359 113 367 630
19 3 190 70 364 619
19 3 59 330 650 396
19 3 119 401 654 405
19 3 79 397 657 409
19 3 403 77 230 685
19 3 435 125 441 699
19 3 226 73 380 689
19 3 136 501 231 30
19 3 241 506 233 89
19 3 248 511 137 33
19 3 172 585 335 62
19 3 340 589 336 106
19 3 314 593 173 55
19 3 196 632 315 56
19 3 385 635 381 115
19 3 392 640 197 76
19 3 208 658 339 63
19 3 414 661 411 120
19 3 383 665 209 74
19 3 135 30 144 454
19 3 139 90 257 515
19 3 234 39 263 520
19 3 31 239 507 238
19 3 91 242 524 264
19 3 39 235 521 263
19 3 34 260 523 253
19 3 94 262 527 267
19 3 37 254 530 271
19 3 270 36 428 677
19 3 426 123 444 691
19 3 429 87 448 694
19 3 255 37 354 607
19 3 351 111 372 622
19 3 355 72 376 625
19 3 183 64 192 478
19 3 187 110 365 616
19 3 350 71 371 621
19 3 148 531 273 42
19 3 279 535 274 95
19 3 285 540 149 45
19 3 160 560 310 54
19 3 316 564 311 101
19 3 277 569 161 43
19 3 147 42 156 460
19 3 151 96 294 544
19 3 275 51 300 549
19 3 159 54 168 466
19 3 163 102 323 571
19 3 312 60 327 575
19 3 171 62 180 472
19 3 175 107 343 595
19 3 337 38 256 598
19 3 285 45 158 542
19 3 287 99 296 558
19 3 154 50 293 547
19 3 44 284 541 283
19 3 98 286 557 306
19 3 52 281 554 305
19 3 392 76 206 642
19 3 394 118 400 656
19 3 202 52 305 646
19 3 46 297 552 290
19 3 100 299 556 304
19 3 49 291 559 308
19 3 75 391 641 390
19 3 117 393 655 407
19 3 80 387 652 406
19 3 82 418 666 417
19 3 121 419 675 424
19 3 40 415 672 268
19 3 83 425 684 433
19 3 124 434 698 449
19 3 87 430 695 448
19 3 66 368 624 361
19 3 361 624 370 114
19 3 624 369 67 370
19 3 439 690 438 86
19 3 690 437 126 438
19 3 378 68 437 690
19 3 320 57 321 574
19 3 574 321 105 322
19 3 298 574 322 47
19 3 58 186 481 194
19 3 194 481 190 113
19 3 481 191 70 190
19 3 334 59 396 647
19 3 647 396 119 397
19 3 398 647 397 79
19 3 77 222 499 230
19 3 230 499 226 125
19 3 499 227 73 226
19 3 6 360 620 363
19 3 363 620 362 69
19 3 620 361 114 362
19 3 69 362 631 379
19 3 379 631 378 2
19 3 631 375 68 378
19 3 114 370 628 375
19 3 375 628 374 68
19 3 628 373 0 374
19 3 451 700 450 7
19 3 700 447 85 450
19 3 438 126 447 700
19 3 447 697 446 85
19 3 697 445 1 446
19 3 443 84 445 697
19 3 437 693 443 126
19 3 693 442 84 443
19 3 374 0 442 693
19 3 325 25 186 578
19 3 578 186 58 326
19 3 321 578 326 105
19 3 326 58 329 582
19 3 582 329 15 330
19 3 331 582 330 59
19 3 322 105 331 584
19 3 584 331 59 334
19 3 302 584 334 16
19 3 15 329 614 227
19 3 227 614 359 73
19 3 614 194 113 359
19 3 73 359 630 380
19 3 380 630 379 2
19 3 630 367 69 379
19 3 113 190 619 367
19 3 367 619 363 69
19 3 619 364 6 363
19 3 330 15 222 650
19 3 650 222 77 401
19 3 396 650 401 119
19 3 401 77 403 654
19 3 654 403 29 404
19 3 405 654 404 78
19 3 397 119 405 657
19 3 657 405 78 408
19 3 409 657 408 28
19 3 29 403 685 436
19 3 436 685 435 88
19 3 685 230 125 435
19 3 88 435 699 452
19 3 452 699 451 7
19 3 699 441 86 451
19 3 125 226 689 441
19 3 441 689 439 86
19 3 689 380 2 439
19 3 453 136 30 135
19 3 137 89 136 453
19 3 33 137 453 138
19 3 471 172 62 171
19 3 173 106 172 471
19 3 55 173 471 174
19 3 483 196 56 195
19 3 197 115 196 483
19 3 76 197 483 198
19 3 489 208 63 207
19 3 209 120 208 489
19 3 74 209 489 210
19 3 501 232 18 231
19 3 233 31 232 501
19 3 89 233 501 136
19 3 506 239 31 233
19 3 240 8 239 506
19 3 32 240 506 241
19 3 511 241 89 137
19 3 247 32 241 511
19 3 4 247 511 248
19 3 585 138 10 335
19 3 336 33 138 585
19 3 106 336 585 172
19 3 589 248 33 336
19 3 339 4 248 589
19 3 63 339 589 340
19 3 593 340 106 173
19 3 207 63 340 593
19 3 12 207 593 314
19 3 632 210 12 315
19 3 381 74 210 632
19 3 115 381 632 196
19 3 635 383 74 381
19 3 384 27 383 635
19 3 75 384 635 385
19 3 640 385 115 197
19 3 391 75 385 640
19 3 26 391 640 392
19 3 658 247 4 339
19 3 411 32 247 658
19 3 120 411 658 208
19 3 661 240 32 411
19 3 413 8 240 661
19 3 82 413 661 414
19 3 665 414 120 209
19 3 418 82 414 665
19 3 27 418 665 383
19 3 30 231 502 144
19 3 144 502 234 90
19 3 502 237 39 234
19 3 10 135 454 143
19 3 143 454 139 38
19 3 454 144 90 139
19 3 38 139 515 256
19 3 256 515 252 11
19 3 515 257 34 252
19 3 90 234 520 257
19 3 257 520 260 34
19 3 520 263 19 260
19 3 232 31 238 503
19 3 503 238 91 235
19 3 237 503 235 39
19 3 239 8 245 507
19 3 507 245 40 242
19 3 238 507 242 91
19 3 242 40 268 524
19 3 524 268 9 265
19 3 264 524 265 35
19 3 235 91 264 521
19 3 521 264 35 261
19 3 263 521 261 19
19 3 252 34 253 519
19 3 519 253 94 254
19 3 255 519 254 37
19 3 36 266 680 428
19 3 428 680 429 123
19 3 680 432 87 429
19 3 37 271 610 354
19 3 354 610 355 111
19 3 610 358 72 355
19 3 64 345 606 192
19 3 192 606 350 110
19 3 606 353 71 350
19 3 260 19 261 523
19 3 523 261 35 262
19 3 253 523 262 94
19 3 262 35 265 527
19 3 527 265 9 266
19 3 267 527 266 36
19 3 254 94 267 530
19 3 530 267 36 270
19 3 271 530 270 5
19 3 5 270 677 358
19 3 358 677 426 72
19 3 677 428 123 426
19 3 72 426 691 376
19 3 376 691 442 0
19 3 691 444 84 442
19 3 123 429 694 444
19 3 444 694 445 84
19 3 694 448 1 445
19 3 11 255 607 353
19 3 353 607 351 71
19 3 607 354 111 351
19 3 71 351 622 371
19 3 371 622 369 3
19 3 622 372 67 369
19 3 111 355 625 372
19 3 372 625 373 67
19 3 625 376 0 373
19 3 25 183 478 191
19 3 191 478 187 70
19 3 478 192 110 187
19 3 70 187 616 364
19 3 364 616 360 6
19 3 616 365 66 360
19 3 110 350 621 365
19 3 365 621 368 66
19 3 621 371 3 368
19 3 459 148 42 147
19 3 149 95 148 459
19 3 45 149 459 150
19 3 531 162 21 273
19 3 274 43 162 531
19 3 95 274 531 148
19 3 535 277 43 274
19 3 278 13 277 535
19 3 44 278 535 279
19 3 540 279 95 149
19 3 284 44 279 540
19 3 14 284 540 285
19 3 465 160 54 159
19 3 161 101 160 465
19 3 43 161 465 162
19 3 42 273 532 156
19 3 156 532 275 96
19 3 532 167 51 275
19 3 54 310 561 168
19 3 168 561 312 102
19 3 561 179 60 312
19 3 560 174 22 310
19 3 311 55 174 560
19 3 101 311 560 160
19 3 564 314 55 311
19 3 315 12 314 564
19 3 56 315 564 316
19 3 569 316 101 161
19 3 195 56 316 569
19 3 13 195 569 277
19 3 20 147 460 155
19 3 155 460 151 50
19 3 460 156 96 151
19 3 50 151 544 293
19 3 293 544 289 23
19 3 544 294 46 289
19 3 96 275 549 294
19 3 294 549 297 46
19 3 549 300 24 297
19 3 21 159 466 167
19 3 167 466 163 51
19 3 466 168 102 163
19 3 51 163 571 300
19 3 300 571 320 24
19 3 571 323 57 320
19 3 102 312 575 323
19 3 323 575 325 57
19 3 575 327 25 325
19 3 62 335 586 180
19 3 180 586 337 107
19 3 586 143 38 337
19 3 22 171 472 179
19 3 179 472 175 60
19 3 472 180 107 175
19 3 60 175 595 327
19 3 327 595 183 25
19 3 595 343 64 183
19 3 107 337 598 343
19 3 343 598 345 64
19 3 598 256 11 345
19 3 45 150 463 158
19 3 158 463 154 99
19 3 463 155 50 154
19 3 14 285 542 288
19 3 288 542 287 53
19 3 542 158 99 287
19 3 53 287 558 309
19 3 309 558 308 17
19 3 558 296 49 308
19 3 99 154 547 296
19 3 296 547 292 49
19 3 547 293 23 292
19 3 278 44 283 537
19 3 537 283 98 281
19 3 203 537 281 52
19 3 76 198 487 206
19 3 206 487 202 118
19 3 487 203 52 202
19 3 284 14 288 541
19 3 541 288 53 286
19 3 283 541 286 98
19 3 286 53 309 557
19 3 557 309 17 307
19 3 306 557 307 48
19 3 281 98 306 554
19 3 554 306 48 303
19 3 305 554 303 16
19 3 26 392 642 395
19 3 395 642 394 81
19 3 642 206 118 394
19 3 81 394 656 410
19 3 410 656 409 28
19 3 656 400 79 409
19 3 118 202 646 400
19 3 400 646 398 79
19 3 646 305 16 398
19 3 289 46 290 548
19 3 548 290 100 291
19 3 292 548 291 49
19 3 297 24 298 552
19 3 552 298 47 299
19 3 290 552 299 100
19 3 299 47 302 556
19 3 556 302 16 303
19 3 304 556 303 48
19 3 291 100 304 559
19 3 559 304 48 307
19 3 308 559 307 17
19 3 384 75 390 637
19 3 637 390 117 387
19 3 389 637 387 80
19 3 413 82 417 662
19 3 662 417 121 415
19 3 245 662 415 40
19 3 391 26 395 641
19 3 641 395 81 393
19 3 390 641 393 117
19 3 393 81 410 655
19 3 655 410 28 408
19 3 407 655 408 78
19 3 387 117 407 652
19 3 652 407 78 404
19 3 406 652 404 29
19 3 418 27 389 666
19 3 666 389 80 419
19 3 417 666 419 121
19 3 419 80 406 675
19 3 675 406 29 425
19 3 424 675 425 83
19 3 415 121 424 672
19 3 672 424 83 422
19 3 268 672 422 9
19 3 422 83 433 681
19 3 681 433 124 430
19 3 432 681 430 87
19 3 425 29 436 684
19 3 684 436 88 434
19 3 433 684 434 124
19 3 434 88 452 698
19 3 698 452 7 450
19 3 449 698 450 85
19 3 430 124 449 695
19 3 695 449 85 446
19 3 448 695 446 1

vertices
765

nodes
FiniteElementSpace
FiniteElementCollection: H1_3D_P2
VDim: 3
Ordering: 0

-0.28867513
-0.14433757
-0.28867513
-0.28867513
-0.4330127
-0.36084392
-0.28867513
-0.14433757
-0.22368927
-0.18319635
-0.47240707
-0.37864925
-0.47240707
-0.48603889
-0.47240707
-0.37864925
-0.38463884
-0.37864925
-0.24775119
-0.19368993
-0.54236453
-0.56723152
-0.54236453
-0.40974402
-0.42041877
-0.40974402
-0.25629728
-0.24775119
-0.19728907
-0.19368993
-0.36007913
-0.23572023
-0.32835099
-0.45270988
-0.28616959
-0.18844314
-0.27202013
-0.36974658
-0.42552816
-0.22072056
-0.20344281
-0.39692831
-0.55479803
-0.5266352
-0.47922298
-0.5073858
-0.41508139
-0.4025288
-0.38164404
-0.39419663
-0.47605428
-0.49382514
-0.43533886
-0.42552816
-0.55479803
-0.5073858
-0.47922298
-0.41508139
-0.39419663
-0.38164404
-0.47605428
-0.42552816
-0.5073858
-0.45270988
-0.39419663
-0.36974658
-0.28867513
-0.28867513
-0.28867513
-0.28867513
-0.34920958
-0.33366219
-0.32475953
-0.33366219
-0.36007913
-0.25202424
-0.37116809
-0.28616959
-0.1954895
-0.29096396
-0.22072056
-0.22679318
-0.23572023
-0.18844314
-0.21650635
-0.14433757
-0.21650635
-0.16376696
-0.16901375
-0.34421506
-0.32312436
-0.21208168
-0.30018556
-0.41122823
-0.27909486
-0.5170105
-0.48493971
-0.464582
-0.43043351
-0.45079122
-0.39836272
-0.5170105
-0.48493971
-0.45079122
-0.43043351
-0.39836272
-0.48004784
-0.45079122
-0.41122823
-0.38197161
-0.34143588
-0.32921086
-0.32921086
-0.34143588
-0.28867513
-0.36562361
-0.32312436
-0.22375687
-0.33106602
-0.28856677
-0.34421506
-0.21208168
-0.27909486
-0.24426324
-0.16639035
-0.25133797
-0.21650635
-0.31165496
-0.45768661
-0.45768661
-0.43100973
-0.33532337
-0.32709519
-0.31165496
-0.24780061
-0.4162431
-0.35214709
-0.39846247
-0.46255848
-0.37432626
-0.31738966
-0.3614416
-0.4183782
-0.44896761
-0.34160174
-0.32793501
-0.43196906
-0.54858128
-0.53590426
-0.51219815
-0.52487517
-0.48049699
-0.47131316
-0.45423891
-0.46342275
-0.50920941
-0.51986887
-0.48734856
-0.47908851
-0.56101477
-0.53590426
-0.52182285
-0.54693336
-0.48938243
-0.47131316
-0.46113431
-0.47920357
-0.53052833
-0.51986887
-0.48734856
-0.4956086
-0.52487517
-0.49371682
-0.49371682
-0.52487517
-0.46342275
-0.44090047
-0.44090047
-0.46342275
-0.50920941
-0.47908851
-0.45552878
-0.47908851
-0.40197032
-0.38808412
-0.38808412
-0.40197032
-0.34532273
-0.33837963
-0.33837963
-0.34532273
-0.3794768
-0.36781626
-0.35864749
-0.36781626
-0.48263093
-0.42242329
-0.36839585
-0.42860349
-0.43288619
-0.37876435
-0.32908061
-0.38320244
-0.46068888
-0.45482824
-0.3463594
-0.35111705
-0.46255848
-0.39846247
-0.35214709
-0.4162431
-0.4183782
-0.3614416
-0.31738966
-0.37432626
-0.44896761
-0.43196906
-0.32793501
-0.34160174
-0.37419792
-0.32442072
-0.28263223
-0.33240942
-0.33143653
-0.28850573
-0.24956929
-0.29250008
-0.35615572
-0.34947872
-0.26344773
-0.26875378
-0.30391516
-0.24173571
-0.28996764
-0.27192246
-0.21640112
-0.26186832
-0.23423587
-0.22390096
-0.22970475
-0.27602013
-0.33628302
-0.20776225
-0.25181419
-0.30592026
-0.21356604
-0.31426827
-0.38068184
-0.44286129
-0.34855694
-0.40407827
-0.41497051
-0.33240942
-0.28263223
-0.32442072
-0.37419792
-0.4020887
-0.30464697
-0.29537491
-0.39048741
-0.23992976
-0.19106653
-0.233769
-0.20720524
-0.20026241
-0.18581974
-0.22760824
-0.2755575
-0.19331958
-0.28610285
-0.31643203
-0.36529525
-0.37888611
-0.56101477
-0.52182285
-0.48938243
-0.46113431
-0.50633705
-0.48263093
-0.49811674
-0.44996043
-0.43288619
-0.44406006
-0.45482824
-0.47581502
-0.48989643
-0.42798083
-0.43815969
-0.44896761
-0.4124127
-0.40672206
-0.39627968
-0.40197032
-0.44289915
-0.45001055
-0.42802466
-0.42249392
-0.41775008
-0.41147379
-0.40044576
-0.45712196
-0.4335554
-0.39358382
-0.38314144
-0.39000338
-0.40998885
-0.40603878
-0.38014665
-0.38642294
-0.4020887
-0.54858128
-0.51219815
-0.48049699
-0.45423891
-0.48989643
-0.47581502
-0.49811674
-0.43815969
-0.42798083
-0.44406006
-0.41775008
-0.40672206
-0.40044576
-0.45001055
-0.42802466
-0.4124127
-0.39627968
-0.44289915
-0.42249392
-0.38642294
-0.38014665
-0.39000338
-0.4020887
-0.40603878
-0.38314144
-0.48989643
-0.46637886
-0.43815969
-0.42111898
-0.44286129
-0.46637886
-0.40407827
-0.42111898
-0.42249392
-0.40649067
-0.38642294
-0.3758591
-0.36529525
-0.3758591
-0.39048741
-0.33754904
-0.33143653
-0.33226712
-0.35615572
-0.34947872
-0.32698519
-0.32698519
-0.33226712
-0.34280172
-0.33754904
-0.28867513
-0.28867513
-0.28867513
-0.28867513
-0.31894235
-0.31505551
-0.31199925
-0.31505551
-0.28867513
-0.28867513
-0.28867513
-0.31116866
-0.308943
-0.28867513
-0.28867513
-0.28867513
-0.30671733
-0.308943
-0.28867513
-0.28867513
-0.31116866
-0.36285137
-0.32510977
-0.30391516
-0.24988771
-0.30882392
-0.27192246
-0.22223871
-0.27542603
-0.23423587
-0.23789055
-0.25416076
-0.31373269
-0.22527502
-0.2789296
-0.24154523
-0.33510541
-0.28976537
-0.3378014
-0.30783098
-0.31101499
-0.28736818
-0.30464697
-0.23992976
-0.19458972
-0.24202814
-0.20720524
-0.20962319
-0.19638929
-0.24412652
-0.21204113
-0.33628302
-0.30592026
-0.22970475
-0.28996764
-0.20776225
-0.26186832
-0.22390096
-0.24173571
-0.21640112
-0.29537491
-0.2755575
-0.18581974
-0.233769
-0.20026241
-0.19106653
-0.28451138
-0.24603192
-0.25814169
-0.2040151
-0.16507866
-0.20709548
-0.17348165
-0.17741675
-0.16770205
-0.21017586
-0.18135184
-0.25259074
-0.21650635
-0.25259074
-0.23215348
-0.23392216
-0.25259074
-0.21650635
-0.2303848
-0.18042196
-0.14433757
-0.18042196
-0.15405226
-0.15536396
-0.14433757
-0.18042196
-0.15667566
-0.40735278
-0.39528468
-0.33476837
-0.37995203
-0.44046834
-0.36788393
-0.53038972
-0.51453914
-0.50360871
-0.48321853
-0.49414896
-0.46736795
-0.54141881
-0.5251986
-0.50360871
-0.49147858
-0.51306847
-0.47525837
-0.50929599
-0.49414896
-0.46730865
-0.46730865
-0.49414896
-0.45216161
-0.39502722
-0.37364653
-0.36323187
-0.36323187
-0.37364653
-0.34185118
-0.42551339
-0.45775856
-0.40059382
-0.34873823
-0.40590296
-0.3809834
-0.40735278
-0.44046834
-0.37995203
-0.33476837
-0.39528468
-0.36788393
-0.32841507
-0.35281722
-0.30646323
-0.26610076
-0.31245475
-0.29050291
-0.2969414
-0.28791881
-0.22906841
-0.27591798
-0.26689539
-0.28299389
-0.2187335
-0.26391716
-0.32110164
-0.25684125
-0.38957216
-0.36461939
-0.42346978
-0.35499927
-0.35336784
-0.30001094
-0.34293116
-0.39628806
-0.32841507
-0.25592611
-0.20373383
-0.24781866
-0.23684938
-0.196791
-0.23971121
-0.29073888
-0.23068862
-0.33249448
-0.38468676
-0.32042637
-0.54141881
-0.5251986
-0.49147858
-0.47525837
-0.50222689
-0.47814874
-0.45775856
-0.4710884
-0.44701025
-0.49400659
-0.45189793
-0.46402806
-0.44110987
-0.44645485
-0.43901761
-0.42525929
-0.43269653
-0.40434619
-0.45356625
-0.44533868
-0.43079003
-0.40909792
-0.42177213
-0.40801381
-0.41703172
-0.3917936
-0.40406374
-0.41229131
-0.38821316
-0.53038972
-0.51453914
-0.48321853
-0.46736795
-0.49400659
-0.46402806
-0.45189793
-0.4710884
-0.44110987
-0.50222689
-0.44701025
-0.45356625
-0.43901761
-0.43079003
-0.40909792
-0.44645485
-0.43269653
-0.42525929
-0.40434619
-0.41229131
-0.40406374
-0.41703172
-0.38821316
-0.40801381
-0.3917936
-0.47813765
-0.46402806
-0.44374892
-0.42963933
-0.45462008
-0.42346978
-0.44374892
-0.41259863
-0.47813765
-0.42963933
-0.43269653
-0.4144923
-0.4144923
-0.41229131
-0.39848904
-0.38114102
-0.38468676
-0.39848904
-0.37057717
-0.39628806
-0.38114102
-0.36198599
-0.35281722
-0.35406311
-0.33490808
-0.34614022
-0.34614022
-0.35406311
-0.32962615
-0.36198599
-0.33490808
-0.31699893
-0.31352738
-0.31352738
-0.31699893
-0.28867513
-0.31311209
-0.31005583
-0.31047112
-0.28867513
-0.30783016
-0.30783016
-0.31047112
-0.28867513
-0.31005583
-0.31311209
-0.28867513
-0.41933319
-0.34398057
-0.3765453
-0.30636954
-0.28791881
-0.23606321
-0.29212497
-0.27367424
-0.3112783
-0.23971789
-0.29633114
-0.27717781
-0.35693488
-0.30942299
-0.36050192
-0.3364534
-0.35336784
-0.30623898
-0.33375741
-0.25592611
-0.20841421
-0.25872708
-0.24097895
-0.21083216
-0.26152806
-0.24307733
-0.38957216
-0.32110164
-0.35499927
-0.28299389
-0.2187335
-0.27591798
-0.25684125
-0.2969414
-0.22906841
-0.26689539
-0.34293116
-0.30001094
-0.29073888
-0.32042637
-0.196791
-0.24781866
-0.23068862
-0.20373383
-0.23684938
-0.30047171
-0.26079471
-0.28650856
-0.21581167
-0.1754492
-0.22043224
-0.20555529
-0.17938429
-0.22505281
-0.20863567
-0.27054824
-0.23303782
-0.27254541
-0.25259074
-0.26855106
-0.23126914
-0.25259074
-0.19221853
-0.15470811
-0.19375872
-0.18042196
-0.15601981
-0.19529891
-0.18042196
-0.38761836
-0.49887883
-0.50833859
-0.4807288
-0.3684392
-0.40324839
-0.38761836
-0.30945899
-0.28191839
-0.26991757
-0.37228571
-0.3481495
-0.25187238
-0.24376494
-0.33771282
-0.50833859
-0.47461857
-0.46755823
-0.43585707
-0.44217814
-0.41940192
-0.41466152
-0.49887883
-0.46755823
-0.47461857
-0.44217814
-0.43585707
-0.41466152
-0.41940192
-0.45388849
-0.43360935
-0.45388849
-0.42359442
-0.40539018
-0.3915879
-0.40539018
-0.35802455
-0.35010166
-0.35802455
-0.31526316
-0.31179161
-0.30915064
-0.31179161
-0.39793925
-0.29002189
-0.29422806
-0.3587184
-0.35515136
-0.2573266
-0.26012757
-0.37228571
-0.26991757
-0.28191839
-0.3481495
-0.33771282
-0.24376494
-0.25187238
-0.30346747
-0.21812196
-0.22274252
-0.27154682
-0.26954965
-0.19298862
-0.19452881
-0.44432508
-0.41179794
-0.43495563
-0.46748277
-0.42212614
-0.39145152
-0.41404335
-0.44471797
-0.46068734
-0.40576389
-0.39748557
-0.45151341
-0.54547291
-0.5394855
-0.52763244
-0.53361985
-0.51187427
-0.50670899
-0.4965139
-0.50167918
-0.52578697
-0.53156021
-0.51463428
-0.50951206
-0.56412315
-0.55121679
-0.54417609
-0.55708244
-0.52786347
-0.51676859
-0.51070353
-0.5217984
-0.54887992
-0.54310669
-0.5248787
-0.53000091
-0.53361985
-0.51708558
-0.51708558
-0.53361985
-0.50167918
-0.48743888
-0.48743888
-0.50167918
-0.52578697
-0.50951206
-0.4950124
-0.50951206
-0.40585717
-0.39849877
-0.39849877
-0.40585717
-0.37656166
-0.37104286
-0.37104286
-0.37656166
-0.39461041
-0.38780843
-0.38173321
-0.38780843
-0.48433491
-0.45407216
-0.42705844
-0.45732119
-0.45922372
-0.43050348
-0.40457568
-0.43329592
-0.47336388
-0.47019475
-0.41438089
-0.41725323
-0.46748277
-0.43495563
-0.41179794
-0.44432508
-0.44471797
-0.41404335
-0.39145152
-0.42212614
-0.46068734
-0.45151341
-0.39748557
-0.40576389
-0.37642358
-0.35130649
-0.33041224
-0.35552933
-0.35448647
-0.3311381
-0.31095687
-0.33430523
-0.36740248
-0.36350757
-0.31893703
-0.32243208
-0.33199714
-0.30042828
-0.32454425
-0.35611311
-0.31476027
-0.2849186
-0.30834338
-0.33818506
-0.35084043
-0.29591698
-0.2894299
-0.34345773
-0.31709135
-0.28648076
-0.30963845
-0.34024904
-0.30192649
-0.27291778
-0.2955096
-0.32451832
-0.33607503
-0.28294281
-0.27645573
-0.32869233
-0.42558618
-0.39401731
-0.41621673
-0.44778559
-0.40596055
-0.37611887
-0.39787775
-0.42771942
-0.44233947
-0.38920725
-0.38092893
-0.43316554
-0.39992721
-0.37110509
-0.39313106
-0.42195318
-0.37772827
-0.35075867
-0.37221878
-0.39918838
-0.41380843
-0.36384705
-0.35801671
-0.40733313
-0.29752341
-0.26940892
-0.29214252
-0.32025701
-0.28028654
-0.25389925
-0.27594166
-0.30232896
-0.31388567
-0.26392428
-0.25938389
-0.3087003
-0.28676164
-0.25935479
-0.28138076
-0.30878761
-0.27159679
-0.2457918
-0.26725191
-0.29305689
-0.30351493
-0.25484349
-0.2503031
-0.29832957
-0.38633492
-0.35822043
-0.37953877
-0.40765325
-0.36670928
-0.34032199
-0.36119979
-0.38758708
-0.40085782
-0.35218638
-0.34635604
-0.39438252
-0.5579064
-0.55121679
-0.53866154
-0.54535115
-0.52253373
-0.51676859
-0.50597365
-0.51173879
-0.53733345
-0.54310669
-0.5248787
-0.51975649
-0.51941668
-0.51202487
-0.50017182
-0.50756362
-0.48941357
-0.48304857
-0.47285348
-0.47921848
-0.50217953
-0.50665072
-0.48842273
-0.48460257
-0.50979198
-0.50310237
-0.49195151
-0.49864112
-0.48115352
-0.47538838
-0.46579315
-0.47155828
-0.49323715
-0.49770834
-0.48078241
-0.47696225
-0.47827563
-0.47393247
-0.46539535
-0.46973851
-0.444677
-0.44115596
-0.4342768
-0.43779784
-0.45947671
-0.46347592
-0.45161251
-0.44805964
-0.48716107
-0.4823204
-0.47328576
-0.47812643
-0.4517884
-0.4478722
-0.44059788
-0.44451408
-0.46747513
-0.47147434
-0.45871826
-0.45516538
-0.45941046
-0.45407228
-0.44553515
-0.45087334
-0.42940735
-0.42509598
-0.41821682
-0.42252819
-0.44285564
-0.44596217
-0.43320609
-0.43054589
-0.45251506
-0.44767439
-0.43963478
-0.44447545
-0.42387661
-0.41996041
-0.41347642
-0.41739262
-0.43664257
-0.4397491
-0.4278857
-0.4252255
-0.55168965
-0.5394855
-0.53314699
-0.54535115
-0.517204
-0.50670899
-0.50124377
-0.51173879
-0.53733345
-0.53156021
-0.51463428
-0.51975649
-0.51460433
-0.50310237
-0.49606166
-0.50756362
-0.48528354
-0.47538838
-0.46932332
-0.47921848
-0.50217953
-0.49770834
-0.48078241
-0.48460257
-0.52422903
-0.51202487
-0.50428197
