MFEM mesh v1.0

#
# MFEM Geometry Types (see mesh/geom.hpp):
#
# POINT       = 0
# SEGMENT     = 1
# TRIANGLE    = 2
# SQUARE      = 3
# TETRAHEDRON = 4
# CUBE        = 5
#

dimension
3

elements
448
1 5 2 129 425 132 137 426 649 429
1 5 4 141 431 144 149 432 650 435
1 5 10 153 437 156 161 438 651 441
1 5 16 165 443 168 173 444 652 447
1 5 17 177 449 180 185 450 653 453
1 5 9 189 455 192 197 456 654 459
1 5 6 201 461 204 209 462 655 465
1 5 30 213 467 130 138 468 656 427
1 5 87 214 471 219 139 469 657 474
1 5 33 131 476 223 140 428 658 477
1 5 38 133 430 136 229 479 659 482
1 5 88 215 470 134 230 484 660 480
1 5 122 216 475 222 231 486 661 490
1 5 91 135 478 224 232 481 662 493
1 5 42 245 495 142 150 496 663 433
1 5 93 247 500 255 151 498 664 503
1 5 31 143 505 217 152 434 665 472
1 5 39 145 436 148 235 507 666 485
1 5 94 248 499 146 259 510 667 508
1 5 123 250 504 258 260 512 668 516
1 5 89 147 506 220 236 509 669 488
1 5 32 218 520 154 162 473 670 439
1 5 98 272 523 276 163 521 671 526
1 5 52 155 528 281 164 440 672 529
1 5 41 157 442 160 244 492 673 533
1 5 90 221 522 158 241 489 674 531
1 5 124 273 527 279 286 536 675 540
1 5 101 159 530 282 287 532 676 543
1 5 44 254 545 166 174 502 677 445
1 5 103 299 548 303 175 546 678 551
1 5 50 167 553 274 176 446 679 524
1 5 40 169 448 172 240 518 680 535
1 5 96 257 547 170 270 515 681 556
1 5 125 300 552 306 313 560 682 564
1 5 99 171 555 277 290 557 683 538
1 5 63 323 568 178 186 569 684 451
1 5 107 325 573 333 187 571 685 576
1 5 58 179 578 301 188 452 686 549
1 5 49 181 454 184 269 581 687 559
1 5 108 326 572 182 344 585 688 582
1 5 126 328 577 336 345 587 689 591
1 5 104 183 580 304 316 583 690 562
1 5 51 275 595 190 198 525 691 457
1 5 112 358 599 364 199 597 692 602
1 5 73 191 604 371 200 458 693 606
1 5 57 193 460 196 298 542 694 610
1 5 100 278 598 194 295 539 695 608
1 5 127 360 603 367 378 613 696 617
1 5 115 195 607 373 379 609 697 620
1 5 45 261 513 202 210 622 698 463
1 5 97 263 517 268 211 624 699 628
1 5 35 203 519 237 212 464 700 631
1 5 83 205 466 208 408 633 701 636
1 5 117 391 625 206 409 638 702 634
1 5 128 393 629 398 410 640 703 644
1 5 120 207 632 402 411 635 704 647
1 5 129 30 130 425 426 138 427 649
1 5 425 130 87 131 649 427 139 428
1 5 132 425 131 33 429 649 428 140
1 5 137 426 649 429 38 133 430 136
1 5 426 138 427 649 133 88 134 430
1 5 649 427 139 428 430 134 122 135
1 5 429 649 428 140 136 430 135 91
1 5 141 42 142 431 432 150 433 650
1 5 431 142 93 143 650 433 151 434
1 5 144 431 143 31 435 650 434 152
1 5 149 432 650 435 39 145 436 148
1 5 432 150 433 650 145 94 146 436
1 5 650 433 151 434 436 146 123 147
1 5 435 650 434 152 148 436 147 89
1 5 153 32 154 437 438 162 439 651
1 5 437 154 98 155 651 439 163 440
1 5 156 437 155 52 441 651 440 164
1 5 161 438 651 441 41 157 442 160
1 5 438 162 439 651 157 90 158 442
1 5 651 439 163 440 442 158 124 159
1 5 441 651 440 164 160 442 159 101
1 5 165 44 166 443 444 174 445 652
1 5 443 166 103 167 652 445 175 446
1 5 168 443 167 50 447 652 446 176
1 5 173 444 652 447 40 169 448 172
1 5 444 174 445 652 169 96 170 448
1 5 652 445 175 446 448 170 125 171
1 5 447 652 446 176 172 448 171 99
1 5 177 63 178 449 450 186 451 653
1 5 449 178 107 179 653 451 187 452
1 5 180 449 179 58 453 653 452 188
1 5 185 450 653 453 49 181 454 184
1 5 450 186 451 653 181 108 182 454
1 5 653 451 187 452 454 182 126 183
1 5 453 653 452 188 184 454 183 104
1 5 189 51 190 455 456 198 457 654
1 5 455 190 112 191 654 457 199 458
1 5 192 455 191 73 459 654 458 200
1 5 197 456 654 459 57 193 460 196
1 5 456 198 457 654 193 100 194 460
1 5 654 457 199 458 460 194 127 195
1 5 459 654 458 200 196 460 195 115
1 5 201 45 202 461 462 210 463 655
1 5 461 202 97 203 655 463 211 464
1 5 204 461 203 35 465 655 464 212
1 5 209 462 655 465 83 205 466 208
1 5 462 210 463 655 205 117 206 466
1 5 655 463 211 464 466 206 128 207
1 5 465 655 464 212 208 466 207 120
1 5 213 4 144 467 468 149 435 656
1 5 467 144 31 214 656 435 152 469
1 5 130 467 214 87 427 656 469 139
1 5 138 468 656 427 88 215 470 134
1 5 468 149 435 656 215 39 148 470
1 5 656 435 152 469 470 148 89 216
1 5 427 656 469 139 134 470 216 122
1 5 214 31 217 471 469 152 472 657
1 5 471 217 16 218 657 472 173 473
1 5 219 471 218 32 474 657 473 162
1 5 139 469 657 474 122 216 475 222
1 5 469 152 472 657 216 89 220 475
1 5 657 472 173 473 475 220 40 221
1 5 474 657 473 162 222 475 221 90
1 5 131 87 219 476 428 139 474 658
1 5 476 219 32 153 658 474 162 438
1 5 223 476 153 10 477 658 438 161
1 5 140 428 658 477 91 135 478 224
1 5 428 139 474 658 135 122 222 478
1 5 658 474 162 438 478 222 90 157
1 5 477 658 438 161 224 478 157 41
1 5 133 88 134 430 479 230 480 659
1 5 430 134 122 135 659 480 231 481
1 5 136 430 135 91 482 659 481 232
1 5 229 479 659 482 3 225 483 228
1 5 479 230 480 659 225 34 226 483
1 5 659 480 231 481 483 226 92 227
1 5 482 659 481 232 228 483 227 37
1 5 215 39 148 470 484 235 485 660
1 5 470 148 89 216 660 485 236 486
1 5 134 470 216 122 480 660 486 231
1 5 230 484 660 480 34 233 487 226
1 5 484 235 485 660 233 6 204 487
1 5 660 485 236 486 487 204 35 234
1 5 480 660 486 231 226 487 234 92
1 5 216 89 220 475 486 236 488 661
1 5 475 220 40 221 661 488 240 489
1 5 222 475 221 90 490 661 489 241
1 5 231 486 661 490 92 234 491 239
1 5 486 236 488 661 234 35 237 491
1 5 661 488 240 489 491 237 23 238
1 5 490 661 489 241 239 491 238 36
1 5 135 122 222 478 481 231 490 662
1 5 478 222 90 157 662 490 241 492
1 5 224 478 157 41 493 662 492 244
1 5 232 481 662 493 37 227 494 243
1 5 481 231 490 662 227 92 239 494
1 5 662 490 241 492 494 239 36 242
1 5 493 662 492 244 243 494 242 13
1 5 245 5 246 495 496 251 497 663
1 5 495 246 43 247 663 497 252 498
1 5 142 495 247 93 433 663 498 151
1 5 150 496 663 433 94 248 499 146
1 5 496 251 497 663 248 48 249 499
1 5 663 497 252 498 499 249 95 250
1 5 433 663 498 151 146 499 250 123
1 5 247 43 253 500 498 252 501 664
1 5 500 253 17 254 664 501 185 502
1 5 255 500 254 44 503 664 502 174
1 5 151 498 664 503 123 250 504 258
1 5 498 252 501 664 250 95 256 504
1 5 664 501 185 502 504 256 49 257
1 5 503 664 502 174 258 504 257 96
1 5 143 93 255 505 434 151 503 665
1 5 505 255 44 165 665 503 174 444
1 5 217 505 165 16 472 665 444 173
1 5 152 434 665 472 89 147 506 220
1 5 434 151 503 665 147 123 258 506
1 5 665 503 174 444 506 258 96 169
1 5 472 665 444 173 220 506 169 40
1 5 145 94 146 436 507 259 508 666
1 5 436 146 123 147 666 508 260 509
1 5 148 436 147 89 485 666 509 236
1 5 235 507 666 485 6 201 461 204
1 5 507 259 508 666 201 45 202 461
1 5 666 508 260 509 461 202 97 203
1 5 485 666 509 236 204 461 203 35
1 5 248 48 249 499 510 264 511 667
1 5 499 249 95 250 667 511 265 512
1 5 146 499 250 123 508 667 512 260
1 5 259 510 667 508 45 261 513 202
1 5 510 264 511 667 261 7 262 513
1 5 667 511 265 512 513 262 46 263
1 5 508 667 512 260 202 513 263 97
1 5 250 95 256 504 512 265 514 668
1 5 504 256 49 257 668 514 269 515
1 5 258 504 257 96 516 668 515 270
1 5 260 512 668 516 97 263 517 268
1 5 512 265 514 668 263 46 266 517
1 5 668 514 269 515 517 266 24 267
1 5 516 668 515 270 268 517 267 47
1 5 147 123 258 506 509 260 516 669
1 5 506 258 96 169 669 516 270 518
1 5 220 506 169 40 488 669 518 240
1 5 236 509 669 488 35 203 519 237
1 5 509 260 516 669 203 97 268 519
1 5 669 516 270 518 519 268 47 271
1 5 488 669 518 240 237 519 271 23
1 5 218 16 168 520 473 173 447 670
1 5 520 168 50 272 670 447 176 521
1 5 154 520 272 98 439 670 521 163
1 5 162 473 670 439 90 221 522 158
1 5 473 173 447 670 221 40 172 522
1 5 670 447 176 521 522 172 99 273
1 5 439 670 521 163 158 522 273 124
1 5 272 50 274 523 521 176 524 671
1 5 523 274 19 275 671 524 280 525
1 5 276 523 275 51 526 671 525 198
1 5 163 521 671 526 124 273 527 279
1 5 521 176 524 671 273 99 277 527
1 5 671 524 280 525 527 277 56 278
1 5 526 671 525 198 279 527 278 100
1 5 155 98 276 528 440 163 526 672
1 5 528 276 51 189 672 526 198 456
1 5 281 528 189 9 529 672 456 197
1 5 164 440 672 529 101 159 530 282
1 5 440 163 526 672 159 124 279 530
1 5 672 526 198 456 530 279 100 193
1 5 529 672 456 197 282 530 193 57
1 5 157 90 158 442 492 241 531 673
1 5 442 158 124 159 673 531 286 532
1 5 160 442 159 101 533 673 532 287
1 5 244 492 673 533 13 242 534 285
1 5 492 241 531 673 242 36 283 534
1 5 673 531 286 532 534 283 102 284
1 5 533 673 532 287 285 534 284 55
1 5 221 40 172 522 489 240 535 674
1 5 522 172 99 273 674 535 290 536
1 5 158 522 273 124 531 674 536 286
1 5 241 489 674 531 36 238 537 283
1 5 489 240 535 674 238 23 288 537
1 5 674 535 290 536 537 288 53 289
1 5 531 674 536 286 283 537 289 102
1 5 273 99 277 527 536 290 538 675
1 5 527 277 56 278 675 538 294 539
1 5 279 527 278 100 540 675 539 295
1 5 286 536 675 540 102 289 541 293
1 5 536 290 538 675 289 53 291 541
1 5 675 538 294 539 541 291 26 292
1 5 540 675 539 295 293 541 292 54
1 5 159 124 279 530 532 286 540 676
1 5 530 279 100 193 676 540 295 542
1 5 282 530 193 57 543 676 542 298
1 5 287 532 676 543 55 284 544 297
1 5 532 286 540 676 284 102 293 544
1 5 676 540 295 542 544 293 54 296
1 5 543 676 542 298 297 544 296 12
1 5 254 17 180 545 502 185 453 677
1 5 545 180 58 299 677 453 188 546
1 5 166 545 299 103 445 677 546 175
1 5 174 502 677 445 96 257 547 170
1 5 502 185 453 677 257 49 184 547
1 5 677 453 188 546 547 184 104 300
1 5 445 677 546 175 170 547 300 125
1 5 299 58 301 548 546 188 549 678
1 5 548 301 20 302 678 549 307 550
1 5 303 548 302 59 551 678 550 308
1 5 175 546 678 551 125 300 552 306
1 5 546 188 549 678 300 104 304 552
1 5 678 549 307 550 552 304 62 305
1 5 551 678 550 308 306 552 305 105
1 5 167 103 303 553 446 175 551 679
1 5 553 303 59 309 679 551 308 554
1 5 274 553 309 19 524 679 554 280
1 5 176 446 679 524 99 171 555 277
1 5 446 175 551 679 171 125 306 555
1 5 679 551 308 554 555 306 105 310
1 5 524 679 554 280 277 555 310 56
1 5 169 96 170 448 518 270 556 680
1 5 448 170 125 171 680 556 313 557
1 5 172 448 171 99 535 680 557 290
1 5 240 518 680 535 23 271 558 288
1 5 518 270 556 680 271 47 311 558
1 5 680 556 313 557 558 311 106 312
1 5 535 680 557 290 288 558 312 53
1 5 257 49 184 547 515 269 559 681
1 5 547 184 104 300 681 559 316 560
1 5 170 547 300 125 556 681 560 313
1 5 270 515 681 556 47 267 561 311
1 5 515 269 559 681 267 24 314 561
1 5 681 559 316 560 561 314 60 315
1 5 556 681 560 313 311 561 315 106
1 5 300 104 304 552 560 316 562 682
1 5 552 304 62 305 682 562 320 563
1 5 306 552 305 105 564 682 563 321
1 5 313 560 682 564 106 315 565 319
1 5 560 316 562 682 315 60 317 565
1 5 682 562 320 563 565 317 27 318
1 5 564 682 563 321 319 565 318 61
1 5 171 125 306 555 557 313 564 683
1 5 555 306 105 310 683 564 321 566
1 5 277 555 310 56 538 683 566 294
1 5 290 557 683 538 53 312 567 291
1 5 557 313 564 683 312 106 319 567
1 5 683 564 321 566 567 319 61 322
1 5 538 683 566 294 291 567 322 26
1 5 323 18 324 568 569 329 570 684
1 5 568 324 64 325 684 570 330 571
1 5 178 568 325 107 451 684 571 187
1 5 186 569 684 451 108 326 572 182
1 5 569 329 570 684 326 69 327 572
1 5 684 570 330 571 572 327 109 328
1 5 451 684 571 187 182 572 328 126
1 5 325 64 331 573 571 330 574 685
1 5 573 331 21 332 685 574 337 575
1 5 333 573 332 65 576 685 575 338
1 5 187 571 685 576 126 328 577 336
1 5 571 330 574 685 328 109 334 577
1 5 685 574 337 575 577 334 70 335
1 5 576 685 575 338 336 577 335 110
1 5 179 107 333 578 452 187 576 686
1 5 578 333 65 339 686 576 338 579
1 5 301 578 339 20 549 686 579 307
1 5 188 452 686 549 104 183 580 304
1 5 452 187 576 686 183 126 336 580
1 5 686 576 338 579 580 336 110 340
1 5 549 686 579 307 304 580 340 62
1 5 181 108 182 454 581 344 582 687
1 5 454 182 126 183 687 582 345 583
1 5 184 454 183 104 559 687 583 316
1 5 269 581 687 559 24 341 584 314
1 5 581 344 582 687 341 66 342 584
1 5 687 582 345 583 584 342 111 343
1 5 559 687 583 316 314 584 343 60
1 5 326 69 327 572 585 349 586 688
1 5 572 327 109 328 688 586 350 587
1 5 182 572 328 126 582 688 587 345
1 5 344 585 688 582 66 346 588 342
1 5 585 349 586 688 346 25 347 588
1 5 688 586 350 587 588 347 67 348
1 5 582 688 587 345 342 588 348 111
1 5 328 109 334 577 587 350 589 689
1 5 577 334 70 335 689 589 354 590
1 5 336 577 335 110 591 689 590 355
1 5 345 587 689 591 111 348 592 353
1 5 587 350 589 689 348 67 351 592
1 5 689 589 354 590 592 351 28 352
1 5 591 689 590 355 353 592 352 68
1 5 183 126 336 580 583 345 591 690
1 5 580 336 110 340 690 591 355 593
1 5 304 580 340 62 562 690 593 320
1 5 316 583 690 562 60 343 594 317
1 5 583 345 591 690 343 111 353 594
1 5 690 591 355 593 594 353 68 356
1 5 562 690 593 320 317 594 356 27
1 5 275 19 357 595 525 280 596 691
1 5 595 357 71 358 691 596 361 597
1 5 190 595 358 112 457 691 597 199
1 5 198 525 691 457 100 278 598 194
1 5 525 280 596 691 278 56 359 598
1 5 691 596 361 597 598 359 113 360
1 5 457 691 597 199 194 598 360 127
1 5 358 71 362 599 597 361 600 692
1 5 599 362 22 363 692 600 368 601
1 5 364 599 363 72 602 692 601 369
1 5 199 597 692 602 127 360 603 367
1 5 597 361 600 692 360 113 365 603
1 5 692 600 368 601 603 365 77 366
1 5 602 692 601 369 367 603 366 114
1 5 191 112 364 604 458 199 602 693
1 5 604 364 72 370 693 602 369 605
1 5 371 604 370 8 606 693 605 374
1 5 200 458 693 606 115 195 607 373
1 5 458 199 602 693 195 127 367 607
1 5 693 602 369 605 607 367 114 372
1 5 606 693 605 374 373 607 372 78
1 5 193 100 194 460 542 295 608 694
1 5 460 194 127 195 694 608 378 609
1 5 196 460 195 115 610 694 609 379
1 5 298 542 694 610 12 296 611 377
1 5 542 295 608 694 296 54 375 611
1 5 694 608 378 609 611 375 116 376
1 5 610 694 609 379 377 611 376 76
1 5 278 56 359 598 539 294 612 695
1 5 598 359 113 360 695 612 382 613
1 5 194 598 360 127 608 695 613 378
1 5 295 539 695 608 54 292 614 375
1 5 539 294 612 695 292 26 380 614
1 5 695 612 382 613 614 380 74 381
1 5 608 695 613 378 375 614 381 116
1 5 360 113 365 603 613 382 615 696
1 5 603 365 77 366 696 615 386 616
1 5 367 603 366 114 617 696 616 387
1 5 378 613 696 617 116 381 618 385
1 5 613 382 615 696 381 74 383 618
1 5 696 615 386 616 618 383 29 384
1 5 617 696 616 387 385 618 384 75
1 5 195 127 367 607 609 378 617 697
1 5 607 367 114 372 697 617 387 619
1 5 373 607 372 78 620 697 619 390
1 5 379 609 697 620 76 376 621 389
1 5 609 378 617 697 376 116 385 621
1 5 697 617 387 619 621 385 75 388
1 5 620 697 619 390 389 621 388 11
1 5 261 7 262 513 622 394 623 698
1 5 513 262 46 263 698 623 395 624
1 5 202 513 263 97 463 698 624 211
1 5 210 622 698 463 117 391 625 206
1 5 622 394 623 698 391 84 392 625
1 5 698 623 395 624 625 392 118 393
1 5 463 698 624 211 206 625 393 128
1 5 263 46 266 517 624 395 626 699
1 5 517 266 24 267 699 626 399 627
1 5 268 517 267 47 628 699 627 400
1 5 211 624 699 628 128 393 629 398
1 5 624 395 626 699 393 118 396 629
1 5 699 626 399 627 629 396 85 397
1 5 628 699 627 400 398 629 397 119
1 5 203 97 268 519 464 211 628 700
1 5 519 268 47 271 700 628 400 630
1 5 237 519 271 23 631 700 630 403
1 5 212 464 700 631 120 207 632 402
1 5 464 211 628 700 207 128 398 632
1 5 700 628 400 630 632 398 119 401
1 5 631 700 630 403 402 632 401 86
1 5 205 117 206 466 633 409 634 701
1 5 466 206 128 207 701 634 410 635
1 5 208 466 207 120 636 701 635 411
1 5 408 633 701 636 0 404 637 407
1 5 633 409 634 701 404 79 405 637
1 5 701 634 410 635 637 405 121 406
1 5 636 701 635 411 407 637 406 82
1 5 391 84 392 625 638 415 639 702
1 5 625 392 118 393 702 639 416 640
1 5 206 625 393 128 634 702 640 410
1 5 409 638 702 634 79 412 641 405
1 5 638 415 639 702 412 1 413 641
1 5 702 639 416 640 641 413 80 414
1 5 634 702 640 410 405 641 414 121
1 5 393 118 396 629 640 416 642 703
1 5 629 396 85 397 703 642 420 643
1 5 398 629 397 119 644 703 643 421
1 5 410 640 703 644 121 414 645 419
1 5 640 416 642 703 414 80 417 645
1 5 703 642 420 643 645 417 15 418
1 5 644 703 643 421 419 645 418 81
1 5 207 128 398 632 635 410 644 704
1 5 632 398 119 401 704 644 421 646
1 5 402 632 401 86 647 704 646 424
1 5 411 635 704 647 82 406 648 423
1 5 635 410 644 704 406 121 419 648
1 5 704 644 421 646 648 419 81 422
1 5 647 704 646 424 423 648 422 14

boundary
448
1 3 2 129 426 137
1 3 4 141 432 149
1 3 6 201 462 209
1 3 30 213 468 138
1 3 88 215 484 230
1 3 38 133 479 229
1 3 42 245 496 150
1 3 94 248 510 259
1 3 39 145 507 235
1 3 45 261 622 210
1 3 117 391 638 409
1 3 83 205 633 408
1 3 129 30 138 426
1 3 426 138 88 133
1 3 137 426 133 38
1 3 141 42 150 432
1 3 432 150 94 145
1 3 149 432 145 39
1 3 201 45 210 462
1 3 462 210 117 205
1 3 209 462 205 83
1 3 213 4 149 468
1 3 468 149 39 215
1 3 138 468 215 88
1 3 215 39 235 484
1 3 484 235 6 233
1 3 230 484 233 34
1 3 133 88 230 479
1 3 479 230 34 225
1 3 229 479 225 3
1 3 245 5 251 496
1 3 496 251 48 248
1 3 150 496 248 94
1 3 248 48 264 510
1 3 510 264 7 261
1 3 259 510 261 45
1 3 145 94 259 507
1 3 507 259 45 201
1 3 235 507 201 6
1 3 261 7 394 622
1 3 622 394 84 391
1 3 210 622 391 117
1 3 391 84 415 638
1 3 638 415 1 412
1 3 409 638 412 79
1 3 205 117 409 633
1 3 633 409 79 404
1 3 408 633 404 0
31 3 132 425 129 2
31 3 144 431 141 4
31 3 156 437 153 10
31 3 168 443 165 16
31 3 180 449 177 17
31 3 192 455 189 9
31 3 10 223 477 161
31 3 3 225 483 228
31 3 5 246 497 251
31 3 323 18 329 569
31 3 9 281 529 197
31 3 13 242 534 285
31 3 20 302 550 307
31 3 23 271 558 288
31 3 18 324 570 329
31 3 21 332 575 337
31 3 24 341 584 314
31 3 19 357 596 280
31 3 22 363 601 368
31 3 8 371 606 374
31 3 12 296 611 377
31 3 204 6 209 465
31 3 7 262 623 394
31 3 24 267 627 399
31 3 0 404 637 407
31 3 130 467 213 30
31 3 219 471 214 87
31 3 223 476 131 33
31 3 142 495 245 42
31 3 255 500 247 93
31 3 217 505 143 31
31 3 154 520 218 32
31 3 276 523 272 98
31 3 281 528 155 52
31 3 166 545 254 44
31 3 303 548 299 103
31 3 274 553 167 50
31 3 178 568 323 63
31 3 333 573 325 107
31 3 301 578 179 58
31 3 190 595 275 51
31 3 364 599 358 112
31 3 371 604 191 73
31 3 33 132 429 140
31 3 91 136 482 232
31 3 41 224 493 244
31 3 34 233 487 226
31 3 92 234 491 239
31 3 37 227 494 243
31 3 36 238 537 283
31 3 102 289 541 293
31 3 55 284 544 297
31 3 237 35 212 631
31 3 402 120 411 647
31 3 208 83 408 636
31 3 43 253 501 252
31 3 95 256 514 265
31 3 48 249 511 264
31 3 177 63 186 450
31 3 181 108 344 581
31 3 326 69 349 585
31 3 52 156 441 164
31 3 101 160 533 287
31 3 57 282 543 298
31 3 59 309 554 308
31 3 105 310 566 321
31 3 62 305 563 320
31 3 65 339 579 338
31 3 110 340 593 355
31 3 70 335 590 354
31 3 71 362 600 361
31 3 113 365 615 382
31 3 56 359 612 294
31 3 47 267 561 311
31 3 106 315 565 319
31 3 53 312 567 291
31 3 66 346 588 342
31 3 111 348 592 353
31 3 60 343 594 317
31 3 46 266 626 395
31 3 118 396 642 416
31 3 84 392 639 415
31 3 47 271 630 400
31 3 119 401 646 421
31 3 85 397 643 420
31 3 79 412 641 405
31 3 121 414 645 419
31 3 82 406 648 423
31 3 64 331 574 330
31 3 109 334 589 350
31 3 69 327 586 349
31 3 72 370 605 369
31 3 114 372 619 387
31 3 77 366 616 386
31 3 73 192 459 200
31 3 115 196 610 379
31 3 78 373 620 390
31 3 54 292 614 375
31 3 116 381 618 385
31 3 76 376 621 389
31 3 425 130 30 129
31 3 131 87 130 425
31 3 33 131 425 132
31 3 431 142 42 141
31 3 143 93 142 431
31 3 31 143 431 144
31 3 437 154 32 153
31 3 155 98 154 437
31 3 52 155 437 156
31 3 443 166 44 165
31 3 167 103 166 443
31 3 50 167 443 168
31 3 467 144 4 213
31 3 214 31 144 467
31 3 87 214 467 130
31 3 471 217 31 214
31 3 218 16 217 471
31 3 32 218 471 219
31 3 476 219 87 131
31 3 153 32 219 476
31 3 10 153 476 223
31 3 495 246 5 245
31 3 247 43 246 495
31 3 93 247 495 142
31 3 500 253 43 247
31 3 254 17 253 500
31 3 44 254 500 255
31 3 505 255 93 143
31 3 165 44 255 505
31 3 16 165 505 217
31 3 520 168 16 218
31 3 272 50 168 520
31 3 98 272 520 154
31 3 523 274 50 272
31 3 275 19 274 523
31 3 51 275 523 276
31 3 528 276 98 155
31 3 189 51 276 528
31 3 9 189 528 281
31 3 545 180 17 254
31 3 299 58 180 545
31 3 103 299 545 166
31 3 548 301 58 299
31 3 302 20 301 548
31 3 59 302 548 303
31 3 553 303 103 167
31 3 309 59 303 553
31 3 19 309 553 274
31 3 449 178 63 177
31 3 179 107 178 449
31 3 58 179 449 180
31 3 568 324 18 323
31 3 325 64 324 568
31 3 107 325 568 178
31 3 573 331 64 325
31 3 332 21 331 573
31 3 65 332 573 333
31 3 578 333 107 179
31 3 339 65 333 578
31 3 20 339 578 301
31 3 455 190 51 189
31 3 191 112 190 455
31 3 73 191 455 192
31 3 595 357 19 275
31 3 358 71 357 595
31 3 112 358 595 190
31 3 599 362 71 358
31 3 363 22 362 599
31 3 72 363 599 364
31 3 604 364 112 191
31 3 370 72 364 604
31 3 8 370 604 371
31 3 223 33 140 477
31 3 477 140 91 224
31 3 161 477 224 41
31 3 225 34 226 483
31 3 483 226 92 227
31 3 228 483 227 37
31 3 242 36 283 534
31 3 534 283 102 284
31 3 285 534 284 55
31 3 35 204 465 212
31 3 212 465 208 120
31 3 465 209 83 208
31 3 132 2 137 429
31 3 429 137 38 136
31 3 140 429 136 91
31 3 136 38 229 482
31 3 482 229 3 228
31 3 232 482 228 37
31 3 224 91 232 493
31 3 493 232 37 243
31 3 244 493 243 13
31 3 233 6 204 487
31 3 487 204 35 234
31 3 226 487 234 92
31 3 234 35 237 491
31 3 491 237 23 238
31 3 239 491 238 36
31 3 227 92 239 494
31 3 494 239 36 242
31 3 243 494 242 13
31 3 238 23 288 537
31 3 537 288 53 289
31 3 283 537 289 102
31 3 289 53 291 541
31 3 541 291 26 292
31 3 293 541 292 54
31 3 284 102 293 544
31 3 544 293 54 296
31 3 297 544 296 12
31 3 23 237 631 403
31 3 403 631 402 86
31 3 631 212 120 402
31 3 86 402 647 424
31 3 424 647 423 14
31 3 647 411 82 423
31 3 120 208 636 411
31 3 411 636 407 82
31 3 636 408 0 407
31 3 246 43 252 497
31 3 497 252 95 249
31 3 251 497 249 48
31 3 63 323 569 186
31 3 186 569 326 108
31 3 569 329 69 326
31 3 253 17 185 501
31 3 501 185 49 256
31 3 252 501 256 95
31 3 256 49 269 514
31 3 514 269 24 266
31 3 265 514 266 46
31 3 249 95 265 511
31 3 511 265 46 262
31 3 264 511 262 7
31 3 17 177 450 185
31 3 185 450 181 49
31 3 450 186 108 181
31 3 49 181 581 269
31 3 269 581 341 24
31 3 581 344 66 341
31 3 108 326 585 344
31 3 344 585 346 66
31 3 585 349 25 346
31 3 281 52 164 529
31 3 529 164 101 282
31 3 197 529 282 57
31 3 156 10 161 441
31 3 441 161 41 160
31 3 164 441 160 101
31 3 160 41 244 533
31 3 533 244 13 285
31 3 287 533 285 55
31 3 282 101 287 543
31 3 543 287 55 297
31 3 298 543 297 12
31 3 302 59 308 550
31 3 550 308 105 305
31 3 307 550 305 62
31 3 332 65 338 575
31 3 575 338 110 335
31 3 337 575 335 70
31 3 357 71 361 596
31 3 596 361 113 359
31 3 280 596 359 56
31 3 309 19 280 554
31 3 554 280 56 310
31 3 308 554 310 105
31 3 310 56 294 566
31 3 566 294 26 322
31 3 321 566 322 61
31 3 305 105 321 563
31 3 563 321 61 318
31 3 320 563 318 27
31 3 339 20 307 579
31 3 579 307 62 340
31 3 338 579 340 110
31 3 340 62 320 593
31 3 593 320 27 356
31 3 355 593 356 68
31 3 335 110 355 590
31 3 590 355 68 352
31 3 354 590 352 28
31 3 362 22 368 600
31 3 600 368 77 365
31 3 361 600 365 113
31 3 365 77 386 615
31 3 615 386 29 383
31 3 382 615 383 74
31 3 359 113 382 612
31 3 612 382 74 380
31 3 294 612 380 26
31 3 271 47 311 558
31 3 558 311 106 312
31 3 288 558 312 53
31 3 341 66 342 584
31 3 584 342 111 343
31 3 314 584 343 60
31 3 262 46 395 623
31 3 623 395 118 392
31 3 394 623 392 84
31 3 267 47 400 627
31 3 627 400 119 397
31 3 399 627 397 85
31 3 404 79 405 637
31 3 637 405 121 406
31 3 407 637 406 82
31 3 267 24 314 561
31 3 561 314 60 315
31 3 311 561 315 106
31 3 315 60 317 565
31 3 565 317 27 318
31 3 319 565 318 61
31 3 312 106 319 567
31 3 567 319 61 322
31 3 291 567 322 26
31 3 346 25 347 588
31 3 588 347 67 348
31 3 342 588 348 111
31 3 348 67 351 592
31 3 592 351 28 352
31 3 353 592 352 68
31 3 343 111 353 594
31 3 594 353 68 356
31 3 317 594 356 27
31 3 266 24 399 626
31 3 626 399 85 396
31 3 395 626 396 118
31 3 396 85 420 642
31 3 642 420 15 417
31 3 416 642 417 80
31 3 392 118 416 639
31 3 639 416 80 413
31 3 415 639 413 1
31 3 271 23 403 630
31 3 630 403 86 401
31 3 400 630 401 119
31 3 401 86 424 646
31 3 646 424 14 422
31 3 421 646 422 81
31 3 397 119 421 643
31 3 643 421 81 418
31 3 420 643 418 15
31 3 412 1 413 641
31 3 641 413 80 414
31 3 405 641 414 121
31 3 414 80 417 645
31 3 645 417 15 418
31 3 419 645 418 81
31 3 406 121 419 648
31 3 648 419 81 422
31 3 423 648 422 14
31 3 324 64 330 570
31 3 570 330 109 327
31 3 329 570 327 69
31 3 331 21 337 574
31 3 574 337 70 334
31 3 330 574 334 109
31 3 334 70 354 589
31 3 589 354 28 351
31 3 350 589 351 67
31 3 327 109 350 586
31 3 586 350 67 347
31 3 349 586 347 25
31 3 363 72 369 601
31 3 601 369 114 366
31 3 368 601 366 77
31 3 371 73 200 606
31 3 606 200 115 373
31 3 374 606 373 78
31 3 370 8 374 605
31 3 605 374 78 372
31 3 369 605 372 114
31 3 372 78 390 619
31 3 619 390 11 388
31 3 387 619 388 75
31 3 366 114 387 616
31 3 616 387 75 384
31 3 386 616 384 29
31 3 192 9 197 459
31 3 459 197 57 196
31 3 200 459 196 115
31 3 196 57 298 610
31 3 610 298 12 377
31 3 379 610 377 76
31 3 373 115 379 620
31 3 620 379 76 389
31 3 390 620 389 11
31 3 296 54 375 611
31 3 611 375 116 376
31 3 377 611 376 76
31 3 292 26 380 614
31 3 614 380 74 381
31 3 375 614 381 116
31 3 381 74 383 618
31 3 618 383 29 384
31 3 385 618 384 75
31 3 376 116 385 621
31 3 621 385 75 388
31 3 389 621 388 11

vertices
705

nodes
FiniteElementSpace
FiniteElementCollection: H1_3D_P2
VDim: 3
Ordering: 0

-0.31000795
-3.1225023e-17
-0.70710678
-0.67227043
-0.39717735
1.0842022e-18
-0.37298049
-1.3010426e-18
-0.38463884
-0.48603889
-0.59335069
-0.37864925
-0.47240707
-0.57019239
-0.26592163
2.9273459e-18
-0.3224644
1.2624179e-17
0.3224644
-0.25629728
-5.4210109e-20
0.25605782
-0.19728907
-0.30722904
5.9089018e-18
0.30721416
-0.24775119
-1.0842022e-19
0.2473562
-0.19368993
-0.55214206
-0.35982088
-0.45790755
-0.65022874
-0.52262546
-0.34010476
-0.43871072
-0.62123141
-0.68968861
-0.38507892
-0.31484672
-0.58177154
-0.19858867
6.8541906e-18
-0.1612322
-0.18649024
2.3039296e-18
-0.15361452
-1.0842022e-19
9.2665404e-18
-0.28938084
-0.37116809
-0.53969479
-0.27749011
-0.36007913
-0.52129973
-0.25202424
-0.47922298
6.2849845e-18
-0.12814864
2.9002408e-18
-0.12387559
-8.1315163e-20
0.1612322
0.28926111
0.12802891
0.15360708
0.27728518
0.1236781
0.31483928
0.25170701
-0.22679318
-0.29096396
-0.43533886
-0.22072056
-0.28616959
-0.42552816
-0.1954895
-0.38164404
-0.15500398
-1.4148838e-17
-0.13296081
-0.28796479
-0.34149422
-1.6263033e-17
4.4181239e-18
-0.28657533
-0.50502481
-0.53738376
-0.34996282
-0.44830913
-0.63573008
-0.48066809
-0.17991044
-0.19253946
4.5790601e-18
-0.15742336
-0.17005238
-0.41453782
-0.28343548
-0.36562361
-0.53049726
-0.39939492
-0.14469042
4.5926126e-18
-0.12601212
-0.13874506
0.14463056
0.15741964
0.28327314
0.1258535
0.13864259
-0.33106602
-0.22375687
-0.28856677
-0.43043351
-0.32312436
-0.17074711
-5.9224544e-18
-0.14328767
-0.31403478
-0.1439824
-0.49284645
-0.17498141
-0.40696637
-0.14171774
0.14163657
-0.32709519
-0.15701739
-0.62962442
-0.52858344
-0.57762677
-0.67866776
-0.61353618
-0.5151151
-0.56428826
-0.66270934
-0.69839769
-0.54476291
-0.49893563
-0.64297941
-0.29788301
-0.18924956
-0.26986566
-0.37849911
-0.28880919
-0.18376043
-0.26247211
-0.36752087
-0.39112813
-0.19556407
-0.17744592
-0.35489185
-0.52562912
-0.43622268
-0.4771163
-0.56652274
-0.51504034
-0.42763775
-0.46873181
-0.5561344
-0.58756112
-0.45310834
-0.41075209
-0.53509603
-0.2418483
-0.15296131
-0.21703563
-0.30592262
-0.23613504
-0.14957055
-0.21257661
-0.2991411
-0.31865556
-0.15932778
-0.14320408
-0.28640816
0.080616101
0.15293138
0.072315278
9.4545818e-18
0.07870982
0.14952811
0.070818286
6.9295765e-18
1.094536e-17
0.15932592
0.14313356
5.4387986e-18
-0.42860349
-0.35111705
-0.38320244
-0.46068888
-0.42242329
-0.3463594
-0.37876435
-0.45482824
-0.48263093
-0.36839585
-0.32908061
-0.43288619
-0.27973537
-0.17827131
-0.25507857
-0.35654263
-0.25612067
-0.16388225
-0.23552608
-0.3277645
-0.35723735
-0.17861868
-0.16353489
-0.32706977
-0.47465971
-0.43242284
-0.46123134
-0.42140463
-0.34114264
-0.39018598
-0.48146618
-0.33240477
-0.38157793
-0.47057779
-0.62178972
-0.60875081
-0.59744795
-0.50164677
-0.55094975
-0.64675092
-0.68097952
-0.53000461
-0.48675727
-0.62848074
-0.44780297
-0.41038643
-0.3790297
-0.34503379
-0.3236669
-0.37296988
-0.4596894
-0.31103788
-0.44350992
-0.50445155
-0.5957119
-0.57598197
-0.099294337
3.9691964e-18
-0.089955219
-0.096269729
2.2353199e-18
-0.087490705
4.8789098e-19
5.7166254e-18
9.7391848e-18
-0.080616101
-0.17057132
6.9228003e-18
-0.078711681
-0.16620239
-0.18951485
-0.1725169
-0.093245122
5.014435e-19
-0.085026191
-7.0473141e-19
3.4414949e-18
4.1064157e-18
-0.07680726
-0.16183345
7.5877211e-18
-0.15551894
-0.23042178
-0.35195933
-0.34520092
-0.27283906
-0.31373269
-0.39285295
-0.26772986
-0.30882392
-0.38629499
-0.25416076
-0.51286684
-0.50486012
-0.41905282
-0.46034733
-0.54574606
-0.40318065
-0.52589849
-0.29235958
-0.33844252
-0.2804628
-0.26262065
-0.30391516
-0.37973702
-0.24988771
-0.36285137
-0.4162431
-0.4968534
-0.47581502
-0.072345211
-0.07085887
3.1153872e-18
-0.064074321
-0.13641953
2.2556487e-18
-0.063006059
-0.13386493
-6.7762636e-20
-0.12708038
-0.19222296
-0.18901818
-0.14617979
-0.20811758
-0.1402314
4.4045713e-18
-0.069372528
3.7464267e-18
1.3959103e-18
-0.061937797
-0.13131032
-9.486769e-20
-0.12494386
-0.18581339
0.2418483
0.30586276
0.21694583
0.23612946
0.29905621
0.21245486
0.31865184
0.28626713
0.27265946
0.19204336
0.13632973
0.26749008
0.18878026
0.13374504
0.25388241
0.12694121
0.064014455
0.062926752
0.076803539
0.14612483
0.069321294
0.15551336
0.14013958
0.23041062
0.29224967
0.20796388
0.31102672
0.28027916
0.26232069
0.18551715
0.13116034
0.2495316
0.1247658
0.061839049
-0.24154523
-0.2789296
-0.23789055
-0.27542603
-0.22527502
-0.21204113
-0.24412652
-0.31101499
-0.20962319
-0.24202814
-0.30783098
-0.19638929
-0.28976537
-0.3378014
-0.40998885
-0.33510541
-0.40603878
-0.38314144
-0.34160174
-0.37432626
-0.44896761
-0.32510977
-0.42798083
-0.23423587
-0.27192246
-0.22223871
-0.20720524
-0.23992976
-0.30464697
-0.19458972
-0.28736818
-0.33240942
-0.4020887
-0.38014665
-0.085373555
-1.1092743e-17
-0.078508694
-8.7820376e-18
-1.8092624e-18
-7.5216526e-19
-0.071643833
-0.15015253
5.1635128e-18
-0.14845109
-0.2149315
-0.30030505
-0.29690219
-0.23250597
-0.14949319
-0.21597359
-0.29898637
-0.32575109
-0.16287554
-0.15049989
-0.30099978
-0.077501989
-2.268693e-17
-0.071991198
-2.3744028e-17
-1.0035646e-17
-5.6107462e-18
-0.066480406
-0.1384716
3.6727349e-18
-0.13812424
-0.19944122
-0.27694321
-0.27624848
-0.6036256
-0.6215803
-0.52184927
-0.57095752
-0.67068855
-0.58891222
-0.28387433
-0.2933461
-0.186505
-0.26616889
-0.37300999
-0.27564065
-0.50137271
-0.52033473
-0.43193022
-0.47292406
-0.56132857
-0.49188608
-0.22944197
-0.23899167
-0.15126593
-0.21480612
-0.30253186
-0.22435583
0.076465689
0.079662961
0.15122974
0.071566782
8.1920791e-18
0.074764053
-0.40590296
-0.42551339
-0.34873823
-0.3809834
-0.45775856
-0.40059382
-0.26740697
-0.26792802
-0.17107678
-0.24530233
-0.34215356
-0.24582337
-0.45354127
-0.46794552
-0.42691374
-0.44131799
-0.41130441
-0.33677371
-0.38588195
-0.47602198
-0.40149128
-0.55162795
-0.61527026
-0.5396643
-0.60549207
-0.50838094
-0.55761901
-0.65473013
-0.57419885
-0.45451716
-0.36203175
-0.41589553
-0.4290947
-0.32803584
-0.3772739
-0.4651336
-0.39167815
-0.50974595
-0.60223136
-0.52770065
-0.094624778
-0.097782033
3.1022582e-18
-0.088722962
-0.091880217
-0.08528566
8.3309926e-18
-0.079663891
-0.16838685
-0.083101193
-0.25585698
-0.24930358
-0.28427228
-0.18101587
-0.25877534
-0.094757426
1.3683817e-18
-0.086258448
-0.089135656
5.514608e-18
-0.07775947
-0.16401792
-0.080916725
-0.23327841
-0.24275018
-0.37107265
-0.34858013
-0.36338943
-0.33284601
-0.27028446
-0.3112783
-0.38957397
-0.32701242
-0.4528599
-0.50886348
-0.44557755
-0.42334528
-0.46453957
-0.55094023
-0.48239944
-0.29575034
-0.34182172
-0.3557062
-0.26517525
-0.30636954
-0.38301601
-0.32117884
-0.41933319
-0.50085676
-0.43829521
-0.076480656
-0.07160204
-0.074785275
-0.068209766
2.685518e-18
-0.06354019
-0.13514223
-0.066932464
-0.2046293
-0.19062057
-0.20079739
-0.14787517
-0.2103471
-0.21926968
5.6670739e-18
-0.070115699
-0.073089894
1.8257795e-18
-0.062471928
-0.13258763
-0.065655162
-0.18741578
-0.19696549
0.22939707
0.23898888
0.30245948
0.21470035
0.22429216
0.2044946
0.27007477
0.19041181
0.13503738
0.20061756
0.068164866
0.063470603
0.066872519
0.077756679
0.14782647
0.07006979
0.073062416
0.23327004
0.29565294
0.21020937
0.21918725
0.26490538
0.1871487
0.13245269
0.19674051
0.0623829
0.065580171
-0.29633114
-0.23971789
-0.27717781
-0.29212497
-0.26152806
-0.21083216
-0.24307733
-0.30942299
-0.25872708
-0.36050192
-0.3364534
-0.40801381
-0.35693488
-0.34398057
-0.3765453
-0.45189793
-0.39528468
-0.23606321
-0.27367424
-0.28791881
-0.20841421
-0.24097895
-0.30623898
-0.25592611
-0.33375741
-0.40406374
-0.35336784
-0.089309338
-5.29565e-18
-0.081767443
-0.081941125
1.6771252e-18
-0.074225547
-0.15599299
-0.075076264
-0.22267664
-0.31198598
-0.22522879
-0.24431332
-0.15668772
-0.22574984
-0.31337544
-0.22423978
-0.081437772
-1.6889837e-17
-0.075249946
-0.074746593
-3.1814557e-18
-0.06906212
-0.14431207
-0.069235802
-0.20718636
-0.28862413
-0.20770741
-0.59626891
-0.27975749
-0.49662939
-0.2268989
0.075614871
-0.40324839
-0.25661517
-0.44742963
-0.40639784
-0.54564612
-0.58155554
-0.43520634
-0.39658472
-0.53368248
-0.093252498
-0.084193426
-0.25258028
-0.27152381
-0.090507937
-0.082008959
-0.24602688
-0.36723104
-0.32992922
-0.44921872
-0.48714276
-0.35954781
-0.32409563
-0.44193638
-0.075632966
-0.067571115
-0.20271335
-0.22181275
-0.073937585
-0.066293813
-0.19888144
0.22684461
0.20255608
0.067518692
0.073913235
0.2217397
0.19867904
0.066226345
-0.29422806
-0.26012757
-0.3587184
-0.39793925
-0.29002189
-0.2573266
-0.35515136
-0.08553839
-0.077996495
-0.23398948
-0.23503158
-0.078343859
-0.072156033
-0.2164681
-0.6683656
-0.61662501
-0.64114668
-0.69288727
-0.659989
-0.60892461
-0.63347873
-0.68454312
-0.70275224
-0.62560236
-0.59994725
-0.67467815
-0.34753018
-0.29087867
-0.33118672
-0.38783823
-0.34223712
-0.2865518
-0.32638374
-0.38206906
-0.39415274
-0.29561455
-0.28181591
-0.37575455
-0.55948991
-0.51350092
-0.53394773
-0.57993672
-0.55394792
-0.50848206
-0.52897898
-0.57444485
-0.59045591
-0.52298193
-0.49900105
-0.56392566
-0.28215635
-0.23564514
-0.2676823
-0.31419351
-0.27882362
-0.23294528
-0.26471538
-0.31059371
-0.32055998
-0.24041999
-0.22817043
-0.30422724
0.040308051
0.078540895
0.038232845
1.103938e-17
0.03983148
0.077638916
0.037807436
9.5687194e-18
1.1784769e-17
0.080139531
0.07604028
8.8233305e-18
-0.45732119
-0.41725323
-0.43329592
-0.47336388
-0.45407216
-0.41438089
-0.43050348
-0.47019475
-0.48433491
-0.42705844
-0.40457568
-0.45922372
-0.32635793
-0.27357117
-0.3119748
-0.36476156
-0.31258268
-0.26227159
-0.29938437
-0.34969546
-0.36510892
-0.27383169
-0.26201107
-0.34934809
-0.51340089
-0.46410049
-0.49106235
-0.54036275
-0.50635422
-0.45768758
-0.48463945
-0.53330609
-0.54845249
-0.47130261
-0.45048545
-0.52521635
-0.46872382
-0.42186363
-0.44638529
-0.49324549
-0.46292468
-0.41665579
-0.44120991
-0.48747881
-0.50198022
-0.42966829
-0.40885113
-0.47874408
-0.61392776
-0.56462736
-0.58670883
-0.63600923
-0.60696846
-0.55830182
-0.58045819
-0.62912483
-0.64660407
-0.57429214
-0.54863704
-0.61852999
-0.6516124
-0.6012242
-0.62581078
-0.67619897
-0.64323579
-0.5935238
-0.61814283
-0.66785483
-0.68533406
-0.60951412
-0.58523388
-0.65871974
-0.49930755
-0.45127466
-0.47821655
-0.52624943
-0.49226088
-0.44486175
-0.47179364
-0.51919277
-0.53369419
-0.45787425
-0.43826216
-0.51174802
-0.45712554
-0.41144796
-0.43603454
-0.48171212
-0.4513264
-0.40624012
-0.43085916
-0.47594543
-0.48980186
-0.41865008
-0.399038
-0.46785569
-0.60000917
-0.55197628
-0.57420755
-0.62224044
-0.59304987
-0.54565074
-0.56795692
-0.61535605
-0.63210541
-0.56095363
-0.53667339
-0.60549108
-0.14894151
-0.096959557
-0.14193717
-0.19391911
-0.14667305
-0.095517265
-0.13987875
-0.19103453
-0.19707637
-0.098538185
-0.093938638
-0.18787728
-0.13493283
-0.08762044
-0.12792849
-0.17524088
-0.13308444
-0.086458194
-0.12629014
-0.17291639
-0.17867818
-0.08933909
-0.084739543
-0.16947909
-0.31484327
-0.26286132
-0.29849981
-0.35048176
-0.31053037
-0.25937458
-0.29467699
-0.34583278
-0.35735636
-0.26801727
-0.25421863
-0.33895817
-0.33694405
-0.28222492
-0.32158076
-0.37629989
-0.33165099
-0.27789804
-0.31677778
-0.37053072
-0.38205431
-0.28654073
-0.27358223
-0.36477631
-0.14440459
-0.094074973
-0.13782033
-0.18814995
-0.14213614
-0.092632681
-0.13576191
-0.18526536
-0.19102715
-0.095513577
-0.091194077
-0.18238815
-0.13123606
-0.085295949
-0.12465179
-0.1705919
-0.12938767
-0.084133703
-0.12301344
-0.16826741
-0.17374915
-0.086874576
-0.082555076
-0.16511015
-0.30621747
-0.25588785
-0.29085417
-0.3411838
-0.30190457
-0.25240111
-0.28703136
-0.33653481
-0.34749831
-0.26062373
-0.24766523
-0.3302203
-0.42404676
-0.38062932
-0.40364767
-0.44706512
-0.41949515
-0.3765565
-0.39958063
-0.44251928
-0.45550795
-0.38803396
-0.36915185
-0.43407645
-0.38324857
-0.34240267
-0.36284948
-0.40369538
-0.37966611
-0.33925467
-0.35975159
-0.40016303
-0.41264496
-0.35026973
-0.33138761
-0.39121346
-0.50840555
-0.4649881
-0.48286337
-0.52628082
-0.50401004
-0.46107139
-0.4790411
-0.52197975
-0.53739541
-0.47502018
-0.45103931
-0.51086516
-0.54840594
-0.50346321
-0.52401024
-0.56895297
-0.54286396
-0.49844435
-0.51904149
-0.5634611
-0.57887676
-0.51239314
-0.48951442
-0.55353732
-0.41494353
-0.37248368
-0.39551359
-0.43797344
-0.41039191
-0.36841086
-0.39144655
-0.4334276
-0.44590953
-0.37942592
-0.36146862
-0.42549152
-0.37608365
-0.33610667
-0.35665371
-0.39663068
-0.37250118
-0.33295868
-0.35355582
-0.39309833
-0.40507351
-0.34351132
-0.32555403
-0.3846555
-0.49961454
-0.45715468
-0.47521884
-0.51767869
-0.49521903
-0.45323798
-0.47139657
-0.51337763
-0.52819788
-0.46663569
-0.44375697
-0.50285844
-0.12092415
-0.078548379
-0.11472098
-0.15709676
-0.11949584
-0.077648428
-0.11344945
-0.15529686
-0.16027999
-0.080139996
-0.076056811
-0.15211362
-0.10851782
-0.070277489
-0.10231465
-0.14055498
-0.10740306
-0.069586578
-0.10135667
-0.13917316
-0.14394725
-0.071973626
-0.067890441
-0.13578088
-0.25320824
-0.21083247
-0.23873418
-0.28110995
-0.25060714
-0.20875973
-0.2364989
-0.27834631
-0.2878945
-0.21592088
-0.20367132
-0.27156176
-0.27549088
-0.23024543
-0.26174846
-0.30699391
-0.27215815
-0.22754558
-0.25878155
-0.30339411
-0.3129423
-0.23470673
-0.22308429
-0.29744572
-0.11806752
-0.076748478
-0.11217791
-0.15349696
-0.11663921
-0.075848527
-0.11090638
-0.15169705
-0.15647115
-0.078235575
-0.07436143
-0.14872286
-0.1062883
-0.068895667
-0.1003987
-0.13779133
-0.10517355
-0.068204756
-0.09944072
-0.13640951
-0.14097457
-0.070487284
-0.066613139
-0.13322628
-0.24800604
-0.206687
-0.23426362
-0.27558267
-0.24540495
-0.20461427
-0.23202835
-0.27281902
-0.28194914
-0.21146185
-0.19983942
-0.26645256
0.20154025
0.23562269
0.19116422
0.15708179
0.1991574
0.23291675
0.18903718
0.15527783
0.16027906
0.24041859
0.22812084
0.15208056
0.18078819
0.21072022
0.17041217
0.14048014
0.17891695
0.20862821
0.16879673
0.13908547
0.14388206
0.21582309
0.20352534
0.13568356
0.036157639
0.070240072
0.034082433
4.7001858e-18
0.035783391
0.069542737
0.033759346
4.0621583e-18
5.8618915e-18
0.07194103
0.067841779
2.9004526e-18
0.03935491
0.076736936
0.037382026
8.0980585e-18
0.03887834
0.075834957
0.036956617
6.6273975e-18
8.4271308e-18
0.07823325
0.074338644
6.2983252e-18
0.19677455
0.23021081
0.18691013
0.15347387
0.1943917
0.22750487
0.18478309
0.15166991
0.1564665
0.23469975
0.22301593
0.14867729
0.17704571
0.20653621
0.1671813
0.1376908
0.17517447
0.2044442
0.16556586
0.13629613
0.14088808
0.21133211
0.1996483
0.13309886
0.035409143
0.068845402
0.033436259
3.4241307e-18
0.035034895
0.068148067
0.033113173
2.7861031e-18
4.1695197e-18
0.070444038
0.066549432
2.0407141e-18
-0.34245039
-0.30503191
-0.3237241
-0.36114257
-0.33983707
-0.30275318
-0.32148314
-0.35856704
-0.36978197
-0.31250549
-0.2952796
-0.34992764
-0.30499781
-0.27022883
-0.28627152
-0.32104051
-0.30312921
-0.26865269
-0.28477528
-0.3192518
-0.33007331
-0.27805371
-0.26082781
-0.31021899
-0.40927065
-0.37185218
-0.38524539
-0.42266386
-0.40693479
-0.3698509
-0.38336611
