MFEM mesh v1.0

#
# MFEM Geometry Types (see mesh/geom.hpp):
#
# POINT       = 0
# SEGMENT     = 1
# TRIANGLE    = 2
# SQUARE      = 3
# TETRAHEDRON = 4
# CUBE        = 5
#

dimension
3

elements
448
1 5 7 129 425 132 137 426 649 429
1 5 0 141 431 144 149 432 650 435
1 5 5 153 437 156 161 438 651 441
1 5 6 165 443 168 173 444 652 447
1 5 7 129 426 137 181 449 653 452
1 5 8 185 454 188 193 455 654 458
1 5 20 197 460 200 205 461 655 464
1 5 30 209 466 130 138 467 656 427
1 5 87 211 471 218 139 469 657 474
1 5 33 131 476 225 140 428 658 478
1 5 38 133 430 136 233 480 659 483
1 5 88 212 470 134 234 485 660 481
1 5 122 214 475 221 235 487 661 491
1 5 91 135 479 227 236 482 662 494
1 5 42 250 496 142 150 497 663 433
1 5 93 252 501 260 151 499 664 504
1 5 45 143 506 264 152 434 665 507
1 5 50 145 436 148 270 509 666 512
1 5 94 253 500 146 271 514 667 510
1 5 123 255 505 263 272 516 668 520
1 5 97 147 508 265 273 511 669 523
1 5 44 259 525 154 162 503 670 439
1 5 99 286 528 289 163 526 671 531
1 5 55 155 533 293 164 440 672 534
1 5 53 157 442 160 285 522 673 538
1 5 96 262 527 158 283 519 674 536
1 5 124 287 532 292 295 540 675 544
1 5 102 159 535 294 296 537 676 547
1 5 61 308 549 166 174 550 677 445
1 5 104 310 554 318 175 552 678 557
1 5 54 167 559 288 176 446 679 529
1 5 52 169 448 172 282 561 680 539
1 5 105 311 553 170 326 565 681 562
1 5 125 313 558 321 327 567 682 571
1 5 100 171 560 290 299 563 683 542
1 5 30 209 467 138 182 530 684 450
1 5 88 212 485 234 183 575 685 579
1 5 38 133 480 233 184 451 686 582
1 5 60 177 453 180 307 546 687 586
1 5 101 291 576 178 304 543 688 584
1 5 126 339 580 342 351 589 689 593
1 5 111 179 583 346 352 585 690 596
1 5 63 317 598 186 194 556 691 456
1 5 113 365 602 371 195 600 692 605
1 5 39 187 607 240 196 457 693 577
1 5 59 189 459 192 303 573 694 588
1 5 107 320 601 190 337 570 695 610
1 5 127 367 606 374 381 614 696 618
1 5 109 191 609 340 355 611 697 591
1 5 48 280 541 198 206 622 698 462
1 5 103 298 545 302 207 624 699 628
1 5 58 199 548 306 208 463 700 631
1 5 83 201 465 204 408 633 701 636
1 5 117 391 625 202 409 638 702 634
1 5 128 393 629 398 410 640 703 644
1 5 120 203 632 402 411 635 704 647
1 5 129 30 130 425 426 138 427 649
1 5 425 130 87 131 649 427 139 428
1 5 132 425 131 33 429 649 428 140
1 5 137 426 649 429 38 133 430 136
1 5 426 138 427 649 133 88 134 430
1 5 649 427 139 428 430 134 122 135
1 5 429 649 428 140 136 430 135 91
1 5 141 42 142 431 432 150 433 650
1 5 431 142 93 143 650 433 151 434
1 5 144 431 143 45 435 650 434 152
1 5 149 432 650 435 50 145 436 148
1 5 432 150 433 650 145 94 146 436
1 5 650 433 151 434 436 146 123 147
1 5 435 650 434 152 148 436 147 97
1 5 153 44 154 437 438 162 439 651
1 5 437 154 99 155 651 439 163 440
1 5 156 437 155 55 441 651 440 164
1 5 161 438 651 441 53 157 442 160
1 5 438 162 439 651 157 96 158 442
1 5 651 439 163 440 442 158 124 159
1 5 441 651 440 164 160 442 159 102
1 5 165 61 166 443 444 174 445 652
1 5 443 166 104 167 652 445 175 446
1 5 168 443 167 54 447 652 446 176
1 5 173 444 652 447 52 169 448 172
1 5 444 174 445 652 169 105 170 448
1 5 652 445 175 446 448 170 125 171
1 5 447 652 446 176 172 448 171 100
1 5 129 30 138 426 449 182 450 653
1 5 426 138 88 133 653 450 183 451
1 5 137 426 133 38 452 653 451 184
1 5 181 449 653 452 60 177 453 180
1 5 449 182 450 653 177 101 178 453
1 5 653 450 183 451 453 178 126 179
1 5 452 653 451 184 180 453 179 111
1 5 185 63 186 454 455 194 456 654
1 5 454 186 113 187 654 456 195 457
1 5 188 454 187 39 458 654 457 196
1 5 193 455 654 458 59 189 459 192
1 5 455 194 456 654 189 107 190 459
1 5 654 456 195 457 459 190 127 191
1 5 458 654 457 196 192 459 191 109
1 5 197 48 198 460 461 206 462 655
1 5 460 198 103 199 655 462 207 463
1 5 200 460 199 58 464 655 463 208
1 5 205 461 655 464 83 201 465 204
1 5 461 206 462 655 201 117 202 465
1 5 655 462 207 463 465 202 128 203
1 5 464 655 463 208 204 465 203 120
1 5 209 8 210 466 467 188 468 656
1 5 466 210 31 211 656 468 215 469
1 5 130 466 211 87 427 656 469 139
1 5 138 467 656 427 88 212 470 134
1 5 467 188 468 656 212 39 213 470
1 5 656 468 215 469 470 213 89 214
1 5 427 656 469 139 134 470 214 122
1 5 211 31 216 471 469 215 472 657
1 5 471 216 17 217 657 472 222 473
1 5 218 471 217 32 474 657 473 223
1 5 139 469 657 474 122 214 475 221
1 5 469 215 472 657 214 89 219 475
1 5 657 472 222 473 475 219 40 220
1 5 474 657 473 223 221 475 220 90
1 5 131 87 218 476 428 139 474 658
1 5 476 218 32 224 658 474 223 477
1 5 225 476 224 16 478 658 477 228
1 5 140 428 658 478 91 135 479 227
1 5 428 139 474 658 135 122 221 479
1 5 658 474 223 477 479 221 90 226
1 5 478 658 477 228 227 479 226 41
1 5 133 88 134 430 480 234 481 659
1 5 430 134 122 135 659 481 235 482
1 5 136 430 135 91 483 659 482 236
1 5 233 480 659 483 9 229 484 232
1 5 480 234 481 659 229 34 230 484
1 5 659 481 235 482 484 230 92 231
1 5 483 659 482 236 232 484 231 37
1 5 212 39 213 470 485 240 486 660
1 5 470 213 89 214 660 486 241 487
1 5 134 470 214 122 481 660 487 235
1 5 234 485 660 481 34 237 488 230
1 5 485 240 486 660 237 10 238 488
1 5 660 486 241 487 488 238 35 239
1 5 481 660 487 235 230 488 239 92
1 5 214 89 219 475 487 241 489 661
1 5 475 219 40 220 661 489 245 490
1 5 221 475 220 90 491 661 490 246
1 5 235 487 661 491 92 239 492 244
1 5 487 241 489 661 239 35 242 492
1 5 661 489 245 490 492 242 19 243
1 5 491 661 490 246 244 492 243 36
1 5 135 122 221 479 482 235 491 662
1 5 479 221 90 226 662 491 246 493
1 5 227 479 226 41 494 662 493 249
1 5 236 482 662 494 37 231 495 248
1 5 482 235 491 662 231 92 244 495
1 5 662 491 246 493 495 244 36 247
1 5 494 662 493 249 248 495 247 18
1 5 250 1 251 496 497 256 498 663
1 5 496 251 43 252 663 498 257 499
1 5 142 496 252 93 433 663 499 151
1 5 150 497 663 433 94 253 500 146
1 5 497 256 498 663 253 51 254 500
1 5 663 498 257 499 500 254 95 255
1 5 433 663 499 151 146 500 255 123
1 5 252 43 258 501 499 257 502 664
1 5 501 258 6 259 664 502 173 503
1 5 260 501 259 44 504 664 503 162
1 5 151 499 664 504 123 255 505 263
1 5 499 257 502 664 255 95 261 505
1 5 664 502 173 503 505 261 52 262
1 5 504 664 503 162 263 505 262 96
1 5 143 93 260 506 434 151 504 665
1 5 506 260 44 153 665 504 162 438
1 5 264 506 153 5 507 665 438 161
1 5 152 434 665 507 97 147 508 265
1 5 434 151 504 665 147 123 263 508
1 5 665 504 162 438 508 263 96 157
1 5 507 665 438 161 265 508 157 53
1 5 145 94 146 436 509 271 510 666
1 5 436 146 123 147 666 510 272 511
1 5 148 436 147 97 512 666 511 273
1 5 270 509 666 512 11 266 513 269
1 5 509 271 510 666 266 46 267 513
1 5 666 510 272 511 513 267 98 268
1 5 512 666 511 273 269 513 268 49
1 5 253 51 254 500 514 277 515 667
1 5 500 254 95 255 667 515 278 516
1 5 146 500 255 123 510 667 516 272
1 5 271 514 667 510 46 274 517 267
1 5 514 277 515 667 274 12 275 517
1 5 667 515 278 516 517 275 47 276
1 5 510 667 516 272 267 517 276 98
1 5 255 95 261 505 516 278 518 668
1 5 505 261 52 262 668 518 282 519
1 5 263 505 262 96 520 668 519 283
1 5 272 516 668 520 98 276 521 281
1 5 516 278 518 668 276 47 279 521
1 5 668 518 282 519 521 279 21 280
1 5 520 668 519 283 281 521 280 48
1 5 147 123 263 508 511 272 520 669
1 5 508 263 96 157 669 520 283 522
1 5 265 508 157 53 523 669 522 285
1 5 273 511 669 523 49 268 524 284
1 5 511 272 520 669 268 98 281 524
1 5 669 520 283 522 524 281 48 197
1 5 523 669 522 285 284 524 197 20
1 5 259 6 168 525 503 173 447 670
1 5 525 168 54 286 670 447 176 526
1 5 154 525 286 99 439 670 526 163
1 5 162 503 670 439 96 262 527 158
1 5 503 173 447 670 262 52 172 527
1 5 670 447 176 526 527 172 100 287
1 5 439 670 526 163 158 527 287 124
1 5 286 54 288 528 526 176 529 671
1 5 528 288 8 209 671 529 193 530
1 5 289 528 209 30 531 671 530 182
1 5 163 526 671 531 124 287 532 292
1 5 526 176 529 671 287 100 290 532
1 5 671 529 193 530 532 290 59 291
1 5 531 671 530 182 292 532 291 101
1 5 155 99 289 533 440 163 531 672
1 5 533 289 30 129 672 531 182 449
1 5 293 533 129 7 534 672 449 181
1 5 164 440 672 534 102 159 535 294
1 5 440 163 531 672 159 124 292 535
1 5 672 531 182 449 535 292 101 177
1 5 534 672 449 181 294 535 177 60
1 5 157 96 158 442 522 283 536 673
1 5 442 158 124 159 673 536 295 537
1 5 160 442 159 102 538 673 537 296
1 5 285 522 673 538 20 197 460 200
1 5 522 283 536 673 197 48 198 460
1 5 673 536 295 537 460 198 103 199
1 5 538 673 537 296 200 460 199 58
1 5 262 52 172 527 519 282 539 674
1 5 527 172 100 287 674 539 299 540
1 5 158 527 287 124 536 674 540 295
1 5 283 519 674 536 48 280 541 198
1 5 519 282 539 674 280 21 297 541
1 5 674 539 299 540 541 297 56 298
1 5 536 674 540 295 198 541 298 103
1 5 287 100 290 532 540 299 542 675
1 5 532 290 59 291 675 542 303 543
1 5 292 532 291 101 544 675 543 304
1 5 295 540 675 544 103 298 545 302
1 5 540 299 542 675 298 56 300 545
1 5 675 542 303 543 545 300 23 301
1 5 544 675 543 304 302 545 301 57
1 5 159 124 292 535 537 295 544 676
1 5 535 292 101 177 676 544 304 546
1 5 294 535 177 60 547 676 546 307
1 5 296 537 676 547 58 199 548 306
1 5 537 295 544 676 199 103 302 548
1 5 676 544 304 546 548 302 57 305
1 5 547 676 546 307 306 548 305 22
1 5 308 2 309 549 550 314 551 677
1 5 549 309 62 310 677 551 315 552
1 5 166 549 310 104 445 677 552 175
1 5 174 550 677 445 105 311 553 170
1 5 550 314 551 677 311 67 312 553
1 5 677 551 315 552 553 312 106 313
1 5 445 677 552 175 170 553 313 125
1 5 310 62 316 554 552 315 555 678
1 5 554 316 3 317 678 555 322 556
1 5 318 554 317 63 557 678 556 194
1 5 175 552 678 557 125 313 558 321
1 5 552 315 555 678 313 106 319 558
1 5 678 555 322 556 558 319 68 320
1 5 557 678 556 194 321 558 320 107
1 5 167 104 318 559 446 175 557 679
1 5 559 318 63 185 679 557 194 455
1 5 288 559 185 8 529 679 455 193
1 5 176 446 679 529 100 171 560 290
1 5 446 175 557 679 171 125 321 560
1 5 679 557 194 455 560 321 107 189
1 5 529 679 455 193 290 560 189 59
1 5 169 105 170 448 561 326 562 680
1 5 448 170 125 171 680 562 327 563
1 5 172 448 171 100 539 680 563 299
1 5 282 561 680 539 21 323 564 297
1 5 561 326 562 680 323 64 324 564
1 5 680 562 327 563 564 324 108 325
1 5 539 680 563 299 297 564 325 56
1 5 311 67 312 553 565 331 566 681
1 5 553 312 106 313 681 566 332 567
1 5 170 553 313 125 562 681 567 327
1 5 326 565 681 562 64 328 568 324
1 5 565 331 566 681 328 13 329 568
1 5 681 566 332 567 568 329 65 330
1 5 562 681 567 327 324 568 330 108
1 5 313 106 319 558 567 332 569 682
1 5 558 319 68 320 682 569 336 570
1 5 321 558 320 107 571 682 570 337
1 5 327 567 682 571 108 330 572 335
1 5 567 332 569 682 330 65 333 572
1 5 682 569 336 570 572 333 14 334
1 5 571 682 570 337 335 572 334 66
1 5 171 125 321 560 563 327 571 683
1 5 560 321 107 189 683 571 337 573
1 5 290 560 189 59 542 683 573 303
1 5 299 563 683 542 56 325 574 300
1 5 563 327 571 683 325 108 335 574
1 5 683 571 337 573 574 335 66 338
1 5 542 683 573 303 300 574 338 23
1 5 209 8 188 467 530 193 458 684
1 5 467 188 39 212 684 458 196 575
1 5 138 467 212 88 450 684 575 183
1 5 182 530 684 450 101 291 576 178
1 5 530 193 458 684 291 59 192 576
1 5 684 458 196 575 576 192 109 339
1 5 450 684 575 183 178 576 339 126
1 5 212 39 240 485 575 196 577 685
1 5 485 240 10 237 685 577 343 578
1 5 234 485 237 34 579 685 578 344
1 5 183 575 685 579 126 339 580 342
1 5 575 196 577 685 339 109 340 580
1 5 685 577 343 578 580 340 72 341
1 5 579 685 578 344 342 580 341 110
1 5 133 88 234 480 451 183 579 686
1 5 480 234 34 229 686 579 344 581
1 5 233 480 229 9 582 686 581 347
1 5 184 451 686 582 111 179 583 346
1 5 451 183 579 686 179 126 342 583
1 5 686 579 344 581 583 342 110 345
1 5 582 686 581 347 346 583 345 73
1 5 177 101 178 453 546 304 584 687
1 5 453 178 126 179 687 584 351 585
1 5 180 453 179 111 586 687 585 352
1 5 307 546 687 586 22 305 587 350
1 5 546 304 584 687 305 57 348 587
1 5 687 584 351 585 587 348 112 349
1 5 586 687 585 352 350 587 349 71
1 5 291 59 192 576 543 303 588 688
1 5 576 192 109 339 688 588 355 589
1 5 178 576 339 126 584 688 589 351
1 5 304 543 688 584 57 301 590 348
1 5 543 303 588 688 301 23 353 590
1 5 688 588 355 589 590 353 69 354
1 5 584 688 589 351 348 590 354 112
1 5 339 109 340 580 589 355 591 689
1 5 580 340 72 341 689 591 359 592
1 5 342 580 341 110 593 689 592 360
1 5 351 589 689 593 112 354 594 358
1 5 589 355 591 689 354 69 356 594
1 5 689 591 359 592 594 356 25 357
1 5 593 689 592 360 358 594 357 70
1 5 179 126 342 583 585 351 593 690
1 5 583 342 110 345 690 593 360 595
1 5 346 583 345 73 596 690 595 363
1 5 352 585 690 596 71 349 597 362
1 5 585 351 593 690 349 112 358 597
1 5 690 593 360 595 597 358 70 361
1 5 596 690 595 363 362 597 361 24
1 5 317 3 364 598 556 322 599 691
1 5 598 364 74 365 691 599 368 600
1 5 186 598 365 113 456 691 600 195
1 5 194 556 691 456 107 320 601 190
1 5 556 322 599 691 320 68 366 601
1 5 691 599 368 600 601 366 114 367
1 5 456 691 600 195 190 601 367 127
1 5 365 74 369 602 600 368 603 692
1 5 602 369 4 370 692 603 375 604
1 5 371 602 370 75 605 692 604 376
1 5 195 600 692 605 127 367 606 374
1 5 600 368 603 692 367 114 372 606
1 5 692 603 375 604 606 372 78 373
1 5 605 692 604 376 374 606 373 115
1 5 187 113 371 607 457 195 605 693
1 5 607 371 75 377 693 605 376 608
1 5 240 607 377 10 577 693 608 343
1 5 196 457 693 577 109 191 609 340
1 5 457 195 605 693 191 127 374 609
1 5 693 605 376 608 609 374 115 378
1 5 577 693 608 343 340 609 378 72
1 5 189 107 190 459 573 337 610 694
1 5 459 190 127 191 694 610 381 611
1 5 192 459 191 109 588 694 611 355
1 5 303 573 694 588 23 338 612 353
1 5 573 337 610 694 338 66 379 612
1 5 694 610 381 611 612 379 116 380
1 5 588 694 611 355 353 612 380 69
1 5 320 68 366 601 570 336 613 695
1 5 601 366 114 367 695 613 384 614
1 5 190 601 367 127 610 695 614 381
1 5 337 570 695 610 66 334 615 379
1 5 570 336 613 695 334 14 382 615
1 5 695 613 384 614 615 382 76 383
1 5 610 695 614 381 379 615 383 116
1 5 367 114 372 606 614 384 616 696
1 5 606 372 78 373 696 616 388 617
1 5 374 606 373 115 618 696 617 389
1 5 381 614 696 618 116 383 619 387
1 5 614 384 616 696 383 76 385 619
1 5 696 616 388 617 619 385 15 386
1 5 618 696 617 389 387 619 386 77
1 5 191 127 374 609 611 381 618 697
1 5 609 374 115 378 697 618 389 620
1 5 340 609 378 72 591 697 620 359
1 5 355 611 697 591 69 380 621 356
1 5 611 381 618 697 380 116 387 621
1 5 697 618 389 620 621 387 77 390
1 5 591 697 620 359 356 621 390 25
1 5 280 21 297 541 622 394 623 698
1 5 541 297 56 298 698 623 395 624
1 5 198 541 298 103 462 698 624 207
1 5 206 622 698 462 117 391 625 202
1 5 622 394 623 698 391 84 392 625
1 5 698 623 395 624 625 392 118 393
1 5 462 698 624 207 202 625 393 128
1 5 298 56 300 545 624 395 626 699
1 5 545 300 23 301 699 626 399 627
1 5 302 545 301 57 628 699 627 400
1 5 207 624 699 628 128 393 629 398
1 5 624 395 626 699 393 118 396 629
1 5 699 626 399 627 629 396 85 397
1 5 628 699 627 400 398 629 397 119
1 5 199 103 302 548 463 207 628 700
1 5 548 302 57 305 700 628 400 630
1 5 306 548 305 22 631 700 630 403
1 5 208 463 700 631 120 203 632 402
1 5 463 207 628 700 203 128 398 632
1 5 700 628 400 630 632 398 119 401
1 5 631 700 630 403 402 632 401 86
1 5 201 117 202 465 633 409 634 701
1 5 465 202 128 203 701 634 410 635
1 5 204 465 203 120 636 701 635 411
1 5 408 633 701 636 26 404 637 407
1 5 633 409 634 701 404 79 405 637
1 5 701 634 410 635 637 405 121 406
1 5 636 701 635 411 407 637 406 82
1 5 391 84 392 625 638 415 639 702
1 5 625 392 118 393 702 639 416 640
1 5 202 625 393 128 634 702 640 410
1 5 409 638 702 634 79 412 641 405
1 5 638 415 639 702 412 27 413 641
1 5 702 639 416 640 641 413 80 414
1 5 634 702 640 410 405 641 414 121
1 5 393 118 396 629 640 416 642 703
1 5 629 396 85 397 703 642 420 643
1 5 398 629 397 119 644 703 643 421
1 5 410 640 703 644 121 414 645 419
1 5 640 416 642 703 414 80 417 645
1 5 703 642 420 643 645 417 29 418
1 5 644 703 643 421 419 645 418 81
1 5 203 128 398 632 635 410 644 704
1 5 632 398 119 401 704 644 421 646
1 5 402 632 401 86 647 704 646 424
1 5 411 635 704 647 82 406 648 423
1 5 635 410 644 704 406 121 419 648
1 5 704 644 421 646 648 419 81 422
1 5 647 704 646 424 423 648 422 28

boundary
448
1 3 0 141 432 149
1 3 42 250 497 150
1 3 94 253 514 271
1 3 50 145 509 270
1 3 141 42 150 432
1 3 432 150 94 145
1 3 149 432 145 50
1 3 250 1 256 497
1 3 497 256 51 253
1 3 150 497 253 94
1 3 253 51 277 514
1 3 514 277 12 274
1 3 271 514 274 46
1 3 145 94 271 509
1 3 509 271 46 266
1 3 270 509 266 11
64 3 144 431 141 0
64 3 156 437 153 5
64 3 132 425 129 7
64 3 168 443 165 6
64 3 132 7 137 429
64 3 8 210 468 188
64 3 17 217 473 222
64 3 9 229 484 232
64 3 188 454 185 8
64 3 144 0 149 435
64 3 1 251 498 256
64 3 11 266 513 269
64 3 308 2 314 550
64 3 156 5 161 441
64 3 2 309 551 314
64 3 21 323 564 297
64 3 137 7 181 452
64 3 10 237 578 343
64 3 22 305 587 350
64 3 3 364 599 322
64 3 4 370 604 375
64 3 23 338 612 353
64 3 280 21 394 622
64 3 200 20 205 464
64 3 21 297 623 394
64 3 23 301 627 399
64 3 26 404 637 407
64 3 142 496 250 42
64 3 260 501 252 93
64 3 264 506 143 45
64 3 154 525 259 44
64 3 289 528 286 99
64 3 293 533 155 55
64 3 130 466 209 30
64 3 218 471 211 87
64 3 225 476 131 33
64 3 293 55 164 534
64 3 294 102 296 547
64 3 160 53 285 538
64 3 166 549 308 61
64 3 318 554 310 104
64 3 288 559 167 54
64 3 31 216 472 215
64 3 89 219 489 241
64 3 39 213 486 240
64 3 186 598 317 63
64 3 371 602 365 113
64 3 240 607 187 39
64 3 43 258 502 257
64 3 95 261 518 278
64 3 51 254 515 277
64 3 165 61 174 444
64 3 169 105 326 561
64 3 311 67 331 565
64 3 62 316 555 315
64 3 106 319 569 332
64 3 67 312 566 331
64 3 225 33 140 478
64 3 227 91 236 494
64 3 136 38 233 483
64 3 32 224 477 223
64 3 90 226 493 246
64 3 40 220 490 245
64 3 74 369 603 368
64 3 114 372 616 384
64 3 68 366 613 336
64 3 75 377 608 376
64 3 115 378 620 389
64 3 78 373 617 388
64 3 34 237 488 230
64 3 92 239 492 244
64 3 37 231 495 248
64 3 34 229 581 344
64 3 110 345 595 360
64 3 72 341 592 359
64 3 264 45 152 507
64 3 265 97 273 523
64 3 148 50 270 512
64 3 306 58 208 631
64 3 402 120 411 647
64 3 204 83 408 636
64 3 46 274 517 267
64 3 98 276 521 281
64 3 49 268 524 284
64 3 64 328 568 324
64 3 108 330 572 335
64 3 56 325 574 300
64 3 66 334 615 379
64 3 116 383 619 387
64 3 69 380 621 356
64 3 197 48 206 461
64 3 201 117 409 633
64 3 391 84 415 638
64 3 56 300 626 395
64 3 118 396 642 416
64 3 84 392 639 415
64 3 233 38 184 582
64 3 346 111 352 596
64 3 180 60 307 586
64 3 57 301 590 348
64 3 112 354 594 358
64 3 71 349 597 362
64 3 57 305 630 400
64 3 119 401 646 421
64 3 85 397 643 420
64 3 79 412 641 405
64 3 121 414 645 419
64 3 82 406 648 423
64 3 431 142 42 141
64 3 143 93 142 431
64 3 45 143 431 144
64 3 437 154 44 153
64 3 155 99 154 437
64 3 55 155 437 156
64 3 425 130 30 129
64 3 131 87 130 425
64 3 33 131 425 132
64 3 55 156 441 164
64 3 164 441 160 102
64 3 441 161 53 160
64 3 496 251 1 250
64 3 252 43 251 496
64 3 93 252 496 142
64 3 501 258 43 252
64 3 259 6 258 501
64 3 44 259 501 260
64 3 506 260 93 143
64 3 153 44 260 506
64 3 5 153 506 264
64 3 525 168 6 259
64 3 286 54 168 525
64 3 99 286 525 154
64 3 528 288 54 286
64 3 209 8 288 528
64 3 30 209 528 289
64 3 533 289 99 155
64 3 129 30 289 533
64 3 7 129 533 293
64 3 466 210 8 209
64 3 211 31 210 466
64 3 87 211 466 130
64 3 471 216 31 211
64 3 217 17 216 471
64 3 32 217 471 218
64 3 476 218 87 131
64 3 224 32 218 476
64 3 16 224 476 225
64 3 7 293 534 181
64 3 181 534 294 60
64 3 534 164 102 294
64 3 60 294 547 307
64 3 307 547 306 22
64 3 547 296 58 306
64 3 102 160 538 296
64 3 296 538 200 58
64 3 538 285 20 200
64 3 443 166 61 165
64 3 167 104 166 443
64 3 54 167 443 168
64 3 210 31 215 468
64 3 468 215 89 213
64 3 188 468 213 39
64 3 454 186 63 185
64 3 187 113 186 454
64 3 39 187 454 188
64 3 251 43 257 498
64 3 498 257 95 254
64 3 256 498 254 51
64 3 61 308 550 174
64 3 174 550 311 105
64 3 550 314 67 311
64 3 309 62 315 551
64 3 551 315 106 312
64 3 314 551 312 67
64 3 549 309 2 308
64 3 310 62 309 549
64 3 104 310 549 166
64 3 554 316 62 310
64 3 317 3 316 554
64 3 63 317 554 318
64 3 559 318 104 167
64 3 185 63 318 559
64 3 8 185 559 288
64 3 216 17 222 472
64 3 472 222 40 219
64 3 215 472 219 89
64 3 219 40 245 489
64 3 489 245 19 242
64 3 241 489 242 35
64 3 213 89 241 486
64 3 486 241 35 238
64 3 240 486 238 10
64 3 598 364 3 317
64 3 365 74 364 598
64 3 113 365 598 186
64 3 602 369 74 365
64 3 370 4 369 602
64 3 75 370 602 371
64 3 607 371 113 187
64 3 377 75 371 607
64 3 10 377 607 240
64 3 258 6 173 502
64 3 502 173 52 261
64 3 257 502 261 95
64 3 261 52 282 518
64 3 518 282 21 279
64 3 278 518 279 47
64 3 254 95 278 515
64 3 515 278 47 275
64 3 277 515 275 12
64 3 6 165 444 173
64 3 173 444 169 52
64 3 444 174 105 169
64 3 52 169 561 282
64 3 282 561 323 21
64 3 561 326 64 323
64 3 105 311 565 326
64 3 326 565 328 64
64 3 565 331 13 328
64 3 316 3 322 555
64 3 555 322 68 319
64 3 315 555 319 106
64 3 319 68 336 569
64 3 569 336 14 333
64 3 332 569 333 65
64 3 312 106 332 566
64 3 566 332 65 329
64 3 331 566 329 13
64 3 33 132 429 140
64 3 140 429 136 91
64 3 429 137 38 136
64 3 16 225 478 228
64 3 228 478 227 41
64 3 478 140 91 227
64 3 41 227 494 249
64 3 249 494 248 18
64 3 494 236 37 248
64 3 91 136 483 236
64 3 236 483 232 37
64 3 483 233 9 232
64 3 217 32 223 473
64 3 473 223 90 220
64 3 222 473 220 40
64 3 364 74 368 599
64 3 599 368 114 366
64 3 322 599 366 68
64 3 370 75 376 604
64 3 604 376 115 373
64 3 375 604 373 78
64 3 224 16 228 477
64 3 477 228 41 226
64 3 223 477 226 90
64 3 226 41 249 493
64 3 493 249 18 247
64 3 246 493 247 36
64 3 220 90 246 490
64 3 490 246 36 243
64 3 245 490 243 19
64 3 369 4 375 603
64 3 603 375 78 372
64 3 368 603 372 114
64 3 372 78 388 616
64 3 616 388 15 385
64 3 384 616 385 76
64 3 366 114 384 613
64 3 613 384 76 382
64 3 336 613 382 14
64 3 377 10 343 608
64 3 608 343 72 378
64 3 376 608 378 115
64 3 378 72 359 620
64 3 620 359 25 390
64 3 389 620 390 77
64 3 373 115 389 617
64 3 617 389 77 386
64 3 388 617 386 15
64 3 229 34 230 484
64 3 484 230 92 231
64 3 232 484 231 37
64 3 237 34 344 578
64 3 578 344 110 341
64 3 343 578 341 72
64 3 237 10 238 488
64 3 488 238 35 239
64 3 230 488 239 92
64 3 239 35 242 492
64 3 492 242 19 243
64 3 244 492 243 36
64 3 231 92 244 495
64 3 495 244 36 247
64 3 248 495 247 18
64 3 229 9 347 581
64 3 581 347 73 345
64 3 344 581 345 110
64 3 345 73 363 595
64 3 595 363 24 361
64 3 360 595 361 70
64 3 341 110 360 592
64 3 592 360 70 357
64 3 359 592 357 25
64 3 45 144 435 152
64 3 152 435 148 97
64 3 435 149 50 148
64 3 58 200 464 208
64 3 208 464 204 120
64 3 464 205 83 204
64 3 5 264 507 161
64 3 161 507 265 53
64 3 507 152 97 265
64 3 53 265 523 285
64 3 285 523 284 20
64 3 523 273 49 284
64 3 97 148 512 273
64 3 273 512 269 49
64 3 512 270 11 269
64 3 22 306 631 403
64 3 403 631 402 86
64 3 631 208 120 402
64 3 86 402 647 424
64 3 424 647 423 28
64 3 647 411 82 423
64 3 120 204 636 411
64 3 411 636 407 82
64 3 636 408 26 407
64 3 266 46 267 513
64 3 513 267 98 268
64 3 269 513 268 49
64 3 323 64 324 564
64 3 564 324 108 325
64 3 297 564 325 56
64 3 338 66 379 612
64 3 612 379 116 380
64 3 353 612 380 69
64 3 48 280 622 206
64 3 206 622 391 117
64 3 622 394 84 391
64 3 297 56 395 623
64 3 623 395 118 392
64 3 394 623 392 84
64 3 274 12 275 517
64 3 517 275 47 276
64 3 267 517 276 98
64 3 276 47 279 521
64 3 521 279 21 280
64 3 281 521 280 48
64 3 268 98 281 524
64 3 524 281 48 197
64 3 284 524 197 20
64 3 328 13 329 568
64 3 568 329 65 330
64 3 324 568 330 108
64 3 330 65 333 572
64 3 572 333 14 334
64 3 335 572 334 66
64 3 325 108 335 574
64 3 574 335 66 338
64 3 300 574 338 23
64 3 334 14 382 615
64 3 615 382 76 383
64 3 379 615 383 116
64 3 383 76 385 619
64 3 619 385 15 386
64 3 387 619 386 77
64 3 380 116 387 621
64 3 621 387 77 390
64 3 356 621 390 25
64 3 20 197 461 205
64 3 205 461 201 83
64 3 461 206 117 201
64 3 83 201 633 408
64 3 408 633 404 26
64 3 633 409 79 404
64 3 117 391 638 409
64 3 409 638 412 79
64 3 638 415 27 412
64 3 300 23 399 626
64 3 626 399 85 396
64 3 395 626 396 118
64 3 396 85 420 642
64 3 642 420 29 417
64 3 416 642 417 80
64 3 392 118 416 639
64 3 639 416 80 413
64 3 415 639 413 27
64 3 38 137 452 184
64 3 184 452 180 111
64 3 452 181 60 180
64 3 9 233 582 347
64 3 347 582 346 73
64 3 582 184 111 346
64 3 73 346 596 363
64 3 363 596 362 24
64 3 596 352 71 362
64 3 111 180 586 352
64 3 352 586 350 71
64 3 586 307 22 350
64 3 305 57 348 587
64 3 587 348 112 349
64 3 350 587 349 71
64 3 301 57 400 627
64 3 627 400 119 397
64 3 399 627 397 85
64 3 301 23 353 590
64 3 590 353 69 354
64 3 348 590 354 112
64 3 354 69 356 594
64 3 594 356 25 357
64 3 358 594 357 70
64 3 349 112 358 597
64 3 597 358 70 361
64 3 362 597 361 24
64 3 305 22 403 630
64 3 630 403 86 401
64 3 400 630 401 119
64 3 401 86 424 646
64 3 646 424 28 422
64 3 421 646 422 81
64 3 397 119 421 643
64 3 643 421 81 418
64 3 420 643 418 29
64 3 404 79 405 637
64 3 637 405 121 406
64 3 407 637 406 82
64 3 412 27 413 641
64 3 641 413 80 414
64 3 405 641 414 121
64 3 414 80 417 645
64 3 645 417 29 418
64 3 419 645 418 81
64 3 406 121 419 648
64 3 648 419 81 422
64 3 423 648 422 28

vertices
705

nodes
FiniteElementSpace
FiniteElementCollection: H1_3D_P2
VDim: 3
Ordering: 0

-3.1225023e-17
0.30998466
0.50295308
0.42586599
0.34303776
2.9273459e-18
0.26568513
5.0957502e-18
0.22229806
-1.3010426e-18
0.17834803
-4.7704896e-18
0.37298049
0.56955658
0.46850803
0.36407998
-5.3329194e-18
0.20621024
-3.2526065e-19
0.14907545
6.169788e-18
0.30721416
1.5517644e-18
0.2473562
-5.502326e-18
0.19040097
1.2624179e-17
0.3224644
-5.4210109e-20
0.25605782
0.11114903
0.21425415
0.10310512
-1.1858461e-19
0.089174016
0.16371174
0.074537724
-8.1315163e-19
1.8973538e-18
0.20032305
0.17764284
-2.82909e-18
0.15499233
0.28783489
0.13284256
-1.4148838e-17
0.18649024
0.34009732
0.15360708
6.9964921e-19
-1.7997756e-17
0.34148257
0.28644964
4.5485669e-18
0.24399159
4.011548e-18
0.27728518
0.1236781
3.8607762e-18
0.23482713
3.3237573e-18
0.3843191
0.46440953
0.32408202
0.43838537
0.5190323
0.35793211
0.53625483
0.44718701
0.21887858
0.095200485
-1.9752808e-18
0.1843745
-3.4016843e-18
0.38445187
0.2606929
0.416294
0.27724048
0.35355887
0.1612322
0.28926111
0.12802891
6.2849845e-18
9.3969835e-18
0.31483928
0.25170701
7.4877713e-19
0.10712707
0.10016152
0.18898294
0.088821421
-4.6586812e-19
0.08185587
0.14391745
0.17074129
0.31396611
0.14322482
-6.7245946e-18
0.17004866
0.1219958
0.26063839
0.11741356
3.9361621e-18
0.13864259
0.35420056
0.41135223
0.49172092
0.34100707
0.39815874
0.20960082
0.09218725
-3.8963516e-20
0.10943929
0.29238746
0.40037294
0.26896669
0.31758629
0.15741964
0.28327314
0.1258535
5.0728803e-18
0.14463056
0.094491472
0.15698305
0.13031919
0.37617965
0.10480041
0.30498688
0.14163657
0.055574516
0.10913805
0.053563537
2.4885828e-18
0.050080762
0.097326498
0.047245736
7.1574284e-19
3.496552e-18
0.10565528
0.10080927
-2.9222637e-19
0.077496165
0.14945489
0.071958723
-2.268693e-17
0.085370643
0.16386217
0.078491527
-1.2361175e-17
-2.4611389e-17
0.16286681
0.15045025
-1.0436716e-17
0.066421282
0.12741918
0.060997899
3.469447e-18
0.07161241
0.13677201
0.065159596
4.2423645e-18
3.7379564e-18
0.13803369
0.12615749
3.9738551e-18
0.32500211
0.36925983
0.29909608
0.25483836
0.34890094
0.39376594
0.31840902
0.27354401
0.27606738
0.39783567
0.36519011
0.25231499
0.058706782
0.11110699
0.052400204
1.6423969e-18
4.2097537e-18
0.1142813
0.10248097
9.2919514e-19
0.27319004
0.30823474
0.24635525
0.21131056
0.2879171
0.32299697
0.25729385
0.22221397
0.2285626
0.33254455
0.29868717
0.20496193
0.076803539
0.14612483
0.069321294
5.0152821e-18
0.07870982
0.14952811
0.070818286
7.2349319e-18
7.7833858e-18
0.15551336
0.14013958
4.4668282e-18
0.16672355
0.21827611
0.16069061
0.15024229
0.194653
0.14173721
0.20161855
0.21023219
0.15465768
0.1051161
0.18331289
0.13323213
0.091656447
0.19192654
0.095963269
0.051552559
-2.725752e-18
0.04441071
-1.6474791e-18
-4.0810047e-18
0.044587008
0.085514943
0.040927935
-1.0570971e-18
2.981556e-19
0.09466777
0.088173671
-6.3950988e-19
0.13376102
0.17102989
0.1227838
0.18933554
0.17634734
0.15639359
0.11180659
0.078196797
0.16335914
0.081679572
0.037268862
-5.6920614e-19
-1.5771753e-18
0.23248849
0.29890978
0.21587617
0.25611193
0.32772434
0.23547458
0.32573362
0.3009005
0.27676001
0.19926384
0.13838
0.30020787
0.21483723
0.15010394
-5.6107462e-18
-1.0880138e-18
0.093245122
0.17826945
0.08502433
-2.0354202e-18
-1.1384123e-17
0.17861577
0.16351586
-3.0124727e-18
0.27973537
0.3565389
0.25507299
0.35723153
0.32703171
0.32365574
0.23041062
0.16182787
0.2968319
0.14841595
3.4347186e-18
5.3591775e-18
0.1829937
0.19547879
0.23314483
0.11657241
0.24773276
0.17612035
0.12386638
4.5536491e-18
3.6299597e-18
0.13448089
3.8984691e-18
0.29224967
0.20796388
0.26896178
0.26232069
0.18551715
0.13116034
0.24109166
0.12054583
0.061839049
2.7062703e-18
2.4377608e-18
0.44363609
0.4836813
0.40930505
0.47380353
0.51398787
0.43395028
0.51960395
0.47806522
0.44513776
0.374974
0.33914129
0.46945396
0.39409704
0.35859336
0.4365265
0.37279976
0.41827205
0.33772196
0.4248688
0.38716919
0.50397097
0.54429444
0.45859552
0.5529057
0.50537661
0.49377016
0.41322007
0.37804542
0.45784752
0.34946959
0.30264415
0.15720061
0.19698766
0.13828088
0.098493829
0.18136127
0.090680633
0.046093625
-1.7203239e-18
-2.3513635e-18
0.11655869
0.054719646
-2.1175824e-19
0.10711985
-1.0071222e-18
0.23311739
0.16415894
0.2142397
0.20463978
0.14280073
0.10231989
0.18738774
0.093693868
0.047600243
-3.7388034e-18
-4.4520052e-18
0.40515893
0.33841967
0.42377997
0.35267991
0.39241241
0.36374482
0.30186533
0.27654018
0.37696591
0.31126278
0.28697678
0.34829832
0.26482979
0.21952046
0.22667059
0.3377592
0.26823244
0.31128659
0.44240102
0.36694015
0.40833347
0.39018699
0.32066023
0.29741339
0.35881943
0.27310358
0.23382072
0.23612946
0.29905621
0.21245486
0.31102672
0.28027916
0.26749008
0.18878026
0.13374504
0.2495316
0.1247658
0.062926752
2.9108287e-18
1.1502707e-18
0.080616101
0.15293138
0.072315278
9.4545818e-18
1.1010581e-17
0.15932592
0.14313356
5.6789324e-18
0.2418483
0.30586276
0.21694583
0.31865184
0.28626713
0.27265946
0.19204336
0.13632973
0.25388241
0.12694121
0.064014455
3.1153872e-18
3.4728351e-19
0.054569027
0.052827639
0.10323228
0.050404637
1.6021628e-18
0.048663249
0.074727444
0.081433404
0.15665853
0.075225125
-1.7524053e-17
0.081931085
0.06370959
0.069016846
0.13209559
0.063078747
3.8559057e-18
0.068386003
0.3120491
0.33695153
0.38151289
0.30875255
0.26419119
0.33365498
0.057140649
0.10838113
0.051240483
2.5694744e-18
0.055553493
0.25977265
0.28055357
0.31561586
0.25182455
0.21676226
0.27260547
0.073062416
0.077756679
0.14782647
0.07006979
6.125107e-18
0.074764053
0.16370708
0.15848292
0.20646455
0.15121391
0.14598975
0.15767414
0.19677254
0.1439449
0.098386271
0.13748467
0.052558048
0.047981635
-2.1866156e-18
0.045828223
0.047333885
0.09142072
0.044086835
-1.7067714e-19
0.042757471
0.14200165
0.18284144
0.13226051
0.12827241
0.16985324
0.12251936
0.084926622
0.1172952
0.040839786
-1.1083426e-18
0.039098398
0.22418233
0.24430021
0.31331706
0.22567538
0.24579326
0.20757001
0.28848394
0.20705054
0.14424197
0.22515591
0.069190002
-3.34938e-18
0.075051969
0.089307883
0.17106581
0.081757929
-7.1982977e-18
0.089134726
0.26792365
0.34213162
0.24527379
0.26740418
0.31193181
0.22262392
0.1559659
0.2427418
0.074207975
1.1733524e-18
0.080913935
0.19112877
0.18923624
0.20515801
0.17485862
0.24043879
0.17142195
0.1202194
0.18579957
0.058286207
4.0918044e-18
0.061933189
0.14144842
0.067240445
4.6288233e-18
0.28289684
0.20172134
0.21918725
0.25502672
0.18081875
0.12751336
0.19674051
0.060272916
3.168115e-18
0.065580171
0.42647057
0.45871981
0.49883459
0.42162767
0.45387691
0.39213953
0.45729586
0.38453552
0.34886733
0.41402366
0.28614306
0.30316306
0.36085035
0.406019
0.32806549
0.35526086
0.48888725
0.52914116
0.4462729
0.48128325
0.48161206
0.40365855
0.36831939
0.43590779
0.29528063
0.32018306
0.15372145
0.16666048
0.1931616
0.13602095
0.096580799
0.14774074
0.045340317
-7.1108416e-19
0.049246914
0.11383284
0.053559925
7.1531932e-19
0.058279347
0.22766568
0.16067977
0.17483804
0.20081372
0.1405408
0.10040686
0.15347983
0.046846934
-2.7295637e-18
0.051159944
0.35669684
0.41446945
0.34554979
0.37338847
0.3201425
0.37035536
0.30656405
0.28175848
0.33197134
0.23293786
0.22309553
0.24198222
0.33037809
0.26276314
0.2854383
0.43309049
0.35981003
0.39008011
0.38357645
0.3159615
0.29219508
0.34380019
0.23024566
0.25102658
0.23327004
0.29565294
0.21020937
0.22429216
0.26490538
0.1871487
0.13245269
0.20061756
0.0623829
2.8085495e-18
0.066872519
0.079662961
0.15122974
0.071566782
8.3447568e-18
0.076465689
0.23898888
0.30245948
0.21470035
0.22939707
0.27007477
0.19041181
0.13503738
0.2044946
0.063470603
3.013108e-18
0.068164866
0.051616138
0.078329265
0.066047797
0.32285204
0.054190566
0.26618906
0.073913235
0.15484841
0.14757941
0.049193136
0.04571036
0.13713108
0.12738993
0.042463311
0.23498779
0.21636296
0.072120985
0.085532906
0.25659872
0.23394885
0.077982952
0.19814339
0.18032909
0.060109698
0.07072421
0.21217263
0.19127004
0.06375668
0.44017374
0.40308159
0.29465306
0.34445792
0.46758008
0.42496573
0.31167306
0.1625717
0.1448712
0.0482904
0.05691642
0.17074926
0.15061029
0.050203429
0.36504265
0.32605692
0.23746004
0.27902188
0.38173429
0.33788577
0.2465044
0.2217397
0.19867904
0.066226345
0.075614871
0.22684461
0.20255608
0.067518692
0.027787258
0.055071771
0.027284513
3.7921665e-18
0.026413819
0.052221888
0.025808069
2.5493574e-18
4.2961511e-18
0.054201077
0.053092582
2.0453728e-18
0.038748082
0.076111805
0.037363722
-2.6955977e-17
0.040716702
0.079881334
0.039164632
-2.1067721e-17
-2.7918206e-17
0.079464785
0.076528354
-2.0105492e-17
0.033210641
0.065065436
0.031854795
3.1983964e-18
0.034508423
0.067532321
0.033023898
3.7969311e-18
3.3326511e-18
0.067719064
0.064878693
3.6626763e-18
0.29534362
0.31852561
0.28344373
0.26026174
0.30650945
0.32990178
0.29352161
0.27012929
0.27087626
0.33097682
0.31745057
0.25951477
0.028570325
0.055665607
0.027095283
3.3896141e-18
4.652752e-18
0.056357582
0.053509102
3.0330132e-18
0.24774405
0.26648135
0.2355416
0.21680431
0.25455808
0.27337132
0.24147566
0.22266243
0.22543033
0.27687181
0.26298085
0.21403641
0.038401769
0.074932978
0.036531208
5.592535e-18
0.03887834
0.075834957
0.036956617
6.9542464e-18
6.9765869e-18
0.077280109
0.073487825
5.5701945e-18
0.13893629
0.16521531
0.13642257
0.11014354
0.1320691
0.15666566
0.12904034
0.10444378
0.10840215
0.16260323
0.15927775
0.10618516
0.13390884
0.15918238
0.13139512
0.10612159
0.12601159
0.14939666
0.12298284
0.099597772
0.10396817
0.15595226
0.15262678
0.10175118
0.026781769
0.053060793
0.026279024
-1.4221683e-18
0.025202318
0.049798886
0.024596568
-1.239421e-18
-2.0540549e-19
0.051984087
0.050875592
-2.4561838e-18
0.025040381
0.049372005
0.024331624
1.3065483e-18
0.023666942
0.046522122
0.02285518
6.3739229e-20
1.0977547e-18
0.048707323
0.047186805
2.7253285e-19
0.1252019
0.14811602
0.12165812
0.098744011
0.11833471
0.13956637
0.1142759
0.093044245
0.097414647
0.14612197
0.14156041
0.094373609
0.11811434
0.13961094
0.11457056
0.093073959
0.11021709
0.12982522
0.10615828
0.086550146
0.091332572
0.13699886
0.1324373
0.088291534
0.023622868
0.04653698
0.022914112
-1.0566736e-18
0.022043418
0.043275073
0.021231655
-8.7392624e-19
-5.52689e-19
0.045666286
0.044145767
-1.3779108e-18
0.19374041
0.22833541
0.18681861
0.15222361
0.20358351
0.239644
0.19582316
0.15976267
0.15892957
0.23839435
0.22958506
0.15305671
0.17989681
0.21172309
0.17297501
0.14114873
0.18806281
0.22101917
0.18030246
0.14734611
0.14718385
0.22077577
0.21196648
0.14131099
0.035979362
0.070574363
0.034595001
-9.8797923e-18
0.037612563
0.073673055
0.036060493
-6.8930482e-18
-1.2292777e-17
0.073591924
0.070655494
-4.4800631e-18
0.042685322
0.083650864
0.040965543
-1.5179466e-17
0.044653941
0.087420394
0.042766453
-9.2912103e-18
-1.4690939e-17
0.087339263
0.083731995
-9.7797365e-18
0.21342661
0.25095259
0.20482771
0.16730173
0.22326971
0.26226118
0.21383226
0.17484079
0.17467853
0.26201779
0.25119599
0.16746399
0.19622882
0.23031524
0.18762992
0.1535435
0.20439482
0.23961132
0.19495738
0.15974088
0.16024946
0.24037418
0.22955238
0.15303492
0.039245763
0.076771748
0.037525984
-3.9063042e-18
0.040878964
0.07987044
0.038991476
-9.1956014e-19
-4.8685336e-18
0.080124728
0.07651746
4.2669285e-20
0.1660532
0.19519631
0.15927398
0.13013087
0.17254211
0.20259696
0.16511949
0.13506464
0.13543813
0.20315719
0.19463608
0.12975739
0.15249475
0.17892616
0.14571552
0.11928411
0.15769687
0.18478267
0.15027425
0.12318845
0.12407665
0.18611497
0.17759386
0.11839591
0.030498949
0.059642053
0.029143104
4.2825986e-18
0.031539374
0.061594223
0.030054849
4.0328297e-18
3.9927016e-18
0.062038323
0.059197953
4.3227268e-18
0.035806205
0.069999207
0.034193002
4.3954657e-18
0.037103987
0.072466092
0.035362105
4.9940004e-18
4.9538722e-18
0.072910192
0.069555107
4.4355939e-18
0.17903103
0.20999762
0.17096501
0.13999841
0.18551994
0.21739828
0.17681052
0.14493218
0.14582038
0.21873058
0.20866532
0.13911021
0.16289899
0.19063918
0.15483297
0.12709279
0.16810111
0.19649569
0.1593917
0.13099713
0.13240004
0.19860006
0.1885348
0.12568987
0.032579798
0.063546393
0.030966595
3.7830609e-18
0.033620223
0.065498563
0.03187834
3.5332921e-18
3.9173156e-18
0.066200021
0.062844935
3.3990373e-18
0.4139776
0.43505333
0.3978652
0.37678947
0.42827774
0.44944677
0.41084331
0.38967428
0.39107739
0.45117795
0.43332215
0.37538636
0.38175281
0.40072229
0.36564041
0.34667093
0.39340889
0.41235463
0.37597446
0.35702872
0.35969534
0.41546636
0.39761056
0.34400431
0.27154384
0.29261957
0.25964395
0.23856821
0.28053377
0.3017028
0.26754593
0.24637689
0.24815329
0.30392431
0.29039806
0.23679181
0.31767529
0.34127796
0.3035995
0.27999683
0.32884112
0.35265413
0.31367738
0.28986437
0.29164077
0.35487564
0.33905645
0.27822043
0.44257788
0.46384022
0.42382142
0.40255909
0.45687803
0.47823366
0.43679954
0.4154439
0.41811052
0.48134539
0.46072849
0.39989247
0.40506497
0.42398697
0.38630851
0.36738651
0.41672105
0.43561931
0.39664256
0.37774429
0.38167442
0.44011159
0.41949469
0.36345638
0.2895237
0.31078604
0.27544791
0.25418557
0.29851363
0.31986927
0.28334989
0.26199425
0.26480008
0.32323725
0.30741806
0.25137974
0.14285162
0.16699682
0.13547641
0.11133121
0.11271516
0.16907275
0.16052731
0.1070182
0.12810121
0.14929632
0.120726
0.099530882
0.10132124
0.15198187
0.14343643
0.095624284
0.025620241
0.049765441
0.0241452
1.0905549e-19
1.4132745e-18
0.050660622
0.047812142
-2.0646428e-19
0.029353391
0.057130138
0.027776747
2.4830771e-18
0.030136458
0.058594668
0.02845821
1.5765401e-18
2.8807591e-18
0.059489849
0.056234957
1.1788581e-18
0.14676696
0.17139041
0.13888373
0.11426028
0.15068229
0.175784
0.14229105
0.11718934
0.1189797
0.17846955
0.16870487
0.11246991
0.13100051
0.15247068
0.12311729
0.10164712
0.13389981
0.15564503
0.12550857
0.10376335
0.10596013
0.15894019
0.14917552
0.099450344
0.026200102
0.050823559
0.024623457
-8.7964372e-19
0.026779962
0.051881677
0.025101715
-1.8683429e-18
-5.2304284e-19
0.052980064
0.049725172
-2.2249438e-18
0.34952801
0.36583542
0.33246579
0.31615838
0.35854003
0.37478909
0.34032926
0.3240802
0.32831329
0.37975476
0.36086974
0.3119253
0.31540356
0.32928108
0.29834134
0.28446382
0.32211848
0.33580335
0.3039077
0.29022282
0.29553731
0.34198473
0.32309971
0.27914933
0.22333915
0.23964656
0.2111367
0.19482929
0.22839324
0.24464229
0.21531082
0.19906176
0.20264249
0.2490899
0.23519895
0.19124857
0.26137211
0.28026129
0.24740972
0.22852055
0.26818614
0.28715125
0.25334378
0.23437867
0.2379594
0.29159886
0.27581368
0.22493983
0.36755205
0.38374275
0.34819272
0.33200202
0.37656407
0.39269642
0.35605619
0.33992384
0.34523833
0.39887779
0.37756138
0.32668753
0.32883339
0.34232563
0.30947406
0.29598183
0.33554831
0.3488479
0.31504043
0.30174083
0.30813673
0.35624497
0.33492856
0.28958593
0.23344733
0.24963803
0.21948494
0.20329424
0.23850142
0.25463377
0.22365906
0.20752671
0.21192026
0.26002849
0.24424331
0.19890069
0.19200885
0.22479893
0.18265604
0.14986596
0.1943917
0.22750487
0.18478309
0.15166991
0.15456022
0.23184033
0.22046348
