MFEM mesh v1.0

#
# MFEM Geometry Types (see mesh/geom.hpp):
#
# POINT       = 0
# SEGMENT     = 1
# TRIANGLE    = 2
# SQUARE      = 3
# TETRAHEDRON = 4
# CUBE        = 5
#

dimension
3

elements
448
1 5 6 138 446 141 146 447 674 450
1 5 12 150 452 153 158 453 675 456
1 5 24 162 458 165 170 459 676 462
1 5 22 174 464 177 182 465 677 468
1 5 23 186 470 189 194 471 678 474
1 5 20 198 476 201 206 477 679 480
1 5 21 210 482 213 218 483 680 486
1 5 34 222 488 139 147 489 681 448
1 5 95 223 492 228 148 490 682 495
1 5 37 140 497 235 149 449 683 499
1 5 42 142 451 145 243 501 684 504
1 5 96 224 491 143 244 506 685 502
1 5 131 225 496 231 245 508 686 512
1 5 99 144 500 237 246 503 687 515
1 5 46 259 517 151 159 518 688 454
1 5 101 261 522 269 160 520 689 525
1 5 35 152 527 226 161 455 690 493
1 5 43 154 457 157 249 530 691 507
1 5 102 262 521 155 277 533 692 531
1 5 132 264 526 272 278 535 693 539
1 5 97 156 529 229 250 532 694 510
1 5 49 279 536 163 171 543 695 460
1 5 105 281 540 286 172 545 696 549
1 5 39 164 542 251 173 461 697 552
1 5 58 166 463 169 307 554 698 557
1 5 106 290 546 167 308 559 699 555
1 5 133 292 550 297 309 561 700 565
1 5 109 168 553 301 310 556 701 568
1 5 62 324 570 175 183 571 702 466
1 5 111 325 574 330 184 572 703 577
1 5 65 176 579 334 185 467 704 580
1 5 70 178 469 181 340 582 705 585
1 5 112 326 573 179 341 587 706 583
1 5 134 327 578 333 342 589 707 593
1 5 115 180 581 335 343 584 708 596
1 5 74 357 598 187 195 599 709 472
1 5 117 359 603 367 196 601 710 606
1 5 63 188 608 328 197 473 711 575
1 5 71 190 475 193 347 610 712 588
1 5 118 360 602 191 375 614 713 611
1 5 135 362 607 370 376 616 714 620
1 5 113 192 609 331 348 612 715 591
1 5 64 329 624 199 207 576 716 478
1 5 122 388 627 392 208 625 717 630
1 5 84 200 632 399 209 479 718 634
1 5 73 202 481 205 356 595 719 638
1 5 114 332 626 203 353 592 720 636
1 5 136 389 631 395 406 641 721 645
1 5 125 204 635 401 407 637 722 648
1 5 76 366 650 211 219 605 723 484
1 5 127 420 654 426 220 652 724 657
1 5 82 212 659 390 221 485 725 628
1 5 72 214 487 217 352 622 726 640
1 5 120 369 653 215 386 619 727 662
1 5 137 422 658 429 436 666 728 670
1 5 123 216 661 393 410 663 729 643
1 5 138 34 139 446 447 147 448 674
1 5 446 139 95 140 674 448 148 449
1 5 141 446 140 37 450 674 449 149
1 5 146 447 674 450 42 142 451 145
1 5 447 147 448 674 142 96 143 451
1 5 674 448 148 449 451 143 131 144
1 5 450 674 449 149 145 451 144 99
1 5 150 46 151 452 453 159 454 675
1 5 452 151 101 152 675 454 160 455
1 5 153 452 152 35 456 675 455 161
1 5 158 453 675 456 43 154 457 157
1 5 453 159 454 675 154 102 155 457
1 5 675 454 160 455 457 155 132 156
1 5 456 675 455 161 157 457 156 97
1 5 162 49 163 458 459 171 460 676
1 5 458 163 105 164 676 460 172 461
1 5 165 458 164 39 462 676 461 173
1 5 170 459 676 462 58 166 463 169
1 5 459 171 460 676 166 106 167 463
1 5 676 460 172 461 463 167 133 168
1 5 462 676 461 173 169 463 168 109
1 5 174 62 175 464 465 183 466 677
1 5 464 175 111 176 677 466 184 467
1 5 177 464 176 65 468 677 467 185
1 5 182 465 677 468 70 178 469 181
1 5 465 183 466 677 178 112 179 469
1 5 677 466 184 467 469 179 134 180
1 5 468 677 467 185 181 469 180 115
1 5 186 74 187 470 471 195 472 678
1 5 470 187 117 188 678 472 196 473
1 5 189 470 188 63 474 678 473 197
1 5 194 471 678 474 71 190 475 193
1 5 471 195 472 678 190 118 191 475
1 5 678 472 196 473 475 191 135 192
1 5 474 678 473 197 193 475 192 113
1 5 198 64 199 476 477 207 478 679
1 5 476 199 122 200 679 478 208 479
1 5 201 476 200 84 480 679 479 209
1 5 206 477 679 480 73 202 481 205
1 5 477 207 478 679 202 114 203 481
1 5 679 478 208 479 481 203 136 204
1 5 480 679 479 209 205 481 204 125
1 5 210 76 211 482 483 219 484 680
1 5 482 211 127 212 680 484 220 485
1 5 213 482 212 82 486 680 485 221
1 5 218 483 680 486 72 214 487 217
1 5 483 219 484 680 214 120 215 487
1 5 680 484 220 485 487 215 137 216
1 5 486 680 485 221 217 487 216 123
1 5 222 12 153 488 489 158 456 681
1 5 488 153 35 223 681 456 161 490
1 5 139 488 223 95 448 681 490 148
1 5 147 489 681 448 96 224 491 143
1 5 489 158 456 681 224 43 157 491
1 5 681 456 161 490 491 157 97 225
1 5 448 681 490 148 143 491 225 131
1 5 223 35 226 492 490 161 493 682
1 5 492 226 4 227 682 493 232 494
1 5 228 492 227 36 495 682 494 233
1 5 148 490 682 495 131 225 496 231
1 5 490 161 493 682 225 97 229 496
1 5 682 493 232 494 496 229 44 230
1 5 495 682 494 233 231 496 230 98
1 5 140 95 228 497 449 148 495 683
1 5 497 228 36 234 683 495 233 498
1 5 235 497 234 0 499 683 498 238
1 5 149 449 683 499 99 144 500 237
1 5 449 148 495 683 144 131 231 500
1 5 683 495 233 498 500 231 98 236
1 5 499 683 498 238 237 500 236 45
1 5 142 96 143 451 501 244 502 684
1 5 451 143 131 144 684 502 245 503
1 5 145 451 144 99 504 684 503 246
1 5 243 501 684 504 8 239 505 242
1 5 501 244 502 684 239 38 240 505
1 5 684 502 245 503 505 240 100 241
1 5 504 684 503 246 242 505 241 41
1 5 224 43 157 491 506 249 507 685
1 5 491 157 97 225 685 507 250 508
1 5 143 491 225 131 502 685 508 245
1 5 244 506 685 502 38 247 509 240
1 5 506 249 507 685 247 24 165 509
1 5 685 507 250 508 509 165 39 248
1 5 502 685 508 245 240 509 248 100
1 5 225 97 229 496 508 250 510 686
1 5 496 229 44 230 686 510 254 511
1 5 231 496 230 98 512 686 511 255
1 5 245 508 686 512 100 248 513 253
1 5 508 250 510 686 248 39 251 513
1 5 686 510 254 511 513 251 15 252
1 5 512 686 511 255 253 513 252 40
1 5 144 131 231 500 503 245 512 687
1 5 500 231 98 236 687 512 255 514
1 5 237 500 236 45 515 687 514 258
1 5 246 503 687 515 41 241 516 257
1 5 503 245 512 687 241 100 253 516
1 5 687 512 255 514 516 253 40 256
1 5 515 687 514 258 257 516 256 7
1 5 259 13 260 517 518 265 519 688
1 5 517 260 47 261 688 519 266 520
1 5 151 517 261 101 454 688 520 160
1 5 159 518 688 454 102 262 521 155
1 5 518 265 519 688 262 52 263 521
1 5 688 519 266 520 521 263 103 264
1 5 454 688 520 160 155 521 264 132
1 5 261 47 267 522 520 266 523 689
1 5 522 267 5 268 689 523 273 524
1 5 269 522 268 48 525 689 524 274
1 5 160 520 689 525 132 264 526 272
1 5 520 266 523 689 264 103 270 526
1 5 689 523 273 524 526 270 53 271
1 5 525 689 524 274 272 526 271 104
1 5 152 101 269 527 455 160 525 690
1 5 527 269 48 275 690 525 274 528
1 5 226 527 275 4 493 690 528 232
1 5 161 455 690 493 97 156 529 229
1 5 455 160 525 690 156 132 272 529
1 5 690 525 274 528 529 272 104 276
1 5 493 690 528 232 229 529 276 44
1 5 154 102 155 457 530 277 531 691
1 5 457 155 132 156 691 531 278 532
1 5 157 457 156 97 507 691 532 250
1 5 249 530 691 507 24 162 458 165
1 5 530 277 531 691 162 49 163 458
1 5 691 531 278 532 458 163 105 164
1 5 507 691 532 250 165 458 164 39
1 5 262 52 263 521 533 282 534 692
1 5 521 263 103 264 692 534 283 535
1 5 155 521 264 132 531 692 535 278
1 5 277 533 692 531 49 279 536 163
1 5 533 282 534 692 279 25 280 536
1 5 692 534 283 535 536 280 50 281
1 5 531 692 535 278 163 536 281 105
1 5 264 103 270 526 535 283 537 693
1 5 526 270 53 271 693 537 287 538
1 5 272 526 271 104 539 693 538 288
1 5 278 535 693 539 105 281 540 286
1 5 535 283 537 693 281 50 284 540
1 5 693 537 287 538 540 284 14 285
1 5 539 693 538 288 286 540 285 51
1 5 156 132 272 529 532 278 539 694
1 5 529 272 104 276 694 539 288 541
1 5 229 529 276 44 510 694 541 254
1 5 250 532 694 510 39 164 542 251
1 5 532 278 539 694 164 105 286 542
1 5 694 539 288 541 542 286 51 289
1 5 510 694 541 254 251 542 289 15
1 5 279 25 280 536 543 293 544 695
1 5 536 280 50 281 695 544 294 545
1 5 163 536 281 105 460 695 545 172
1 5 171 543 695 460 106 290 546 167
1 5 543 293 544 695 290 59 291 546
1 5 695 544 294 545 546 291 107 292
1 5 460 695 545 172 167 546 292 133
1 5 281 50 284 540 545 294 547 696
1 5 540 284 14 285 696 547 298 548
1 5 286 540 285 51 549 696 548 299
1 5 172 545 696 549 133 292 550 297
1 5 545 294 547 696 292 107 295 550
1 5 696 547 298 548 550 295 60 296
1 5 549 696 548 299 297 550 296 108
1 5 164 105 286 542 461 172 549 697
1 5 542 286 51 289 697 549 299 551
1 5 251 542 289 15 552 697 551 302
1 5 173 461 697 552 109 168 553 301
1 5 461 172 549 697 168 133 297 553
1 5 697 549 299 551 553 297 108 300
1 5 552 697 551 302 301 553 300 61
1 5 166 106 167 463 554 308 555 698
1 5 463 167 133 168 698 555 309 556
1 5 169 463 168 109 557 698 556 310
1 5 307 554 698 557 26 303 558 306
1 5 554 308 555 698 303 54 304 558
1 5 698 555 309 556 558 304 110 305
1 5 557 698 556 310 306 558 305 57
1 5 290 59 291 546 559 314 560 699
1 5 546 291 107 292 699 560 315 561
1 5 167 546 292 133 555 699 561 309
1 5 308 559 699 555 54 311 562 304
1 5 559 314 560 699 311 27 312 562
1 5 699 560 315 561 562 312 55 313
1 5 555 699 561 309 304 562 313 110
1 5 292 107 295 550 561 315 563 700
1 5 550 295 60 296 700 563 319 564
1 5 297 550 296 108 565 700 564 320
1 5 309 561 700 565 110 313 566 318
1 5 561 315 563 700 313 55 316 566
1 5 700 563 319 564 566 316 16 317
1 5 565 700 564 320 318 566 317 56
1 5 168 133 297 553 556 309 565 701
1 5 553 297 108 300 701 565 320 567
1 5 301 553 300 61 568 701 567 323
1 5 310 556 701 568 57 305 569 322
1 5 556 309 565 701 305 110 318 569
1 5 701 565 320 567 569 318 56 321
1 5 568 701 567 323 322 569 321 17
1 5 324 23 189 570 571 194 474 702
1 5 570 189 63 325 702 474 197 572
1 5 175 570 325 111 466 702 572 184
1 5 183 571 702 466 112 326 573 179
1 5 571 194 474 702 326 71 193 573
1 5 702 474 197 572 573 193 113 327
1 5 466 702 572 184 179 573 327 134
1 5 325 63 328 574 572 197 575 703
1 5 574 328 21 329 703 575 218 576
1 5 330 574 329 64 577 703 576 207
1 5 184 572 703 577 134 327 578 333
1 5 572 197 575 703 327 113 331 578
1 5 703 575 218 576 578 331 72 332
1 5 577 703 576 207 333 578 332 114
1 5 176 111 330 579 467 184 577 704
1 5 579 330 64 198 704 577 207 477
1 5 334 579 198 20 580 704 477 206
1 5 185 467 704 580 115 180 581 335
1 5 467 184 577 704 180 134 333 581
1 5 704 577 207 477 581 333 114 202
1 5 580 704 477 206 335 581 202 73
1 5 178 112 179 469 582 341 583 705
1 5 469 179 134 180 705 583 342 584
1 5 181 469 180 115 585 705 584 343
1 5 340 582 705 585 28 336 586 339
1 5 582 341 583 705 336 66 337 586
1 5 705 583 342 584 586 337 116 338
1 5 585 705 584 343 339 586 338 69
1 5 326 71 193 573 587 347 588 706
1 5 573 193 113 327 706 588 348 589
1 5 179 573 327 134 583 706 589 342
1 5 341 587 706 583 66 344 590 337
1 5 587 347 588 706 344 29 345 590
1 5 706 588 348 589 590 345 67 346
1 5 583 706 589 342 337 590 346 116
1 5 327 113 331 578 589 348 591 707
1 5 578 331 72 332 707 591 352 592
1 5 333 578 332 114 593 707 592 353
1 5 342 589 707 593 116 346 594 351
1 5 589 348 591 707 346 67 349 594
1 5 707 591 352 592 594 349 31 350
1 5 593 707 592 353 351 594 350 68
1 5 180 134 333 581 584 342 593 708
1 5 581 333 114 202 708 593 353 595
1 5 335 581 202 73 596 708 595 356
1 5 343 584 708 596 69 338 597 355
1 5 584 342 593 708 338 116 351 597
1 5 708 593 353 595 597 351 68 354
1 5 596 708 595 356 355 597 354 30
1 5 357 3 358 598 599 363 600 709
1 5 598 358 75 359 709 600 364 601
1 5 187 598 359 117 472 709 601 196
1 5 195 599 709 472 118 360 602 191
1 5 599 363 600 709 360 80 361 602
1 5 709 600 364 601 602 361 119 362
1 5 472 709 601 196 191 602 362 135
1 5 359 75 365 603 601 364 604 710
1 5 603 365 2 366 710 604 371 605
1 5 367 603 366 76 606 710 605 219
1 5 196 601 710 606 135 362 607 370
1 5 601 364 604 710 362 119 368 607
1 5 710 604 371 605 607 368 81 369
1 5 606 710 605 219 370 607 369 120
1 5 188 117 367 608 473 196 606 711
1 5 608 367 76 210 711 606 219 483
1 5 328 608 210 21 575 711 483 218
1 5 197 473 711 575 113 192 609 331
1 5 473 196 606 711 192 135 370 609
1 5 711 606 219 483 609 370 120 214
1 5 575 711 483 218 331 609 214 72
1 5 190 118 191 475 610 375 611 712
1 5 475 191 135 192 712 611 376 612
1 5 193 475 192 113 588 712 612 348
1 5 347 610 712 588 29 372 613 345
1 5 610 375 611 712 372 77 373 613
1 5 712 611 376 612 613 373 121 374
1 5 588 712 612 348 345 613 374 67
1 5 360 80 361 602 614 380 615 713
1 5 602 361 119 362 713 615 381 616
1 5 191 602 362 135 611 713 616 376
1 5 375 614 713 611 77 377 617 373
1 5 614 380 615 713 377 11 378 617
1 5 713 615 381 616 617 378 78 379
1 5 611 713 616 376 373 617 379 121
1 5 362 119 368 607 616 381 618 714
1 5 607 368 81 369 714 618 385 619
1 5 370 607 369 120 620 714 619 386
1 5 376 616 714 620 121 379 621 384
1 5 616 381 618 714 379 78 382 621
1 5 714 618 385 619 621 382 10 383
1 5 620 714 619 386 384 621 383 79
1 5 192 135 370 609 612 376 620 715
1 5 609 370 120 214 715 620 386 622
1 5 331 609 214 72 591 715 622 352
1 5 348 612 715 591 67 374 623 349
1 5 612 376 620 715 374 121 384 623
1 5 715 620 386 622 623 384 79 387
1 5 591 715 622 352 349 623 387 31
1 5 329 21 213 624 576 218 486 716
1 5 624 213 82 388 716 486 221 625
1 5 199 624 388 122 478 716 625 208
1 5 207 576 716 478 114 332 626 203
1 5 576 218 486 716 332 72 217 626
1 5 716 486 221 625 626 217 123 389
1 5 478 716 625 208 203 626 389 136
1 5 388 82 390 627 625 221 628 717
1 5 627 390 19 391 717 628 396 629
1 5 392 627 391 83 630 717 629 397
1 5 208 625 717 630 136 389 631 395
1 5 625 221 628 717 389 123 393 631
1 5 717 628 396 629 631 393 88 394
1 5 630 717 629 397 395 631 394 124
1 5 200 122 392 632 479 208 630 718
1 5 632 392 83 398 718 630 397 633
1 5 399 632 398 18 634 718 633 402
1 5 209 479 718 634 125 204 635 401
1 5 479 208 630 718 204 136 395 635
1 5 718 630 397 633 635 395 124 400
1 5 634 718 633 402 401 635 400 89
1 5 202 114 203 481 595 353 636 719
1 5 481 203 136 204 719 636 406 637
1 5 205 481 204 125 638 719 637 407
1 5 356 595 719 638 30 354 639 405
1 5 595 353 636 719 354 68 403 639
1 5 719 636 406 637 639 403 126 404
1 5 638 719 637 407 405 639 404 87
1 5 332 72 217 626 592 352 640 720
1 5 626 217 123 389 720 640 410 641
1 5 203 626 389 136 636 720 641 406
1 5 353 592 720 636 68 350 642 403
1 5 592 352 640 720 350 31 408 642
1 5 720 640 410 641 642 408 85 409
1 5 636 720 641 406 403 642 409 126
1 5 389 123 393 631 641 410 643 721
1 5 631 393 88 394 721 643 414 644
1 5 395 631 394 124 645 721 644 415
1 5 406 641 721 645 126 409 646 413
1 5 641 410 643 721 409 85 411 646
1 5 721 643 414 644 646 411 33 412
1 5 645 721 644 415 413 646 412 86
1 5 204 136 395 635 637 406 645 722
1 5 635 395 124 400 722 645 415 647
1 5 401 635 400 89 648 722 647 418
1 5 407 637 722 648 87 404 649 417
1 5 637 406 645 722 404 126 413 649
1 5 722 645 415 647 649 413 86 416
1 5 648 722 647 418 417 649 416 32
1 5 366 2 419 650 605 371 651 723
1 5 650 419 90 420 723 651 423 652
1 5 211 650 420 127 484 723 652 220
1 5 219 605 723 484 120 369 653 215
1 5 605 371 651 723 369 81 421 653
1 5 723 651 423 652 653 421 128 422
1 5 484 723 652 220 215 653 422 137
1 5 420 90 424 654 652 423 655 724
1 5 654 424 1 425 724 655 430 656
1 5 426 654 425 91 657 724 656 431
1 5 220 652 724 657 137 422 658 429
1 5 652 423 655 724 422 128 427 658
1 5 724 655 430 656 658 427 94 428
1 5 657 724 656 431 429 658 428 129
1 5 212 127 426 659 485 220 657 725
1 5 659 426 91 432 725 657 431 660
1 5 390 659 432 19 628 725 660 396
1 5 221 485 725 628 123 216 661 393
1 5 485 220 657 725 216 137 429 661
1 5 725 657 431 660 661 429 129 433
1 5 628 725 660 396 393 661 433 88
1 5 214 120 215 487 622 386 662 726
1 5 487 215 137 216 726 662 436 663
1 5 217 487 216 123 640 726 663 410
1 5 352 622 726 640 31 387 664 408
1 5 622 386 662 726 387 79 434 664
1 5 726 662 436 663 664 434 130 435
1 5 640 726 663 410 408 664 435 85
1 5 369 81 421 653 619 385 665 727
1 5 653 421 128 422 727 665 439 666
1 5 215 653 422 137 662 727 666 436
1 5 386 619 727 662 79 383 667 434
1 5 619 385 665 727 383 10 437 667
1 5 727 665 439 666 667 437 92 438
1 5 662 727 666 436 434 667 438 130
1 5 422 128 427 658 666 439 668 728
1 5 658 427 94 428 728 668 443 669
1 5 429 658 428 129 670 728 669 444
1 5 436 666 728 670 130 438 671 442
1 5 666 439 668 728 438 92 440 671
1 5 728 668 443 669 671 440 9 441
1 5 670 728 669 444 442 671 441 93
1 5 216 137 429 661 663 436 670 729
1 5 661 429 129 433 729 670 444 672
1 5 393 661 433 88 643 729 672 414
1 5 410 663 729 643 85 435 673 411
1 5 663 436 670 729 435 130 442 673
1 5 729 670 444 672 673 442 93 445
1 5 643 729 672 414 411 673 445 33

boundary
480
1 3 0 234 497 235
1 3 4 275 527 226
1 3 20 198 579 334
1 3 21 210 608 328
1 3 18 398 632 399
1 3 19 432 659 390
1 3 36 227 492 228
1 3 95 223 488 139
1 3 37 140 446 141
1 3 48 268 522 269
1 3 101 261 517 151
1 3 35 152 452 153
1 3 64 329 574 330
1 3 111 325 570 175
1 3 65 176 464 177
1 3 76 366 603 367
1 3 117 359 598 187
1 3 63 188 470 189
1 3 83 391 627 392
1 3 122 388 624 199
1 3 84 200 476 201
1 3 91 425 654 426
1 3 127 420 650 211
1 3 82 212 482 213
1 3 234 36 228 497
1 3 497 228 95 140
1 3 235 497 140 37
1 3 275 48 269 527
1 3 527 269 101 152
1 3 226 527 152 35
1 3 198 64 330 579
1 3 579 330 111 176
1 3 334 579 176 65
1 3 210 76 367 608
1 3 608 367 117 188
1 3 328 608 188 63
1 3 398 83 392 632
1 3 632 392 122 200
1 3 399 632 200 84
1 3 432 91 426 659
1 3 659 426 127 212
1 3 390 659 212 82
1 3 227 4 226 492
1 3 492 226 35 223
1 3 228 492 223 95
1 3 223 35 153 488
1 3 488 153 12 222
1 3 139 488 222 34
1 3 140 95 139 446
1 3 446 139 34 138
1 3 141 446 138 6
1 3 268 5 267 522
1 3 522 267 47 261
1 3 269 522 261 101
1 3 261 47 260 517
1 3 517 260 13 259
1 3 151 517 259 46
1 3 152 101 151 452
1 3 452 151 46 150
1 3 153 452 150 12
1 3 329 21 328 574
1 3 574 328 63 325
1 3 330 574 325 111
1 3 325 63 189 570
1 3 570 189 23 324
1 3 175 570 324 62
1 3 176 111 175 464
1 3 464 175 62 174
1 3 177 464 174 22
1 3 366 2 365 603
1 3 603 365 75 359
1 3 367 603 359 117
1 3 359 75 358 598
1 3 598 358 3 357
1 3 187 598 357 74
1 3 188 117 187 470
1 3 470 187 74 186
1 3 189 470 186 23
1 3 391 19 390 627
1 3 627 390 82 388
1 3 392 627 388 122
1 3 388 82 213 624
1 3 624 213 21 329
1 3 199 624 329 64
1 3 200 122 199 476
1 3 476 199 64 198
1 3 201 476 198 20
1 3 425 1 424 654
1 3 654 424 90 420
1 3 426 654 420 127
1 3 420 90 419 650
1 3 650 419 2 366
1 3 211 650 366 76
1 3 212 127 211 482
1 3 482 211 76 210
1 3 213 482 210 21
23 3 504 243 8 242
23 3 365 2 371 604
23 3 424 1 430 655
23 3 222 12 158 489
23 3 259 13 265 518
23 3 4 227 494 232
23 3 8 239 505 242
23 3 13 260 519 265
23 3 5 268 524 273
23 3 279 25 293 543
23 3 165 24 170 462
23 3 25 280 544 293
23 3 14 285 548 298
23 3 26 303 558 306
23 3 324 23 194 571
23 3 357 3 363 599
23 3 177 22 182 468
23 3 28 336 586 339
23 3 29 372 613 345
23 3 201 20 206 480
23 3 19 391 629 396
23 3 30 354 639 405
23 3 1 425 656 430
23 3 31 387 664 408
23 3 450 146 42 145
23 3 499 149 99 237
23 3 515 246 41 257
23 3 138 34 147 447
23 3 142 96 244 501
23 3 224 43 249 506
23 3 150 46 159 453
23 3 154 102 277 530
23 3 262 52 282 533
23 3 36 234 498 233
23 3 98 236 514 255
23 3 44 230 511 254
23 3 38 247 509 240
23 3 100 248 513 253
23 3 41 241 516 257
23 3 251 39 173 552
23 3 301 109 310 568
23 3 169 58 307 557
23 3 358 75 364 600
23 3 361 119 381 615
23 3 368 81 385 618
23 3 419 90 423 651
23 3 421 128 439 665
23 3 427 94 443 668
23 3 47 267 523 266
23 3 103 270 537 283
23 3 52 263 534 282
23 3 50 284 547 294
23 3 107 295 563 315
23 3 59 291 560 314
23 3 48 275 528 274
23 3 104 276 541 288
23 3 53 271 538 287
23 3 51 289 551 299
23 3 108 300 567 320
23 3 60 296 564 319
23 3 162 49 171 459
23 3 166 106 308 554
23 3 290 59 314 559
23 3 54 311 562 304
23 3 110 313 566 318
23 3 57 305 569 322
23 3 174 62 183 465
23 3 178 112 341 582
23 3 326 71 347 587
23 3 186 74 195 471
23 3 190 118 375 610
23 3 360 80 380 614
23 3 334 65 185 580
23 3 335 115 343 596
23 3 181 70 340 585
23 3 399 84 209 634
23 3 401 125 407 648
23 3 205 73 356 638
23 3 83 398 633 397
23 3 124 400 647 415
23 3 88 394 644 414
23 3 66 344 590 337
23 3 116 346 594 351
23 3 69 338 597 355
23 3 77 377 617 373
23 3 121 379 621 384
23 3 67 374 623 349
23 3 68 350 642 403
23 3 126 409 646 413
23 3 87 404 649 417
23 3 79 383 667 434
23 3 130 438 671 442
23 3 85 435 673 411
23 3 91 432 660 431
23 3 129 433 672 444
23 3 94 428 669 443
23 3 145 42 243 504
23 3 99 145 504 246
23 3 246 504 242 41
23 3 34 222 489 147
23 3 147 489 224 96
23 3 489 158 43 224
23 3 46 259 518 159
23 3 159 518 262 102
23 3 518 265 52 262
23 3 227 36 233 494
23 3 494 233 98 230
23 3 232 494 230 44
23 3 239 38 240 505
23 3 505 240 100 241
23 3 242 505 241 41
23 3 39 165 462 173
23 3 173 462 169 109
23 3 462 170 58 169
23 3 141 6 146 450
23 3 37 141 450 149
23 3 149 450 145 99
23 3 235 37 149 499
23 3 0 235 499 238
23 3 238 499 237 45
23 3 237 99 246 515
23 3 45 237 515 258
23 3 258 515 257 7
23 3 6 138 447 146
23 3 146 447 142 42
23 3 447 147 96 142
23 3 42 142 501 243
23 3 243 501 239 8
23 3 501 244 38 239
23 3 96 224 506 244
23 3 244 506 247 38
23 3 506 249 24 247
23 3 12 150 453 158
23 3 158 453 154 43
23 3 453 159 102 154
23 3 43 154 530 249
23 3 249 530 162 24
23 3 530 277 49 162
23 3 102 262 533 277
23 3 277 533 279 49
23 3 533 282 25 279
23 3 234 0 238 498
23 3 498 238 45 236
23 3 233 498 236 98
23 3 236 45 258 514
23 3 514 258 7 256
23 3 255 514 256 40
23 3 230 98 255 511
23 3 511 255 40 252
23 3 254 511 252 15
23 3 247 24 165 509
23 3 509 165 39 248
23 3 240 509 248 100
23 3 248 39 251 513
23 3 513 251 15 252
23 3 253 513 252 40
23 3 241 100 253 516
23 3 516 253 40 256
23 3 257 516 256 7
23 3 15 251 552 302
23 3 302 552 301 61
23 3 552 173 109 301
23 3 61 301 568 323
23 3 323 568 322 17
23 3 568 310 57 322
23 3 109 169 557 310
23 3 310 557 306 57
23 3 557 307 26 306
23 3 75 365 604 364
23 3 364 604 368 119
23 3 604 371 81 368
23 3 90 424 655 423
23 3 423 655 427 128
23 3 655 430 94 427
23 3 3 358 600 363
23 3 363 600 361 80
23 3 600 364 119 361
23 3 80 361 615 380
23 3 380 615 378 11
23 3 615 381 78 378
23 3 119 368 618 381
23 3 381 618 382 78
23 3 618 385 10 382
23 3 2 419 651 371
23 3 371 651 421 81
23 3 651 423 128 421
23 3 81 421 665 385
23 3 385 665 437 10
23 3 665 439 92 437
23 3 128 427 668 439
23 3 439 668 440 92
23 3 668 443 9 440
23 3 260 47 266 519
23 3 519 266 103 263
23 3 265 519 263 52
23 3 280 50 294 544
23 3 544 294 107 291
23 3 293 544 291 59
23 3 267 5 273 523
23 3 523 273 53 270
23 3 266 523 270 103
23 3 270 53 287 537
23 3 537 287 14 284
23 3 283 537 284 50
23 3 263 103 283 534
23 3 534 283 50 280
23 3 282 534 280 25
23 3 284 14 298 547
23 3 547 298 60 295
23 3 294 547 295 107
23 3 295 60 319 563
23 3 563 319 16 316
23 3 315 563 316 55
23 3 291 107 315 560
23 3 560 315 55 312
23 3 314 560 312 27
23 3 268 48 274 524
23 3 524 274 104 271
23 3 273 524 271 53
23 3 285 51 299 548
23 3 548 299 108 296
23 3 298 548 296 60
23 3 275 4 232 528
23 3 528 232 44 276
23 3 274 528 276 104
23 3 276 44 254 541
23 3 541 254 15 289
23 3 288 541 289 51
23 3 271 104 288 538
23 3 538 288 51 285
23 3 287 538 285 14
23 3 289 15 302 551
23 3 551 302 61 300
23 3 299 551 300 108
23 3 300 61 323 567
23 3 567 323 17 321
23 3 320 567 321 56
23 3 296 108 320 564
23 3 564 320 56 317
23 3 319 564 317 16
23 3 49 279 543 171
23 3 171 543 290 106
23 3 543 293 59 290
23 3 24 162 459 170
23 3 170 459 166 58
23 3 459 171 106 166
23 3 58 166 554 307
23 3 307 554 303 26
23 3 554 308 54 303
23 3 106 290 559 308
23 3 308 559 311 54
23 3 559 314 27 311
23 3 303 54 304 558
23 3 558 304 110 305
23 3 306 558 305 57
23 3 311 27 312 562
23 3 562 312 55 313
23 3 304 562 313 110
23 3 313 55 316 566
23 3 566 316 16 317
23 3 318 566 317 56
23 3 305 110 318 569
23 3 569 318 56 321
23 3 322 569 321 17
23 3 62 324 571 183
23 3 183 571 326 112
23 3 571 194 71 326
23 3 74 357 599 195
23 3 195 599 360 118
23 3 599 363 80 360
23 3 22 174 465 182
23 3 182 465 178 70
23 3 465 183 112 178
23 3 70 178 582 340
23 3 340 582 336 28
23 3 582 341 66 336
23 3 112 326 587 341
23 3 341 587 344 66
23 3 587 347 29 344
23 3 23 186 471 194
23 3 194 471 190 71
23 3 471 195 118 190
23 3 71 190 610 347
23 3 347 610 372 29
23 3 610 375 77 372
23 3 118 360 614 375
23 3 375 614 377 77
23 3 614 380 11 377
23 3 65 177 468 185
23 3 185 468 181 115
23 3 468 182 70 181
23 3 84 201 480 209
23 3 209 480 205 125
23 3 480 206 73 205
23 3 391 83 397 629
23 3 629 397 124 394
23 3 396 629 394 88
23 3 20 334 580 206
23 3 206 580 335 73
23 3 580 185 115 335
23 3 73 335 596 356
23 3 356 596 355 30
23 3 596 343 69 355
23 3 115 181 585 343
23 3 343 585 339 69
23 3 585 340 28 339
23 3 18 399 634 402
23 3 402 634 401 89
23 3 634 209 125 401
23 3 89 401 648 418
23 3 418 648 417 32
23 3 648 407 87 417
23 3 125 205 638 407
23 3 407 638 405 87
23 3 638 356 30 405
23 3 398 18 402 633
23 3 633 402 89 400
23 3 397 633 400 124
23 3 400 89 418 647
23 3 647 418 32 416
23 3 415 647 416 86
23 3 394 124 415 644
23 3 644 415 86 412
23 3 414 644 412 33
23 3 336 66 337 586
23 3 586 337 116 338
23 3 339 586 338 69
23 3 372 77 373 613
23 3 613 373 121 374
23 3 345 613 374 67
23 3 344 29 345 590
23 3 590 345 67 346
23 3 337 590 346 116
23 3 346 67 349 594
23 3 594 349 31 350
23 3 351 594 350 68
23 3 338 116 351 597
23 3 597 351 68 354
23 3 355 597 354 30
23 3 377 11 378 617
23 3 617 378 78 379
23 3 373 617 379 121
23 3 379 78 382 621
23 3 621 382 10 383
23 3 384 621 383 79
23 3 374 121 384 623
23 3 623 384 79 387
23 3 349 623 387 31
23 3 354 68 403 639
23 3 639 403 126 404
23 3 405 639 404 87
23 3 387 79 434 664
23 3 664 434 130 435
23 3 408 664 435 85
23 3 350 31 408 642
23 3 642 408 85 409
23 3 403 642 409 126
23 3 409 85 411 646
23 3 646 411 33 412
23 3 413 646 412 86
23 3 404 126 413 649
23 3 649 413 86 416
23 3 417 649 416 32
23 3 383 10 437 667
23 3 667 437 92 438
23 3 434 667 438 130
23 3 438 92 440 671
23 3 671 440 9 441
23 3 442 671 441 93
23 3 435 130 442 673
23 3 673 442 93 445
23 3 411 673 445 33
23 3 425 91 431 656
23 3 656 431 129 428
23 3 430 656 428 94
23 3 432 19 396 660
23 3 660 396 88 433
23 3 431 660 433 129
23 3 433 88 414 672
23 3 672 414 33 445
23 3 444 672 445 93
23 3 428 129 444 669
23 3 669 444 93 441
23 3 443 669 441 9

vertices
730

nodes
FiniteElementSpace
FiniteElementCollection: H1_3D_P2
VDim: 3
Ordering: 0

-0.57735027
0.30998466
-3.1225023e-17
-0.31000795
-0.67227043
-0.70710678
-0.67227043
-0.50518149
-0.57019239
0.26568513
2.9273459e-18
-0.26592163
-0.84957113
-0.91774188
-0.59335069
-0.57019239
-0.48603889
-0.47240707
0.12464717
0.35742227
4.5536491e-18
-2.4286129e-17
-0.39717735
-0.37298049
-0.68827279
-0.73185567
-0.54236453
-0.56723152
-0.3224644
-0.30722904
-6.9117888e-18
-6.7762636e-19
0.11530805
0.27788281
-0.76092078
-0.76092078
-0.62481035
-0.62481035
-0.62923259
-0.62923259
-0.53768694
-0.53768694
-0.62123141
-0.76892196
-0.62123141
-0.54126588
-0.88365651
-0.81242433
-0.68968861
-0.71006423
-0.66260318
-0.58177154
-0.82479877
-0.65022874
-0.55479803
-0.5266352
-0.47922298
-0.5073858
-0.61531866
-0.64954359
-0.53969479
-0.52129973
-0.38507892
-0.18649024
-9.8662398e-18
-0.19858867
-0.31484672
-0.15361452
-3.7947076e-18
-0.1612322
-0.35982088
-0.34010476
-1.2481878e-17
-1.1790699e-18
-0.34149422
-0.15500398
-2.7755576e-17
-0.28657533
-0.13296081
1.1248598e-18
-0.28796479
-1.4148838e-17
0.17871113
0.24103472
0.062323584
0.1389414
0.19659543
0.057654025
0.31765254
0.11997761
0.15499233
0.33370346
0.13284256
0.27178397
0.28783489
-0.69286557
-0.69507669
-0.69507669
-0.58124864
-0.58124864
-0.58345977
-0.78667256
-0.79686037
-0.73751376
-0.63573008
-0.64591789
-0.63243113
-0.59461919
-0.53049726
-0.5683092
-0.5170105
-0.19253946
-0.34996282
-0.17005238
-6.8304737e-18
-0.17991044
-0.15742336
-0.17074711
-0.31403478
-0.1439824
-1.3315358e-17
-0.14328767
0.12051736
0.15882627
0.21881507
0.059988805
0.098297715
0.16685173
0.14391745
0.30274372
0.13589198
-0.63816267
-0.71629522
-0.58146419
-0.17498141
-0.15701739
0.10940754
0.15137186
-0.71659561
-0.72689318
-0.65883796
-0.64854039
-0.65815405
-0.66661968
-0.60970566
-0.60124003
-0.64675092
-0.72799874
-0.66551412
-0.6030295
-0.86661382
-0.83516453
-0.77379667
-0.80524596
-0.78289117
-0.7565778
-0.70568596
-0.73199933
-0.80924655
-0.84025844
-0.75148389
-0.72799874
-0.69916851
-0.67799106
-0.63757524
-0.65875269
-0.6238749
-0.60694766
-0.5748867
-0.59181393
-0.65179573
-0.67124768
-0.61369104
-0.59877089
-0.39112813
-0.28880919
-0.19556407
-0.29788301
-0.35489185
-0.26247211
-0.17744592
-0.26986566
-0.37849911
-0.36752087
-0.18376043
-0.18924956
-0.35723735
-0.25612067
-0.17861868
-0.27973537
-0.32706977
-0.23552608
-0.16353489
-0.25507857
-0.35654263
-0.3277645
-0.16388225
-0.17827131
-2.6562953e-18
0.06025868
0.091420472
0.031161792
-4.0047718e-18
0.054703768
0.084698171
0.029994402
1.6872896e-18
-8.3483567e-18
0.11496245
0.061156194
-2.6020852e-17
0.083425866
0.17278143
0.089355567
-1.2898618e-17
0.075685929
0.15509906
0.079413135
-1.8384003e-17
-2.0535467e-17
0.15911179
0.1687687
-0.80524596
-0.72689318
-0.73199933
-0.66661968
-0.71659561
-0.64854039
-0.65883796
-0.65815405
-0.60124003
-0.60970566
-0.64675092
-0.6030295
-0.60108031
-0.60108031
-0.56125726
-0.56125726
-0.55930807
-0.59971249
-0.60634618
-0.56057335
-0.55393967
-0.5957119
-0.66215464
-0.61081122
-0.55946779
-0.65875269
-0.60634618
-0.72859738
-0.66215464
-0.59971249
-0.55393967
-0.56057335
-0.5957119
-0.55946779
-0.52143421
-0.52143421
-0.52322368
-0.90069919
-0.8650831
-0.79954844
-0.81082957
-0.78115627
-0.72690449
-0.87127033
-0.77496904
-0.75976556
-0.69839769
-0.73818058
-0.69387125
-0.64297941
-0.67601265
-0.67866776
-0.66270934
-0.68097952
-0.62848074
-0.7534623
-0.68110655
-0.72095995
-0.69722943
-0.65426054
-0.77832722
-0.70005847
-0.62797694
-0.58756112
-0.61384472
-0.62178972
-0.60875081
-0.57598197
-0.64098736
-0.62208139
-0.58804169
-0.69069963
-0.62861119
-0.56715699
-0.53509603
-0.55598073
-0.56652274
-0.5561344
-0.52589849
-0.54480446
-0.54574606
-0.54858128
-0.53590426
-0.51219815
-0.52487517
-0.5788416
-0.59361458
-0.54923735
-0.5378475
-0.56101477
-0.54693336
-0.52182285
-0.60838756
-0.5606272
-0.50633705
-0.48263093
-0.49811674
-0.51286684
-0.50486012
-0.47581502
-0.48989643
-0.4968534
-0.3790297
-0.18951485
-0.34503379
-0.1725169
-0.093245122
-1.7076184e-17
-0.096269729
-0.085026191
-9.6561756e-18
-0.087490705
-0.099294337
-0.089955219
-0.31865556
-0.23613504
-0.15932778
-0.2418483
-0.34114264
-0.33240477
-0.16620239
-0.17057132
-0.31103788
-0.23042178
-0.15551894
-0.3236669
-0.16183345
-0.07680726
-2.236167e-18
-0.078711681
-6.5797519e-18
-5.3125906e-18
-5.3532482e-18
-0.080616101
-4.0454294e-18
-0.32575109
-0.23250597
-0.16287554
-0.30099978
-0.21597359
-0.15049989
-0.29898637
-0.14949319
-0.077501989
-2.9490299e-17
-0.085373555
-0.071991198
-1.3732098e-17
-0.078508694
-2.268693e-17
-0.29690219
-0.2149315
-0.14845109
-0.30030505
-0.15015253
-0.27624848
-0.19944122
-0.13812424
-0.27694321
-0.1384716
-0.066480406
2.0261028e-18
-0.071643833
-5.6107462e-18
-6.0952491e-18
2.236167e-19
0.14961425
0.1341169
0.2680667
0.29922849
0.18077604
0.2382394
0.26823381
0.16411131
0.3375374
0.2299249
0.18284094
0.093485376
0.16939634
0.089983207
0.12231239
0.049148857
0.07797587
0.028827013
0.10385263
0.058821415
0.069470702
0.11861956
0.14888384
0.20841211
0.23723912
0.14744657
0.29776767
0.20770525
0.15595174
0.086481038
0.11764283
0.077496165
0.16092203
0.071958723
0.14764465
0.14945489
0.23248849
0.32184406
0.2502776
0.21587617
0.2952893
0.22705779
0.29890978
0.31822359
0.34556287
0.31019813
0.067945992
0.13741669
0.14363192
0.066421282
0.13436727
0.13838
0.19926384
0.26873455
0.20383798
0.27676001
0.28726384
0.27483339
-0.68771678
-0.68737483
-0.69675643
-0.63427181
-0.62489021
-0.63392985
-0.82020525
-0.82475249
-0.79587116
-0.73974131
-0.76862264
-0.74428856
-0.66837188
-0.6615217
-0.64246936
-0.60623097
-0.62528331
-0.5993808
-0.2933461
-0.37300999
-0.27564065
-0.186505
-0.28387433
-0.26616889
-0.26792802
-0.34215356
-0.24582337
-0.17107678
-0.26740697
-0.24530233
0.045710236
-3.3305335e-18
0.057481224
0.088059321
0.030578097
0.042349085
0.086390716
-1.9459735e-17
0.079555897
0.16394025
0.084384351
0.077549532
-0.76606957
-0.76862264
-0.69675643
-0.6993095
-0.68771678
-0.68737483
-0.62489021
-0.63427181
-0.63392985
-0.62995913
-0.58116879
-0.58116879
-0.58548146
-0.62893327
-0.63648293
-0.5851395
-0.57758985
-0.58014292
-0.69537601
-0.69537601
-0.63648293
-0.63254944
-0.62893327
-0.57758985
-0.5851395
-0.58014292
-0.54134574
-0.54134574
-0.54100378
-0.85012382
-0.85576438
-0.82311968
-0.76322647
-0.76886703
-0.74897307
-0.7268184
-0.67068855
-0.70709662
-0.68494195
-0.72738809
-0.65473013
-0.66708335
-0.74102984
-0.71728443
-0.6716306
-0.76589476
-0.73919285
-0.69058251
-0.68761024
-0.66092409
-0.61527026
-0.64492868
-0.62091083
-0.60223136
-0.6067786
-0.68097366
-0.65965541
-0.62115111
-0.61451453
-0.59756697
-0.56132857
-0.58491272
-0.56156886
-0.55094023
-0.57225848
-0.5503926
-0.58622809
-0.57142596
-0.54354242
-0.55834455
-0.53038972
-0.60100107
-0.58450738
-0.55493227
-0.54141881
-0.53674702
-0.50886348
-0.52704873
-0.50222689
-0.50085676
-0.51735045
-0.49400659
-0.28427228
-0.36203175
-0.18101587
-0.25877534
-0.094757426
-0.089135656
-1.336618e-17
-0.091880217
-0.086258448
-0.097782033
-0.094624778
-0.088722962
-0.33677371
-0.24930358
-0.16838685
-0.25585698
-0.23899167
-0.32803584
-0.24275018
-0.16401792
-0.23327841
-0.080916725
-5.9461713e-18
-0.083101193
-0.07775947
-4.67901e-18
-0.08528566
-0.079663891
-0.24431332
-0.31337544
-0.22423978
-0.15668772
-0.22574984
-0.081437772
-0.074746593
-2.1611199e-17
-0.081941125
-0.075249946
-0.089309338
-0.081767443
-0.31198598
-0.22522879
-0.15599299
-0.22267664
-0.28862413
-0.20770741
-0.14431207
-0.20718636
-0.069235802
-5.8529977e-18
-0.075076264
-0.06906212
-6.3375005e-18
-0.074225547
0.074807123
0.14186557
0.067058451
0.22442137
0.25315305
0.28373115
0.17244367
0.20117535
0.13713071
0.17611864
0.091734292
0.12704726
0.051926313
0.08133702
0.029410708
0.038987935
0.074441918
0.12636823
0.05930978
0.22332575
0.25273646
0.15577894
0.17792934
0.16267404
0.088232123
0.1169638
0.080461015
0.074727444
0.15428334
0.073822326
0.24138305
0.22418233
0.30856668
0.23866769
0.22146698
0.25917215
0.3278805
0.2326486
0.07181596
0.14625788
0.068708347
0.069190002
0.14100596
0.067183637
0.20757001
0.28201193
0.21544788
0.20155091
0.29251576
0.20612504
-0.66082332
-0.7822469
-0.63387634
-0.27975749
-0.25661517
0.044029661
0.081970124
-0.73268953
-0.66082332
-0.6077203
-0.60703639
-0.66592947
-0.60703639
-0.56324262
-0.80949542
-0.71695751
-0.69723572
-0.70633022
-0.72823864
-0.65292639
-0.63693098
-0.65106239
-0.59123984
-0.5785856
-0.56488526
-0.57796667
-0.53189788
-0.52219959
-0.27152381
-0.090507937
-0.093252498
-0.25258028
-0.24602688
-0.082008959
-0.084193426
-0.23503158
-0.078343859
-0.08553839
-0.23398948
-0.2164681
-0.072156033
-0.077996495
0.070932787
0.21279836
0.13208898
0.04066851
0.063184116
0.18955235
0.12200553
0.077141671
0.23142501
0.24591037
0.073128939
0.070502981
0.21150894
0.21938682
-0.69443302
-0.7021562
-0.66812859
-0.66040541
-0.66706288
-0.67409907
-0.64285676
-0.63582057
-0.65951068
-0.70198522
-0.67427005
-0.6367153
-0.85809248
-0.84340953
-0.8127256
-0.82740855
-0.81699952
-0.8034997
-0.77543477
-0.7889346
-0.82940884
-0.84568316
-0.80122607
-0.7869343
-0.69372065
-0.68377019
-0.66356228
-0.67351274
-0.65665872
-0.64769902
-0.62957982
-0.63853952
-0.67003426
-0.68034511
-0.65112411
-0.642018
-0.39415274
-0.34223712
-0.29561455
-0.34753018
-0.37575455
-0.32638374
-0.28181591
-0.33118672
-0.38783823
-0.38206906
-0.2865518
-0.29087867
-0.36510892
-0.31258268
-0.27383169
-0.32635793
-0.34934809
-0.29938437
-0.26201107
-0.3119748
-0.36476156
-0.34969546
-0.26227159
-0.27357117
9.486769e-19
0.022855118
0.038436014
0.015580896
-8.2162196e-19
0.02201483
0.037303879
0.015289049
3.1204694e-18
-2.9934144e-18
0.044869948
0.030869945
-2.515349e-17
0.043195358
0.087873142
0.044677783
-1.8921869e-17
0.040985062
0.083177237
0.042192175
-2.1335066e-17
-2.2740294e-17
0.08418042
0.086869959
-0.78308337
-0.78565776
-0.74648137
-0.74390698
-0.74831069
-0.75065609
-0.71472298
-0.71237758
-0.74445976
-0.7869343
-0.74937955
-0.7118248
-0.70987937
-0.70730498
-0.67327737
-0.67585176
-0.68113527
-0.67878987
-0.64754756
-0.64989296
-0.67918984
-0.7118248
-0.67427005
-0.64655488
-0.64182415
-0.64439855
-0.61551972
-0.61294533
-0.61865065
-0.62099605
-0.59444454
-0.59209914
-0.61391992
-0.64655488
-0.61883972
-0.59112455
-0.63969273
-0.64604195
-0.61758494
-0.61123572
-0.61232259
-0.61798483
-0.59231312
-0.58665087
-0.60847166
-0.64354366
-0.62048312
-0.58941494
-0.71353801
-0.71565441
-0.68296459
-0.68084818
-0.67876533
-0.68065274
-0.6512062
-0.64931878
-0.67861566
-0.71368767
-0.68261949
-0.6515513
-0.65239117
-0.65027477
-0.62181775
-0.62393416
-0.62364707
-0.62175966
-0.59608795
-0.59797536
-0.62448694
-0.6515513
-0.62048312
-0.59742258
-0.59547715
-0.59759356
-0.57336936
-0.57125295
-0.57230365
-0.57419106
-0.55229418
-0.55040676
-0.57035822
-0.59742258
-0.57436204
-0.5513015
-0.89217785
-0.8754115
-0.84264417
-0.85941052
-0.84801141
-0.8326299
-0.80268329
-0.8180648
-0.86195747
-0.87823179
-0.82980962
-0.81551785
-0.7931105
-0.77426076
-0.74357683
-0.76242657
-0.75735518
-0.74009199
-0.71202706
-0.72929025
-0.76907822
-0.78138745
-0.73296529
-0.7226386
-0.76735873
-0.75059238
-0.72199185
-0.7387582
-0.73387002
-0.71848852
-0.69230528
-0.70768678
-0.74445976
-0.75676899
-0.71231191
-0.70198522
-0.77590657
-0.76358986
-0.73814394
-0.75046065
-0.73481361
-0.72368003
-0.70085311
-0.71198669
-0.74875967
-0.7619605
-0.72530939
-0.71368767
-0.80384497
-0.7898483
-0.76272241
-0.77671908
-0.75967853
-0.7470667
-0.72276153
-0.73537336
-0.77516133
-0.78836217
-0.74855283
-0.73693111
-0.72159986
-0.70592322
-0.6804773
-0.69615394
-0.68584453
-0.67175445
-0.64892753
-0.66301762
-0.69870089
-0.7087435
-0.66893417
-0.66047067
-0.70038132
-0.68638465
-0.6626187
-0.67661537
-0.66689262
-0.65428079
-0.63293212
-0.64554396
-0.67861566
-0.68865828
-0.65200716
-0.64354366
-0.71551209
-0.7042851
-0.68280065
-0.69402765
-0.67611067
-0.66601802
-0.64676587
-0.65685852
-0.69065596
-0.7009668
-0.66933631
-0.66023021
-0.65008921
-0.63758568
-0.61737777
-0.6298813
-0.61742108
-0.60619548
-0.58807628
-0.59930188
-0.62980446
-0.63770582
-0.60607534
-0.59937872
-0.63340392
-0.62217692
-0.60324555
-0.61447254
-0.60250093
-0.59240828
-0.57542204
-0.58551469
-0.61400174
-0.6219031
-0.5926821
-0.58598549
-0.61959678
-0.61162785
-0.59559736
-0.6035663
-0.58253484
-0.57555667
-0.5616149
-0.56859307
-0.59708013
-0.60505149
-0.58213303
-0.57507924
-0.63670925
-0.62775094
-0.61073109
-0.6196894
-0.59730782
-0.58948387
-0.57469632
-0.58252027
-0.61302285
-0.62099421
-0.5962406
-0.58918681
-0.58475294
-0.57480528
-0.55877479
-0.56872246
-0.55208481
-0.54341507
-0.5294733
-0.53814304
-0.56535077
-0.57148698
-0.54673337
-0.54151473
-0.57159795
-0.56263965
-0.54759853
-0.55655683
-0.54069496
-0.53287101
-0.51977502
-0.52759897
-0.55307835
-0.55921456
-0.53629609
-0.53107746
-0.38205431
-0.33165099
-0.28654073
-0.33694405
-0.36477631
-0.31677778
-0.27358223
-0.32158076
-0.37629989
-0.37053072
-0.27789804
-0.28222492
-0.19102715
-0.14213614
-0.095513577
-0.14440459
-0.18238815
-0.13576191
-0.091194077
-0.13782033
-0.18814995
-0.18526536
-0.092632681
-0.094074973
-0.19707637
-0.14667305
-0.098538185
-0.14894151
-0.18787728
-0.13987875
-0.093938638
-0.14193717
-0.19391911
-0.19103453
-0.095517265
-0.096959557
-0.35735636
-0.31053037
-0.26801727
-0.31484327
-0.33895817
-0.29467699
-0.25421863
-0.29849981
-0.35048176
-0.34583278
-0.25937458
-0.26286132
-0.34749831
-0.30190457
-0.26062373
-0.30621747
-0.3302203
-0.28703136
-0.24766523
-0.29085417
-0.3411838
-0.33653481
-0.25240111
-0.25588785
-0.17374915
-0.12938767
-0.086874576
-0.13123606
-0.16511015
-0.12301344
-0.082555076
-0.12465179
-0.1705919
-0.16826741
-0.084133703
-0.085295949
-0.17867818
-0.13308444
-0.08933909
-0.13493283
-0.16947909
-0.12629014
-0.084739543
-0.12792849
-0.17524088
-0.17291639
-0.086458194
-0.08762044
-0.33362265
-0.2850322
-0.25021699
-0.29880744
-0.32056997
-0.27420351
-0.24042748
-0.28679394
-0.33462936
-0.31956326
-0.23967245
-0.25097202
-0.16681133
-0.12215666
-0.083405664
-0.12806033
-0.16028498
-0.11751579
-0.080142492
-0.12291169
-0.16731468
-0.15978163
-0.079890815
-0.08365734
-0.18255446
-0.13396401
-0.09127723
-0.13986768
-0.17467405
-0.12830759
-0.087337023
-0.13370348
-0.18238078
-0.17484773
-0.087423864
-0.091190389
-0.33358727
-0.28618605
-0.25019045
