MFEM mesh v1.0

#
# MFEM Geometry Types (see mesh/geom.hpp):
#
# POINT       = 0
# SEGMENT     = 1
# TRIANGLE    = 2
# SQUARE      = 3
# TETRAHEDRON = 4
# CUBE        = 5
#

dimension
3

elements
576
1 5 19 143 485 146 151 486 757 489
1 5 6 155 491 158 163 492 758 495
1 5 21 167 497 170 175 498 759 501
1 5 7 179 503 182 187 504 760 507
1 5 8 191 509 194 199 510 761 513
1 5 3 203 515 206 211 516 762 519
1 5 10 215 521 218 223 522 763 525
1 5 1 227 527 230 235 528 764 531
1 5 13 239 533 242 247 534 765 537
1 5 31 251 539 144 152 540 766 487
1 5 93 252 543 257 153 541 767 546
1 5 34 145 548 263 154 488 768 550
1 5 39 147 490 150 267 552 769 555
1 5 94 253 542 148 268 556 770 553
1 5 134 254 547 260 269 558 771 562
1 5 97 149 551 265 270 554 772 565
1 5 43 283 567 156 164 568 773 493
1 5 99 284 571 288 165 569 774 574
1 5 45 157 576 292 166 494 775 577
1 5 50 159 496 162 294 579 776 582
1 5 100 285 570 160 295 583 777 580
1 5 135 286 575 291 296 585 778 589
1 5 103 161 578 293 297 581 779 592
1 5 35 271 559 168 176 573 780 499
1 5 98 272 563 277 177 594 781 598
1 5 38 169 566 281 178 500 782 601
1 5 53 171 502 174 309 591 783 605
1 5 102 290 595 172 307 588 784 603
1 5 136 310 599 313 319 607 785 611
1 5 107 173 602 317 320 604 786 614
1 5 59 332 616 180 188 617 787 505
1 5 109 334 621 342 189 619 788 624
1 5 32 181 626 255 190 506 789 544
1 5 40 183 508 186 273 628 790 557
1 5 110 335 620 184 347 631 791 629
1 5 137 337 625 345 348 633 792 637
1 5 95 185 627 258 274 630 793 560
1 5 61 341 641 192 200 623 794 511
1 5 114 361 645 367 201 643 795 648
1 5 69 193 650 374 202 512 796 652
1 5 41 195 514 198 278 639 797 656
1 5 112 344 644 196 358 636 798 654
1 5 138 363 649 370 381 659 799 663
1 5 117 197 653 376 382 655 800 666
1 5 75 394 668 204 212 669 801 517
1 5 119 396 673 403 213 671 802 676
1 5 44 205 678 287 214 518 803 572
1 5 51 207 520 210 301 680 804 584
1 5 120 397 672 208 411 684 805 681
1 5 139 399 677 406 412 686 806 690
1 5 101 209 679 289 302 682 807 587
1 5 62 349 634 216 224 675 808 523
1 5 113 351 638 356 225 695 809 699
1 5 36 217 640 275 226 524 810 596
1 5 52 219 526 222 306 692 811 606
1 5 122 405 696 220 422 689 812 703
1 5 140 425 700 429 435 707 813 711
1 5 105 221 702 311 323 704 814 609
1 5 85 445 715 228 236 716 815 529
1 5 127 447 720 454 237 718 816 722
1 5 46 229 724 298 238 530 817 586
1 5 49 231 532 234 308 726 818 593
1 5 128 448 719 232 457 729 819 727
1 5 141 450 723 456 458 731 820 734
1 5 104 233 725 300 305 728 821 590
1 5 87 459 732 240 248 737 822 535
1 5 130 461 735 465 249 739 823 742
1 5 48 241 736 304 250 536 824 608
1 5 56 243 538 246 330 745 825 615
1 5 131 466 740 244 476 749 826 746
1 5 142 468 743 472 477 751 827 754
1 5 108 245 744 322 326 747 828 612
1 5 143 31 144 485 486 152 487 757
1 5 485 144 93 145 757 487 153 488
1 5 146 485 145 34 489 757 488 154
1 5 151 486 757 489 39 147 490 150
1 5 486 152 487 757 147 94 148 490
1 5 757 487 153 488 490 148 134 149
1 5 489 757 488 154 150 490 149 97
1 5 155 43 156 491 492 164 493 758
1 5 491 156 99 157 758 493 165 494
1 5 158 491 157 45 495 758 494 166
1 5 163 492 758 495 50 159 496 162
1 5 492 164 493 758 159 100 160 496
1 5 758 493 165 494 496 160 135 161
1 5 495 758 494 166 162 496 161 103
1 5 167 35 168 497 498 176 499 759
1 5 497 168 98 169 759 499 177 500
1 5 170 497 169 38 501 759 500 178
1 5 175 498 759 501 53 171 502 174
1 5 498 176 499 759 171 102 172 502
1 5 759 499 177 500 502 172 136 173
1 5 501 759 500 178 174 502 173 107
1 5 179 59 180 503 504 188 505 760
1 5 503 180 109 181 760 505 189 506
1 5 182 503 181 32 507 760 506 190
1 5 187 504 760 507 40 183 508 186
1 5 504 188 505 760 183 110 184 508
1 5 760 505 189 506 508 184 137 185
1 5 507 760 506 190 186 508 185 95
1 5 191 61 192 509 510 200 511 761
1 5 509 192 114 193 761 511 201 512
1 5 194 509 193 69 513 761 512 202
1 5 199 510 761 513 41 195 514 198
1 5 510 200 511 761 195 112 196 514
1 5 761 511 201 512 514 196 138 197
1 5 513 761 512 202 198 514 197 117
1 5 203 75 204 515 516 212 517 762
1 5 515 204 119 205 762 517 213 518
1 5 206 515 205 44 519 762 518 214
1 5 211 516 762 519 51 207 520 210
1 5 516 212 517 762 207 120 208 520
1 5 762 517 213 518 520 208 139 209
1 5 519 762 518 214 210 520 209 101
1 5 215 62 216 521 522 224 523 763
1 5 521 216 113 217 763 523 225 524
1 5 218 521 217 36 525 763 524 226
1 5 223 522 763 525 52 219 526 222
1 5 522 224 523 763 219 122 220 526
1 5 763 523 225 524 526 220 140 221
1 5 525 763 524 226 222 526 221 105
1 5 227 85 228 527 528 236 529 764
1 5 527 228 127 229 764 529 237 530
1 5 230 527 229 46 531 764 530 238
1 5 235 528 764 531 49 231 532 234
1 5 528 236 529 764 231 128 232 532
1 5 764 529 237 530 532 232 141 233
1 5 531 764 530 238 234 532 233 104
1 5 239 87 240 533 534 248 535 765
1 5 533 240 130 241 765 535 249 536
1 5 242 533 241 48 537 765 536 250
1 5 247 534 765 537 56 243 538 246
1 5 534 248 535 765 243 131 244 538
1 5 765 535 249 536 538 244 142 245
1 5 537 765 536 250 246 538 245 108
1 5 251 7 182 539 540 187 507 766
1 5 539 182 32 252 766 507 190 541
1 5 144 539 252 93 487 766 541 153
1 5 152 540 766 487 94 253 542 148
1 5 540 187 507 766 253 40 186 542
1 5 766 507 190 541 542 186 95 254
1 5 487 766 541 153 148 542 254 134
1 5 252 32 255 543 541 190 544 767
1 5 543 255 8 256 767 544 199 545
1 5 257 543 256 33 546 767 545 261
1 5 153 541 767 546 134 254 547 260
1 5 541 190 544 767 254 95 258 547
1 5 767 544 199 545 547 258 41 259
1 5 546 767 545 261 260 547 259 96
1 5 145 93 257 548 488 153 546 768
1 5 548 257 33 262 768 546 261 549
1 5 263 548 262 20 550 768 549 266
1 5 154 488 768 550 97 149 551 265
1 5 488 153 546 768 149 134 260 551
1 5 768 546 261 549 551 260 96 264
1 5 550 768 549 266 265 551 264 42
1 5 147 94 148 490 552 268 553 769
1 5 490 148 134 149 769 553 269 554
1 5 150 490 149 97 555 769 554 270
1 5 267 552 769 555 21 167 497 170
1 5 552 268 553 769 167 35 168 497
1 5 769 553 269 554 497 168 98 169
1 5 555 769 554 270 170 497 169 38
1 5 253 40 186 542 556 273 557 770
1 5 542 186 95 254 770 557 274 558
1 5 148 542 254 134 553 770 558 269
1 5 268 556 770 553 35 271 559 168
1 5 556 273 557 770 271 10 218 559
1 5 770 557 274 558 559 218 36 272
1 5 553 770 558 269 168 559 272 98
1 5 254 95 258 547 558 274 560 771
1 5 547 258 41 259 771 560 278 561
1 5 260 547 259 96 562 771 561 279
1 5 269 558 771 562 98 272 563 277
1 5 558 274 560 771 272 36 275 563
1 5 771 560 278 561 563 275 11 276
1 5 562 771 561 279 277 563 276 37
1 5 149 134 260 551 554 269 562 772
1 5 551 260 96 264 772 562 279 564
1 5 265 551 264 42 565 772 564 282
1 5 270 554 772 565 38 169 566 281
1 5 554 269 562 772 169 98 277 566
1 5 772 562 279 564 566 277 37 280
1 5 565 772 564 282 281 566 280 22
1 5 283 3 206 567 568 211 519 773
1 5 567 206 44 284 773 519 214 569
1 5 156 567 284 99 493 773 569 165
1 5 164 568 773 493 100 285 570 160
1 5 568 211 519 773 285 51 210 570
1 5 773 519 214 569 570 210 101 286
1 5 493 773 569 165 160 570 286 135
1 5 284 44 287 571 569 214 572 774
1 5 571 287 10 271 774 572 223 573
1 5 288 571 271 35 574 774 573 176
1 5 165 569 774 574 135 286 575 291
1 5 569 214 572 774 286 101 289 575
1 5 774 572 223 573 575 289 52 290
1 5 574 774 573 176 291 575 290 102
1 5 157 99 288 576 494 165 574 775
1 5 576 288 35 167 775 574 176 498
1 5 292 576 167 21 577 775 498 175
1 5 166 494 775 577 103 161 578 293
1 5 494 165 574 775 161 135 291 578
1 5 775 574 176 498 578 291 102 171
1 5 577 775 498 175 293 578 171 53
1 5 159 100 160 496 579 295 580 776
1 5 496 160 135 161 776 580 296 581
1 5 162 496 161 103 582 776 581 297
1 5 294 579 776 582 1 230 531 235
1 5 579 295 580 776 230 46 238 531
1 5 776 580 296 581 531 238 104 234
1 5 582 776 581 297 235 531 234 49
1 5 285 51 210 570 583 301 584 777
1 5 570 210 101 286 777 584 302 585
1 5 160 570 286 135 580 777 585 296
1 5 295 583 777 580 46 298 586 238
1 5 583 301 584 777 298 0 299 586
1 5 777 584 302 585 586 299 47 300
1 5 580 777 585 296 238 586 300 104
1 5 286 101 289 575 585 302 587 778
1 5 575 289 52 290 778 587 306 588
1 5 291 575 290 102 589 778 588 307
1 5 296 585 778 589 104 300 590 305
1 5 585 302 587 778 300 47 303 590
1 5 778 587 306 588 590 303 4 304
1 5 589 778 588 307 305 590 304 48
1 5 161 135 291 578 581 296 589 779
1 5 578 291 102 171 779 589 307 591
1 5 293 578 171 53 592 779 591 309
1 5 297 581 779 592 49 234 593 308
1 5 581 296 589 779 234 104 305 593
1 5 779 589 307 591 593 305 48 242
1 5 592 779 591 309 308 593 242 13
1 5 271 10 218 559 573 223 525 780
1 5 559 218 36 272 780 525 226 594
1 5 168 559 272 98 499 780 594 177
1 5 176 573 780 499 102 290 595 172
1 5 573 223 525 780 290 52 222 595
1 5 780 525 226 594 595 222 105 310
1 5 499 780 594 177 172 595 310 136
1 5 272 36 275 563 594 226 596 781
1 5 563 275 11 276 781 596 314 597
1 5 277 563 276 37 598 781 597 315
1 5 177 594 781 598 136 310 599 313
1 5 594 226 596 781 310 105 311 599
1 5 781 596 314 597 599 311 57 312
1 5 598 781 597 315 313 599 312 106
1 5 169 98 277 566 500 177 598 782
1 5 566 277 37 280 782 598 315 600
1 5 281 566 280 22 601 782 600 318
1 5 178 500 782 601 107 173 602 317
1 5 500 177 598 782 173 136 313 602
1 5 782 598 315 600 602 313 106 316
1 5 601 782 600 318 317 602 316 58
1 5 171 102 172 502 591 307 603 783
1 5 502 172 136 173 783 603 319 604
1 5 174 502 173 107 605 783 604 320
1 5 309 591 783 605 13 242 537 247
1 5 591 307 603 783 242 48 250 537
1 5 783 603 319 604 537 250 108 246
1 5 605 783 604 320 247 537 246 56
1 5 290 52 222 595 588 306 606 784
1 5 595 222 105 310 784 606 323 607
1 5 172 595 310 136 603 784 607 319
1 5 307 588 784 603 48 304 608 250
1 5 588 306 606 784 304 4 321 608
1 5 784 606 323 607 608 321 54 322
1 5 603 784 607 319 250 608 322 108
1 5 310 105 311 599 607 323 609 785
1 5 599 311 57 312 785 609 327 610
1 5 313 599 312 106 611 785 610 328
1 5 319 607 785 611 108 322 612 326
1 5 607 323 609 785 322 54 324 612
1 5 785 609 327 610 612 324 5 325
1 5 611 785 610 328 326 612 325 55
1 5 173 136 313 602 604 319 611 786
1 5 602 313 106 316 786 611 328 613
1 5 317 602 316 58 614 786 613 331
1 5 320 604 786 614 56 246 615 330
1 5 604 319 611 786 246 108 326 615
1 5 786 611 328 613 615 326 55 329
1 5 614 786 613 331 330 615 329 14
1 5 332 23 333 616 617 338 618 787
1 5 616 333 60 334 787 618 339 619
1 5 180 616 334 109 505 787 619 189
1 5 188 617 787 505 110 335 620 184
1 5 617 338 618 787 335 65 336 620
1 5 787 618 339 619 620 336 111 337
1 5 505 787 619 189 184 620 337 137
1 5 334 60 340 621 619 339 622 788
1 5 621 340 24 341 788 622 346 623
1 5 342 621 341 61 624 788 623 200
1 5 189 619 788 624 137 337 625 345
1 5 619 339 622 788 337 111 343 625
1 5 788 622 346 623 625 343 66 344
1 5 624 788 623 200 345 625 344 112
1 5 181 109 342 626 506 189 624 789
1 5 626 342 61 191 789 624 200 510
1 5 255 626 191 8 544 789 510 199
1 5 190 506 789 544 95 185 627 258
1 5 506 189 624 789 185 137 345 627
1 5 789 624 200 510 627 345 112 195
1 5 544 789 510 199 258 627 195 41
1 5 183 110 184 508 628 347 629 790
1 5 508 184 137 185 790 629 348 630
1 5 186 508 185 95 557 790 630 274
1 5 273 628 790 557 10 215 521 218
1 5 628 347 629 790 215 62 216 521
1 5 790 629 348 630 521 216 113 217
1 5 557 790 630 274 218 521 217 36
1 5 335 65 336 620 631 352 632 791
1 5 620 336 111 337 791 632 353 633
1 5 184 620 337 137 629 791 633 348
1 5 347 631 791 629 62 349 634 216
1 5 631 352 632 791 349 26 350 634
1 5 791 632 353 633 634 350 63 351
1 5 629 791 633 348 216 634 351 113
1 5 337 111 343 625 633 353 635 792
1 5 625 343 66 344 792 635 357 636
1 5 345 625 344 112 637 792 636 358
1 5 348 633 792 637 113 351 638 356
1 5 633 353 635 792 351 63 354 638
1 5 792 635 357 636 638 354 27 355
1 5 637 792 636 358 356 638 355 64
1 5 185 137 345 627 630 348 637 793
1 5 627 345 112 195 793 637 358 639
1 5 258 627 195 41 560 793 639 278
1 5 274 630 793 560 36 217 640 275
1 5 630 348 637 793 217 113 356 640
1 5 793 637 358 639 640 356 64 359
1 5 560 793 639 278 275 640 359 11
1 5 341 24 360 641 623 346 642 794
1 5 641 360 67 361 794 642 364 643
1 5 192 641 361 114 511 794 643 201
1 5 200 623 794 511 112 344 644 196
1 5 623 346 642 794 344 66 362 644
1 5 794 642 364 643 644 362 115 363
1 5 511 794 643 201 196 644 363 138
1 5 361 67 365 645 643 364 646 795
1 5 645 365 25 366 795 646 371 647
1 5 367 645 366 68 648 795 647 372
1 5 201 643 795 648 138 363 649 370
1 5 643 364 646 795 363 115 368 649
1 5 795 646 371 647 649 368 73 369
1 5 648 795 647 372 370 649 369 116
1 5 193 114 367 650 512 201 648 796
1 5 650 367 68 373 796 648 372 651
1 5 374 650 373 9 652 796 651 377
1 5 202 512 796 652 117 197 653 376
1 5 512 201 648 796 197 138 370 653
1 5 796 648 372 651 653 370 116 375
1 5 652 796 651 377 376 653 375 74
1 5 195 112 196 514 639 358 654 797
1 5 514 196 138 197 797 654 381 655
1 5 198 514 197 117 656 797 655 382
1 5 278 639 797 656 11 359 657 380
1 5 639 358 654 797 359 64 378 657
1 5 797 654 381 655 657 378 118 379
1 5 656 797 655 382 380 657 379 72
1 5 344 66 362 644 636 357 658 798
1 5 644 362 115 363 798 658 385 659
1 5 196 644 363 138 654 798 659 381
1 5 358 636 798 654 64 355 660 378
1 5 636 357 658 798 355 27 383 660
1 5 798 658 385 659 660 383 70 384
1 5 654 798 659 381 378 660 384 118
1 5 363 115 368 649 659 385 661 799
1 5 649 368 73 369 799 661 389 662
1 5 370 649 369 116 663 799 662 390
1 5 381 659 799 663 118 384 664 388
1 5 659 385 661 799 384 70 386 664
1 5 799 661 389 662 664 386 28 387
1 5 663 799 662 390 388 664 387 71
1 5 197 138 370 653 655 381 663 800
1 5 653 370 116 375 800 663 390 665
1 5 376 653 375 74 666 800 665 393
1 5 382 655 800 666 72 379 667 392
1 5 655 381 663 800 379 118 388 667
1 5 800 663 390 665 667 388 71 391
1 5 666 800 665 393 392 667 391 12
1 5 394 15 395 668 669 400 670 801
1 5 668 395 76 396 801 670 401 671
1 5 204 668 396 119 517 801 671 213
1 5 212 669 801 517 120 397 672 208
1 5 669 400 670 801 397 80 398 672
1 5 801 670 401 671 672 398 121 399
1 5 517 801 671 213 208 672 399 139
1 5 396 76 402 673 671 401 674 802
1 5 673 402 26 349 802 674 407 675
1 5 403 673 349 62 676 802 675 224
1 5 213 671 802 676 139 399 677 406
1 5 671 401 674 802 399 121 404 677
1 5 802 674 407 675 677 404 81 405
1 5 676 802 675 224 406 677 405 122
1 5 205 119 403 678 518 213 676 803
1 5 678 403 62 215 803 676 224 522
1 5 287 678 215 10 572 803 522 223
1 5 214 518 803 572 101 209 679 289
1 5 518 213 676 803 209 139 406 679
1 5 803 676 224 522 679 406 122 219
1 5 572 803 522 223 289 679 219 52
1 5 207 120 208 520 680 411 681 804
1 5 520 208 139 209 804 681 412 682
1 5 210 520 209 101 584 804 682 302
1 5 301 680 804 584 0 408 683 299
1 5 680 411 681 804 408 77 409 683
1 5 804 681 412 682 683 409 123 410
1 5 584 804 682 302 299 683 410 47
1 5 397 80 398 672 684 416 685 805
1 5 672 398 121 399 805 685 417 686
1 5 208 672 399 139 681 805 686 412
1 5 411 684 805 681 77 413 687 409
1 5 684 416 685 805 413 2 414 687
1 5 805 685 417 686 687 414 78 415
1 5 681 805 686 412 409 687 415 123
1 5 399 121 404 677 686 417 688 806
1 5 677 404 81 405 806 688 421 689
1 5 406 677 405 122 690 806 689 422
1 5 412 686 806 690 123 415 691 420
1 5 686 417 688 806 415 78 418 691
1 5 806 688 421 689 691 418 16 419
1 5 690 806 689 422 420 691 419 79
1 5 209 139 406 679 682 412 690 807
1 5 679 406 122 219 807 690 422 692
1 5 289 679 219 52 587 807 692 306
1 5 302 682 807 587 47 410 693 303
1 5 682 412 690 807 410 123 420 693
1 5 807 690 422 692 693 420 79 423
1 5 587 807 692 306 303 693 423 4
1 5 349 26 350 634 675 407 694 808
1 5 634 350 63 351 808 694 426 695
1 5 216 634 351 113 523 808 695 225
1 5 224 675 808 523 122 405 696 220
1 5 675 407 694 808 405 81 424 696
1 5 808 694 426 695 696 424 124 425
1 5 523 808 695 225 220 696 425 140
1 5 351 63 354 638 695 426 697 809
1 5 638 354 27 355 809 697 430 698
1 5 356 638 355 64 699 809 698 431
1 5 225 695 809 699 140 425 700 429
1 5 695 426 697 809 425 124 427 700
1 5 809 697 430 698 700 427 84 428
1 5 699 809 698 431 429 700 428 125
1 5 217 113 356 640 524 225 699 810
1 5 640 356 64 359 810 699 431 701
1 5 275 640 359 11 596 810 701 314
1 5 226 524 810 596 105 221 702 311
1 5 524 225 699 810 221 140 429 702
1 5 810 699 431 701 702 429 125 432
1 5 596 810 701 314 311 702 432 57
1 5 219 122 220 526 692 422 703 811
1 5 526 220 140 221 811 703 435 704
1 5 222 526 221 105 606 811 704 323
1 5 306 692 811 606 4 423 705 321
1 5 692 422 703 811 423 79 433 705
1 5 811 703 435 704 705 433 126 434
1 5 606 811 704 323 321 705 434 54
1 5 405 81 424 696 689 421 706 812
1 5 696 424 124 425 812 706 438 707
1 5 220 696 425 140 703 812 707 435
1 5 422 689 812 703 79 419 708 433
1 5 689 421 706 812 419 16 436 708
1 5 812 706 438 707 708 436 82 437
1 5 703 812 707 435 433 708 437 126
1 5 425 124 427 700 707 438 709 813
1 5 700 427 84 428 813 709 442 710
1 5 429 700 428 125 711 813 710 443
1 5 435 707 813 711 126 437 712 441
1 5 707 438 709 813 437 82 439 712
1 5 813 709 442 710 712 439 17 440
1 5 711 813 710 443 441 712 440 83
1 5 221 140 429 702 704 435 711 814
1 5 702 429 125 432 814 711 443 713
1 5 311 702 432 57 609 814 713 327
1 5 323 704 814 609 54 434 714 324
1 5 704 435 711 814 434 126 441 714
1 5 814 711 443 713 714 441 83 444
1 5 609 814 713 327 324 714 444 5
1 5 445 18 446 715 716 451 717 815
1 5 715 446 86 447 815 717 452 718
1 5 228 715 447 127 529 815 718 237
1 5 236 716 815 529 128 448 719 232
1 5 716 451 717 815 448 89 449 719
1 5 815 717 452 718 719 449 129 450
1 5 529 815 718 237 232 719 450 141
1 5 447 86 453 720 718 452 721 816
1 5 720 453 2 413 816 721 414 687
1 5 454 720 413 77 722 816 687 409
1 5 237 718 816 722 141 450 723 456
1 5 718 452 721 816 450 129 455 723
1 5 816 721 414 687 723 455 78 415
1 5 722 816 687 409 456 723 415 123
1 5 229 127 454 724 530 237 722 817
1 5 724 454 77 408 817 722 409 683
1 5 298 724 408 0 586 817 683 299
1 5 238 530 817 586 104 233 725 300
1 5 530 237 722 817 233 141 456 725
1 5 817 722 409 683 725 456 123 410
1 5 586 817 683 299 300 725 410 47
1 5 231 128 232 532 726 457 727 818
1 5 532 232 141 233 818 727 458 728
1 5 234 532 233 104 593 818 728 305
1 5 308 726 818 593 13 239 533 242
1 5 726 457 727 818 239 87 240 533
1 5 818 727 458 728 533 240 130 241
1 5 593 818 728 305 242 533 241 48
1 5 448 89 449 719 729 462 730 819
1 5 719 449 129 450 819 730 463 731
1 5 232 719 450 141 727 819 731 458
1 5 457 729 819 727 87 459 732 240
1 5 729 462 730 819 459 29 460 732
1 5 819 730 463 731 732 460 88 461
1 5 727 819 731 458 240 732 461 130
1 5 450 129 455 723 731 463 733 820
1 5 723 455 78 415 820 733 418 691
1 5 456 723 415 123 734 820 691 420
1 5 458 731 820 734 130 461 735 465
1 5 731 463 733 820 461 88 464 735
1 5 820 733 418 691 735 464 16 419
1 5 734 820 691 420 465 735 419 79
1 5 233 141 456 725 728 458 734 821
1 5 725 456 123 410 821 734 420 693
1 5 300 725 410 47 590 821 693 303
1 5 305 728 821 590 48 241 736 304
1 5 728 458 734 821 241 130 465 736
1 5 821 734 420 693 736 465 79 423
1 5 590 821 693 303 304 736 423 4
1 5 459 29 460 732 737 469 738 822
1 5 732 460 88 461 822 738 470 739
1 5 240 732 461 130 535 822 739 249
1 5 248 737 822 535 131 466 740 244
1 5 737 469 738 822 466 92 467 740
1 5 822 738 470 739 740 467 132 468
1 5 535 822 739 249 244 740 468 142
1 5 461 88 464 735 739 470 741 823
1 5 735 464 16 419 823 741 436 708
1 5 465 735 419 79 742 823 708 433
1 5 249 739 823 742 142 468 743 472
1 5 739 470 741 823 468 132 471 743
1 5 823 741 436 708 743 471 82 437
1 5 742 823 708 433 472 743 437 126
1 5 241 130 465 736 536 249 742 824
1 5 736 465 79 423 824 742 433 705
1 5 304 736 423 4 608 824 705 321
1 5 250 536 824 608 108 245 744 322
1 5 536 249 742 824 245 142 472 744
1 5 824 742 433 705 744 472 126 434
1 5 608 824 705 321 322 744 434 54
1 5 243 131 244 538 745 476 746 825
1 5 538 244 142 245 825 746 477 747
1 5 246 538 245 108 615 825 747 326
1 5 330 745 825 615 14 473 748 329
1 5 745 476 746 825 473 90 474 748
1 5 825 746 477 747 748 474 133 475
1 5 615 825 747 326 329 748 475 55
1 5 466 92 467 740 749 481 750 826
1 5 740 467 132 468 826 750 482 751
1 5 244 740 468 142 746 826 751 477
1 5 476 749 826 746 90 478 752 474
1 5 749 481 750 826 478 30 479 752
1 5 826 750 482 751 752 479 91 480
1 5 746 826 751 477 474 752 480 133
1 5 468 132 471 743 751 482 753 827
1 5 743 471 82 437 827 753 439 712
1 5 472 743 437 126 754 827 712 441
1 5 477 751 827 754 133 480 755 484
1 5 751 482 753 827 480 91 483 755
1 5 827 753 439 712 755 483 17 440
1 5 754 827 712 441 484 755 440 83
1 5 245 142 472 744 747 477 754 828
1 5 744 472 126 434 828 754 441 714
1 5 322 744 434 54 612 828 714 324
1 5 326 747 828 612 55 475 756 325
1 5 747 477 754 828 475 133 484 756
1 5 828 754 441 714 756 484 83 444
1 5 612 828 714 324 325 756 444 5

boundary
448
1 3 6 155 492 163
1 3 3 203 516 211
1 3 0 408 724 298
1 3 43 283 568 164
1 3 100 285 583 295
1 3 50 159 579 294
1 3 75 394 669 212
1 3 120 397 684 411
1 3 51 207 680 301
1 3 77 413 720 454
1 3 127 447 715 228
1 3 46 229 527 230
1 3 155 43 164 492
1 3 492 164 100 159
1 3 163 492 159 50
1 3 203 75 212 516
1 3 516 212 120 207
1 3 211 516 207 51
1 3 408 77 454 724
1 3 724 454 127 229
1 3 298 724 229 46
1 3 283 3 211 568
1 3 568 211 51 285
1 3 164 568 285 100
1 3 285 51 301 583
1 3 583 301 0 298
1 3 295 583 298 46
1 3 159 100 295 579
1 3 579 295 46 230
1 3 294 579 230 1
1 3 394 15 400 669
1 3 669 400 80 397
1 3 212 669 397 120
1 3 397 80 416 684
1 3 684 416 2 413
1 3 411 684 413 77
1 3 207 120 411 680
1 3 680 411 77 408
1 3 301 680 408 0
1 3 413 2 453 720
1 3 720 453 86 447
1 3 454 720 447 127
1 3 447 86 446 715
1 3 715 446 18 445
1 3 228 715 445 85
1 3 229 127 228 527
1 3 527 228 85 227
1 3 230 527 227 1
55 3 146 485 143 19
55 3 251 7 187 540
55 3 158 491 155 6
55 3 146 19 151 489
55 3 8 256 545 199
55 3 194 8 199 513
55 3 158 6 163 495
55 3 170 21 175 501
55 3 11 276 597 314
55 3 182 503 179 7
55 3 194 509 191 8
55 3 332 23 338 617
55 3 206 515 203 3
55 3 23 333 618 338
55 3 24 360 642 346
55 3 25 366 647 371
55 3 11 359 657 380
55 3 15 395 670 400
55 3 26 350 694 407
55 3 27 355 698 430
55 3 445 18 451 716
55 3 18 446 717 451
55 3 459 29 469 737
55 3 29 460 738 469
55 3 14 473 748 329
55 3 144 539 251 31
55 3 257 543 252 93
55 3 263 548 145 34
55 3 143 31 152 486
55 3 147 94 268 552
55 3 253 40 273 556
55 3 156 567 283 43
55 3 288 571 284 99
55 3 292 576 157 45
55 3 263 34 154 550
55 3 265 97 270 565
55 3 150 39 267 555
55 3 33 262 549 261
55 3 96 264 564 279
55 3 41 259 561 278
55 3 374 69 202 652
55 3 376 117 382 666
55 3 198 41 278 656
55 3 37 280 600 315
55 3 106 316 613 328
55 3 57 312 610 327
55 3 239 87 248 534
55 3 243 131 476 745
55 3 466 92 481 749
55 3 292 45 166 577
55 3 293 103 297 592
55 3 162 50 294 582
55 3 281 38 178 601
55 3 317 107 320 614
55 3 174 53 309 605
55 3 180 616 332 59
55 3 342 621 334 109
55 3 255 626 181 32
55 3 192 641 341 61
55 3 367 645 361 114
55 3 374 650 193 69
55 3 67 365 646 364
55 3 115 368 661 385
55 3 66 362 658 357
55 3 179 59 188 504
55 3 183 110 347 628
55 3 335 65 352 631
55 3 204 668 394 75
55 3 403 673 396 119
55 3 287 678 205 44
55 3 60 340 622 339
55 3 111 343 635 353
55 3 65 336 632 352
55 3 68 373 651 372
55 3 116 375 665 390
55 3 73 369 662 389
55 3 63 354 697 426
55 3 124 427 709 438
55 3 81 424 706 421
55 3 64 355 660 378
55 3 118 384 664 388
55 3 72 379 667 392
55 3 64 359 701 431
55 3 125 432 713 443
55 3 84 428 710 442
55 3 90 478 752 474
55 3 133 480 755 484
55 3 55 475 756 325
55 3 76 402 674 401
55 3 121 404 688 417
55 3 80 398 685 416
55 3 227 85 236 528
55 3 231 128 457 726
55 3 448 89 462 729
55 3 86 453 721 452
55 3 129 455 733 463
55 3 89 449 730 462
55 3 88 464 741 470
55 3 132 471 753 482
55 3 92 467 750 481
55 3 485 144 31 143
55 3 145 93 144 485
55 3 34 145 485 146
55 3 31 251 540 152
55 3 152 540 253 94
55 3 540 187 40 253
55 3 491 156 43 155
55 3 157 99 156 491
55 3 45 157 491 158
55 3 539 182 7 251
55 3 252 32 182 539
55 3 93 252 539 144
55 3 543 255 32 252
55 3 256 8 255 543
55 3 33 256 543 257
55 3 548 257 93 145
55 3 262 33 257 548
55 3 20 262 548 263
55 3 19 143 486 151
55 3 151 486 147 39
55 3 486 152 94 147
55 3 39 147 552 267
55 3 267 552 167 21
55 3 552 268 35 167
55 3 94 253 556 268
55 3 268 556 271 35
55 3 556 273 10 271
55 3 567 206 3 283
55 3 284 44 206 567
55 3 99 284 567 156
55 3 571 287 44 284
55 3 271 10 287 571
55 3 35 271 571 288
55 3 576 288 99 157
55 3 167 35 288 576
55 3 21 167 576 292
55 3 34 146 489 154
55 3 154 489 150 97
55 3 489 151 39 150
55 3 20 263 550 266
55 3 266 550 265 42
55 3 550 154 97 265
55 3 42 265 565 282
55 3 282 565 281 22
55 3 565 270 38 281
55 3 97 150 555 270
55 3 270 555 170 38
55 3 555 267 21 170
55 3 256 33 261 545
55 3 545 261 96 259
55 3 199 545 259 41
55 3 69 194 513 202
55 3 202 513 198 117
55 3 513 199 41 198
55 3 276 37 315 597
55 3 597 315 106 312
55 3 314 597 312 57
55 3 87 459 737 248
55 3 248 737 466 131
55 3 737 469 92 466
55 3 262 20 266 549
55 3 549 266 42 264
55 3 261 549 264 96
55 3 264 42 282 564
55 3 564 282 22 280
55 3 279 564 280 37
55 3 259 96 279 561
55 3 561 279 37 276
55 3 278 561 276 11
55 3 9 374 652 377
55 3 377 652 376 74
55 3 652 202 117 376
55 3 74 376 666 393
55 3 393 666 392 12
55 3 666 382 72 392
55 3 117 198 656 382
55 3 382 656 380 72
55 3 656 278 11 380
55 3 280 22 318 600
55 3 600 318 58 316
55 3 315 600 316 106
55 3 316 58 331 613
55 3 613 331 14 329
55 3 328 613 329 55
55 3 312 106 328 610
55 3 610 328 55 325
55 3 327 610 325 5
55 3 13 239 534 247
55 3 247 534 243 56
55 3 534 248 131 243
55 3 56 243 745 330
55 3 330 745 473 14
55 3 745 476 90 473
55 3 131 466 749 476
55 3 476 749 478 90
55 3 749 481 30 478
55 3 45 158 495 166
55 3 166 495 162 103
55 3 495 163 50 162
55 3 38 170 501 178
55 3 178 501 174 107
55 3 501 175 53 174
55 3 21 292 577 175
55 3 175 577 293 53
55 3 577 166 103 293
55 3 53 293 592 309
55 3 309 592 308 13
55 3 592 297 49 308
55 3 103 162 582 297
55 3 297 582 235 49
55 3 582 294 1 235
55 3 22 281 601 318
55 3 318 601 317 58
55 3 601 178 107 317
55 3 58 317 614 331
55 3 331 614 330 14
55 3 614 320 56 330
55 3 107 174 605 320
55 3 320 605 247 56
55 3 605 309 13 247
55 3 503 180 59 179
55 3 181 109 180 503
55 3 32 181 503 182
55 3 616 333 23 332
55 3 334 60 333 616
55 3 109 334 616 180
55 3 621 340 60 334
55 3 341 24 340 621
55 3 61 341 621 342
55 3 626 342 109 181
55 3 191 61 342 626
55 3 8 191 626 255
55 3 509 192 61 191
55 3 193 114 192 509
55 3 69 193 509 194
55 3 360 67 364 642
55 3 642 364 115 362
55 3 346 642 362 66
55 3 641 360 24 341
55 3 361 67 360 641
55 3 114 361 641 192
55 3 645 365 67 361
55 3 366 25 365 645
55 3 68 366 645 367
55 3 650 367 114 193
55 3 373 68 367 650
55 3 9 373 650 374
55 3 365 25 371 646
55 3 646 371 73 368
55 3 364 646 368 115
55 3 368 73 389 661
55 3 661 389 28 386
55 3 385 661 386 70
55 3 362 115 385 658
55 3 658 385 70 383
55 3 357 658 383 27
55 3 59 332 617 188
55 3 188 617 335 110
55 3 617 338 65 335
55 3 515 204 75 203
55 3 205 119 204 515
55 3 44 205 515 206
55 3 7 179 504 187
55 3 187 504 183 40
55 3 504 188 110 183
55 3 40 183 628 273
55 3 273 628 215 10
55 3 628 347 62 215
55 3 110 335 631 347
55 3 347 631 349 62
55 3 631 352 26 349
55 3 668 395 15 394
55 3 396 76 395 668
55 3 119 396 668 204
55 3 673 402 76 396
55 3 349 26 402 673
55 3 62 349 673 403
55 3 678 403 119 205
55 3 215 62 403 678
55 3 10 215 678 287
55 3 333 60 339 618
55 3 618 339 111 336
55 3 338 618 336 65
55 3 366 68 372 647
55 3 647 372 116 369
55 3 371 647 369 73
55 3 350 63 426 694
55 3 694 426 124 424
55 3 407 694 424 81
55 3 340 24 346 622
55 3 622 346 66 343
55 3 339 622 343 111
55 3 343 66 357 635
55 3 635 357 27 354
55 3 353 635 354 63
55 3 336 111 353 632
55 3 632 353 63 350
55 3 352 632 350 26
55 3 373 9 377 651
55 3 651 377 74 375
55 3 372 651 375 116
55 3 375 74 393 665
55 3 665 393 12 391
55 3 390 665 391 71
55 3 369 116 390 662
55 3 662 390 71 387
55 3 389 662 387 28
55 3 354 27 430 697
55 3 697 430 84 427
55 3 426 697 427 124
55 3 427 84 442 709
55 3 709 442 17 439
55 3 438 709 439 82
55 3 424 124 438 706
55 3 706 438 82 436
55 3 421 706 436 16
55 3 359 64 378 657
55 3 657 378 118 379
55 3 380 657 379 72
55 3 355 64 431 698
55 3 698 431 125 428
55 3 430 698 428 84
55 3 473 90 474 748
55 3 748 474 133 475
55 3 329 748 475 55
55 3 355 27 383 660
55 3 660 383 70 384
55 3 378 660 384 118
55 3 384 70 386 664
55 3 664 386 28 387
55 3 388 664 387 71
55 3 379 118 388 667
55 3 667 388 71 391
55 3 392 667 391 12
55 3 359 11 314 701
55 3 701 314 57 432
55 3 431 701 432 125
55 3 432 57 327 713
55 3 713 327 5 444
55 3 443 713 444 83
55 3 428 125 443 710
55 3 710 443 83 440
55 3 442 710 440 17
55 3 478 30 479 752
55 3 752 479 91 480
55 3 474 752 480 133
55 3 480 91 483 755
55 3 755 483 17 440
55 3 484 755 440 83
55 3 475 133 484 756
55 3 756 484 83 444
55 3 325 756 444 5
55 3 395 76 401 670
55 3 670 401 121 398
55 3 400 670 398 80
55 3 85 445 716 236
55 3 236 716 448 128
55 3 716 451 89 448
55 3 446 86 452 717
55 3 717 452 129 449
55 3 451 717 449 89
55 3 402 26 407 674
55 3 674 407 81 404
55 3 401 674 404 121
55 3 404 81 421 688
55 3 688 421 16 418
55 3 417 688 418 78
55 3 398 121 417 685
55 3 685 417 78 414
55 3 416 685 414 2
55 3 1 227 528 235
55 3 235 528 231 49
55 3 528 236 128 231
55 3 49 231 726 308
55 3 308 726 239 13
55 3 726 457 87 239
55 3 128 448 729 457
55 3 457 729 459 87
55 3 729 462 29 459
55 3 453 2 414 721
55 3 721 414 78 455
55 3 452 721 455 129
55 3 455 78 418 733
55 3 733 418 16 464
55 3 463 733 464 88
55 3 449 129 463 730
55 3 730 463 88 460
55 3 462 730 460 29
55 3 460 88 470 738
55 3 738 470 132 467
55 3 469 738 467 92
55 3 464 16 436 741
55 3 741 436 82 471
55 3 470 741 471 132
55 3 471 82 439 753
55 3 753 439 17 483
55 3 482 753 483 91
55 3 467 132 482 750
55 3 750 482 91 479
55 3 481 750 479 30

vertices
829

nodes
FiniteElementSpace
FiniteElementCollection: H1_3D_P2
VDim: 3
Ordering: 0

0.57680281
0.30998466
0.59718411
0.67220951
0.50295308
0.42586599
0.37298049
0.59296204
0.48293061
0.37107077
0.56955658
0.46850803
0.36407998
0.26568513
0.22229806
0.80820096
0.46713824
0.34802459
0.35742227
0.3224644
0.25605782
0.30721416
0.2473562
0.66119981
0.45397621
0.28596008
0.60844596
0.42529438
0.27585809
0.27788281
0.20621024
0.45771322
0.53794633
0.36949421
0.28926111
0.43838537
0.5190323
0.35793211
0.27728518
0.31483928
0.58125931
0.47571932
0.25170701
0.522595
0.62088304
0.34009732
0.44339373
0.53987794
0.3843191
0.28783489
0.34148257
0.62450616
0.53625483
0.28644964
0.46440953
0.32408202
0.24399159
0.44718701
0.23482713
0.62708092
0.55758801
0.46845341
0.58900127
0.51687017
0.4469012
0.63482288
0.43963529
0.36996814
0.32851542
0.42700069
0.35057624
0.31996904
0.416294
0.28090909
0.36757538
0.74020524
0.70832346
0.58699346
0.53216118
0.48504566
0.70269254
0.5377921
0.40758141
0.38694529
0.38665948
0.33370346
0.47730319
0.27178397
0.37251052
0.31765254
0.21425415
0.27711741
0.24204652
0.41360372
0.44804929
0.52848931
0.36371316
0.28327314
0.39815874
0.48049018
0.48299437
0.58038049
0.41135223
0.31396611
0.41385642
0.49172092
0.34100707
0.26063839
0.35420056
0.54776717
0.6080411
0.53722909
0.45767731
0.51795124
0.39848442
0.36027219
0.32424223
0.42164735
0.38343512
0.66460325
0.66359935
0.62024232
0.53702346
0.53601956
0.46222579
0.41692324
0.43599547
0.46034846
0.30274372
0.42490686
0.37841481
0.24301906
0.32481397
0.30059972
0.40588123
0.4471733
0.37617965
0.5328592
0.39095977
0.60031141
0.47697335
0.41938164
0.33950727
0.39008881
0.43565847
0.35143241
0.30586276
0.38144429
0.42696526
0.34457719
0.29905621
0.31865184
0.45288126
0.40974247
0.28626713
0.44778774
0.50154259
0.41029375
0.3565389
0.41223847
0.46508383
0.3805697
0.32772434
0.35723153
0.50279468
0.46383174
0.32703171
0.37279976
0.41827205
0.33772196
0.29224967
0.34890094
0.39376594
0.31840902
0.27354401
0.2968319
0.4248688
0.38716919
0.26896178
0.61002148
0.58742405
0.54285675
0.56545418
0.5946502
0.57045015
0.53067426
0.55487431
0.58711068
0.61756101
0.54031318
0.53321782
0.47569201
0.43346891
0.41274255
0.45496565
0.46669831
0.42431854
0.40630356
0.44868333
0.47932497
0.46306536
0.39472209
0.42432402
0.70620738
0.70240425
0.64274315
0.64654628
0.64405275
0.63195538
0.59034595
0.60244333
0.64835784
0.70190229
0.63245733
0.60063177
0.57927892
0.55347625
0.51849177
0.54429444
0.53663914
0.50699841
0.48434714
0.51398787
0.5529057
0.56301237
0.49746229
0.50537661
0.32184406
0.39702596
0.4518711
0.3766892
0.2952893
0.36106268
0.41661903
0.35084566
0.29890978
0.31822359
0.43986505
0.42862508
0.26873455
0.32509939
0.38136696
0.32500211
0.24350533
0.29126316
0.34685391
0.29909608
0.25483836
0.25740151
0.35896104
0.36925983
0.52533763
0.47577502
0.5146543
0.46718527
0.51043847
0.42621241
0.39154897
0.50210432
0.41971624
0.3847972
0.36660369
0.31277602
0.27265946
0.30771008
0.26749008
0.25388241
0.31102672
0.44321733
0.40201998
0.28027916
0.50397097
0.45859552
0.57540794
0.52376081
0.49377016
0.41322007
0.37804542
0.47211367
0.36082264
0.30264415
0.26232069
0.2495316
0.59740226
0.55068661
0.55375026
0.5137769
0.59521981
0.45943777
0.55831766
0.47380353
0.42926277
0.32365574
0.30020787
0.32573362
0.46319405
0.43051486
0.3009005
0.51009827
0.55834037
0.47686718
0.60065448
0.56012922
0.52141551
0.44363609
0.39908776
0.51960395
0.39783567
0.27676001
0.27606738
0.43395028
0.46945396
0.39409704
0.35859336
0.45784752
0.34946959
0.2879171
0.24773276
0.24109166
0.36519011
0.25231499
0.4836813
0.40930505
0.47806522
0.44513776
0.374974
0.33914129
0.4365265
0.33254455
0.27319004
0.23314483
0.2285626
0.64414037
0.60939391
0.55267759
0.62143199
0.58602599
0.53504414
0.64801134
0.54740855
0.50578211
0.46121481
0.50811029
0.48843219
0.4486563
0.49526825
0.44680575
0.59852118
0.52540522
0.59872361
0.56265806
0.5174107
0.62163442
0.52704963
0.47108227
0.43609779
0.48242622
0.43246484
0.45228925
0.45770461
0.41197217
0.38422628
0.39995374
0.37561598
0.36512017
0.32796411
0.30723775
0.36349992
0.32059064
0.30257566
0.357601
0.28343458
0.32637883
0.3497931
0.39903573
0.3459088
0.39461136
0.36932308
0.41516816
0.39986456
0.44240102
0.38719744
0.41897068
0.38793531
0.36700568
0.35542421
0.31321717
0.29791357
0.35170208
0.27838359
0.32210564
0.34202451
0.39018699
0.36582768
0.7742031
0.75826221
0.68646336
0.68314594
0.66146743
0.61027686
0.75544675
0.66428289
0.65838471
0.62680226
0.57901721
0.53740778
0.56866743
0.57311903
0.58189813
0.56150651
0.53794875
0.6252964
0.56816548
0.59208879
0.56467264
0.53409037
0.64993833
0.57620175
0.49964971
0.47609195
0.51053261
0.50246517
0.51103456
0.49399937
0.50000894
0.46959957
0.48954798
0.42444264
0.40179136
0.4469483
0.40597693
0.43191222
0.43205513
0.46052056
0.4502025
0.45648441
0.43735982
0.42178844
0.4349036
0.377803
0.36748494
0.41147038
0.36734203
0.40193426
0.40640564
0.34556287
0.41736273
0.46882583
0.31019813
0.3712797
0.42214425
0.3375374
0.45110502
0.53724365
0.52367096
0.47853402
0.4777006
0.28726384
0.39889822
0.27483339
0.32519667
0.37546267
0.29776767
0.39870869
0.41982438
0.43173023
0.24253279
0.28343024
0.33216062
0.25996467
0.34866224
0.36619769
0.38775137
0.21827611
0.25742693
0.31234087
0.2286366
0.32005349
0.21023219
0.24166382
0.28885856
0.22412838
0.30096569
0.312571
0.3437725
0.37076061
0.38576655
0.43131187
0.3480048
0.30245948
0.36301074
0.42904075
0.43001311
0.48331321
0.39543173
0.34213162
0.39640409
0.35526086
0.36085035
0.406019
0.32806549
0.28289684
0.33365498
0.57643911
0.60233584
0.5789371
0.5367655
0.56016425
0.56266223
0.44421728
0.47119516
0.42889373
0.40952306
0.45182449
0.43650094
0.67447526
0.67513007
0.66717981
0.61654455
0.6244948
0.61719935
0.54888535
0.55795903
0.53023733
0.50141945
0.52914116
0.51049314
0.38685758
0.30856668
0.37904432
0.43424506
0.36376743
0.35595417
0.32505075
0.25611994
0.30818128
0.36411044
0.3120491
0.29517962
0.50055633
0.51999597
0.47148015
0.49091979
0.45099372
0.50627139
0.42296433
0.38817308
0.44345076
0.33210422
0.31024305
0.27007477
0.32614364
0.37712202
0.42261866
0.34114957
0.29565294
0.50931264
0.54958438
0.4628904
0.48128325
0.49793724
0.41646815
0.38142131
0.43590779
0.30517712
0.26490538
0.32018306
0.57404444
0.57557626
0.53223176
0.53376358
0.52732879
0.57676874
0.48888725
0.44435027
0.49379021
0.39154676
0.31193181
0.36473532
0.39446383
0.44685445
0.36570768
0.31331706
0.53192427
0.58039185
0.49532204
0.49348272
0.53986659
0.45871981
0.41417526
0.46025163
0.33695153
0.28848394
0.33792388
0.4462729
0.45387691
0.48161206
0.40365855
0.36831939
0.41402366
0.29528063
0.25502672
0.30316306
0.38151289
0.30875255
0.26419119
0.49883459
0.42162767
0.42647057
0.45729586
0.38453552
0.34886733
0.39213953
0.28055357
0.24043879
0.28614306
0.59840898
0.63278618
0.59770995
0.54386087
0.57823807
0.5069462
0.49710715
0.45493555
0.50168927
0.49185022
0.50927438
0.49868628
0.58696456
0.5619632
0.52458301
0.6100778
0.57434202
0.52622742
0.55806716
0.47975723
0.44237704
0.48884724
0.47675425
0.46220146
0.48809819
0.42272054
0.40596296
0.37992113
0.41213614
0.34573201
0.32427737
0.3049067
0.36055046
0.33909582
0.38126783
0.34785095
0.39682355
0.37610618
0.41974335
0.40308406
0.44554217
0.42878459
0.39394452
0.37131083
0.40155173
0.3169039
0.30024461
0.35465154
0.33245962
0.34396666
0.39239918
0.37094454
0.73033323
0.72867452
0.70986482
0.64837011
0.6467114
0.64259349
0.61870096
0.5680657
0.59773485
0.57384232
0.61101104
0.56349255
0.61297544
0.59673094
0.56414735
0.55992344
0.63761737
0.61307004
0.57218361
0.56308958
0.53933346
0.50674986
0.53960002
0.50509116
0.51531926
0.51597406
0.5313335
0.49350514
0.50350368
0.44776246
0.41894458
0.46468726
0.43569547
0.44487987
0.45820113
0.48375949
0.46727482
0.47210093
0.46868438
0.44569401
0.44894019
0.40112282
0.38463815
0.42920934
0.39463669
0.41923038
0.42830407
0.40719435
0.3278805
0.39432121
0.44548504
0.36617119
0.53045731
0.50788883
0.50068578
0.47811731
0.51688461
0.47728389
0.28201193
0.34308103
0.39899299
0.29251576
0.34823818
0.39880346
0.32514803
0.4491792
0.45471542
0.42577731
0.43768316
0.25868309
0.30431345
0.35381164
0.2873467
0.39301103
0.4097408
0.37697453
0.39852821
0.23089072
0.27434505
0.32959739
0.26530849
0.22638249
0.26254703
0.31050959
0.24954538
0.33938434
0.36576193
0.32817175
0.35937325
0.36688568
0.41272242
0.34445792
0.56955067
0.44035911
0.64583731
0.52968924
0.37140587
0.31011519
0.49573806
0.44722224
0.32912393
0.3591358
0.48610152
0.43967928
0.32316335
0.55390401
0.5105595
0.37814104
0.38008576
0.51362315
0.47702092
0.3513296
0.46758008
0.42496573
0.31167306
0.32285204
0.44017374
0.40308159
0.29465306
0.58832352
0.49939821
0.50398033
0.55577379
0.56815261
0.48430223
0.49339224
0.41742834
0.34241392
0.378687
0.43264276
0.40684394
0.33577772
0.37352536
0.68852232
0.6082179
0.58725179
0.5885614
0.60490049
0.53946674
0.5397333
0.53078542
0.45622486
0.47314966
0.49129704
0.47622194
0.41516608
0.4432526
0.38668277
0.50428731
0.49708425
0.34050246
0.34565961
0.45194731
0.45748353
0.30624737
0.40137592
0.41810569
0.28024405
0.26844604
0.35257314
0.37895073
0.35627661
0.38042471
0.33831169
0.31416358
0.3522092
0.37632611
0.33467258
0.31055566
0.32055812
0.38792768
0.36882314
0.30416112
0.41038412
0.43841425
0.39278983
0.3647597
0.39362232
0.42136776
0.37742702
0.34968158
0.36510601
0.43890043
0.42088158
0.34933526
0.34000696
0.36403031
0.32375526
0.29973191
0.32884112
0.35265413
0.31367738
0.28986437
0.30202303
0.36682505
0.34985939
0.28757325
0.60149176
0.5932303
0.57094665
0.57920811
0.59472326
0.58594326
0.56485746
0.57363746
0.59003636
0.60617866
0.57299489
0.56280922
0.47931131
0.45995465
0.44959147
0.46894813
0.47526006
0.45577714
0.4460918
0.46557473
0.48112779
0.47344359
0.4422882
0.45339507
0.68920844
0.69034132
0.66051077
0.6593779
0.66174395
0.66048369
0.63516605
0.63642632
0.66028368
0.69066872
0.66015628
0.63552054
0.57441775
0.56408213
0.54658989
0.55692551
0.55543237
0.54382414
0.5294152
0.54102343
0.56123114
0.56861898
0.53928729
0.5367178
0.31591436
0.35435082
0.38177339
0.34333693
0.30373823
0.33998628
0.36758665
0.3313386
0.30444722
0.31520537
0.37913173
0.37022831
0.26720984
0.29689265
0.32502643
0.29534362
0.25547915
0.28311756
0.31108214
0.28344373
0.26026174
0.26242724
0.31758297
0.31852561
0.49152543
0.51294698
0.4681074
0.44668585
0.48643861
0.50786701
0.46352496
0.44209656
0.45529724
0.5226668
