MFEM mesh v1.0

#
# MFEM Geometry Types (see mesh/geom.hpp):
#
# POINT       = 0
# SEGMENT     = 1
# TRIANGLE    = 2
# SQUARE      = 3
# TETRAHEDRON = 4
# CUBE        = 5
#

dimension
3

elements
448
1 5 0 127 421 130 135 422 645 425
1 5 4 139 427 142 147 428 646 431
1 5 7 151 433 154 159 434 647 437
1 5 8 163 439 166 171 440 648 443
1 5 13 175 445 178 183 446 649 449
1 5 14 187 451 190 195 452 650 455
1 5 7 151 434 159 203 457 651 460
1 5 29 207 462 128 136 463 652 423
1 5 85 209 467 217 137 465 653 470
1 5 32 129 472 224 138 424 654 474
1 5 37 131 426 134 228 476 655 479
1 5 86 210 466 132 229 480 656 477
1 5 120 212 471 220 230 482 657 486
1 5 89 133 475 226 231 478 658 489
1 5 41 244 491 140 148 492 659 429
1 5 91 246 496 253 149 494 660 499
1 5 44 141 501 260 150 430 661 503
1 5 49 143 432 146 264 505 662 508
1 5 92 247 495 144 265 509 663 506
1 5 121 249 500 256 266 511 664 515
1 5 95 145 504 262 267 507 665 518
1 5 52 279 520 152 160 521 666 435
1 5 97 280 524 283 161 522 667 527
1 5 53 153 529 287 162 436 668 530
1 5 58 155 438 158 293 532 669 535
1 5 98 281 523 156 294 537 670 533
1 5 122 282 528 286 295 539 671 543
1 5 101 157 531 288 296 534 672 546
1 5 33 232 483 164 172 548 673 441
1 5 90 234 487 239 173 550 674 554
1 5 36 165 490 242 174 442 675 525
1 5 59 167 444 170 300 557 676 538
1 5 103 310 551 168 322 561 677 558
1 5 123 312 555 317 323 563 678 567
1 5 99 169 556 284 301 559 679 541
1 5 45 268 512 176 184 526 680 447
1 5 96 269 516 273 185 571 681 575
1 5 48 177 519 277 186 448 682 578
1 5 61 179 450 182 309 545 683 582
1 5 100 285 572 180 306 542 684 580
1 5 124 335 576 338 347 585 685 589
1 5 109 181 579 342 348 581 686 592
1 5 35 238 594 188 196 553 687 453
1 5 111 361 598 367 197 596 688 601
1 5 46 189 603 271 198 454 689 573
1 5 60 191 456 194 305 569 690 584
1 5 105 316 597 192 333 566 691 606
1 5 125 363 602 370 377 610 692 614
1 5 107 193 605 336 351 607 693 587
1 5 52 279 521 160 204 618 694 458
1 5 98 281 537 294 205 620 695 624
1 5 58 155 532 293 206 459 696 627
1 5 81 199 461 202 404 629 697 632
1 5 115 387 621 200 405 634 698 630
1 5 126 389 625 394 406 636 699 640
1 5 118 201 628 398 407 631 700 643
1 5 127 29 128 421 422 136 423 645
1 5 421 128 85 129 645 423 137 424
1 5 130 421 129 32 425 645 424 138
1 5 135 422 645 425 37 131 426 134
1 5 422 136 423 645 131 86 132 426
1 5 645 423 137 424 426 132 120 133
1 5 425 645 424 138 134 426 133 89
1 5 139 41 140 427 428 148 429 646
1 5 427 140 91 141 646 429 149 430
1 5 142 427 141 44 431 646 430 150
1 5 147 428 646 431 49 143 432 146
1 5 428 148 429 646 143 92 144 432
1 5 646 429 149 430 432 144 121 145
1 5 431 646 430 150 146 432 145 95
1 5 151 52 152 433 434 160 435 647
1 5 433 152 97 153 647 435 161 436
1 5 154 433 153 53 437 647 436 162
1 5 159 434 647 437 58 155 438 158
1 5 434 160 435 647 155 98 156 438
1 5 647 435 161 436 438 156 122 157
1 5 437 647 436 162 158 438 157 101
1 5 163 33 164 439 440 172 441 648
1 5 439 164 90 165 648 441 173 442
1 5 166 439 165 36 443 648 442 174
1 5 171 440 648 443 59 167 444 170
1 5 440 172 441 648 167 103 168 444
1 5 648 441 173 442 444 168 123 169
1 5 443 648 442 174 170 444 169 99
1 5 175 45 176 445 446 184 447 649
1 5 445 176 96 177 649 447 185 448
1 5 178 445 177 48 449 649 448 186
1 5 183 446 649 449 61 179 450 182
1 5 446 184 447 649 179 100 180 450
1 5 649 447 185 448 450 180 124 181
1 5 449 649 448 186 182 450 181 109
1 5 187 35 188 451 452 196 453 650
1 5 451 188 111 189 650 453 197 454
1 5 190 451 189 46 455 650 454 198
1 5 195 452 650 455 60 191 456 194
1 5 452 196 453 650 191 105 192 456
1 5 650 453 197 454 456 192 125 193
1 5 455 650 454 198 194 456 193 107
1 5 151 52 160 434 457 204 458 651
1 5 434 160 98 155 651 458 205 459
1 5 159 434 155 58 460 651 459 206
1 5 203 457 651 460 81 199 461 202
1 5 457 204 458 651 199 115 200 461
1 5 651 458 205 459 461 200 126 201
1 5 460 651 459 206 202 461 201 118
1 5 207 1 208 462 463 213 464 652
1 5 462 208 30 209 652 464 214 465
1 5 128 462 209 85 423 652 465 137
1 5 136 463 652 423 86 210 466 132
1 5 463 213 464 652 210 38 211 466
1 5 652 464 214 465 466 211 87 212
1 5 423 652 465 137 132 466 212 120
1 5 209 30 215 467 465 214 468 653
1 5 467 215 6 216 653 468 221 469
1 5 217 467 216 31 470 653 469 222
1 5 137 465 653 470 120 212 471 220
1 5 465 214 468 653 212 87 218 471
1 5 653 468 221 469 471 218 39 219
1 5 470 653 469 222 220 471 219 88
1 5 129 85 217 472 424 137 470 654
1 5 472 217 31 223 654 470 222 473
1 5 224 472 223 5 474 654 473 227
1 5 138 424 654 474 89 133 475 226
1 5 424 137 470 654 133 120 220 475
1 5 654 470 222 473 475 220 88 225
1 5 474 654 473 227 226 475 225 40
1 5 131 86 132 426 476 229 477 655
1 5 426 132 120 133 655 477 230 478
1 5 134 426 133 89 479 655 478 231
1 5 228 476 655 479 8 163 439 166
1 5 476 229 477 655 163 33 164 439
1 5 655 477 230 478 439 164 90 165
1 5 479 655 478 231 166 439 165 36
1 5 210 38 211 466 480 235 481 656
1 5 466 211 87 212 656 481 236 482
1 5 132 466 212 120 477 656 482 230
1 5 229 480 656 477 33 232 483 164
1 5 480 235 481 656 232 9 233 483
1 5 656 481 236 482 483 233 34 234
1 5 477 656 482 230 164 483 234 90
1 5 212 87 218 471 482 236 484 657
1 5 471 218 39 219 657 484 240 485
1 5 220 471 219 88 486 657 485 241
1 5 230 482 657 486 90 234 487 239
1 5 482 236 484 657 234 34 237 487
1 5 657 484 240 485 487 237 15 238
1 5 486 657 485 241 239 487 238 35
1 5 133 120 220 475 478 230 486 658
1 5 475 220 88 225 658 486 241 488
1 5 226 475 225 40 489 658 488 243
1 5 231 478 658 489 36 165 490 242
1 5 478 230 486 658 165 90 239 490
1 5 658 486 241 488 490 239 35 187
1 5 489 658 488 243 242 490 187 14
1 5 244 5 245 491 492 227 493 659
1 5 491 245 42 246 659 493 250 494
1 5 140 491 246 91 429 659 494 149
1 5 148 492 659 429 92 247 495 144
1 5 492 227 493 659 247 40 248 495
1 5 659 493 250 494 495 248 93 249
1 5 429 659 494 149 144 495 249 121
1 5 246 42 251 496 494 250 497 660
1 5 496 251 3 252 660 497 257 498
1 5 253 496 252 43 499 660 498 258
1 5 149 494 660 499 121 249 500 256
1 5 494 250 497 660 249 93 254 500
1 5 660 497 257 498 500 254 50 255
1 5 499 660 498 258 256 500 255 94
1 5 141 91 253 501 430 149 499 661
1 5 501 253 43 259 661 499 258 502
1 5 260 501 259 2 503 661 502 263
1 5 150 430 661 503 95 145 504 262
1 5 430 149 499 661 145 121 256 504
1 5 661 499 258 502 504 256 94 261
1 5 503 661 502 263 262 504 261 51
1 5 143 92 144 432 505 265 506 662
1 5 432 144 121 145 662 506 266 507
1 5 146 432 145 95 508 662 507 267
1 5 264 505 662 508 13 175 445 178
1 5 505 265 506 662 175 45 176 445
1 5 662 506 266 507 445 176 96 177
1 5 508 662 507 267 178 445 177 48
1 5 247 40 248 495 509 243 510 663
1 5 495 248 93 249 663 510 270 511
1 5 144 495 249 121 506 663 511 266
1 5 265 509 663 506 45 268 512 176
1 5 509 243 510 663 268 14 190 512
1 5 663 510 270 511 512 190 46 269
1 5 506 663 511 266 176 512 269 96
1 5 249 93 254 500 511 270 513 664
1 5 500 254 50 255 664 513 274 514
1 5 256 500 255 94 515 664 514 275
1 5 266 511 664 515 96 269 516 273
1 5 511 270 513 664 269 46 271 516
1 5 664 513 274 514 516 271 17 272
1 5 515 664 514 275 273 516 272 47
1 5 145 121 256 504 507 266 515 665
1 5 504 256 94 261 665 515 275 517
1 5 262 504 261 51 518 665 517 278
1 5 267 507 665 518 48 177 519 277
1 5 507 266 515 665 177 96 273 519
1 5 665 515 275 517 519 273 47 276
1 5 518 665 517 278 277 519 276 16
1 5 279 8 166 520 521 171 443 666
1 5 520 166 36 280 666 443 174 522
1 5 152 520 280 97 435 666 522 161
1 5 160 521 666 435 98 281 523 156
1 5 521 171 443 666 281 59 170 523
1 5 666 443 174 522 523 170 99 282
1 5 435 666 522 161 156 523 282 122
1 5 280 36 242 524 522 174 525 667
1 5 524 242 14 268 667 525 195 526
1 5 283 524 268 45 527 667 526 184
1 5 161 522 667 527 122 282 528 286
1 5 522 174 525 667 282 99 284 528
1 5 667 525 195 526 528 284 60 285
1 5 527 667 526 184 286 528 285 100
1 5 153 97 283 529 436 161 527 668
1 5 529 283 45 175 668 527 184 446
1 5 287 529 175 13 530 668 446 183
1 5 162 436 668 530 101 157 531 288
1 5 436 161 527 668 157 122 286 531
1 5 668 527 184 446 531 286 100 179
1 5 530 668 446 183 288 531 179 61
1 5 155 98 156 438 532 294 533 669
1 5 438 156 122 157 669 533 295 534
1 5 158 438 157 101 535 669 534 296
1 5 293 532 669 535 10 289 536 292
1 5 532 294 533 669 289 54 290 536
1 5 669 533 295 534 536 290 102 291
1 5 535 669 534 296 292 536 291 57
1 5 281 59 170 523 537 300 538 670
1 5 523 170 99 282 670 538 301 539
1 5 156 523 282 122 533 670 539 295
1 5 294 537 670 533 54 297 540 290
1 5 537 300 538 670 297 11 298 540
1 5 670 538 301 539 540 298 55 299
1 5 533 670 539 295 290 540 299 102
1 5 282 99 284 528 539 301 541 671
1 5 528 284 60 285 671 541 305 542
1 5 286 528 285 100 543 671 542 306
1 5 295 539 671 543 102 299 544 304
1 5 539 301 541 671 299 55 302 544
1 5 671 541 305 542 544 302 20 303
1 5 543 671 542 306 304 544 303 56
1 5 157 122 286 531 534 295 543 672
1 5 531 286 100 179 672 543 306 545
1 5 288 531 179 61 546 672 545 309
1 5 296 534 672 546 57 291 547 308
1 5 534 295 543 672 291 102 304 547
1 5 672 543 306 545 547 304 56 307
1 5 546 672 545 309 308 547 307 19
1 5 232 9 233 483 548 313 549 673
1 5 483 233 34 234 673 549 314 550
1 5 164 483 234 90 441 673 550 173
1 5 172 548 673 441 103 310 551 168
1 5 548 313 549 673 310 65 311 551
1 5 673 549 314 550 551 311 104 312
1 5 441 673 550 173 168 551 312 123
1 5 234 34 237 487 550 314 552 674
1 5 487 237 15 238 674 552 318 553
1 5 239 487 238 35 554 674 553 196
1 5 173 550 674 554 123 312 555 317
1 5 550 314 552 674 312 104 315 555
1 5 674 552 318 553 555 315 66 316
1 5 554 674 553 196 317 555 316 105
1 5 165 90 239 490 442 173 554 675
1 5 490 239 35 187 675 554 196 452
1 5 242 490 187 14 525 675 452 195
1 5 174 442 675 525 99 169 556 284
1 5 442 173 554 675 169 123 317 556
1 5 675 554 196 452 556 317 105 191
1 5 525 675 452 195 284 556 191 60
1 5 167 103 168 444 557 322 558 676
1 5 444 168 123 169 676 558 323 559
1 5 170 444 169 99 538 676 559 301
1 5 300 557 676 538 11 319 560 298
1 5 557 322 558 676 319 62 320 560
1 5 676 558 323 559 560 320 106 321
1 5 538 676 559 301 298 560 321 55
1 5 310 65 311 551 561 327 562 677
1 5 551 311 104 312 677 562 328 563
1 5 168 551 312 123 558 677 563 323
1 5 322 561 677 558 62 324 564 320
1 5 561 327 562 677 324 12 325 564
1 5 677 562 328 563 564 325 63 326
1 5 558 677 563 323 320 564 326 106
1 5 312 104 315 555 563 328 565 678
1 5 555 315 66 316 678 565 332 566
1 5 317 555 316 105 567 678 566 333
1 5 323 563 678 567 106 326 568 331
1 5 563 328 565 678 326 63 329 568
1 5 678 565 332 566 568 329 21 330
1 5 567 678 566 333 331 568 330 64
1 5 169 123 317 556 559 323 567 679
1 5 556 317 105 191 679 567 333 569
1 5 284 556 191 60 541 679 569 305
1 5 301 559 679 541 55 321 570 302
1 5 559 323 567 679 321 106 331 570
1 5 679 567 333 569 570 331 64 334
1 5 541 679 569 305 302 570 334 20
1 5 268 14 190 512 526 195 455 680
1 5 512 190 46 269 680 455 198 571
1 5 176 512 269 96 447 680 571 185
1 5 184 526 680 447 100 285 572 180
1 5 526 195 455 680 285 60 194 572
1 5 680 455 198 571 572 194 107 335
1 5 447 680 571 185 180 572 335 124
1 5 269 46 271 516 571 198 573 681
1 5 516 271 17 272 681 573 339 574
1 5 273 516 272 47 575 681 574 340
1 5 185 571 681 575 124 335 576 338
1 5 571 198 573 681 335 107 336 576
1 5 681 573 339 574 576 336 70 337
1 5 575 681 574 340 338 576 337 108
1 5 177 96 273 519 448 185 575 682
1 5 519 273 47 276 682 575 340 577
1 5 277 519 276 16 578 682 577 343
1 5 186 448 682 578 109 181 579 342
1 5 448 185 575 682 181 124 338 579
1 5 682 575 340 577 579 338 108 341
1 5 578 682 577 343 342 579 341 71
1 5 179 100 180 450 545 306 580 683
1 5 450 180 124 181 683 580 347 581
1 5 182 450 181 109 582 683 581 348
1 5 309 545 683 582 19 307 583 346
1 5 545 306 580 683 307 56 344 583
1 5 683 580 347 581 583 344 110 345
1 5 582 683 581 348 346 583 345 69
1 5 285 60 194 572 542 305 584 684
1 5 572 194 107 335 684 584 351 585
1 5 180 572 335 124 580 684 585 347
1 5 306 542 684 580 56 303 586 344
1 5 542 305 584 684 303 20 349 586
1 5 684 584 351 585 586 349 67 350
1 5 580 684 585 347 344 586 350 110
1 5 335 107 336 576 585 351 587 685
1 5 576 336 70 337 685 587 355 588
1 5 338 576 337 108 589 685 588 356
1 5 347 585 685 589 110 350 590 354
1 5 585 351 587 685 350 67 352 590
1 5 685 587 355 588 590 352 23 353
1 5 589 685 588 356 354 590 353 68
1 5 181 124 338 579 581 347 589 686
1 5 579 338 108 341 686 589 356 591
1 5 342 579 341 71 592 686 591 359
1 5 348 581 686 592 69 345 593 358
1 5 581 347 589 686 345 110 354 593
1 5 686 589 356 591 593 354 68 357
1 5 592 686 591 359 358 593 357 22
1 5 238 15 360 594 553 318 595 687
1 5 594 360 72 361 687 595 364 596
1 5 188 594 361 111 453 687 596 197
1 5 196 553 687 453 105 316 597 192
1 5 553 318 595 687 316 66 362 597
1 5 687 595 364 596 597 362 112 363
1 5 453 687 596 197 192 597 363 125
1 5 361 72 365 598 596 364 599 688
1 5 598 365 18 366 688 599 371 600
1 5 367 598 366 73 601 688 600 372
1 5 197 596 688 601 125 363 602 370
1 5 596 364 599 688 363 112 368 602
1 5 688 599 371 600 602 368 76 369
1 5 601 688 600 372 370 602 369 113
1 5 189 111 367 603 454 197 601 689
1 5 603 367 73 373 689 601 372 604
1 5 271 603 373 17 573 689 604 339
1 5 198 454 689 573 107 193 605 336
1 5 454 197 601 689 193 125 370 605
1 5 689 601 372 604 605 370 113 374
1 5 573 689 604 339 336 605 374 70
1 5 191 105 192 456 569 333 606 690
1 5 456 192 125 193 690 606 377 607
1 5 194 456 193 107 584 690 607 351
1 5 305 569 690 584 20 334 608 349
1 5 569 333 606 690 334 64 375 608
1 5 690 606 377 607 608 375 114 376
1 5 584 690 607 351 349 608 376 67
1 5 316 66 362 597 566 332 609 691
1 5 597 362 112 363 691 609 380 610
1 5 192 597 363 125 606 691 610 377
1 5 333 566 691 606 64 330 611 375
1 5 566 332 609 691 330 21 378 611
1 5 691 609 380 610 611 378 74 379
1 5 606 691 610 377 375 611 379 114
1 5 363 112 368 602 610 380 612 692
1 5 602 368 76 369 692 612 384 613
1 5 370 602 369 113 614 692 613 385
1 5 377 610 692 614 114 379 615 383
1 5 610 380 612 692 379 74 381 615
1 5 692 612 384 613 615 381 24 382
1 5 614 692 613 385 383 615 382 75
1 5 193 125 370 605 607 377 614 693
1 5 605 370 113 374 693 614 385 616
1 5 336 605 374 70 587 693 616 355
1 5 351 607 693 587 67 376 617 352
1 5 607 377 614 693 376 114 383 617
1 5 693 614 385 616 617 383 75 386
1 5 587 693 616 355 352 617 386 23
1 5 279 8 171 521 618 390 619 694
1 5 521 171 59 281 694 619 391 620
1 5 160 521 281 98 458 694 620 205
1 5 204 618 694 458 115 387 621 200
1 5 618 390 619 694 387 82 388 621
1 5 694 619 391 620 621 388 116 389
1 5 458 694 620 205 200 621 389 126
1 5 281 59 300 537 620 391 622 695
1 5 537 300 11 297 695 622 395 623
1 5 294 537 297 54 624 695 623 396
1 5 205 620 695 624 126 389 625 394
1 5 620 391 622 695 389 116 392 625
1 5 695 622 395 623 625 392 83 393
1 5 624 695 623 396 394 625 393 117
1 5 155 98 294 532 459 205 624 696
1 5 532 294 54 289 696 624 396 626
1 5 293 532 289 10 627 696 626 399
1 5 206 459 696 627 118 201 628 398
1 5 459 205 624 696 201 126 394 628
1 5 696 624 396 626 628 394 117 397
1 5 627 696 626 399 398 628 397 84
1 5 199 115 200 461 629 405 630 697
1 5 461 200 126 201 697 630 406 631
1 5 202 461 201 118 632 697 631 407
1 5 404 629 697 632 25 400 633 403
1 5 629 405 630 697 400 77 401 633
1 5 697 630 406 631 633 401 119 402
1 5 632 697 631 407 403 633 402 80
1 5 387 82 388 621 634 411 635 698
1 5 621 388 116 389 698 635 412 636
1 5 200 621 389 126 630 698 636 406
1 5 405 634 698 630 77 408 637 401
1 5 634 411 635 698 408 26 409 637
1 5 698 635 412 636 637 409 78 410
1 5 630 698 636 406 401 637 410 119
1 5 389 116 392 625 636 412 638 699
1 5 625 392 83 393 699 638 416 639
1 5 394 625 393 117 640 699 639 417
1 5 406 636 699 640 119 410 641 415
1 5 636 412 638 699 410 78 413 641
1 5 699 638 416 639 641 413 28 414
1 5 640 699 639 417 415 641 414 79
1 5 201 126 394 628 631 406 640 700
1 5 628 394 117 397 700 640 417 642
1 5 398 628 397 84 643 700 642 420
1 5 407 631 700 643 80 402 644 419
1 5 631 406 640 700 402 119 415 644
1 5 700 640 417 642 644 415 79 418
1 5 643 700 642 420 419 644 418 27

boundary
448
1 3 5 223 472 224
1 3 2 259 501 260
1 3 31 216 467 217
1 3 85 209 462 128
1 3 32 129 421 130
1 3 43 252 496 253
1 3 91 246 491 140
1 3 44 141 427 142
1 3 223 31 217 472
1 3 472 217 85 129
1 3 224 472 129 32
1 3 259 43 253 501
1 3 501 253 91 141
1 3 260 501 141 44
1 3 216 6 215 467
1 3 467 215 30 209
1 3 217 467 209 85
1 3 209 30 208 462
1 3 462 208 1 207
1 3 128 462 207 29
1 3 129 85 128 421
1 3 421 128 29 127
1 3 130 421 127 0
1 3 252 3 251 496
1 3 496 251 42 246
1 3 253 496 246 91
1 3 246 42 245 491
1 3 491 245 5 244
1 3 140 491 244 41
1 3 141 91 140 427
1 3 427 140 41 139
1 3 142 427 139 4
65 3 130 0 135 425
65 3 244 5 227 492
65 3 154 433 151 7
65 3 0 127 422 135
65 3 1 208 464 213
65 3 6 216 469 221
65 3 142 4 147 431
65 3 5 245 493 227
65 3 3 252 498 257
65 3 190 451 187 14
65 3 154 7 159 437
65 3 10 289 536 292
65 3 8 163 440 171
65 3 9 233 549 313
65 3 11 319 560 298
65 3 178 13 183 449
65 3 17 272 574 339
65 3 19 307 583 346
65 3 15 360 595 318
65 3 18 366 600 371
65 3 20 334 608 349
65 3 279 8 390 618
65 3 159 7 203 460
65 3 8 171 619 390
65 3 11 297 623 395
65 3 25 400 633 403
65 3 224 32 138 474
65 3 226 89 231 489
65 3 134 37 228 479
65 3 139 41 148 428
65 3 143 92 265 505
65 3 247 40 243 509
65 3 152 520 279 52
65 3 283 524 280 97
65 3 287 529 153 53
65 3 151 52 204 457
65 3 199 115 405 629
65 3 387 82 411 634
65 3 77 408 637 401
65 3 119 410 641 415
65 3 80 402 644 419
65 3 29 207 463 136
65 3 86 210 480 229
65 3 37 131 476 228
65 3 33 232 548 172
65 3 103 310 561 322
65 3 59 167 557 300
65 3 62 324 564 320
65 3 106 326 568 331
65 3 55 321 570 302
65 3 59 300 622 391
65 3 116 392 638 412
65 3 82 388 635 411
65 3 30 215 468 214
65 3 87 218 484 236
65 3 38 211 481 235
65 3 34 237 552 314
65 3 104 315 565 328
65 3 65 311 562 327
65 3 72 365 599 364
65 3 112 368 612 380
65 3 66 362 609 332
65 3 31 223 473 222
65 3 88 225 488 241
65 3 39 219 485 240
65 3 42 251 497 250
65 3 93 254 513 270
65 3 40 248 510 243
65 3 188 594 238 35
65 3 367 598 361 111
65 3 271 603 189 46
65 3 73 373 604 372
65 3 113 374 616 385
65 3 76 369 613 384
65 3 260 44 150 503
65 3 262 95 267 518
65 3 146 49 264 508
65 3 43 259 502 258
65 3 94 261 517 275
65 3 50 255 514 274
65 3 47 276 577 340
65 3 108 341 591 356
65 3 70 337 588 355
65 3 287 53 162 530
65 3 288 101 296 546
65 3 158 58 293 535
65 3 277 48 186 578
65 3 342 109 348 592
65 3 182 61 309 582
65 3 293 58 206 627
65 3 398 118 407 643
65 3 202 81 404 632
65 3 54 297 540 290
65 3 102 299 544 304
65 3 57 291 547 308
65 3 56 303 586 344
65 3 110 350 590 354
65 3 69 345 593 358
65 3 54 289 626 396
65 3 117 397 642 417
65 3 83 393 639 416
65 3 64 330 611 375
65 3 114 379 615 383
65 3 67 376 617 352
65 3 32 130 425 138
65 3 138 425 134 89
65 3 425 135 37 134
65 3 41 244 492 148
65 3 148 492 247 92
65 3 492 227 40 247
65 3 433 152 52 151
65 3 153 97 152 433
65 3 53 153 433 154
65 3 52 279 618 204
65 3 204 618 387 115
65 3 618 390 82 387
65 3 400 77 401 633
65 3 633 401 119 402
65 3 403 633 402 80
65 3 5 224 474 227
65 3 227 474 226 40
65 3 474 138 89 226
65 3 40 226 489 243
65 3 243 489 242 14
65 3 489 231 36 242
65 3 89 134 479 231
65 3 231 479 166 36
65 3 479 228 8 166
65 3 4 139 428 147
65 3 147 428 143 49
65 3 428 148 92 143
65 3 49 143 505 264
65 3 264 505 175 13
65 3 505 265 45 175
65 3 92 247 509 265
65 3 265 509 268 45
65 3 509 243 14 268
65 3 520 166 8 279
65 3 280 36 166 520
65 3 97 280 520 152
65 3 524 242 36 280
65 3 268 14 242 524
65 3 45 268 524 283
65 3 529 283 97 153
65 3 175 45 283 529
65 3 13 175 529 287
65 3 7 151 457 203
65 3 203 457 199 81
65 3 457 204 115 199
65 3 81 199 629 404
65 3 404 629 400 25
65 3 629 405 77 400
65 3 115 387 634 405
65 3 405 634 408 77
65 3 634 411 26 408
65 3 408 26 409 637
65 3 637 409 78 410
65 3 401 637 410 119
65 3 410 78 413 641
65 3 641 413 28 414
65 3 415 641 414 79
65 3 402 119 415 644
65 3 644 415 79 418
65 3 419 644 418 27
65 3 127 29 136 422
65 3 422 136 86 131
65 3 135 422 131 37
65 3 163 33 172 440
65 3 440 172 103 167
65 3 171 440 167 59
65 3 319 62 320 560
65 3 560 320 106 321
65 3 298 560 321 55
65 3 171 59 391 619
65 3 619 391 116 388
65 3 390 619 388 82
65 3 207 1 213 463
65 3 463 213 38 210
65 3 136 463 210 86
65 3 210 38 235 480
65 3 480 235 9 232
65 3 229 480 232 33
65 3 131 86 229 476
65 3 476 229 33 163
65 3 228 476 163 8
65 3 232 9 313 548
65 3 548 313 65 310
65 3 172 548 310 103
65 3 310 65 327 561
65 3 561 327 12 324
65 3 322 561 324 62
65 3 167 103 322 557
65 3 557 322 62 319
65 3 300 557 319 11
65 3 324 12 325 564
65 3 564 325 63 326
65 3 320 564 326 106
65 3 326 63 329 568
65 3 568 329 21 330
65 3 331 568 330 64
65 3 321 106 331 570
65 3 570 331 64 334
65 3 302 570 334 20
65 3 300 11 395 622
65 3 622 395 83 392
65 3 391 622 392 116
65 3 392 83 416 638
65 3 638 416 28 413
65 3 412 638 413 78
65 3 388 116 412 635
65 3 635 412 78 409
65 3 411 635 409 26
65 3 208 30 214 464
65 3 464 214 87 211
65 3 213 464 211 38
65 3 233 34 314 549
65 3 549 314 104 311
65 3 313 549 311 65
65 3 360 72 364 595
65 3 595 364 112 362
65 3 318 595 362 66
65 3 215 6 221 468
65 3 468 221 39 218
65 3 214 468 218 87
65 3 218 39 240 484
65 3 484 240 15 237
65 3 236 484 237 34
65 3 211 87 236 481
65 3 481 236 34 233
65 3 235 481 233 9
65 3 237 15 318 552
65 3 552 318 66 315
65 3 314 552 315 104
65 3 315 66 332 565
65 3 565 332 21 329
65 3 328 565 329 63
65 3 311 104 328 562
65 3 562 328 63 325
65 3 327 562 325 12
65 3 365 18 371 599
65 3 599 371 76 368
65 3 364 599 368 112
65 3 368 76 384 612
65 3 612 384 24 381
65 3 380 612 381 74
65 3 362 112 380 609
65 3 609 380 74 378
65 3 332 609 378 21
65 3 216 31 222 469
65 3 469 222 88 219
65 3 221 469 219 39
65 3 245 42 250 493
65 3 493 250 93 248
65 3 227 493 248 40
65 3 451 188 35 187
65 3 189 111 188 451
65 3 46 189 451 190
65 3 366 73 372 600
65 3 600 372 113 369
65 3 371 600 369 76
65 3 223 5 227 473
65 3 473 227 40 225
65 3 222 473 225 88
65 3 225 40 243 488
65 3 488 243 14 187
65 3 241 488 187 35
65 3 219 88 241 485
65 3 485 241 35 238
65 3 240 485 238 15
65 3 251 3 257 497
65 3 497 257 50 254
65 3 250 497 254 93
65 3 254 50 274 513
65 3 513 274 17 271
65 3 270 513 271 46
65 3 248 93 270 510
65 3 510 270 46 190
65 3 243 510 190 14
65 3 594 360 15 238
65 3 361 72 360 594
65 3 111 361 594 188
65 3 598 365 72 361
65 3 366 18 365 598
65 3 73 366 598 367
65 3 603 367 111 189
65 3 373 73 367 603
65 3 17 373 603 271
65 3 373 17 339 604
65 3 604 339 70 374
65 3 372 604 374 113
65 3 374 70 355 616
65 3 616 355 23 386
65 3 385 616 386 75
65 3 369 113 385 613
65 3 613 385 75 382
65 3 384 613 382 24
65 3 44 142 431 150
65 3 150 431 146 95
65 3 431 147 49 146
65 3 252 43 258 498
65 3 498 258 94 255
65 3 257 498 255 50
65 3 272 47 340 574
65 3 574 340 108 337
65 3 339 574 337 70
65 3 2 260 503 263
65 3 263 503 262 51
65 3 503 150 95 262
65 3 51 262 518 278
65 3 278 518 277 16
65 3 518 267 48 277
65 3 95 146 508 267
65 3 267 508 178 48
65 3 508 264 13 178
65 3 259 2 263 502
65 3 502 263 51 261
65 3 258 502 261 94
65 3 261 51 278 517
65 3 517 278 16 276
65 3 275 517 276 47
65 3 255 94 275 514
65 3 514 275 47 272
65 3 274 514 272 17
65 3 276 16 343 577
65 3 577 343 71 341
65 3 340 577 341 108
65 3 341 71 359 591
65 3 591 359 22 357
65 3 356 591 357 68
65 3 337 108 356 588
65 3 588 356 68 353
65 3 355 588 353 23
65 3 53 154 437 162
65 3 162 437 158 101
65 3 437 159 58 158
65 3 48 178 449 186
65 3 186 449 182 109
65 3 449 183 61 182
65 3 58 159 460 206
65 3 206 460 202 118
65 3 460 203 81 202
65 3 13 287 530 183
65 3 183 530 288 61
65 3 530 162 101 288
65 3 61 288 546 309
65 3 309 546 308 19
65 3 546 296 57 308
65 3 101 158 535 296
65 3 296 535 292 57
65 3 535 293 10 292
65 3 16 277 578 343
65 3 343 578 342 71
65 3 578 186 109 342
65 3 71 342 592 359
65 3 359 592 358 22
65 3 592 348 69 358
65 3 109 182 582 348
65 3 348 582 346 69
65 3 582 309 19 346
65 3 10 293 627 399
65 3 399 627 398 84
65 3 627 206 118 398
65 3 84 398 643 420
65 3 420 643 419 27
65 3 643 407 80 419
65 3 118 202 632 407
65 3 407 632 403 80
65 3 632 404 25 403
65 3 289 54 290 536
65 3 536 290 102 291
65 3 292 536 291 57
65 3 297 11 298 540
65 3 540 298 55 299
65 3 290 540 299 102
65 3 299 55 302 544
65 3 544 302 20 303
65 3 304 544 303 56
65 3 291 102 304 547
65 3 547 304 56 307
65 3 308 547 307 19
65 3 307 56 344 583
65 3 583 344 110 345
65 3 346 583 345 69
65 3 297 54 396 623
65 3 623 396 117 393
65 3 395 623 393 83
65 3 303 20 349 586
65 3 586 349 67 350
65 3 344 586 350 110
65 3 350 67 352 590
65 3 590 352 23 353
65 3 354 590 353 68
65 3 345 110 354 593
65 3 593 354 68 357
65 3 358 593 357 22
65 3 289 10 399 626
65 3 626 399 84 397
65 3 396 626 397 117
65 3 397 84 420 642
65 3 642 420 27 418
65 3 417 642 418 79
65 3 393 117 417 639
65 3 639 417 79 414
65 3 416 639 414 28
65 3 334 64 375 608
65 3 608 375 114 376
65 3 349 608 376 67
65 3 330 21 378 611
65 3 611 378 74 379
65 3 375 611 379 114
65 3 379 74 381 615
65 3 615 381 24 382
65 3 383 615 382 75
65 3 376 114 383 617
65 3 617 383 75 386
65 3 352 617 386 23

vertices
701

nodes
FiniteElementSpace
FiniteElementCollection: H1_3D_P2
VDim: 3
Ordering: 0

-3.1225023e-17
0.30998466
-0.39717735
1.0842022e-18
-0.37298049
-4.7704896e-18
0.35742227
-0.26592163
2.9273459e-18
0.26568513
-0.22368927
5.0957502e-18
0.22229806
-0.30722904
2.4733362e-19
0.27788281
-0.3224644
-7.3725748e-18
0.11530805
-0.24775119
-5.3329194e-18
0.20621024
-0.25629728
-5.5429836e-18
0.10703716
-0.30722904
6.169788e-18
-0.24775119
1.5517644e-18
0.15499233
0.33370346
0.17871113
-1.7997756e-17
0.13284256
0.27178397
0.1389414
1.5873397e-18
-1.4148838e-17
0.28783489
0.31765254
-2.261578e-18
-0.18649024
-1.8431437e-18
-0.19858867
-0.38507892
-0.15361452
-3.5626206e-18
-0.1612322
-0.31484672
-0.34010476
-3.1441863e-18
-0.35982088
-0.13296081
-0.28657533
-0.11184464
-1.1858461e-19
-0.12387559
-0.23572023
-0.24480545
4.011548e-18
-2.5427929e-18
-0.27749011
0.11114903
0.21425415
0.10310512
0.24399159
0.24204652
-5.4379515e-18
-0.12814864
-0.25202424
-6.4577792e-18
-0.28938084
0.19659543
0.057654025
0.1566237
0.05351858
0.11117261
-0.15361452
3.8607762e-18
-0.12387559
-0.27749011
-0.28657533
4.5485669e-18
3.3237573e-18
-0.23572023
0.16685173
0.14391745
0.30274372
0.15882627
-8.2052082e-18
0.13589198
-0.19253946
-0.17005238
-2.7028821e-18
-0.17991044
-0.34996282
-0.15742336
-0.14328767
-0.12240272
7.3437757e-19
-0.13874506
-0.26114778
-0.11786011
0.1219958
0.24301906
0.12102326
0.10712707
-4.500286e-18
-0.14469042
-0.28343548
-0.12601212
0.098297715
0.17660956
0.055586303
0.078311849
-0.14328767
3.9361621e-18
-0.11786011
-0.26114778
-0.13874506
0.15137186
-0.17498141
-0.13057389
0.12150953
-0.14171774
0.088304782
-0.13057389
0.077496165
0.16092203
0.083425866
-2.4611389e-17
0.071958723
0.14764465
0.075685929
-1.1177023e-17
-2.268693e-17
0.14945489
0.15911179
-1.3101482e-17
-0.27973537
-0.18951485
-0.28880919
-0.3790297
-0.25507857
-0.1725169
-0.26247211
-0.34503379
-0.35654263
-0.17827131
-0.18376043
-0.36752087
-0.19944122
-0.13812424
-0.2149315
-0.27624848
-0.18360409
-0.12648831
-0.19586084
-0.25297661
-0.25536354
-0.12768177
-0.13693078
-0.27386156
0.066421282
0.13436727
0.067945992
2.2573428e-18
0.060997899
0.12175266
0.060754765
2.3729628e-18
3.469447e-18
0.12741918
0.12870076
1.1608587e-18
-0.23042178
-0.15551894
-0.23613504
-0.31103788
-0.20811758
-0.1402314
-0.21257661
-0.2804628
-0.29235958
-0.14617979
-0.14957055
-0.2991411
0.069470702
0.11861956
0.049148857
-1.6576435e-18
0.060511631
0.10466402
0.044152391
-3.5215395e-18
-1.1477296e-18
0.12998233
0.093301248
-4.0314533e-18
-0.2149315
-0.13693078
-0.19586084
-0.27386156
-0.27624848
-0.13812424
-0.12648831
-0.25297661
0.23248849
0.32184406
0.2502776
0.21587617
0.2952893
0.22705779
0.29890978
0.31822359
0.34556287
0.2680667
0.17278143
0.31019813
0.2382394
0.15509906
0.3375374
0.1687687
0.089355567
-1.1384123e-17
0.079413135
-5.2333931e-18
-3.5160338e-18
-5.6107462e-18
0.13838
0.14363192
-3.3089342e-18
0.19926384
0.26873455
0.20383798
0.27676001
0.28726384
0.27483339
0.20841211
0.13741669
0.29776767
0.14888384
9.1733668e-19
-1.0071222e-18
-0.093245122
-3.3068166e-18
-0.096269729
-0.085026191
-2.4822301e-18
-0.087490705
-2.2730129e-18
-3.7947076e-19
-0.099294337
-0.19556407
-2.9235342e-18
-0.089955219
-0.17744592
-1.0299921e-18
-0.18924956
-0.29788301
-0.39112813
-0.26986566
-0.35489185
-0.37849911
-0.3236669
-0.16183345
-0.16620239
-0.33240477
-0.07680726
-0.078711681
-3.1327514e-18
-5.4675977e-18
-0.080616101
-0.15932778
-5.2583805e-18
-0.17057132
-0.2418483
-0.31865556
-0.34114264
-0.066480406
-0.071643833
-0.061201362
-0.065286945
-0.14845109
-9.0420767e-19
-0.069372528
-0.13465947
-0.29690219
-0.26931895
-0.16776695
-0.11485237
-0.17679017
-0.22970475
-0.23424736
-0.11712368
-0.124217
-0.248434
-0.055922318
2.4885828e-18
-0.058930057
4.5536491e-18
3.0789648e-19
-2.725752e-18
-0.061937797
-0.12086785
-3.9378562e-18
-0.13131032
-0.18581339
-0.24173571
-0.26262065
0.1829937
0.24350533
0.18226429
0.25483836
0.25740151
0.24253279
0.18153489
0.1212664
0.25996467
0.055574516
0.10913805
0.053563537
0.11657241
0.1143183
0.16672355
0.21827611
0.16069061
0.23314483
0.2286366
0.21023219
0.15465768
0.1051161
0.22412838
0.11206419
0.051552559
-0.07085887
-5.4790326e-18
-0.072345211
-0.14320408
-6.915177e-18
-0.15296131
-0.21703563
-0.28640816
-0.30592262
-0.12494386
-0.18901818
-0.24988771
-0.13386493
-0.26772986
-5.3854355e-18
-0.063006059
-4.9691188e-18
-5.4904676e-18
-0.064074321
-0.12708038
-6.0003814e-18
-0.13641953
-0.19222296
-0.25416076
-0.27283906
0.23723912
0.14744657
0.20932804
0.13245717
0.1866025
0.15595174
0.086481038
0.07797587
0.14389108
0.083379454
0.071945542
0.11324033
0.056620164
0.028827013
0.027793151
0.090708484
0.039155925
0.083308316
0.18141697
0.11746777
0.16661663
0.13183043
0.08027787
0.065915215
0.10910488
0.054552442
0.02675929
-0.071643833
4.2423645e-18
-0.065286945
3.7379564e-18
3.9738551e-18
3.6299597e-18
-0.058930057
-0.124217
4.2097537e-18
-0.11485237
-0.17679017
-0.248434
-0.22970475
-0.23042178
-0.14617979
-0.20811758
-0.29235958
-0.29690219
-0.14845109
-0.13465947
-0.26931895
-0.07680726
5.0152821e-18
-0.069372528
5.3591775e-18
3.8984691e-18
2.7062703e-18
-0.061937797
-0.13131032
2.4377608e-18
-0.12086785
-0.18581339
-0.26262065
-0.24173571
0.080461015
0.074727444
0.15428334
0.079555897
-1.7894206e-17
0.073822326
-0.28427228
-0.26740697
-0.18101587
-0.27564065
-0.36203175
-0.25877534
-0.20718636
-0.19152265
-0.13230627
-0.20539617
-0.26461255
-0.18973246
0.067183637
0.06370959
0.12805997
0.064350378
2.3151528e-18
0.060876332
-0.23327841
-0.21926968
-0.14787517
-0.22435583
-0.29575034
-0.2103471
0.05930978
0.064991166
0.11164179
0.046650624
-2.5895915e-18
0.052332011
-0.20718636
-0.13230627
-0.18973246
-0.26461255
-0.20539617
0.24138305
0.22418233
0.30856668
0.23866769
0.22146698
0.25917215
0.3278805
0.25315305
0.16394025
0.2326486
0.086390716
0.084384351
-8.3087579e-18
0.077549532
0.069190002
0.14100596
0.07181596
-4.4598402e-18
0.20757001
0.28201193
0.21544788
0.20155091
0.29251576
0.22332575
0.14625788
0.20612504
0.074441918
-2.1580282e-18
0.068708347
-0.094757426
-0.089135656
-2.8945233e-18
-0.091880217
-0.086258448
-0.097782033
-1.6515025e-18
-0.094624778
-0.186505
-0.088722962
-0.2933461
-0.28387433
-0.37300999
-0.26616889
-0.24275018
-0.16401792
-0.24930358
-0.32803584
-0.080916725
-2.0699368e-18
-0.083101193
-0.07775947
-4.1955659e-18
-0.08528566
-0.16838685
-0.079663891
-0.25585698
-0.33677371
-0.23899167
-0.06906212
-0.063840884
-0.068465389
-0.063244154
-0.074225547
6.5645053e-21
-0.073089894
-0.14155528
-0.067329737
-0.22267664
-0.28311057
-0.20198921
-0.17568552
-0.12067034
-0.1863255
-0.24134068
-0.17227856
-0.05856184
2.4307728e-18
-0.062108501
-0.057426187
-1.8149798e-18
-0.065655162
-0.12776366
-0.060433927
-0.19696549
-0.25552733
-0.18130178
0.19112877
0.25611994
0.19305113
0.18262899
0.25868309
0.1949735
0.12934154
0.18189959
0.060633198
0.058286207
0.11544536
0.057159151
0.054569027
0.17485862
0.23089072
0.17147745
0.16370708
0.22638249
0.16809628
0.11319125
0.15767414
0.056032095
0.052558048
-0.074785275
-0.070115699
-5.4733151e-18
-0.076480656
-0.15126593
-0.07160204
-0.22944197
-0.30253186
-0.21480612
-0.13258763
-0.20079739
-0.26517525
-0.18741578
-4.4534875e-18
-0.066932464
-0.062471928
-5.4847501e-18
-0.068209766
-0.13514223
-0.06354019
-0.2046293
-0.27028446
-0.19062057
0.17792934
0.22328358
0.13995187
0.15699603
0.1169638
0.14992141
0.084930246
0.074960706
0.10791831
0.038987935
0.028310082
0.035972771
0.097686253
0.041654158
0.045354242
0.19537251
0.12496247
0.13606273
0.13786076
0.081828662
0.068930379
0.098872822
0.027276221
0.032957607
-0.06906212
3.8559057e-18
-0.063244154
-0.068465389
4.0918044e-18
-0.057426187
-0.12067034
-0.062108501
-0.17227856
-0.24134068
-0.1863255
-0.22267664
-0.14155528
-0.20198921
-0.28311057
-0.21926968
-0.074225547
4.6288233e-18
-0.067329737
-0.073089894
3.168115e-18
-0.060433927
-0.12776366
-0.065655162
-0.18130178
-0.25552733
-0.19696549
0.077141671
-0.27152381
-0.19845941
0.064029984
-0.22181275
0.055820895
-0.19845941
0.23142501
0.24591037
0.081970124
0.070502981
0.21150894
0.21938682
0.073128939
-0.090507937
-0.093252498
-0.27975749
-0.24602688
-0.082008959
-0.084193426
-0.25258028
-0.066153137
-0.070777642
-0.21233292
-0.18100551
-0.060335171
-0.063881832
-0.1916455
0.19208995
0.19401232
0.064670772
0.057722679
0.17316804
0.16978687
0.056595623
-0.073937585
-0.075632966
-0.2268989
-0.19888144
-0.066293813
-0.067571115
-0.20271335
0.16746269
0.11244106
0.037480353
0.048843126
0.14652938
0.10339557
0.034465189
-0.066153137
-0.060335171
-0.18100551
-0.21233292
-0.070777642
-0.063881832
-0.1916455
0.038748082
0.07897859
0.040230508
-2.7918206e-17
0.037363722
0.075934557
0.038570835
-2.0290568e-17
-2.6955977e-17
0.076111805
0.078801343
-2.1252798e-17
-0.32635793
-0.28200382
-0.33165099
-0.37600509
-0.3119748
-0.26946539
-0.31677778
-0.35928719
-0.36476156
-0.27357117
-0.27789804
-0.37053072
-0.23268142
-0.20331379
-0.24171742
-0.27108505
-0.22344309
-0.19499103
-0.23153598
-0.25998804
-0.26064258
-0.19548194
-0.20282288
-0.27043051
0.033210641
0.066802459
0.033591818
2.5923443e-18
0.031854795
0.063869787
0.032014992
2.8922999e-18
3.1983964e-18
0.065065436
0.06560681
2.2862478e-18
-0.26882541
-0.2318501
-0.27215815
-0.30913346
-0.25581463
-0.22054122
-0.25878155
-0.29405496
-0.29979431
-0.22484573
-0.22754558
-0.30339411
0.034735351
0.064390241
0.02965489
-7.0515493e-19
0.032495583
0.060406031
0.027910448
-1.8686606e-18
-4.5019801e-19
0.067230934
0.057565337
-2.1236175e-18
-0.24171742
-0.20282288
-0.23153598
-0.27043051
-0.27108505
-0.20331379
-0.19499103
-0.25998804
0.19374041
0.23693577
0.20115254
0.15795718
0.18681861
0.22780367
0.19285418
0.15186911
0.15222361
0.22833541
0.23640403
0.15760269
0.20856466
0.25472487
0.21597679
0.16981658
0.19888974
0.24228903
0.20492531
0.16152602
0.16298176
0.24447265
0.25254126
0.16836084
0.041712933
0.084908291
0.043195358
-1.4690939e-17
0.039777949
0.080763011
0.040985062
-1.070512e-17
-1.5549619e-17
0.081490882
0.08418042
-9.8464404e-18
0.035979362
0.072890525
0.036911163
-1.2662931e-17
0.034595001
0.069846492
0.035251491
-5.0352932e-18
-9.8797923e-18
0.070574363
0.072162654
-7.8184317e-18
0.17989681
0.21867157
0.18455582
0.14578105
0.17297501
0.20953948
0.17625745
0.13969298
0.14114873
0.21172309
0.21648796
0.14432531
0.18921482
0.22985319
0.19387383
0.15323546
0.1795399
0.21741735
0.18282235
0.1449449
0.14750189
0.22125283
0.22601771
0.15067847
0.037842964
0.07661773
0.038774766
-6.7193006e-18
0.03590798
0.07247245
0.03656447
-2.7334812e-18
-5.7570712e-18
0.073750945
0.075339236
-3.6957106e-18
-0.13986768
-0.094001274
-0.14213614
-0.18800255
-0.13370348
-0.089821797
-0.13576191
-0.17964359
-0.18238078
-0.091190389
-0.092632681
-0.18526536
-0.14440459
-0.097025881
-0.14667305
-0.19405176
-0.13782033
-0.092566357
-0.13987875
-0.18513271
-0.18814995
-0.094074973
-0.095517265
-0.19103453
-0.33694405
-0.29107764
-0.34223712
-0.38810352
-0.32158076
-0.27769907
-0.32638374
-0.37026543
-0.37629989
-0.28222492
-0.2865518
-0.38206906
-0.29759167
-0.25692696
-0.30190457
-0.34256928
-0.28320854
-0.24438853
-0.28703136
-0.32585137
-0.33188583
-0.24891437
-0.25240111
-0.33653481
-0.12753929
-0.085642319
-0.12938767
-0.17128464
-0.12137509
-0.081462842
-0.12301344
-0.16292568
-0.16594292
-0.082971458
-0.084133703
-0.16826741
-0.13123606
-0.088106833
-0.13308444
-0.17621367
-0.12465179
-0.08364731
-0.12629014
-0.16729462
-0.1705919
-0.085295949
-0.086458194
-0.17291639
-0.30621747
-0.2643205
-0.31053037
-0.35242733
-0.29085417
-0.25094193
-0.29467699
-0.33458924
-0.3411838
-0.25588785
-0.25937458
-0.34583278
-0.09972061
-0.067771263
-0.10359318
-0.13554253
-0.095761326
-0.06499701
-0.099229705
-0.12999402
-0.13032129
-0.065160645
-0.067607628
-0.13521526
-0.10746575
-0.07293469
-0.11133832
-0.14586938
-0.10269808
-0.069621515
-0.10616646
-0.13924303
-0.14010922
-0.070054611
-0.072501594
-0.14500319
-0.25075342
-0.21880407
-0.25978941
-0.29173876
-0.23962886
-0.20886455
-0.24772175
-0.27848606
-0.28021844
-0.21016383
-0.21750478
-0.29000638
-0.21420477
-0.18666827
-0.22135454
-0.24889103
-0.20496644
-0.17834552
-0.2111731
-0.23779402
-0.2395264
-0.1796448
-0.18536899
-0.24715865
-0.091802043
-0.062222758
-0.09486623
-0.12444552
-0.08784276
-0.059448505
-0.090502756
-0.11889701
-0.1197632
-0.059881601
-0.061789662
-0.12357932
-0.097930418
-0.066308341
-0.10099461
-0.13261668
-0.093162752
-0.062995166
-0.095822748
-0.12599033
-0.12739545
-0.063697723
-0.065605784
-0.13121157
-0.22850431
-0.19892502
-0.23565408
-0.26523336
-0.21737975
-0.1889855
-0.22358641
-0.25198067
-0.25479089
-0.19109317
-0.19681735
-0.26242314
0.1660532
0.20040738
0.16795909
0.13360492
0.15927398
0.19160936
0.16007496
0.12773957
0.13013087
0.19519631
0.19682043
0.13121362
0.16986498
0.20498151
0.17177087
0.13665434
0.16087595
0.19353173
0.16167693
0.12902115
0.13229637
0.19844456
0.20006868
0.13337912
0.033972996
0.068327169
0.034354173
1.2523382e-18
0.032175189
0.064510575
0.032335386
5.8371158e-19
1.3740992e-18
0.066148185
0.06668956
4.6195059e-19
0.030498949
0.060937115
0.030438166
3.1922554e-18
0.029143104
0.058004443
0.02886134
3.492211e-18
4.2825986e-18
0.059642053
0.059299505
2.4018678e-18
0.15249475
0.18281135
0.15219083
0.12187423
0.14571552
0.17401333
0.1443067
0.11600889
0.11928411
0.17892616
0.17789852
0.11859901
0.15188691
0.18208194
0.15158299
0.12138796
0.14289788
0.17063216
0.14148906
0.11375477
0.11791392
0.17687087
0.17584323
0.11722882
0.030377382
0.060693981
0.030316599
-8.4915053e-20
0.028579575
0.056877387
0.028297811
-7.5354169e-19
5.2113702e-19
0.058956958
0.05861441
-1.3595938e-18
-0.11521089
-0.077283365
-0.11663921
-0.15456673
-0.10963484
-0.073513739
-0.11090638
-0.14702748
-0.14989715
-0.074948577
-0.075848527
-0.15169705
-0.11806752
-0.079187786
-0.11949584
-0.15837557
-0.11217791
-0.07520912
-0.11344945
-0.15041824
-0.15349696
-0.076748478
-0.077648428
-0.15529686
-0.27549088
-0.23756336
-0.27882362
-0.31675114
-0.26174846
-0.22562736
-0.26471538
-0.30083648
-0.30699391
-0.23024543
-0.23294528
-0.31059371
-0.24280385
-0.20923234
-0.24540495
-0.27897645
-0.22979307
-0.19792346
-0.23202835
-0.26389795
-0.27005538
-0.20254154
-0.20461427
-0.27281902
-0.10405879
-0.069744114
-0.10517355
-0.13948823
-0.098482744
-0.065974488
-0.09944072
-0.13194898
-0.13502769
-0.067513845
-0.068204756
-0.13640951
-0.1062883
-0.071230455
-0.10740306
-0.14246091
-0.1003987
-0.06725179
-0.10135667
-0.13450358
-0.13779133
-0.068895667
-0.069586578
-0.13917316
-0.24800604
-0.21369137
-0.25060714
-0.28492182
-0.23426362
-0.20175537
-0.2364989
-0.26900716
-0.27558267
-0.206687
-0.20875973
-0.27834631
0.17367676
0.19317072
0.14827445
0.12878048
0.16247792
0.18121809
0.13955224
0.12081206
0.13446187
0.2016928
0.17269601
0.11513067
0.12287214
0.13220519
0.097469837
0.088136792
0.11662656
0.12619647
0.093700883
0.084130977
0.095799482
0.14369922
0.11470243
0.076468288
0.024574429
0.044068396
0.019493967
-4.5151091e-18
0.023325312
0.042065489
0.018740177
-4.7523842e-18
-3.7970369e-18
