MFEM mesh v1.0

#
# MFEM Geometry Types (see mesh/geom.hpp):
#
# POINT       = 0
# SEGMENT     = 1
# TRIANGLE    = 2
# SQUARE      = 3
# TETRAHEDRON = 4
# CUBE        = 5
#

dimension
3

elements
448
1 5 14 123 409 126 131 410 629 413
1 5 15 135 415 138 143 416 630 419
1 5 17 147 421 150 155 422 631 425
1 5 20 159 427 162 167 428 632 431
1 5 22 171 433 174 179 434 633 437
1 5 23 183 439 186 191 440 634 443
1 5 26 195 445 198 203 446 635 449
1 5 28 207 451 124 132 452 636 411
1 5 82 209 456 217 133 454 637 459
1 5 31 125 461 222 134 412 638 462
1 5 36 127 414 130 224 464 639 467
1 5 83 210 455 128 225 468 640 465
1 5 116 212 460 220 226 470 641 474
1 5 86 129 463 223 227 466 642 477
1 5 30 216 479 136 144 458 643 417
1 5 88 242 483 248 145 481 644 486
1 5 42 137 488 255 146 418 645 490
1 5 39 139 420 142 240 476 646 494
1 5 85 219 482 140 237 473 647 492
1 5 117 244 487 251 262 497 648 501
1 5 91 141 491 257 263 493 649 504
1 5 32 228 471 148 156 506 650 423
1 5 87 230 475 235 157 508 651 512
1 5 35 149 478 239 158 424 652 515
1 5 52 151 426 154 288 517 653 520
1 5 93 275 509 152 289 521 654 518
1 5 118 277 513 282 290 523 655 527
1 5 96 153 516 286 291 519 656 530
1 5 48 292 524 160 168 532 657 429
1 5 97 294 528 299 169 534 658 538
1 5 51 161 531 303 170 430 659 541
1 5 60 163 432 166 322 543 660 546
1 5 98 305 535 164 323 548 661 544
1 5 119 307 539 312 324 550 662 554
1 5 101 165 542 316 325 545 663 557
1 5 64 339 559 172 180 560 664 435
1 5 103 340 563 344 181 561 665 565
1 5 66 173 567 347 182 436 666 568
1 5 70 175 438 178 353 570 667 573
1 5 104 341 562 176 354 575 668 571
1 5 120 342 566 346 355 576 669 579
1 5 106 177 569 348 356 572 670 582
1 5 65 343 584 184 192 564 671 441
1 5 108 365 587 368 193 585 672 589
1 5 73 185 591 373 194 442 673 593
1 5 71 187 444 190 364 581 674 597
1 5 105 345 586 188 361 578 675 595
1 5 121 366 590 370 380 599 676 602
1 5 110 189 594 375 381 596 677 605
1 5 77 389 607 196 204 608 678 447
1 5 112 390 611 393 205 609 679 612
1 5 78 197 614 395 206 448 680 615
1 5 81 199 450 202 401 617 681 620
1 5 113 391 610 200 402 622 682 618
1 5 122 392 613 394 403 623 683 625
1 5 114 201 616 396 404 619 684 627
1 5 123 28 124 409 410 132 411 629
1 5 409 124 82 125 629 411 133 412
1 5 126 409 125 31 413 629 412 134
1 5 131 410 629 413 36 127 414 130
1 5 410 132 411 629 127 83 128 414
1 5 629 411 133 412 414 128 116 129
1 5 413 629 412 134 130 414 129 86
1 5 135 30 136 415 416 144 417 630
1 5 415 136 88 137 630 417 145 418
1 5 138 415 137 42 419 630 418 146
1 5 143 416 630 419 39 139 420 142
1 5 416 144 417 630 139 85 140 420
1 5 630 417 145 418 420 140 117 141
1 5 419 630 418 146 142 420 141 91
1 5 147 32 148 421 422 156 423 631
1 5 421 148 87 149 631 423 157 424
1 5 150 421 149 35 425 631 424 158
1 5 155 422 631 425 52 151 426 154
1 5 422 156 423 631 151 93 152 426
1 5 631 423 157 424 426 152 118 153
1 5 425 631 424 158 154 426 153 96
1 5 159 48 160 427 428 168 429 632
1 5 427 160 97 161 632 429 169 430
1 5 162 427 161 51 431 632 430 170
1 5 167 428 632 431 60 163 432 166
1 5 428 168 429 632 163 98 164 432
1 5 632 429 169 430 432 164 119 165
1 5 431 632 430 170 166 432 165 101
1 5 171 64 172 433 434 180 435 633
1 5 433 172 103 173 633 435 181 436
1 5 174 433 173 66 437 633 436 182
1 5 179 434 633 437 70 175 438 178
1 5 434 180 435 633 175 104 176 438
1 5 633 435 181 436 438 176 120 177
1 5 437 633 436 182 178 438 177 106
1 5 183 65 184 439 440 192 441 634
1 5 439 184 108 185 634 441 193 442
1 5 186 439 185 73 443 634 442 194
1 5 191 440 634 443 71 187 444 190
1 5 440 192 441 634 187 105 188 444
1 5 634 441 193 442 444 188 121 189
1 5 443 634 442 194 190 444 189 110
1 5 195 77 196 445 446 204 447 635
1 5 445 196 112 197 635 447 205 448
1 5 198 445 197 78 449 635 448 206
1 5 203 446 635 449 81 199 450 202
1 5 446 204 447 635 199 113 200 450
1 5 635 447 205 448 450 200 122 201
1 5 449 635 448 206 202 450 201 114
1 5 207 2 208 451 452 213 453 636
1 5 451 208 29 209 636 453 214 454
1 5 124 451 209 82 411 636 454 133
1 5 132 452 636 411 83 210 455 128
1 5 452 213 453 636 210 37 211 455
1 5 636 453 214 454 455 211 84 212
1 5 411 636 454 133 128 455 212 116
1 5 209 29 215 456 454 214 457 637
1 5 456 215 3 216 637 457 221 458
1 5 217 456 216 30 459 637 458 144
1 5 133 454 637 459 116 212 460 220
1 5 454 214 457 637 212 84 218 460
1 5 637 457 221 458 460 218 38 219
1 5 459 637 458 144 220 460 219 85
1 5 125 82 217 461 412 133 459 638
1 5 461 217 30 135 638 459 144 416
1 5 222 461 135 15 462 638 416 143
1 5 134 412 638 462 86 129 463 223
1 5 412 133 459 638 129 116 220 463
1 5 638 459 144 416 463 220 85 139
1 5 462 638 416 143 223 463 139 39
1 5 127 83 128 414 464 225 465 639
1 5 414 128 116 129 639 465 226 466
1 5 130 414 129 86 467 639 466 227
1 5 224 464 639 467 17 147 421 150
1 5 464 225 465 639 147 32 148 421
1 5 639 465 226 466 421 148 87 149
1 5 467 639 466 227 150 421 149 35
1 5 210 37 211 455 468 231 469 640
1 5 455 211 84 212 640 469 232 470
1 5 128 455 212 116 465 640 470 226
1 5 225 468 640 465 32 228 471 148
1 5 468 231 469 640 228 5 229 471
1 5 640 469 232 470 471 229 33 230
1 5 465 640 470 226 148 471 230 87
1 5 212 84 218 460 470 232 472 641
1 5 460 218 38 219 641 472 236 473
1 5 220 460 219 85 474 641 473 237
1 5 226 470 641 474 87 230 475 235
1 5 470 232 472 641 230 33 233 475
1 5 641 472 236 473 475 233 6 234
1 5 474 641 473 237 235 475 234 34
1 5 129 116 220 463 466 226 474 642
1 5 463 220 85 139 642 474 237 476
1 5 223 463 139 39 477 642 476 240
1 5 227 466 642 477 35 149 478 239
1 5 466 226 474 642 149 87 235 478
1 5 642 474 237 476 478 235 34 238
1 5 477 642 476 240 239 478 238 18
1 5 216 3 241 479 458 221 480 643
1 5 479 241 40 242 643 480 245 481
1 5 136 479 242 88 417 643 481 145
1 5 144 458 643 417 85 219 482 140
1 5 458 221 480 643 219 38 243 482
1 5 643 480 245 481 482 243 89 244
1 5 417 643 481 145 140 482 244 117
1 5 242 40 246 483 481 245 484 644
1 5 483 246 4 247 644 484 252 485
1 5 248 483 247 41 486 644 485 253
1 5 145 481 644 486 117 244 487 251
1 5 481 245 484 644 244 89 249 487
1 5 644 484 252 485 487 249 46 250
1 5 486 644 485 253 251 487 250 90
1 5 137 88 248 488 418 145 486 645
1 5 488 248 41 254 645 486 253 489
1 5 255 488 254 16 490 645 489 258
1 5 146 418 645 490 91 141 491 257
1 5 418 145 486 645 141 117 251 491
1 5 645 486 253 489 491 251 90 256
1 5 490 645 489 258 257 491 256 47
1 5 139 85 140 420 476 237 492 646
1 5 420 140 117 141 646 492 262 493
1 5 142 420 141 91 494 646 493 263
1 5 240 476 646 494 18 238 495 261
1 5 476 237 492 646 238 34 259 495
1 5 646 492 262 493 495 259 92 260
1 5 494 646 493 263 261 495 260 45
1 5 219 38 243 482 473 236 496 647
1 5 482 243 89 244 647 496 266 497
1 5 140 482 244 117 492 647 497 262
1 5 237 473 647 492 34 234 498 259
1 5 473 236 496 647 234 6 264 498
1 5 647 496 266 497 498 264 43 265
1 5 492 647 497 262 259 498 265 92
1 5 244 89 249 487 497 266 499 648
1 5 487 249 46 250 648 499 270 500
1 5 251 487 250 90 501 648 500 271
1 5 262 497 648 501 92 265 502 269
1 5 497 266 499 648 265 43 267 502
1 5 648 499 270 500 502 267 7 268
1 5 501 648 500 271 269 502 268 44
1 5 141 117 251 491 493 262 501 649
1 5 491 251 90 256 649 501 271 503
1 5 257 491 256 47 504 649 503 274
1 5 263 493 649 504 45 260 505 273
1 5 493 262 501 649 260 92 269 505
1 5 649 501 271 503 505 269 44 272
1 5 504 649 503 274 273 505 272 19
1 5 228 5 229 471 506 278 507 650
1 5 471 229 33 230 650 507 279 508
1 5 148 471 230 87 423 650 508 157
1 5 156 506 650 423 93 275 509 152
1 5 506 278 507 650 275 53 276 509
1 5 650 507 279 508 509 276 94 277
1 5 423 650 508 157 152 509 277 118
1 5 230 33 233 475 508 279 510 651
1 5 475 233 6 234 651 510 283 511
1 5 235 475 234 34 512 651 511 284
1 5 157 508 651 512 118 277 513 282
1 5 508 279 510 651 277 94 280 513
1 5 651 510 283 511 513 280 54 281
1 5 512 651 511 284 282 513 281 95
1 5 149 87 235 478 424 157 512 652
1 5 478 235 34 238 652 512 284 514
1 5 239 478 238 18 515 652 514 287
1 5 158 424 652 515 96 153 516 286
1 5 424 157 512 652 153 118 282 516
1 5 652 512 284 514 516 282 95 285
1 5 515 652 514 287 286 516 285 55
1 5 151 93 152 426 517 289 518 653
1 5 426 152 118 153 653 518 290 519
1 5 154 426 153 96 520 653 519 291
1 5 288 517 653 520 20 159 427 162
1 5 517 289 518 653 159 48 160 427
1 5 653 518 290 519 427 160 97 161
1 5 520 653 519 291 162 427 161 51
1 5 275 53 276 509 521 295 522 654
1 5 509 276 94 277 654 522 296 523
1 5 152 509 277 118 518 654 523 290
1 5 289 521 654 518 48 292 524 160
1 5 521 295 522 654 292 8 293 524
1 5 654 522 296 523 524 293 49 294
1 5 518 654 523 290 160 524 294 97
1 5 277 94 280 513 523 296 525 655
1 5 513 280 54 281 655 525 300 526
1 5 282 513 281 95 527 655 526 301
1 5 290 523 655 527 97 294 528 299
1 5 523 296 525 655 294 49 297 528
1 5 655 525 300 526 528 297 9 298
1 5 527 655 526 301 299 528 298 50
1 5 153 118 282 516 519 290 527 656
1 5 516 282 95 285 656 527 301 529
1 5 286 516 285 55 530 656 529 304
1 5 291 519 656 530 51 161 531 303
1 5 519 290 527 656 161 97 299 531
1 5 656 527 301 529 531 299 50 302
1 5 530 656 529 304 303 531 302 21
1 5 292 8 293 524 532 308 533 657
1 5 524 293 49 294 657 533 309 534
1 5 160 524 294 97 429 657 534 169
1 5 168 532 657 429 98 305 535 164
1 5 532 308 533 657 305 61 306 535
1 5 657 533 309 534 535 306 99 307
1 5 429 657 534 169 164 535 307 119
1 5 294 49 297 528 534 309 536 658
1 5 528 297 9 298 658 536 313 537
1 5 299 528 298 50 538 658 537 314
1 5 169 534 658 538 119 307 539 312
1 5 534 309 536 658 307 99 310 539
1 5 658 536 313 537 539 310 62 311
1 5 538 658 537 314 312 539 311 100
1 5 161 97 299 531 430 169 538 659
1 5 531 299 50 302 659 538 314 540
1 5 303 531 302 21 541 659 540 317
1 5 170 430 659 541 101 165 542 316
1 5 430 169 538 659 165 119 312 542
1 5 659 538 314 540 542 312 100 315
1 5 541 659 540 317 316 542 315 63
1 5 163 98 164 432 543 323 544 660
1 5 432 164 119 165 660 544 324 545
1 5 166 432 165 101 546 660 545 325
1 5 322 543 660 546 10 318 547 321
1 5 543 323 544 660 318 56 319 547
1 5 660 544 324 545 547 319 102 320
1 5 546 660 545 325 321 547 320 59
1 5 305 61 306 535 548 329 549 661
1 5 535 306 99 307 661 549 330 550
1 5 164 535 307 119 544 661 550 324
1 5 323 548 661 544 56 326 551 319
1 5 548 329 549 661 326 0 327 551
1 5 661 549 330 550 551 327 57 328
1 5 544 661 550 324 319 551 328 102
1 5 307 99 310 539 550 330 552 662
1 5 539 310 62 311 662 552 334 553
1 5 312 539 311 100 554 662 553 335
1 5 324 550 662 554 102 328 555 333
1 5 550 330 552 662 328 57 331 555
1 5 662 552 334 553 555 331 1 332
1 5 554 662 553 335 333 555 332 58
1 5 165 119 312 542 545 324 554 663
1 5 542 312 100 315 663 554 335 556
1 5 316 542 315 63 557 663 556 338
1 5 325 545 663 557 59 320 558 337
1 5 545 324 554 663 320 102 333 558
1 5 663 554 335 556 558 333 58 336
1 5 557 663 556 338 337 558 336 11
1 5 339 5 278 559 560 229 507 664
1 5 559 278 53 340 664 507 276 561
1 5 172 559 340 103 435 664 561 181
1 5 180 560 664 435 104 341 562 176
1 5 560 229 507 664 341 33 279 562
1 5 664 507 276 561 562 279 94 342
1 5 435 664 561 181 176 562 342 120
1 5 340 53 295 563 561 276 522 665
1 5 563 295 8 343 665 522 293 564
1 5 344 563 343 65 565 665 564 192
1 5 181 561 665 565 120 342 566 346
1 5 561 276 522 665 342 94 296 566
1 5 665 522 293 564 566 296 49 345
1 5 565 665 564 192 346 566 345 105
1 5 173 103 344 567 436 181 565 666
1 5 567 344 65 183 666 565 192 440
1 5 347 567 183 23 568 666 440 191
1 5 182 436 666 568 106 177 569 348
1 5 436 181 565 666 177 120 346 569
1 5 666 565 192 440 569 346 105 187
1 5 568 666 440 191 348 569 187 71
1 5 175 104 176 438 570 354 571 667
1 5 438 176 120 177 667 571 355 572
1 5 178 438 177 106 573 667 572 356
1 5 353 570 667 573 24 349 574 352
1 5 570 354 571 667 349 67 350 574
1 5 667 571 355 572 574 350 107 351
1 5 573 667 572 356 352 574 351 69
1 5 341 33 279 562 575 233 510 668
1 5 562 279 94 342 668 510 280 576
1 5 176 562 342 120 571 668 576 355
1 5 354 575 668 571 67 357 577 350
1 5 575 233 510 668 357 6 283 577
1 5 668 510 280 576 577 283 54 358
1 5 571 668 576 355 350 577 358 107
1 5 342 94 296 566 576 280 525 669
1 5 566 296 49 345 669 525 297 578
1 5 346 566 345 105 579 669 578 361
1 5 355 576 669 579 107 358 580 360
1 5 576 280 525 669 358 54 300 580
1 5 669 525 297 578 580 300 9 359
1 5 579 669 578 361 360 580 359 68
1 5 177 120 346 569 572 355 579 670
1 5 569 346 105 187 670 579 361 581
1 5 348 569 187 71 582 670 581 364
1 5 356 572 670 582 69 351 583 363
1 5 572 355 579 670 351 107 360 583
1 5 670 579 361 581 583 360 68 362
1 5 582 670 581 364 363 583 362 25
1 5 343 8 308 584 564 293 533 671
1 5 584 308 61 365 671 533 306 585
1 5 184 584 365 108 441 671 585 193
1 5 192 564 671 441 105 345 586 188
1 5 564 293 533 671 345 49 309 586
1 5 671 533 306 585 586 309 99 366
1 5 441 671 585 193 188 586 366 121
1 5 365 61 329 587 585 306 549 672
1 5 587 329 0 367 672 549 327 588
1 5 368 587 367 72 589 672 588 371
1 5 193 585 672 589 121 366 590 370
1 5 585 306 549 672 366 99 330 590
1 5 672 549 327 588 590 330 57 369
1 5 589 672 588 371 370 590 369 109
1 5 185 108 368 591 442 193 589 673
1 5 591 368 72 372 673 589 371 592
1 5 373 591 372 12 593 673 592 376
1 5 194 442 673 593 110 189 594 375
1 5 442 193 589 673 189 121 370 594
1 5 673 589 371 592 594 370 109 374
1 5 593 673 592 376 375 594 374 76
1 5 187 105 188 444 581 361 595 674
1 5 444 188 121 189 674 595 380 596
1 5 190 444 189 110 597 674 596 381
1 5 364 581 674 597 25 362 598 379
1 5 581 361 595 674 362 68 377 598
1 5 674 595 380 596 598 377 111 378
1 5 597 674 596 381 379 598 378 75
1 5 345 49 309 586 578 297 536 675
1 5 586 309 99 366 675 536 310 599
1 5 188 586 366 121 595 675 599 380
1 5 361 578 675 595 68 359 600 377
1 5 578 297 536 675 359 9 313 600
1 5 675 536 310 599 600 313 62 382
1 5 595 675 599 380 377 600 382 111
1 5 366 99 330 590 599 310 552 676
1 5 590 330 57 369 676 552 331 601
1 5 370 590 369 109 602 676 601 385
1 5 380 599 676 602 111 382 603 384
1 5 599 310 552 676 382 62 334 603
1 5 676 552 331 601 603 334 1 383
1 5 602 676 601 385 384 603 383 74
1 5 189 121 370 594 596 380 602 677
1 5 594 370 109 374 677 602 385 604
1 5 375 594 374 76 605 677 604 388
1 5 381 596 677 605 75 378 606 387
1 5 596 380 602 677 378 111 384 606
1 5 677 602 385 604 606 384 74 386
1 5 605 677 604 388 387 606 386 13
1 5 389 12 372 607 608 376 592 678
1 5 607 372 72 390 678 592 371 609
1 5 196 607 390 112 447 678 609 205
1 5 204 608 678 447 113 391 610 200
1 5 608 376 592 678 391 76 374 610
1 5 678 592 371 609 610 374 109 392
1 5 447 678 609 205 200 610 392 122
1 5 390 72 367 611 609 371 588 679
1 5 611 367 0 326 679 588 327 551
1 5 393 611 326 56 612 679 551 319
1 5 205 609 679 612 122 392 613 394
1 5 609 371 588 679 392 109 369 613
1 5 679 588 327 551 613 369 57 328
1 5 612 679 551 319 394 613 328 102
1 5 197 112 393 614 448 205 612 680
1 5 614 393 56 318 680 612 319 547
1 5 395 614 318 10 615 680 547 321
1 5 206 448 680 615 114 201 616 396
1 5 448 205 612 680 201 122 394 616
1 5 680 612 319 547 616 394 102 320
1 5 615 680 547 321 396 616 320 59
1 5 199 113 200 450 617 402 618 681
1 5 450 200 122 201 681 618 403 619
1 5 202 450 201 114 620 681 619 404
1 5 401 617 681 620 27 397 621 400
1 5 617 402 618 681 397 79 398 621
1 5 681 618 403 619 621 398 115 399
1 5 620 681 619 404 400 621 399 80
1 5 391 76 374 610 622 388 604 682
1 5 610 374 109 392 682 604 385 623
1 5 200 610 392 122 618 682 623 403
1 5 402 622 682 618 79 405 624 398
1 5 622 388 604 682 405 13 386 624
1 5 682 604 385 623 624 386 74 406
1 5 618 682 623 403 398 624 406 115
1 5 392 109 369 613 623 385 601 683
1 5 613 369 57 328 683 601 331 555
1 5 394 613 328 102 625 683 555 333
1 5 403 623 683 625 115 406 626 407
1 5 623 385 601 683 406 74 383 626
1 5 683 601 331 555 626 383 1 332
1 5 625 683 555 333 407 626 332 58
1 5 201 122 394 616 619 403 625 684
1 5 616 394 102 320 684 625 333 558
1 5 396 616 320 59 627 684 558 337
1 5 404 619 684 627 80 399 628 408
1 5 619 403 625 684 399 115 407 628
1 5 684 625 333 558 628 407 58 336
1 5 627 684 558 337 408 628 336 11

boundary
416
42 3 126 409 123 14
42 3 138 415 135 15
42 3 207 2 213 452
42 3 126 14 131 413
42 3 2 208 453 213
42 3 138 15 143 419
42 3 3 241 480 221
42 3 4 247 485 252
42 3 18 238 495 261
42 3 228 5 278 506
42 3 150 17 155 425
42 3 6 234 511 283
42 3 292 8 308 532
42 3 162 20 167 431
42 3 9 298 537 313
42 3 174 433 171 22
42 3 186 439 183 23
42 3 339 5 229 560
42 3 174 22 179 437
42 3 24 349 574 352
42 3 186 23 191 443
42 3 25 362 598 379
42 3 198 445 195 26
42 3 389 12 376 608
42 3 198 26 203 449
42 3 27 397 621 400
42 3 124 451 207 28
42 3 217 456 209 82
42 3 222 461 125 31
42 3 123 28 132 410
42 3 127 83 225 464
42 3 210 37 231 468
42 3 29 215 457 214
42 3 84 218 472 232
42 3 37 211 469 231
42 3 40 246 484 245
42 3 89 249 499 266
42 3 38 243 496 236
42 3 171 64 180 434
42 3 175 104 354 570
42 3 341 33 233 575
42 3 67 357 577 350
42 3 107 358 580 360
42 3 69 351 583 363
42 3 136 479 216 30
42 3 248 483 242 88
42 3 255 488 137 42
42 3 222 31 134 462
42 3 223 86 227 477
42 3 130 36 224 467
42 3 239 35 158 515
42 3 286 96 291 530
42 3 154 52 288 520
42 3 255 42 146 490
42 3 257 91 263 504
42 3 142 39 240 494
42 3 41 254 489 253
42 3 90 256 503 271
42 3 46 250 500 270
42 3 79 405 624 398
42 3 115 406 626 407
42 3 80 399 628 408
42 3 34 234 498 259
42 3 92 265 502 269
42 3 45 260 505 273
42 3 34 238 514 284
42 3 95 285 529 301
42 3 54 281 526 300
42 3 50 302 540 314
42 3 100 315 556 335
42 3 62 311 553 334
42 3 147 32 156 422
42 3 151 93 289 517
42 3 275 53 295 521
42 3 159 48 168 428
42 3 163 98 323 543
42 3 305 61 329 548
42 3 172 559 339 64
42 3 344 563 340 103
42 3 347 567 173 66
42 3 184 584 343 65
42 3 368 587 365 108
42 3 373 591 185 73
42 3 303 51 170 541
42 3 316 101 325 557
42 3 166 60 322 546
42 3 347 66 182 568
42 3 348 106 356 582
42 3 178 70 353 573
42 3 373 73 194 593
42 3 375 110 381 605
42 3 190 71 364 597
42 3 68 359 600 377
42 3 111 382 603 384
42 3 75 378 606 387
42 3 196 607 389 77
42 3 393 611 390 112
42 3 395 614 197 78
42 3 195 77 204 446
42 3 199 113 402 617
42 3 391 76 388 622
42 3 395 78 206 615
42 3 396 114 404 627
42 3 202 81 401 620
42 3 409 124 28 123
42 3 125 82 124 409
42 3 31 125 409 126
42 3 28 207 452 132
42 3 132 452 210 83
42 3 452 213 37 210
42 3 208 29 214 453
42 3 453 214 84 211
42 3 213 453 211 37
42 3 241 40 245 480
42 3 480 245 89 243
42 3 221 480 243 38
42 3 64 339 560 180
42 3 180 560 341 104
42 3 560 229 33 341
42 3 349 67 350 574
42 3 574 350 107 351
42 3 352 574 351 69
42 3 451 208 2 207
42 3 209 29 208 451
42 3 82 209 451 124
42 3 456 215 29 209
42 3 216 3 215 456
42 3 30 216 456 217
42 3 461 217 82 125
42 3 135 30 217 461
42 3 15 135 461 222
42 3 14 123 410 131
42 3 131 410 127 36
42 3 410 132 83 127
42 3 36 127 464 224
42 3 224 464 147 17
42 3 464 225 32 147
42 3 83 210 468 225
42 3 225 468 228 32
42 3 468 231 5 228
42 3 215 3 221 457
42 3 457 221 38 218
42 3 214 457 218 84
42 3 218 38 236 472
42 3 472 236 6 233
42 3 232 472 233 33
42 3 211 84 232 469
42 3 469 232 33 229
42 3 231 469 229 5
42 3 246 4 252 484
42 3 484 252 46 249
42 3 245 484 249 89
42 3 249 46 270 499
42 3 499 270 7 267
42 3 266 499 267 43
42 3 243 89 266 496
42 3 496 266 43 264
42 3 236 496 264 6
42 3 22 171 434 179
42 3 179 434 175 70
42 3 434 180 104 175
42 3 70 175 570 353
42 3 353 570 349 24
42 3 570 354 67 349
42 3 104 341 575 354
42 3 354 575 357 67
42 3 575 233 6 357
42 3 357 6 283 577
42 3 577 283 54 358
42 3 350 577 358 107
42 3 358 54 300 580
42 3 580 300 9 359
42 3 360 580 359 68
42 3 351 107 360 583
42 3 583 360 68 362
42 3 363 583 362 25
42 3 415 136 30 135
42 3 137 88 136 415
42 3 42 137 415 138
42 3 479 241 3 216
42 3 242 40 241 479
42 3 88 242 479 136
42 3 483 246 40 242
42 3 247 4 246 483
42 3 41 247 483 248
42 3 488 248 88 137
42 3 254 41 248 488
42 3 16 254 488 255
42 3 31 126 413 134
42 3 134 413 130 86
42 3 413 131 36 130
42 3 35 150 425 158
42 3 158 425 154 96
42 3 425 155 52 154
42 3 15 222 462 143
42 3 143 462 223 39
42 3 462 134 86 223
42 3 39 223 477 240
42 3 240 477 239 18
42 3 477 227 35 239
42 3 86 130 467 227
42 3 227 467 150 35
42 3 467 224 17 150
42 3 18 239 515 287
42 3 287 515 286 55
42 3 515 158 96 286
42 3 55 286 530 304
42 3 304 530 303 21
42 3 530 291 51 303
42 3 96 154 520 291
42 3 291 520 162 51
42 3 520 288 20 162
42 3 42 138 419 146
42 3 146 419 142 91
42 3 419 143 39 142
42 3 16 255 490 258
42 3 258 490 257 47
42 3 490 146 91 257
42 3 47 257 504 274
42 3 274 504 273 19
42 3 504 263 45 273
42 3 91 142 494 263
42 3 263 494 261 45
42 3 494 240 18 261
42 3 247 41 253 485
42 3 485 253 90 250
42 3 252 485 250 46
42 3 397 79 398 621
42 3 621 398 115 399
42 3 400 621 399 80
42 3 254 16 258 489
42 3 489 258 47 256
42 3 253 489 256 90
42 3 256 47 274 503
42 3 503 274 19 272
42 3 271 503 272 44
42 3 250 90 271 500
42 3 500 271 44 268
42 3 270 500 268 7
42 3 405 13 386 624
42 3 624 386 74 406
42 3 398 624 406 115
42 3 406 74 383 626
42 3 626 383 1 332
42 3 407 626 332 58
42 3 399 115 407 628
42 3 628 407 58 336
42 3 408 628 336 11
42 3 238 34 259 495
42 3 495 259 92 260
42 3 261 495 260 45
42 3 234 34 284 511
42 3 511 284 95 281
42 3 283 511 281 54
42 3 298 50 314 537
42 3 537 314 100 311
42 3 313 537 311 62
42 3 234 6 264 498
42 3 498 264 43 265
42 3 259 498 265 92
42 3 265 43 267 502
42 3 502 267 7 268
42 3 269 502 268 44
42 3 260 92 269 505
42 3 505 269 44 272
42 3 273 505 272 19
42 3 238 18 287 514
42 3 514 287 55 285
42 3 284 514 285 95
42 3 285 55 304 529
42 3 529 304 21 302
42 3 301 529 302 50
42 3 281 95 301 526
42 3 526 301 50 298
42 3 300 526 298 9
42 3 302 21 317 540
42 3 540 317 63 315
42 3 314 540 315 100
42 3 315 63 338 556
42 3 556 338 11 336
42 3 335 556 336 58
42 3 311 100 335 553
42 3 553 335 58 332
42 3 334 553 332 1
42 3 32 228 506 156
42 3 156 506 275 93
42 3 506 278 53 275
42 3 48 292 532 168
42 3 168 532 305 98
42 3 532 308 61 305
42 3 433 172 64 171
42 3 173 103 172 433
42 3 66 173 433 174
42 3 439 184 65 183
42 3 185 108 184 439
42 3 73 185 439 186
42 3 17 147 422 155
42 3 155 422 151 52
42 3 422 156 93 151
42 3 52 151 517 288
42 3 288 517 159 20
42 3 517 289 48 159
42 3 93 275 521 289
42 3 289 521 292 48
42 3 521 295 8 292
42 3 20 159 428 167
42 3 167 428 163 60
42 3 428 168 98 163
42 3 60 163 543 322
42 3 322 543 318 10
42 3 543 323 56 318
42 3 98 305 548 323
42 3 323 548 326 56
42 3 548 329 0 326
42 3 559 278 5 339
42 3 340 53 278 559
42 3 103 340 559 172
42 3 563 295 53 340
42 3 343 8 295 563
42 3 65 343 563 344
42 3 567 344 103 173
42 3 183 65 344 567
42 3 23 183 567 347
42 3 584 308 8 343
42 3 365 61 308 584
42 3 108 365 584 184
42 3 587 329 61 365
42 3 367 0 329 587
42 3 72 367 587 368
42 3 591 368 108 185
42 3 372 72 368 591
42 3 12 372 591 373
42 3 51 162 431 170
42 3 170 431 166 101
42 3 431 167 60 166
42 3 21 303 541 317
42 3 317 541 316 63
42 3 541 170 101 316
42 3 63 316 557 338
42 3 338 557 337 11
42 3 557 325 59 337
42 3 101 166 546 325
42 3 325 546 321 59
42 3 546 322 10 321
42 3 66 174 437 182
42 3 182 437 178 106
42 3 437 179 70 178
42 3 73 186 443 194
42 3 194 443 190 110
42 3 443 191 71 190
42 3 23 347 568 191
42 3 191 568 348 71
42 3 568 182 106 348
42 3 71 348 582 364
42 3 364 582 363 25
42 3 582 356 69 363
42 3 106 178 573 356
42 3 356 573 352 69
42 3 573 353 24 352
42 3 12 373 593 376
42 3 376 593 375 76
42 3 593 194 110 375
42 3 76 375 605 388
42 3 388 605 387 13
42 3 605 381 75 387
42 3 110 190 597 381
42 3 381 597 379 75
42 3 597 364 25 379
42 3 362 68 377 598
42 3 598 377 111 378
42 3 379 598 378 75
42 3 359 9 313 600
42 3 600 313 62 382
42 3 377 600 382 111
42 3 382 62 334 603
42 3 603 334 1 383
42 3 384 603 383 74
42 3 378 111 384 606
42 3 606 384 74 386
42 3 387 606 386 13
42 3 445 196 77 195
42 3 197 112 196 445
42 3 78 197 445 198
42 3 607 372 12 389
42 3 390 72 372 607
42 3 112 390 607 196
42 3 611 367 72 390
42 3 326 0 367 611
42 3 56 326 611 393
42 3 614 393 112 197
42 3 318 56 393 614
42 3 10 318 614 395
42 3 77 389 608 204
42 3 204 608 391 113
42 3 608 376 76 391
42 3 26 195 446 203
42 3 203 446 199 81
42 3 446 204 113 199
42 3 81 199 617 401
42 3 401 617 397 27
42 3 617 402 79 397
42 3 113 391 622 402
42 3 402 622 405 79
42 3 622 388 13 405
42 3 78 198 449 206
42 3 206 449 202 114
42 3 449 203 81 202
42 3 10 395 615 321
42 3 321 615 396 59
42 3 615 206 114 396
42 3 59 396 627 337
42 3 337 627 408 11
42 3 627 404 80 408
42 3 114 202 620 404
42 3 404 620 400 80
42 3 620 401 27 400

vertices
685

nodes
FiniteElementSpace
FiniteElementCollection: H1_3D_P2
VDim: 3
Ordering: 0

0.50295308
0.42586599
0.56955658
0.46850803
0.36407998
0.59296204
0.48293061
0.37107077
0.56955658
0.46850803
0.46713824
0.34802459
0.26568513
0.22229806
0.60844596
0.42529438
0.27585809
0.66119981
0.45397621
0.28596008
0.60844596
0.42529438
0.3224644
0.30721416
0.25605782
0.2473562
0.27788281
0.20621024
0.58900127
0.5190323
0.4469012
0.51687017
0.62708092
0.53794633
0.46845341
0.55758801
0.63482288
0.58125931
0.47571932
0.43963529
0.416294
0.31996904
0.35057624
0.42700069
0.32851542
0.36996814
0.36757538
0.28090909
0.58900127
0.5190323
0.4469012
0.51687017
0.63482288
0.58125931
0.47571932
0.43963529
0.48504566
0.46440953
0.38694529
0.40758141
0.5377921
0.53625483
0.44718701
0.38665948
0.45771322
0.43838537
0.31483928
0.36949421
0.35793211
0.25170701
0.28926111
0.27728518
0.3843191
0.28644964
0.32408202
0.23482713
0.24399159
0.27178397
0.37251052
0.21425415
0.27711741
0.24204652
0.51795124
0.6080411
0.52848931
0.45767731
0.53722909
0.54776717
0.38343512
0.42164735
0.32424223
0.36027219
0.39848442
0.6080411
0.52848931
0.45767731
0.53722909
0.51795124
0.53702346
0.49172092
0.41692324
0.46222579
0.43599547
0.44804929
0.41360372
0.39815874
0.28327314
0.36371316
0.41135223
0.35420056
0.26063839
0.34100707
0.37841481
0.24301906
0.32481397
0.30059972
0.5328592
0.39095977
0.5328592
0.47697335
0.40588123
0.37617965
0.33950727
0.59872361
0.55347625
0.5174107
0.56265806
0.62143199
0.57045015
0.53504414
0.58602599
0.62163442
0.59852118
0.52540522
0.52704963
0.43609779
0.41516816
0.36700568
0.38793531
0.4486563
0.42431854
0.37561598
0.39995374
0.43246484
0.45228925
0.38719744
0.35542421
0.64414037
0.58742405
0.55267759
0.60939391
0.62143199
0.57045015
0.53504414
0.58602599
0.64801134
0.61756101
0.54031318
0.54740855
0.59872361
0.55347625
0.5174107
0.56265806
0.53740778
0.50699841
0.46959957
0.50000894
0.57311903
0.56301237
0.49746229
0.48954798
0.39008881
0.45288126
0.38144429
0.31865184
0.35143241
0.40974247
0.34457719
0.28626713
0.30586276
0.43565847
0.42696526
0.29905621
0.37279976
0.4248688
0.34890094
0.2968319
0.33772196
0.38716919
0.31840902
0.26896178
0.29224967
0.41827205
0.39376594
0.27354401
0.27483339
0.32509939
0.37546267
0.32519667
0.24253279
0.29126316
0.33216062
0.28343024
0.25996467
0.25740151
0.35896104
0.34866224
0.57927892
0.54429444
0.51849177
0.5946502
0.55487431
0.53067426
0.57540794
0.52376081
0.49377016
0.45770461
0.48242622
0.50210432
0.46669831
0.49526825
0.47211367
0.47108227
0.48843219
0.64801134
0.61756101
0.54031318
0.54740855
0.61002148
0.56545418
0.54285675
0.58711068
0.53321782
0.51043847
0.47569201
0.50811029
0.47932497
0.46306536
0.46121481
0.50578211
0.44680575
0.44240102
0.39986456
0.44868333
0.40630356
0.41897068
0.39018699
0.34202451
0.35170208
0.39461136
0.3459088
0.357601
0.36582768
0.32210564
0.29791357
0.31321717
0.30257566
0.32059064
0.27838359
0.43346891
0.38422628
0.41197217
0.39472209
0.36512017
0.45496565
0.41274255
0.42432402
0.39903573
0.3497931
0.36349992
0.36932308
0.32637883
0.30723775
0.32796411
0.28343458
0.5946502
0.55487431
0.53067426
0.58711068
0.53321782
0.50210432
0.46669831
0.49526825
0.47932497
0.46306536
0.4486563
0.48843219
0.44680575
0.62163442
0.59852118
0.52540522
0.52704963
0.57927892
0.54429444
0.51849177
0.57540794
0.52376081
0.49377016
0.45770461
0.48242622
0.47211367
0.45228925
0.43609779
0.47108227
0.43246484
0.53663914
0.51398787
0.48434714
0.5529057
0.50537661
0.46945396
0.43205513
0.4469483
0.45784752
0.43191222
0.40179136
0.42444264
0.40597693
0.47609195
0.46052056
0.42178844
0.43735982
0.50246517
0.51103456
0.45648441
0.4349036
0.49399937
0.4836813
0.4502025
0.51960395
0.47806522
0.44513776
0.40640564
0.41147038
0.4365265
0.40193426
0.36748494
0.377803
0.36734203
0.52533763
0.5146543
0.47577502
0.46718527
0.50397097
0.44321733
0.45859552
0.40201998
0.31102672
0.28027916
0.31277602
0.36660369
0.30771008
0.25388241
0.27265946
0.39154897
0.3847972
0.26749008
0.42621241
0.41971624
0.41322007
0.36082264
0.37804542
0.30264415
0.2495316
0.26232069
0.47380353
0.43395028
0.44363609
0.39783567
0.40930505
0.36519011
0.36925983
0.32500211
0.27606738
0.29909608
0.25231499
0.25483836
0.34946959
0.2879171
0.24109166
0.35859336
0.24773276
0.39409704
0.374974
0.33254455
0.33914129
0.27319004
0.2285626
0.23314483
0.26873455
0.38136696
0.24350533
0.34685391
0.43173023
0.38775137
0.41982438
0.36619769
0.21023219
0.25742693
0.28885856
0.24166382
0.22412838
0.2286366
0.32005349
0.30096569
0.21827611
0.31234087
0.3437725
0.312571
0.55806716
0.6100778
0.5619632
0.52622742
0.57434202
0.57823807
0.40155173
0.44237704
0.41974335
0.37131083
0.39394452
0.41213614
0.59840898
0.63278618
0.5789371
0.54386087
0.59770995
0.57823807
0.55806716
0.5680657
0.53023733
0.49350514
0.5313335
0.50350368
0.38576655
0.37076061
0.43131187
0.36301074
0.30245948
0.3480048
0.36085035
0.35526086
0.406019
0.33365498
0.28289684
0.32806549
0.32514803
0.25868309
0.30818128
0.35381164
0.30431345
0.2873467
0.54888535
0.58696456
0.54958438
0.52458301
0.56266223
0.48809819
0.49793724
0.46220146
0.48884724
0.49868628
0.47675425
0.47975723
0.49185022
0.63278618
0.5789371
0.54386087
0.59770995
0.60233584
0.56016425
0.5367655
0.57643911
0.50627139
0.47119516
0.50168927
0.50927438
0.45493555
0.49710715
0.5069462
0.42878459
0.44554217
0.40308406
0.43650094
0.37094454
0.39239918
0.34396666
0.35465154
0.37610618
0.33245962
0.30024461
0.3169039
0.33909582
0.42889373
0.37992113
0.40596296
0.42272054
0.45182449
0.40952306
0.44421728
0.39682355
0.34785095
0.36055046
0.38126783
0.3049067
0.32427737
0.34573201
0.60233584
0.56016425
0.5367655
0.56266223
0.50627139
0.47119516
0.50168927
0.49868628
0.45493555
0.49710715
0.49185022
0.6100778
0.5619632
0.52622742
0.57434202
0.58696456
0.54958438
0.52458301
0.54888535
0.49793724
0.46220146
0.48884724
0.48809819
0.44237704
0.47975723
0.47675425
0.55795903
0.52914116
0.50141945
0.51049314
0.48161206
0.44487987
0.46468726
0.45820113
0.41894458
0.44776246
0.43569547
0.50674986
0.48375949
0.44569401
0.46868438
0.44894019
0.51531926
0.49883459
0.46727482
0.47210093
0.45729586
0.41923038
0.42920934
0.42830407
0.38463815
0.40112282
0.39463669
0.51999597
0.50055633
0.49091979
0.47148015
0.50931264
0.48128325
0.42261866
0.4628904
0.37712202
0.29565294
0.34114957
0.33210422
0.38817308
0.32614364
0.27007477
0.31024305
0.45099372
0.44345076
0.42296433
0.43590779
0.38142131
0.41646815
0.32018306
0.26490538
0.30517712
0.48888725
0.45387691
0.4462729
0.45871981
0.42647057
0.38151289
0.42162767
0.33695153
0.3120491
0.26419119
0.30875255
0.36831939
0.30316306
0.25502672
0.29528063
0.41402366
0.40365855
0.39213953
0.34886733
0.38453552
0.28614306
0.24043879
0.28055357
0.32505075
0.25611994
0.36411044
0.29517962
0.43768316
0.4097408
0.39852821
0.42577731
0.39301103
0.37697453
0.22638249
0.27434505
0.31050959
0.26254703
0.24954538
0.23089072
0.32959739
0.26530849
0.36576193
0.35937325
0.33938434
0.32817175
0.56815261
0.40684394
0.58832352
0.53078542
0.36688568
0.34445792
0.30624737
0.55577379
0.49339224
0.48430223
0.58832352
0.56955067
0.50398033
0.49939821
0.43264276
0.37352536
0.33577772
0.41742834
0.44035911
0.378687
0.34241392
0.56955067
0.50398033
0.49939821
0.56815261
0.55577379
0.49339224
0.48430223
0.52968924
0.47314966
0.45622486
0.47622194
0.49129704
0.4432526
0.41516608
0.49573806
0.48610152
0.3591358
0.32912393
0.44722224
0.43967928
0.32316335
0.46758008
0.44017374
0.32285204
0.31167306
0.42496573
0.40308159
0.29465306
0.31011519
0.41810569
0.40137592
0.26844604
0.28024405
0.37895073
0.35257314
0.60358479
0.57839539
0.56036261
0.58555201
0.61585611
0.58911521
0.57124732
0.59798822
0.61504019
0.60440071
0.56310989
0.56850004
0.43069608
0.41882476
0.39474352
0.40661484
0.43742094
0.42461049
0.40039423
0.41320468
0.42887961
0.43923742
0.40419784
0.39093992
0.65267009
0.62127467
0.60390144
0.63529686
0.64039876
0.61055485
0.59301673
0.62286065
0.65460558
0.63846327
0.59336625
0.60355193
0.60358479
0.57839539
0.56036261
0.58555201
0.57059236
0.54942556
0.53105946
0.55222627
0.59078249
0.58339466
0.54442629
0.54699578
0.35627661
0.38792768
0.3522092
0.32055812
0.33831169
0.36882314
0.33467258
0.30416112
0.31416358
0.38042471
0.37632611
0.31055566
0.34000696
0.36682505
0.32884112
0.30202303
0.32375526
0.34985939
0.31367738
0.28757325
0.29973191
0.36403031
0.35265413
0.28986437
0.2763581
0.29999071
0.32517235
0.30153974
0.25932388
0.28246523
0.30528041
0.28213906
0.26892374
0.26675824
0.3156977
0.31475506
0.5841401
0.56408213
0.5511808
0.57123876
0.59274287
0.57136917
0.55886849
0.58024219
0.59376122
0.58312174
0.55232957
0.55771973
0.5182215
0.50329498
0.48526221
0.50018873
0.52499412
0.50898763
0.49111974
0.50712623
0.52167823
0.52153739
0.49074521
0.48563673
0.51714044
0.49708247
0.47391826
0.49397622
0.52663853
0.50526483
0.48202973
0.50340343
0.5219599
0.52181906
0.48052824
0.47541975
0.62812744
0.59983503
0.58213203
0.61042443
0.64039876
0.61055485
0.59301673
0.62286065
0.64141711
0.62710908
0.58328079
0.59186797
0.60134565
0.57865622
0.56655619
0.58924562
0.60994843
0.58594326
0.57424388
0.59824905
0.61280105
0.59849302
0.56610645
0.57469362
0.53176673
0.51468027
0.49697727
0.51406373
0.53853934
0.52037292
0.5028348
0.52100123
0.53658619
0.53371988
0.50133331
0.49847876
0.53613662
0.51344718
0.49014121
0.51283064
0.54563471
0.52162954
0.49825268
0.52225785
0.54231882
0.5394525
0.49562422
0.49276967
0.45230291
0.4432446
0.42197638
0.43103468
0.45724536
0.44742211
0.42619306
0.4360163
0.44959523
0.45995304
0.43071368
0.41745576
0.39164984
0.38540455
0.36132331
0.3675686
0.39514075
0.38830471
0.36408845
0.37092449
0.38531628
0.40147431
0.37223495
0.35317681
0.35879096
0.34973265
0.32283839
0.3318967
0.36336752
0.35354427
0.32634081
0.33616406
0.35300022
0.36915825
0.33411867
0.31506053
0.4441458
0.43039622
0.40604494
0.41979452
0.45087065
0.43618195
0.41169565
0.42638435
0.44322052
0.45179593
0.41478224
0.40295835
0.46218781
0.45159962
0.43040974
0.44099792
0.46713026
0.45577714
0.43462642
0.44597954
0.46037133
0.46894674
0.43843002
0.42660613
0.39863166
0.39120487
0.36685359
0.37428038
0.40212257
0.39410503
0.36961873
0.37763628
0.39284093
0.40791331
0.37739659
0.35907573
0.36794408
0.3573559
0.32984323
0.34043141
0.37252065
0.36116752
0.33334564
0.34469877
0.36269618
0.37776855
0.34075487
0.32243401
0.6185512
0.5932303
0.58193158
0.60725248
0.60994843
0.58594326
0.57424388
0.59824905
0.62232097
0.60617866
0.57299489
0.58318057
0.54531196
0.52606556
0.50869233
0.52793873
0.53853934
0.52037292
0.5028348
0.52100123
0.54404018
0.53981112
0.50662735
0.50489978
0.5551328
0.52981189
0.50636415
0.53168506
0.54563471
0.52162954
0.49825268
0.52225785
0.55249828
0.54826923
0.5031722
0.50144463
0.62812744
0.59983503
0.58213203
0.61042443
0.61585611
0.58911521
0.57124732
0.59798822
0.62822865
0.6157549
0.57319534
0.58018401
0.60134565
0.57865622
0.56655619
0.58924562
0.59274287
0.57136917
0.55886849
0.58024219
0.60328114
0.59080738
0.55921801
0.56620667
0.53176673
0.51468027
0.49697727
0.51406373
0.52499412
0.50898763
0.49111974
0.50712623
0.52913221
0.52762864
0.49603926
0.49205774
0.53613662
0.51344718
0.49014121
0.51283064
0.52663853
0.50526483
0.48202973
0.50340343
0.53213936
0.53063578
0.48807623
0.48409471
0.5841401
0.56408213
0.5511808
0.57123876
0.5604857
0.54382414
0.52996329
0.54662485
0.57600682
0.56861898
0.53928729
0.54185679
0.5182215
0.50329498
0.48526221
0.50018873
0.49944087
0.48728456
0.46891846
0.48107478
0.50770676
0.50995561
0.48062393
0.47355674
0.51714044
0.49708247
0.47391826
0.49397622
0.49152656
0.474865
0.45199366
0.46865522
0.50320907
0.50545792
0.46648955
0.45942236
0.53759994
0.52045573
0.50175631
0.51890052
0.50460752
0.4914859
0.47245316
0.48557478
0.52012863
0.52207882
0.48986281
0.48434666
0.5368313
0.52356614
0.50874577
0.52201094
0.51317691
0.50330815
0.48752826
0.49739702
0.52402901
0.5259792
0.50089509
0.49537895
0.48066024
0.47127413
0.45257471
0.46196083
0.46187962
0.45526371
0.43623097
0.44284688
0.46672888
0.47581098
0.45072686
0.43807882
0.46591268
0.45264752
0.43006905
0.44333421
0.4402988
0.43043004
0.40814445
0.41801321
0.4485647
0.45764679
0.42543077
0.41278273
0.49152543
0.5226668
0.48643861
0.45529724
0.4681074
0.49814719
0.46352496
0.43348517
0.44668585
0.51294698
0.50786701
0.44209656
0.4813518
0.51198347
0.47626498
0.44563331
0.45894252
0.48851065
0.45436009
0.42479196
0.43750728
0.50278704
0.49770708
0.43291799
0.34814178
0.37928316
0.34407437
0.312933
0.33103347
0.36107327
0.32739437
0.29735458
0.30694775
0.37222751
0.36812891
0.30333983
0.32034676
0.34971861
0.31713596
0.28776412
0.30238184
0.33061407
0.29959935
0.27136712
0.28096029
0.34176832
0.33856436
0.27817095
0.44468937
0.47362758
0.44061131
0.4116731
0.42127134
0.44910798
0.41769766
0.38986102
0.40257634
0.46338437
0.45935119
0.39895778
0.43653325
0.46503783
0.43245519
0.40395061
0.41412398
0.44156502
0.41055029
0.38310925
0.39533921
0.45531801
0.45128484
0.39172065
0.31392516
0.34286338
0.31071437
0.28177615
0.29681686
0.32465349
0.29403436
0.26619773
0.27538161
0.33536041
0.33215646
0.27259227
0.47117817
0.49642911
0.45687803
0.43162708
0.44977765
0.47443166
0.43679954
0.41214552
0.42832871
0.49262711
0.47823366
0.4154439
0.44257788
0.46626167
0.42827774
0.40459395
0.42382142
0.44702532
0.41084331
0.38763942
0.40255909
0.46384022
0.44944677
0.38967428
0.31767529
0.34292623
0.30650945
0.28125851
0.3035995
0.32825351
0.29352161
0.2688676
0.27999683
0.34127796
0.32990178
0.27012929
0.30750357
0.33289372
0.29851363
0.27312348
0.29125187
0.31592806
0.28334989
0.2586737
0.26980293
0.32895251
0.31986927
0.26199425
0.42837713
0.45243421
0.41672105
0.39266397
0.40697661
0.43043676
0.39664256
0.37318241
0.38810208
0.44725166
0.43561931
0.37774429
0.40506497
0.42778897
0.39340889
0.37068488
0.38630851
0.40855263
0.37597446
0.35373034
0.36738651
0.42398697
0.41235463
0.35702872
0.2895237
0.31358078
0.28053377
0.25647669
0.27544791
0.29890806
0.26754593
0.24408578
0.25418557
0.31078604
0.3017028
0.24637689
0.27025926
0.29689265
0.32507507
0.29844168
0.25676072
0.28311756
0.30914823
0.28279139
0.26459274
0.26242724
0.31758297
0.31664033
0.37989088
0.40952506
0.4347067
0.40507252
0.36153574
0.39110806
0.41392324
0.38435092
0.36868793
0.3727387
0.42789442
0.42073552
0.3739866
0.40061999
0.42280084
0.39616745
0.35123694
0.37759378
0.39719348
0.37083664
0.36058638
0.36463715
0.41357661
0.40641771
0.24228966
0.26493975
0.28538847
0.26273838
0.22525544
0.24741427
0.26549654
0.24333771
0.23308745
0.23445764
0.27789637
0.27298864
0.24326219
0.26934247
0.29322139
0.26714111
0.22976366
0.25556739
0.27729455
0.25149083
0.23582783
0.23719802
0.28771184
0.2828041
0.34318059
0.37269106
0.39313979
0.36362932
0.32482544
0.35427406
0.37235633
0.34290771
0.32978038
0.33822565
0.38873947
0.37675665
0.32848729
0.35456757
0.37158611
0.34550583
0.30573764
0.33154136
0.34597874
0.32017502
0.31288983
0.3213351
0.36477383
0.35279102
0.59386244
0.5557717
0.60429949
0.56505791
0.53571374
0.51768097
0.53773893
0.54368421
0.52581632
0.54719002
0.53976412
0.55069583
0.62822865
0.6157549
0.57319534
0.58018401
0.61473654
0.57434411
0.60328114
0.56620667
0.55165467
0.53395167
0.55664111
0.52913221
0.53063578
0.56162754
0.53213936
0.4414995
0.40835995
0.44733315
0.41329364
0.39930164
0.3752204
0.38427871
0.4034704
0.37925414
0.38907738
0.36925577
0.37468437
0.43605006
0.44551667
0.40949004
0.39694913
0.4531668
0.41822734
0.45498328
0.42203094
0.40763915
0.38328787
0.39387606
0.38907861
0.3734634
0.38011296
0.3578482
0.63561064
0.59291651
0.62517359
0.58363031
0.56759561
0.55022238
0.57554328
0.55962514
0.54208702
0.56609219
0.58349096
0.57255925
0.64141711
0.62710908
0.58328079
0.59186797
