MFEM mesh v1.0

#
# MFEM Geometry Types (see mesh/geom.hpp):
#
# POINT       = 0
# SEGMENT     = 1
# TRIANGLE    = 2
# SQUARE      = 3
# TETRAHEDRON = 4
# CUBE        = 5
#

dimension
3

elements
448
1 5 1 139 453 142 147 454 685 457
1 5 6 151 459 154 159 460 686 463
1 5 8 163 465 166 171 466 687 469
1 5 21 175 471 178 183 472 688 475
1 5 22 187 477 190 195 478 689 481
1 5 26 199 483 202 207 484 690 487
1 5 28 211 489 214 219 490 691 493
1 5 33 223 495 140 148 496 692 455
1 5 95 225 500 233 149 498 693 503
1 5 36 141 505 238 150 456 694 506
1 5 41 143 458 146 240 508 695 511
1 5 96 226 499 144 241 512 696 509
1 5 132 228 504 236 242 514 697 518
1 5 99 145 507 239 243 510 698 521
1 5 35 232 523 152 160 502 699 461
1 5 101 258 527 264 161 525 700 530
1 5 47 153 532 271 162 462 701 534
1 5 44 155 464 158 256 520 702 538
1 5 98 235 526 156 253 517 703 536
1 5 133 260 531 267 278 541 704 545
1 5 104 157 535 273 279 537 705 548
1 5 37 244 515 164 172 550 706 467
1 5 100 246 519 251 173 552 707 556
1 5 40 165 522 255 174 468 708 559
1 5 57 167 470 170 308 561 709 564
1 5 106 291 553 168 309 566 710 562
1 5 134 293 557 298 310 568 711 572
1 5 109 169 560 302 311 563 712 575
1 5 61 325 577 176 184 578 713 473
1 5 111 326 581 331 185 579 714 584
1 5 64 177 586 338 186 474 715 588
1 5 69 179 476 182 346 590 716 593
1 5 112 327 580 180 347 595 717 591
1 5 135 328 585 334 348 597 718 601
1 5 115 181 589 340 349 592 719 604
1 5 73 362 606 188 196 607 720 479
1 5 117 363 611 369 197 609 721 614
1 5 62 189 616 329 198 480 722 582
1 5 70 191 482 194 352 619 723 596
1 5 118 364 610 192 377 622 724 620
1 5 136 366 615 372 378 624 725 628
1 5 113 193 618 332 353 621 726 599
1 5 75 379 625 200 208 632 727 485
1 5 121 381 629 385 209 634 728 638
1 5 66 201 631 354 210 486 729 640
1 5 83 203 488 206 402 642 730 645
1 5 122 388 635 204 403 647 731 643
1 5 137 390 639 395 404 649 732 653
1 5 125 205 641 397 405 644 733 656
1 5 77 384 658 212 220 637 734 491
1 5 127 420 662 426 221 660 735 665
1 5 89 213 667 433 222 492 736 669
1 5 86 215 494 218 418 655 737 673
1 5 124 394 661 216 415 652 738 671
1 5 138 422 666 429 440 676 739 680
1 5 130 217 670 435 441 672 740 683
1 5 139 33 140 453 454 148 455 685
1 5 453 140 95 141 685 455 149 456
1 5 142 453 141 36 457 685 456 150
1 5 147 454 685 457 41 143 458 146
1 5 454 148 455 685 143 96 144 458
1 5 685 455 149 456 458 144 132 145
1 5 457 685 456 150 146 458 145 99
1 5 151 35 152 459 460 160 461 686
1 5 459 152 101 153 686 461 161 462
1 5 154 459 153 47 463 686 462 162
1 5 159 460 686 463 44 155 464 158
1 5 460 160 461 686 155 98 156 464
1 5 686 461 161 462 464 156 133 157
1 5 463 686 462 162 158 464 157 104
1 5 163 37 164 465 466 172 467 687
1 5 465 164 100 165 687 467 173 468
1 5 166 465 165 40 469 687 468 174
1 5 171 466 687 469 57 167 470 170
1 5 466 172 467 687 167 106 168 470
1 5 687 467 173 468 470 168 134 169
1 5 469 687 468 174 170 470 169 109
1 5 175 61 176 471 472 184 473 688
1 5 471 176 111 177 688 473 185 474
1 5 178 471 177 64 475 688 474 186
1 5 183 472 688 475 69 179 476 182
1 5 472 184 473 688 179 112 180 476
1 5 688 473 185 474 476 180 135 181
1 5 475 688 474 186 182 476 181 115
1 5 187 73 188 477 478 196 479 689
1 5 477 188 117 189 689 479 197 480
1 5 190 477 189 62 481 689 480 198
1 5 195 478 689 481 70 191 482 194
1 5 478 196 479 689 191 118 192 482
1 5 689 479 197 480 482 192 136 193
1 5 481 689 480 198 194 482 193 113
1 5 199 75 200 483 484 208 485 690
1 5 483 200 121 201 690 485 209 486
1 5 202 483 201 66 487 690 486 210
1 5 207 484 690 487 83 203 488 206
1 5 484 208 485 690 203 122 204 488
1 5 690 485 209 486 488 204 137 205
1 5 487 690 486 210 206 488 205 125
1 5 211 77 212 489 490 220 491 691
1 5 489 212 127 213 691 491 221 492
1 5 214 489 213 89 493 691 492 222
1 5 219 490 691 493 86 215 494 218
1 5 490 220 491 691 215 124 216 494
1 5 691 491 221 492 494 216 138 217
1 5 493 691 492 222 218 494 217 130
1 5 223 0 224 495 496 229 497 692
1 5 495 224 34 225 692 497 230 498
1 5 140 495 225 95 455 692 498 149
1 5 148 496 692 455 96 226 499 144
1 5 496 229 497 692 226 42 227 499
1 5 692 497 230 498 499 227 97 228
1 5 455 692 498 149 144 499 228 132
1 5 225 34 231 500 498 230 501 693
1 5 500 231 4 232 693 501 237 502
1 5 233 500 232 35 503 693 502 160
1 5 149 498 693 503 132 228 504 236
1 5 498 230 501 693 228 97 234 504
1 5 693 501 237 502 504 234 43 235
1 5 503 693 502 160 236 504 235 98
1 5 141 95 233 505 456 149 503 694
1 5 505 233 35 151 694 503 160 460
1 5 238 505 151 6 506 694 460 159
1 5 150 456 694 506 99 145 507 239
1 5 456 149 503 694 145 132 236 507
1 5 694 503 160 460 507 236 98 155
1 5 506 694 460 159 239 507 155 44
1 5 143 96 144 458 508 241 509 695
1 5 458 144 132 145 695 509 242 510
1 5 146 458 145 99 511 695 510 243
1 5 240 508 695 511 8 163 465 166
1 5 508 241 509 695 163 37 164 465
1 5 695 509 242 510 465 164 100 165
1 5 511 695 510 243 166 465 165 40
1 5 226 42 227 499 512 247 513 696
1 5 499 227 97 228 696 513 248 514
1 5 144 499 228 132 509 696 514 242
1 5 241 512 696 509 37 244 515 164
1 5 512 247 513 696 244 2 245 515
1 5 696 513 248 514 515 245 38 246
1 5 509 696 514 242 164 515 246 100
1 5 228 97 234 504 514 248 516 697
1 5 504 234 43 235 697 516 252 517
1 5 236 504 235 98 518 697 517 253
1 5 242 514 697 518 100 246 519 251
1 5 514 248 516 697 246 38 249 519
1 5 697 516 252 517 519 249 10 250
1 5 518 697 517 253 251 519 250 39
1 5 145 132 236 507 510 242 518 698
1 5 507 236 98 155 698 518 253 520
1 5 239 507 155 44 521 698 520 256
1 5 243 510 698 521 40 165 522 255
1 5 510 242 518 698 165 100 251 522
1 5 698 518 253 520 522 251 39 254
1 5 521 698 520 256 255 522 254 18
1 5 232 4 257 523 502 237 524 699
1 5 523 257 45 258 699 524 261 525
1 5 152 523 258 101 461 699 525 161
1 5 160 502 699 461 98 235 526 156
1 5 502 237 524 699 235 43 259 526
1 5 699 524 261 525 526 259 102 260
1 5 461 699 525 161 156 526 260 133
1 5 258 45 262 527 525 261 528 700
1 5 527 262 5 263 700 528 268 529
1 5 264 527 263 46 530 700 529 269
1 5 161 525 700 530 133 260 531 267
1 5 525 261 528 700 260 102 265 531
1 5 700 528 268 529 531 265 51 266
1 5 530 700 529 269 267 531 266 103
1 5 153 101 264 532 462 161 530 701
1 5 532 264 46 270 701 530 269 533
1 5 271 532 270 7 534 701 533 274
1 5 162 462 701 534 104 157 535 273
1 5 462 161 530 701 157 133 267 535
1 5 701 530 269 533 535 267 103 272
1 5 534 701 533 274 273 535 272 52
1 5 155 98 156 464 520 253 536 702
1 5 464 156 133 157 702 536 278 537
1 5 158 464 157 104 538 702 537 279
1 5 256 520 702 538 18 254 539 277
1 5 520 253 536 702 254 39 275 539
1 5 702 536 278 537 539 275 105 276
1 5 538 702 537 279 277 539 276 50
1 5 235 43 259 526 517 252 540 703
1 5 526 259 102 260 703 540 282 541
1 5 156 526 260 133 536 703 541 278
1 5 253 517 703 536 39 250 542 275
1 5 517 252 540 703 250 10 280 542
1 5 703 540 282 541 542 280 48 281
1 5 536 703 541 278 275 542 281 105
1 5 260 102 265 531 541 282 543 704
1 5 531 265 51 266 704 543 286 544
1 5 267 531 266 103 545 704 544 287
1 5 278 541 704 545 105 281 546 285
1 5 541 282 543 704 281 48 283 546
1 5 704 543 286 544 546 283 11 284
1 5 545 704 544 287 285 546 284 49
1 5 157 133 267 535 537 278 545 705
1 5 535 267 103 272 705 545 287 547
1 5 273 535 272 52 548 705 547 290
1 5 279 537 705 548 50 276 549 289
1 5 537 278 545 705 276 105 285 549
1 5 705 545 287 547 549 285 49 288
1 5 548 705 547 290 289 549 288 19
1 5 244 2 245 515 550 294 551 706
1 5 515 245 38 246 706 551 295 552
1 5 164 515 246 100 467 706 552 173
1 5 172 550 706 467 106 291 553 168
1 5 550 294 551 706 291 58 292 553
1 5 706 551 295 552 553 292 107 293
1 5 467 706 552 173 168 553 293 134
1 5 246 38 249 519 552 295 554 707
1 5 519 249 10 250 707 554 299 555
1 5 251 519 250 39 556 707 555 300
1 5 173 552 707 556 134 293 557 298
1 5 552 295 554 707 293 107 296 557
1 5 707 554 299 555 557 296 59 297
1 5 556 707 555 300 298 557 297 108
1 5 165 100 251 522 468 173 556 708
1 5 522 251 39 254 708 556 300 558
1 5 255 522 254 18 559 708 558 303
1 5 174 468 708 559 109 169 560 302
1 5 468 173 556 708 169 134 298 560
1 5 708 556 300 558 560 298 108 301
1 5 559 708 558 303 302 560 301 60
1 5 167 106 168 470 561 309 562 709
1 5 470 168 134 169 709 562 310 563
1 5 170 470 169 109 564 709 563 311
1 5 308 561 709 564 9 304 565 307
1 5 561 309 562 709 304 53 305 565
1 5 709 562 310 563 565 305 110 306
1 5 564 709 563 311 307 565 306 56
1 5 291 58 292 553 566 315 567 710
1 5 553 292 107 293 710 567 316 568
1 5 168 553 293 134 562 710 568 310
1 5 309 566 710 562 53 312 569 305
1 5 566 315 567 710 312 3 313 569
1 5 710 567 316 568 569 313 54 314
1 5 562 710 568 310 305 569 314 110
1 5 293 107 296 557 568 316 570 711
1 5 557 296 59 297 711 570 320 571
1 5 298 557 297 108 572 711 571 321
1 5 310 568 711 572 110 314 573 319
1 5 568 316 570 711 314 54 317 573
1 5 711 570 320 571 573 317 13 318
1 5 572 711 571 321 319 573 318 55
1 5 169 134 298 560 563 310 572 712
1 5 560 298 108 301 712 572 321 574
1 5 302 560 301 60 575 712 574 324
1 5 311 563 712 575 56 306 576 323
1 5 563 310 572 712 306 110 319 576
1 5 712 572 321 574 576 319 55 322
1 5 575 712 574 324 323 576 322 20
1 5 325 22 190 577 578 195 481 713
1 5 577 190 62 326 713 481 198 579
1 5 176 577 326 111 473 713 579 185
1 5 184 578 713 473 112 327 580 180
1 5 578 195 481 713 327 70 194 580
1 5 713 481 198 579 580 194 113 328
1 5 473 713 579 185 180 580 328 135
1 5 326 62 329 581 579 198 582 714
1 5 581 329 24 330 714 582 335 583
1 5 331 581 330 63 584 714 583 336
1 5 185 579 714 584 135 328 585 334
1 5 579 198 582 714 328 113 332 585
1 5 714 582 335 583 585 332 71 333
1 5 584 714 583 336 334 585 333 114
1 5 177 111 331 586 474 185 584 715
1 5 586 331 63 337 715 584 336 587
1 5 338 586 337 23 588 715 587 341
1 5 186 474 715 588 115 181 589 340
1 5 474 185 584 715 181 135 334 589
1 5 715 584 336 587 589 334 114 339
1 5 588 715 587 341 340 589 339 72
1 5 179 112 180 476 590 347 591 716
1 5 476 180 135 181 716 591 348 592
1 5 182 476 181 115 593 716 592 349
1 5 346 590 716 593 25 342 594 345
1 5 590 347 591 716 342 65 343 594
1 5 716 591 348 592 594 343 116 344
1 5 593 716 592 349 345 594 344 68
1 5 327 70 194 580 595 352 596 717
1 5 580 194 113 328 717 596 353 597
1 5 180 580 328 135 591 717 597 348
1 5 347 595 717 591 65 350 598 343
1 5 595 352 596 717 350 26 202 598
1 5 717 596 353 597 598 202 66 351
1 5 591 717 597 348 343 598 351 116
1 5 328 113 332 585 597 353 599 718
1 5 585 332 71 333 718 599 357 600
1 5 334 585 333 114 601 718 600 358
1 5 348 597 718 601 116 351 602 356
1 5 597 353 599 718 351 66 354 602
1 5 718 599 357 600 602 354 28 355
1 5 601 718 600 358 356 602 355 67
1 5 181 135 334 589 592 348 601 719
1 5 589 334 114 339 719 601 358 603
1 5 340 589 339 72 604 719 603 361
1 5 349 592 719 604 68 344 605 360
1 5 592 348 601 719 344 116 356 605
1 5 719 601 358 603 605 356 67 359
1 5 604 719 603 361 360 605 359 27
1 5 362 10 299 606 607 280 608 720
1 5 606 299 59 363 720 608 367 609
1 5 188 606 363 117 479 720 609 197
1 5 196 607 720 479 118 364 610 192
1 5 607 280 608 720 364 48 365 610
1 5 720 608 367 609 610 365 119 366
1 5 479 720 609 197 192 610 366 136
1 5 363 59 320 611 609 367 612 721
1 5 611 320 13 368 721 612 373 613
1 5 369 611 368 74 614 721 613 374
1 5 197 609 721 614 136 366 615 372
1 5 609 367 612 721 366 119 370 615
1 5 721 612 373 613 615 370 78 371
1 5 614 721 613 374 372 615 371 120
1 5 189 117 369 616 480 197 614 722
1 5 616 369 74 375 722 614 374 617
1 5 329 616 375 24 582 722 617 335
1 5 198 480 722 582 113 193 618 332
1 5 480 197 614 722 193 136 372 618
1 5 722 614 374 617 618 372 120 376
1 5 582 722 617 335 332 618 376 71
1 5 191 118 192 482 619 377 620 723
1 5 482 192 136 193 723 620 378 621
1 5 194 482 193 113 596 723 621 353
1 5 352 619 723 596 26 199 483 202
1 5 619 377 620 723 199 75 200 483
1 5 723 620 378 621 483 200 121 201
1 5 596 723 621 353 202 483 201 66
1 5 364 48 365 610 622 283 623 724
1 5 610 365 119 366 724 623 382 624
1 5 192 610 366 136 620 724 624 378
1 5 377 622 724 620 75 379 625 200
1 5 622 283 623 724 379 11 380 625
1 5 724 623 382 624 625 380 76 381
1 5 620 724 624 378 200 625 381 121
1 5 366 119 370 615 624 382 626 725
1 5 615 370 78 371 725 626 386 627
1 5 372 615 371 120 628 725 627 387
1 5 378 624 725 628 121 381 629 385
1 5 624 382 626 725 381 76 383 629
1 5 725 626 386 627 629 383 14 384
1 5 628 725 627 387 385 629 384 77
1 5 193 136 372 618 621 378 628 726
1 5 618 372 120 376 726 628 387 630
1 5 332 618 376 71 599 726 630 357
1 5 353 621 726 599 66 201 631 354
1 5 621 378 628 726 201 121 385 631
1 5 726 628 387 630 631 385 77 211
1 5 599 726 630 357 354 631 211 28
1 5 379 11 380 625 632 391 633 727
1 5 625 380 76 381 727 633 392 634
1 5 200 625 381 121 485 727 634 209
1 5 208 632 727 485 122 388 635 204
1 5 632 391 633 727 388 84 389 635
1 5 727 633 392 634 635 389 123 390
1 5 485 727 634 209 204 635 390 137
1 5 381 76 383 629 634 392 636 728
1 5 629 383 14 384 728 636 396 637
1 5 385 629 384 77 638 728 637 220
1 5 209 634 728 638 137 390 639 395
1 5 634 392 636 728 390 123 393 639
1 5 728 636 396 637 639 393 85 394
1 5 638 728 637 220 395 639 394 124
1 5 201 121 385 631 486 209 638 729
1 5 631 385 77 211 729 638 220 490
1 5 354 631 211 28 640 729 490 219
1 5 210 486 729 640 125 205 641 397
1 5 486 209 638 729 205 137 395 641
1 5 729 638 220 490 641 395 124 215
1 5 640 729 490 219 397 641 215 86
1 5 203 122 204 488 642 403 643 730
1 5 488 204 137 205 730 643 404 644
1 5 206 488 205 125 645 730 644 405
1 5 402 642 730 645 30 398 646 401
1 5 642 403 643 730 398 79 399 646
1 5 730 643 404 644 646 399 126 400
1 5 645 730 644 405 401 646 400 82
1 5 388 84 389 635 647 409 648 731
1 5 635 389 123 390 731 648 410 649
1 5 204 635 390 137 643 731 649 404
1 5 403 647 731 643 79 406 650 399
1 5 647 409 648 731 406 12 407 650
1 5 731 648 410 649 650 407 80 408
1 5 643 731 649 404 399 650 408 126
1 5 390 123 393 639 649 410 651 732
1 5 639 393 85 394 732 651 414 652
1 5 395 639 394 124 653 732 652 415
1 5 404 649 732 653 126 408 654 413
1 5 649 410 651 732 408 80 411 654
1 5 732 651 414 652 654 411 15 412
1 5 653 732 652 415 413 654 412 81
1 5 205 137 395 641 644 404 653 733
1 5 641 395 124 215 733 653 415 655
1 5 397 641 215 86 656 733 655 418
1 5 405 644 733 656 82 400 657 417
1 5 644 404 653 733 400 126 413 657
1 5 733 653 415 655 657 413 81 416
1 5 656 733 655 418 417 657 416 31
1 5 384 14 419 658 637 396 659 734
1 5 658 419 87 420 734 659 423 660
1 5 212 658 420 127 491 734 660 221
1 5 220 637 734 491 124 394 661 216
1 5 637 396 659 734 394 85 421 661
1 5 734 659 423 660 661 421 128 422
1 5 491 734 660 221 216 661 422 138
1 5 420 87 424 662 660 423 663 735
1 5 662 424 16 425 735 663 430 664
1 5 426 662 425 88 665 735 664 431
1 5 221 660 735 665 138 422 666 429
1 5 660 423 663 735 422 128 427 666
1 5 735 663 430 664 666 427 93 428
1 5 665 735 664 431 429 666 428 129
1 5 213 127 426 667 492 221 665 736
1 5 667 426 88 432 736 665 431 668
1 5 433 667 432 29 669 736 668 436
1 5 222 492 736 669 130 217 670 435
1 5 492 221 665 736 217 138 429 670
1 5 736 665 431 668 670 429 129 434
1 5 669 736 668 436 435 670 434 94
1 5 215 124 216 494 655 415 671 737
1 5 494 216 138 217 737 671 440 672
1 5 218 494 217 130 673 737 672 441
1 5 418 655 737 673 31 416 674 439
1 5 655 415 671 737 416 81 437 674
1 5 737 671 440 672 674 437 131 438
1 5 673 737 672 441 439 674 438 92
1 5 394 85 421 661 652 414 675 738
1 5 661 421 128 422 738 675 444 676
1 5 216 661 422 138 671 738 676 440
1 5 415 652 738 671 81 412 677 437
1 5 652 414 675 738 412 15 442 677
1 5 738 675 444 676 677 442 90 443
1 5 671 738 676 440 437 677 443 131
1 5 422 128 427 666 676 444 678 739
1 5 666 427 93 428 739 678 448 679
1 5 429 666 428 129 680 739 679 449
1 5 440 676 739 680 131 443 681 447
1 5 676 444 678 739 443 90 445 681
1 5 739 678 448 679 681 445 17 446
1 5 680 739 679 449 447 681 446 91
1 5 217 138 429 670 672 440 680 740
1 5 670 429 129 434 740 680 449 682
1 5 435 670 434 94 683 740 682 452
1 5 441 672 740 683 92 438 684 451
1 5 672 440 680 740 438 131 447 684
1 5 740 680 449 682 684 447 91 450
1 5 683 740 682 452 451 684 450 32

boundary
512
1 3 1 139 454 147
1 3 8 163 466 171
1 3 33 223 496 148
1 3 96 226 512 241
1 3 41 143 508 240
1 3 37 244 550 172
1 3 106 291 566 309
1 3 57 167 561 308
1 3 139 33 148 454
1 3 454 148 96 143
1 3 147 454 143 41
1 3 163 37 172 466
1 3 466 172 106 167
1 3 171 466 167 57
1 3 223 0 229 496
1 3 496 229 42 226
1 3 148 496 226 96
1 3 226 42 247 512
1 3 512 247 2 244
1 3 241 512 244 37
1 3 143 96 241 508
1 3 508 241 37 163
1 3 240 508 163 8
1 3 244 2 294 550
1 3 550 294 58 291
1 3 172 550 291 106
1 3 291 58 315 566
1 3 566 315 3 312
1 3 309 566 312 53
1 3 167 106 309 561
1 3 561 309 53 304
1 3 308 561 304 9
36 3 142 453 139 1
36 3 154 459 151 6
36 3 142 1 147 457
36 3 0 224 497 229
36 3 154 6 159 463
36 3 4 257 524 237
36 3 5 263 529 268
36 3 18 254 539 277
36 3 166 8 171 469
36 3 2 245 551 294
36 3 10 250 555 299
36 3 9 304 565 307
36 3 10 299 608 280
36 3 11 380 633 391
36 3 14 419 659 396
36 3 178 471 175 21
36 3 190 477 187 22
36 3 325 22 195 578
36 3 362 10 280 607
36 3 178 21 183 475
36 3 24 330 583 335
36 3 25 342 594 345
36 3 13 368 613 373
36 3 214 489 211 28
36 3 379 11 391 632
36 3 202 26 207 487
36 3 30 398 646 401
36 3 214 28 219 493
36 3 16 425 664 430
36 3 31 416 674 439
36 3 140 495 223 33
36 3 233 500 225 95
36 3 238 505 141 36
36 3 152 523 232 35
36 3 264 527 258 101
36 3 271 532 153 47
36 3 34 231 501 230
36 3 97 234 516 248
36 3 42 227 513 247
36 3 38 249 554 295
36 3 107 296 570 316
36 3 58 292 567 315
36 3 188 606 362 73
36 3 369 611 363 117
36 3 329 616 189 62
36 3 238 36 150 506
36 3 239 99 243 521
36 3 146 41 240 511
36 3 271 47 162 534
36 3 273 104 279 548
36 3 158 44 256 538
36 3 255 40 174 559
36 3 302 109 311 575
36 3 170 57 308 564
36 3 45 262 528 261
36 3 102 265 543 282
36 3 43 259 540 252
36 3 187 73 196 478
36 3 191 118 377 619
36 3 364 48 283 622
36 3 199 75 208 484
36 3 203 122 403 642
36 3 388 84 409 647
36 3 46 270 533 269
36 3 103 272 547 287
36 3 51 266 544 286
36 3 39 250 542 275
36 3 105 281 546 285
36 3 50 276 549 289
36 3 39 254 558 300
36 3 108 301 574 321
36 3 59 297 571 320
36 3 48 365 623 283
36 3 119 370 626 382
36 3 59 320 612 367
36 3 84 389 648 409
36 3 123 393 651 410
36 3 76 383 636 392
36 3 74 375 617 374
36 3 120 376 630 387
36 3 78 371 627 386
36 3 212 658 384 77
36 3 426 662 420 127
36 3 433 667 213 89
36 3 53 312 569 305
36 3 110 314 573 319
36 3 56 306 576 323
36 3 85 421 675 414
36 3 128 427 678 444
36 3 87 424 663 423
36 3 176 577 325 61
36 3 331 581 326 111
36 3 338 586 177 64
36 3 63 337 587 336
36 3 114 339 603 358
36 3 71 333 600 357
36 3 175 61 184 472
36 3 179 112 347 590
36 3 327 70 352 595
36 3 338 64 186 588
36 3 340 115 349 604
36 3 182 69 346 593
36 3 65 350 598 343
36 3 116 351 602 356
36 3 68 344 605 360
36 3 354 66 210 640
36 3 397 125 405 656
36 3 206 83 402 645
36 3 433 89 222 669
36 3 435 130 441 683
36 3 218 86 418 673
36 3 88 432 668 431
36 3 129 434 682 449
36 3 93 428 679 448
36 3 79 406 650 399
36 3 126 408 654 413
36 3 82 400 657 417
36 3 81 412 677 437
36 3 131 443 681 447
36 3 92 438 684 451
36 3 453 140 33 139
36 3 141 95 140 453
36 3 36 141 453 142
36 3 459 152 35 151
36 3 153 101 152 459
36 3 47 153 459 154
36 3 224 34 230 497
36 3 497 230 97 227
36 3 229 497 227 42
36 3 245 38 295 551
36 3 551 295 107 292
36 3 294 551 292 58
36 3 477 188 73 187
36 3 189 117 188 477
36 3 62 189 477 190
36 3 495 224 0 223
36 3 225 34 224 495
36 3 95 225 495 140
36 3 500 231 34 225
36 3 232 4 231 500
36 3 35 232 500 233
36 3 505 233 95 141
36 3 151 35 233 505
36 3 6 151 505 238
36 3 523 257 4 232
36 3 258 45 257 523
36 3 101 258 523 152
36 3 527 262 45 258
36 3 263 5 262 527
36 3 46 263 527 264
36 3 532 264 101 153
36 3 270 46 264 532
36 3 7 270 532 271
36 3 231 4 237 501
36 3 501 237 43 234
36 3 230 501 234 97
36 3 234 43 252 516
36 3 516 252 10 249
36 3 248 516 249 38
36 3 227 97 248 513
36 3 513 248 38 245
36 3 247 513 245 2
36 3 249 10 299 554
36 3 554 299 59 296
36 3 295 554 296 107
36 3 296 59 320 570
36 3 570 320 13 317
36 3 316 570 317 54
36 3 292 107 316 567
36 3 567 316 54 313
36 3 315 567 313 3
36 3 606 299 10 362
36 3 363 59 299 606
36 3 117 363 606 188
36 3 611 320 59 363
36 3 368 13 320 611
36 3 74 368 611 369
36 3 616 369 117 189
36 3 375 74 369 616
36 3 24 375 616 329
36 3 36 142 457 150
36 3 150 457 146 99
36 3 457 147 41 146
36 3 6 238 506 159
36 3 159 506 239 44
36 3 506 150 99 239
36 3 44 239 521 256
36 3 256 521 255 18
36 3 521 243 40 255
36 3 99 146 511 243
36 3 243 511 166 40
36 3 511 240 8 166
36 3 47 154 463 162
36 3 162 463 158 104
36 3 463 159 44 158
36 3 40 166 469 174
36 3 174 469 170 109
36 3 469 171 57 170
36 3 7 271 534 274
36 3 274 534 273 52
36 3 534 162 104 273
36 3 52 273 548 290
36 3 290 548 289 19
36 3 548 279 50 289
36 3 104 158 538 279
36 3 279 538 277 50
36 3 538 256 18 277
36 3 18 255 559 303
36 3 303 559 302 60
36 3 559 174 109 302
36 3 60 302 575 324
36 3 324 575 323 20
36 3 575 311 56 323
36 3 109 170 564 311
36 3 311 564 307 56
36 3 564 308 9 307
36 3 257 45 261 524
36 3 524 261 102 259
36 3 237 524 259 43
36 3 73 362 607 196
36 3 196 607 364 118
36 3 607 280 48 364
36 3 75 379 632 208
36 3 208 632 388 122
36 3 632 391 84 388
36 3 262 5 268 528
36 3 528 268 51 265
36 3 261 528 265 102
36 3 265 51 286 543
36 3 543 286 11 283
36 3 282 543 283 48
36 3 259 102 282 540
36 3 540 282 48 280
36 3 252 540 280 10
36 3 22 187 478 195
36 3 195 478 191 70
36 3 478 196 118 191
36 3 70 191 619 352
36 3 352 619 199 26
36 3 619 377 75 199
36 3 118 364 622 377
36 3 377 622 379 75
36 3 622 283 11 379
36 3 26 199 484 207
36 3 207 484 203 83
36 3 484 208 122 203
36 3 83 203 642 402
36 3 402 642 398 30
36 3 642 403 79 398
36 3 122 388 647 403
36 3 403 647 406 79
36 3 647 409 12 406
36 3 263 46 269 529
36 3 529 269 103 266
36 3 268 529 266 51
36 3 270 7 274 533
36 3 533 274 52 272
36 3 269 533 272 103
36 3 272 52 290 547
36 3 547 290 19 288
36 3 287 547 288 49
36 3 266 103 287 544
36 3 544 287 49 284
36 3 286 544 284 11
36 3 254 39 275 539
36 3 539 275 105 276
36 3 277 539 276 50
36 3 250 39 300 555
36 3 555 300 108 297
36 3 299 555 297 59
36 3 280 608 365 48
36 3 608 367 119 365
36 3 299 59 367 608
36 3 391 633 389 84
36 3 633 392 123 389
36 3 380 76 392 633
36 3 368 74 374 613
36 3 613 374 120 371
36 3 373 613 371 78
36 3 489 212 77 211
36 3 213 127 212 489
36 3 89 213 489 214
36 3 250 10 280 542
36 3 542 280 48 281
36 3 275 542 281 105
36 3 281 48 283 546
36 3 546 283 11 284
36 3 285 546 284 49
36 3 276 105 285 549
36 3 549 285 49 288
36 3 289 549 288 19
36 3 254 18 303 558
36 3 558 303 60 301
36 3 300 558 301 108
36 3 301 60 324 574
36 3 574 324 20 322
36 3 321 574 322 55
36 3 297 108 321 571
36 3 571 321 55 318
36 3 320 571 318 13
36 3 283 623 380 11
36 3 623 382 76 380
36 3 365 119 382 623
36 3 382 626 383 76
36 3 626 386 14 383
36 3 370 78 386 626
36 3 367 612 370 119
36 3 612 373 78 370
36 3 320 13 373 612
36 3 409 648 407 12
36 3 648 410 80 407
36 3 389 123 410 648
36 3 410 651 411 80
36 3 651 414 15 411
36 3 393 85 414 651
36 3 392 636 393 123
36 3 636 396 85 393
36 3 383 14 396 636
36 3 375 24 335 617
36 3 617 335 71 376
36 3 374 617 376 120
36 3 376 71 357 630
36 3 630 357 28 211
36 3 387 630 211 77
36 3 371 120 387 627
36 3 627 387 77 384
36 3 386 627 384 14
36 3 658 419 14 384
36 3 420 87 419 658
36 3 127 420 658 212
36 3 662 424 87 420
36 3 425 16 424 662
36 3 88 425 662 426
36 3 667 426 127 213
36 3 432 88 426 667
36 3 29 432 667 433
36 3 304 53 305 565
36 3 565 305 110 306
36 3 307 565 306 56
36 3 312 3 313 569
36 3 569 313 54 314
36 3 305 569 314 110
36 3 314 54 317 573
36 3 573 317 13 318
36 3 319 573 318 55
36 3 306 110 319 576
36 3 576 319 55 322
36 3 323 576 322 20
36 3 396 659 421 85
36 3 659 423 128 421
36 3 419 87 423 659
36 3 414 675 442 15
36 3 675 444 90 442
36 3 421 128 444 675
36 3 444 678 445 90
36 3 678 448 17 445
36 3 427 93 448 678
36 3 423 663 427 128
36 3 663 430 93 427
36 3 424 16 430 663
36 3 471 176 61 175
36 3 177 111 176 471
36 3 64 177 471 178
36 3 330 63 336 583
36 3 583 336 114 333
36 3 335 583 333 71
36 3 577 190 22 325
36 3 326 62 190 577
36 3 111 326 577 176
36 3 581 329 62 326
36 3 330 24 329 581
36 3 63 330 581 331
36 3 586 331 111 177
36 3 337 63 331 586
36 3 23 337 586 338
36 3 337 23 341 587
36 3 587 341 72 339
36 3 336 587 339 114
36 3 339 72 361 603
36 3 603 361 27 359
36 3 358 603 359 67
36 3 333 114 358 600
36 3 600 358 67 355
36 3 357 600 355 28
36 3 61 325 578 184
36 3 184 578 327 112
36 3 578 195 70 327
36 3 21 175 472 183
36 3 183 472 179 69
36 3 472 184 112 179
36 3 69 179 590 346
36 3 346 590 342 25
36 3 590 347 65 342
36 3 112 327 595 347
36 3 347 595 350 65
36 3 595 352 26 350
36 3 64 178 475 186
36 3 186 475 182 115
36 3 475 183 69 182
36 3 23 338 588 341
36 3 341 588 340 72
36 3 588 186 115 340
36 3 72 340 604 361
36 3 361 604 360 27
36 3 604 349 68 360
36 3 115 182 593 349
36 3 349 593 345 68
36 3 593 346 25 345
36 3 342 65 343 594
36 3 594 343 116 344
36 3 345 594 344 68
36 3 66 202 487 210
36 3 210 487 206 125
36 3 487 207 83 206
36 3 89 214 493 222
36 3 222 493 218 130
36 3 493 219 86 218
36 3 425 88 431 664
36 3 664 431 129 428
36 3 430 664 428 93
36 3 350 26 202 598
36 3 598 202 66 351
36 3 343 598 351 116
36 3 351 66 354 602
36 3 602 354 28 355
36 3 356 602 355 67
36 3 344 116 356 605
36 3 605 356 67 359
36 3 360 605 359 27
36 3 28 354 640 219
36 3 219 640 397 86
36 3 640 210 125 397
36 3 86 397 656 418
36 3 418 656 417 31
36 3 656 405 82 417
36 3 125 206 645 405
36 3 405 645 401 82
36 3 645 402 30 401
36 3 29 433 669 436
36 3 436 669 435 94
36 3 669 222 130 435
36 3 94 435 683 452
36 3 452 683 451 32
36 3 683 441 92 451
36 3 130 218 673 441
36 3 441 673 439 92
36 3 673 418 31 439
36 3 432 29 436 668
36 3 668 436 94 434
36 3 431 668 434 129
36 3 434 94 452 682
36 3 682 452 32 450
36 3 449 682 450 91
36 3 428 129 449 679
36 3 679 449 91 446
36 3 448 679 446 17
36 3 398 79 399 646
36 3 646 399 126 400
36 3 401 646 400 82
36 3 416 81 437 674
36 3 674 437 131 438
36 3 439 674 438 92
36 3 406 12 407 650
36 3 650 407 80 408
36 3 399 650 408 126
36 3 408 80 411 654
36 3 654 411 15 412
36 3 413 654 412 81
36 3 400 126 413 657
36 3 657 413 81 416
36 3 417 657 416 31
36 3 412 15 442 677
36 3 677 442 90 443
36 3 437 677 443 131
36 3 443 90 445 681
36 3 681 445 17 446
36 3 447 681 446 91
36 3 438 131 447 684
36 3 684 447 91 450
36 3 451 684 450 32

vertices
741

nodes
FiniteElementSpace
FiniteElementCollection: H1_3D_P2
VDim: 3
Ordering: 0

0.57680281
0.59718411
0.67220951
0.70710678
0.50295308
0.42586599
0.46713824
0.34802459
0.80820096
0.8867
0.56955658
0.46850803
0.36407998
0.59296204
0.48293061
0.37107077
0.46850803
0.36407998
0.60844596
0.42529438
0.66119981
2.4733362e-19
0.30721416
-7.3725748e-18
0.3224644
-5.3329194e-18
0.2473562
-5.5429836e-18
0.25605782
0.2473562
0.19040097
0.19444247
0.19040097
0.58699346
0.53987794
0.48504566
0.53216118
0.74020524
0.62088304
0.58900127
0.70832346
0.70269254
0.62450616
0.53625483
0.5377921
0.46440953
0.38694529
0.40758141
0.5190323
0.4469012
0.51687017
0.44718701
0.38665948
0.79690339
0.65003441
0.62708092
0.7739499
0.84745048
0.68965815
0.58125931
0.63482288
0.15360708
0.31483928
0.1612322
-3.5626206e-18
0.1236781
0.25170701
0.12802891
-5.4379515e-18
-2.5427929e-18
0.27728518
0.28926111
-6.4577792e-18
0.43838537
0.45771322
0.35793211
0.47571932
0.36949421
0.53794633
0.27724048
0.36757538
0.28275662
0.19242172
0.21887858
0.416294
0.42700069
0.22525015
0.47571932
0.35793211
0.25170701
0.36757538
0.27724048
0.19242172
0.416294
0.21887858
0.53601956
0.66359935
0.58038049
0.53702346
0.62024232
0.66460325
0.43599547
0.49172092
0.41692324
0.46222579
0.51795124
0.76855431
0.63545873
0.6080411
0.74113668
0.71199216
0.15741964
0.13864259
0.28327314
0.14463056
-4.500286e-18
0.1258535
0.44804929
0.39815874
0.52848931
0.41360372
0.36371316
0.31758629
0.42164735
0.32612542
0.22206436
0.27999855
0.36371316
0.42164735
0.31758629
0.22206436
0.27999855
0.60031141
0.47697335
0.6882977
0.14163657
0.40588123
0.32185586
0.32185586
0.59208879
0.56150651
0.53409037
0.56467264
0.68314594
0.63195538
0.61027686
0.66146743
0.64993833
0.6252964
0.56816548
0.57620175
0.47609195
0.46052056
0.42178844
0.43735982
0.53740778
0.50699841
0.46959957
0.50000894
0.50246517
0.51103456
0.45648441
0.4349036
0.7742031
0.70240425
0.68646336
0.75826221
0.8080024
0.72842601
0.71471719
0.79429358
0.82782572
0.75437978
0.67645048
0.72473007
0.076803539
0.15551336
0.07870982
-1.6576435e-18
0.069321294
0.14013958
0.070818286
-3.5215395e-18
-1.1477296e-18
0.14612483
0.14952811
-4.0314533e-18
0.37279976
0.44321733
0.38144429
0.31102672
0.33772196
0.40201998
0.34457719
0.28027916
0.29224967
0.41827205
0.42696526
0.29905621
0.30264415
0.36082264
0.30771008
0.2495316
0.26823244
0.31972108
0.27196011
0.22047147
0.23311739
0.3377592
0.34278451
0.23688569
0.31277602
0.36660369
0.30771008
0.25388241
0.27568778
0.32399064
0.27196011
0.22365726
0.24065398
0.34780982
0.34278451
0.23688569
0.58189813
0.55834037
0.53794875
0.64405275
0.60244333
0.59034595
0.60065448
0.56012922
0.52141551
0.49399937
0.51053261
0.55831766
0.53663914
0.56866743
0.51960395
0.49964971
0.57901721
0.75544675
0.70190229
0.63245733
0.66428289
0.70620738
0.64654628
0.64274315
0.64835784
0.60063177
0.59521981
0.57927892
0.62680226
0.5529057
0.56301237
0.59872361
0.65838471
0.57311903
0.4836813
0.4502025
0.51398787
0.48434714
0.47806522
0.44513776
0.40640564
0.41147038
0.46945396
0.43205513
0.4469483
0.4365265
0.40193426
0.36748494
0.377803
0.40179136
0.42444264
0.36734203
0.55347625
0.5174107
0.56265806
0.49746229
0.48954798
0.54429444
0.51849177
0.50537661
0.49377016
0.45770461
0.48242622
0.45784752
0.43191222
0.43609779
0.47108227
0.40597693
0.72910623
0.66255844
0.66187822
0.68093383
0.62817089
0.60835902
0.5946502
0.6481694
0.57540794
0.59852118
0.62143199
0.68797978
0.62163442
0.84180169
0.75444777
0.74297103
0.83032495
0.86707524
0.78272885
0.70014493
0.75754329
0.75200509
0.6785706
0.68101328
0.69838246
0.64274657
0.62149823
0.61002148
0.66953654
0.58711068
0.61756101
0.64414037
0.71757485
0.64801134
0.23041062
0.23612946
0.20796388
0.21245486
0.31865184
0.2418483
0.15932592
0.28626713
0.21694583
0.14313356
0.30586276
0.15293138
0.080616101
-5.4675977e-18
0.072315278
-5.4790326e-18
-6.915177e-18
0.061839049
0.1247658
0.062926752
-5.3854355e-18
-3.9378562e-18
0.13116034
0.13374504
-4.9691188e-18
0.18551715
0.18878026
0.26232069
0.26749008
0.25388241
0.19204336
0.12694121
0.27265946
0.13632973
0.064014455
-5.4904676e-18
-6.0003814e-18
0.50397097
0.5146543
0.45859552
0.52376081
0.46718527
0.55487431
0.52533763
0.45288126
0.53321782
0.47577502
0.40974247
0.56545418
0.43565847
0.39008881
0.35143241
0.37804542
0.3847972
0.41322007
0.47211367
0.41971624
0.50210432
0.47932497
0.42621241
0.36660369
0.51043847
0.39154897
0.36694015
0.41897068
0.3717516
0.44240102
0.44868333
0.42432402
0.37656306
0.32399064
0.45496565
0.22365726
0.23382072
0.27861951
0.23621014
0.19141135
0.20463978
0.29741339
0.3009272
0.20724304
0.32066023
0.36582768
0.32378696
0.39018699
0.39461136
0.36932308
0.3269137
0.28137759
0.39903573
0.30444102
0.23859955
0.1934321
0.20984631
0.47932497
0.41971624
0.42432402
0.3717516
0.44868333
0.47211367
0.41322007
0.36082264
0.41897068
0.36694015
0.31972108
0.44240102
0.3377592
0.30264415
0.2495316
0.26823244
0.22047147
0.23311739
0.28137759
0.23621014
0.1934321
0.3009272
0.20724304
0.36932308
0.32378696
0.39461136
0.36582768
0.32066023
0.27861951
0.39018699
0.29741339
0.23382072
0.19141135
0.20463978
0.56308958
0.63761737
0.59673094
0.57218361
0.61307004
0.6467114
0.44894019
0.50674986
0.48375949
0.44569401
0.46868438
0.50350368
0.73033323
0.79110275
0.71541513
0.70059028
0.7762779
0.76135979
0.077756679
0.073062416
0.14782647
0.074764053
-2.5895915e-18
0.07006979
0.37712202
0.35526086
0.42261866
0.36301074
0.29565294
0.34114957
0.30517712
0.2854383
0.34027186
0.2898351
0.23500154
0.27009627
0.31024305
0.2942319
0.34529716
0.2898351
0.23876983
0.27382395
0.55992344
0.61297544
0.58039185
0.56414735
0.61719935
0.51597406
0.53986659
0.51531926
0.53960002
0.56349255
0.50509116
0.53933346
0.57384232
0.72867452
0.66717981
0.64837011
0.70986482
0.67513007
0.6244948
0.61654455
0.67447526
0.57676874
0.55795903
0.59773485
0.61101104
0.5680657
0.61870096
0.64259349
0.47210093
0.49883459
0.46727482
0.51049314
0.42830407
0.45729586
0.41923038
0.42920934
0.45820113
0.39463669
0.38463815
0.40112282
0.43569547
0.53023733
0.49350514
0.5313335
0.55806716
0.52914116
0.50141945
0.54888535
0.48161206
0.44487987
0.46468726
0.48809819
0.41894458
0.44776246
0.47675425
0.7176568
0.65455236
0.65231068
0.69549222
0.60178941
0.58696456
0.63748583
0.62826421
0.6100778
0.67318225
0.66807459
0.82490204
0.74143689
0.72884411
0.81230926
0.79238636
0.74055566
0.67056452
0.67144575
0.71650918
0.61492862
0.60233584
0.65885297
0.64551738
0.63278618
0.70277732
0.6935557
0.23327004
0.21918725
0.22429216
0.21020937
0.23898888
0.30245948
0.22939707
0.15122974
0.21470035
0.079662961
0.076465689
-5.4733151e-18
0.071566782
0.065580171
0.13245269
0.066872519
-4.4534875e-18
0.0623829
0.19674051
0.26490538
0.20061756
0.1871487
0.27007477
0.2044946
0.13503738
0.19041181
0.068164866
-5.4847501e-18
0.063470603
0.50931264
0.48128325
0.54958438
0.49091979
0.4628904
0.51999597
0.56016425
0.50055633
0.43131187
0.47148015
0.38576655
0.37076061
0.3480048
0.32018306
0.38142131
0.32614364
0.43590779
0.49793724
0.44345076
0.41646815
0.50627139
0.45099372
0.38817308
0.42296433
0.33210422
0.31024305
0.39008011
0.44554217
0.39573392
0.36934588
0.45182449
0.40138773
0.34529716
0.37415733
0.23876983
0.27382395
0.25102658
0.29917029
0.25408512
0.20594141
0.23501543
0.34380019
0.39239918
0.34776928
0.3222236
0.39682355
0.35173838
0.30268411
0.32535033
0.25714367
0.20854468
0.23740484
0.42296433
0.45182449
0.39573392
0.37415733
0.41646815
0.44554217
0.39008011
0.34027186
0.36934588
0.30517712
0.2854383
0.23500154
0.27009627
0.30268411
0.25408512
0.20854468
0.23740484
0.39682355
0.34776928
0.32535033
0.39239918
0.34380019
0.29917029
0.3222236
0.25102658
0.20594141
0.23501543
0.60490049
0.47622194
0.74584651
0.073913235
0.3591358
0.2876367
0.2920335
0.5885614
0.5397333
0.53946674
0.68852232
0.64583731
0.58725179
0.6082179
0.49129704
0.4432526
0.41516608
0.53078542
0.52968924
0.47314966
0.45622486
0.68498374
0.61963762
0.65533404
0.77687308
0.7060007
0.6368908
0.68081514
0.2217397
0.22684461
0.075614871
0.066226345
0.19867904
0.20255608
0.067518692
0.48610152
0.49573806
0.36688568
0.32316335
0.43967928
0.44722224
0.32912393
0.39290702
0.39856083
0.2920335
0.25255585
0.34578474
0.34975383
0.25561439
0.39856083
0.39290702
0.2876367
0.25561439
0.34975383
0.34578474
0.25255585
0.59463645
0.57758918
0.56388111
0.58092838
0.64377785
0.62125893
0.60898526
0.63150418
0.62356122
0.61485308
0.58399503
0.58887134
0.47161509
0.46251607
0.44315001
0.45224903
0.50460752
0.4914859
0.47245316
0.48557478
0.4848017
0.49142091
0.46258106
0.4530221
0.79120203
0.75226816
0.74429772
0.78323159
0.80946423
0.76847463
0.7610622
0.80205181
0.81801334
0.78265292
0.73808987
0.76727005
0.038401769
0.077280109
0.03887834
-7.0515493e-19
0.036531208
0.073487825
0.036956617
-1.8686606e-18
-4.5019801e-19
0.074932978
0.075834957
-2.1236175e-18
0.34000696
0.37496089
0.34407437
0.30912044
0.32375526
0.35719833
0.32739437
0.2939513
0.29973191
0.36403031
0.36812891
0.30333983
0.27500017
0.30391064
0.27735436
0.2484439
0.25927784
0.2865375
0.26131912
0.23405946
0.24023679
0.29404122
0.29640691
0.24226657
0.28441692
0.31150953
0.28206273
0.25497012
0.26744294
0.2931327
0.26540167
0.23971191
0.2483559
0.30350396
0.30113827
0.24632612
0.5844458
0.57091079
0.56071498
0.57424998
0.61913592
0.60076842
0.59264617
0.61101367
0.60614493
0.59743679
0.57424242
0.57911873
0.53698415
0.5269614
0.51325333
0.52327608
0.56615642
0.55194033
0.53966666
0.55388275
0.55209252
0.55104805
0.52785368
0.52506631
0.53312577
0.51959076
0.50237043
0.51590544
0.57419268
0.55582518
0.5394001
0.5577676
0.55418146
0.55313699
0.52227895
0.51949158
0.69291924
0.66492867
0.65408942
0.68207998
0.74206064
0.70859842
0.69919357
0.73265579
0.72906964
0.70591023
0.66761686
0.68566612
0.65382605
0.63062605
0.62457736
0.64777736
0.68851618
0.66048369
0.65650856
0.68454105
0.68275082
0.65959141
0.63151833
0.64956759
0.59532868
0.57691925
0.56607999
0.58448942
0.62450094
0.60189817
0.59249332
0.61509609
0.61638437
0.60344525
0.57537217
0.58320114
0.61525959
0.59205959
0.57642976
0.59962976
0.6563265
0.62829401
0.61345943
0.64149192
0.6422626
0.62932349
0.59103011
0.59885908
0.48952251
0.48305015
0.46631075
0.47278311
0.51317691
0.50330815
0.48752826
0.49739702
0.49804011
0.50465931
0.48169899
0.47214003
0.44309899
0.43925329
0.41988722
0.42373293
0.46187962
0.45526371
0.43623097
0.44284688
0.44623994
0.45873866
0.43577833
0.42033986
0.41468493
0.40821257
0.38621984
0.39269221
0.4402988
0.43043004
0.40814445
0.41801321
0.42124251
0.43374122
0.40490138
0.38946291
0.53759994
0.52045573
0.50175631
0.51890052
0.57059236
0.54942556
0.53105946
0.55222627
0.55545556
0.55273674
0.51714455
0.51567122
0.5368313
0.52356614
0.50874577
0.52201094
0.5604857
0.54382414
0.52996329
0.54662485
0.55001791
0.54729909
0.52009119
0.51861787
0.48066024
0.47127413
0.45257471
0.46196083
0.49944087
0.48728456
0.46891846
0.48107478
0.48721782
0.49288329
0.4656754
0.45581778
0.46591268
0.45264752
0.43006905
0.44333421
0.49152656
0.474865
0.45199366
0.46865522
0.47588688
0.48155235
0.44596016
0.43610255
0.72320631
0.69034132
0.68843975
0.72130474
0.73601829
0.70132027
0.70019944
0.73489745
0.74729251
0.71193209
0.6797295
0.70890969
0.6536732
0.62687709
0.61890665
0.64570276
0.66438058
0.63597415
0.62856173
0.65696815
0.67052687
0.64752692
0.61532433
0.63214405
0.69739341
0.66452842
0.6504891
0.68335409
0.71266017
0.67796216
0.66425814
0.69895616
0.71652677
0.69352682
0.64896376
0.66578348
0.82772644
0.7846811
0.77782669
0.82087203
0.84598864
0.80088756
0.79459117
0.83969225
0.85726286
0.81645222
0.76911644
0.80330142
0.74883027
0.71229923
0.71195912
0.74849016
0.76164225
0.72327818
0.7237188
0.76208287
0.77564158
0.73483094
0.70074646
0.73493145
0.67508796
0.64507121
0.6382168
0.66823355
0.68579534
0.65416827
0.64787188
0.67949895
0.69422132
0.66666198
0.6325775
0.65351119
0.72792694
0.69139589
0.67802719
0.71455823
0.7431937
0.70482963
0.69179623
0.7301603
0.74933999
0.72178065
0.67444487
0.69537855
0.19200885
0.23184033
0.1943917
0.15456022
0.18265604
0.22046348
0.18478309
0.14697565
0.14986596
0.22479893
0.22750487
0.15166991
0.19677455
0.23755917
0.1991574
0.15837278
0.18691013
0.22556839
0.18903718
0.15037892
0.15347387
0.23021081
0.23291675
0.15527783
0.03935491
0.07918639
0.03983148
-4.5151091e-18
0.037382026
0.075189462
0.037807436
-4.7523842e-18
-3.7970369e-18
0.076736936
0.077638916
-5.4704564e-18
0.034660647
0.069695542
0.035034895
-3.0321662e-18
0.032790086
0.065903258
0.033113173
-4.1956718e-18
-3.2403245e-18
0.067450733
0.068148067
-3.9875135e-18
0.17330323
0.20908663
0.17517447
0.13939108
0.16395043
0.19770977
0.16556586
0.13180652
0.13490147
0.2023522
0.2044442
0.13629613
0.17704571
0.2135776
0.17891695
0.14238507
0.1671813
0.20158682
0.16879673
0.13439121
0.1376908
0.20653621
0.20862821
0.13908547
0.035409143
0.071192534
0.035783391
-4.9896593e-18
0.033436259
0.067195606
0.033759346
-5.2269344e-18
-4.7347024e-18
0.068845402
0.069542737
-5.4818914e-18
0.47117817
0.5066418
0.47626498
0.44080135
0.44977765
0.48369238
0.45436009
0.42044535
0.42832871
0.49262711
0.49770708
0.43291799
0.4813518
0.51732513
0.48643861
0.45046528
0.45894252
0.49332892
0.46352496
0.42913856
0.43750728
0.50278704
0.50786701
0.44209656
0.34814178
0.38360542
0.3522092
0.31674556
0.33103347
0.36494821
0.33467258
0.30075785
0.30694775
0.37222751
0.37632611
0.31055566
0.30750357
0.33943576
0.31071437
0.27878217
0.29125187
0.3216732
0.29403436
0.26361303
0.26980293
0.32895251
0.33215646
0.27259227
0.42837713
0.46074296
0.43245519
0.40008936
0.40697661
0.43779353
0.41055029
0.37973337
0.38810208
0.44725166
0.45128484
0.39172065
0.43653325
