MFEM mesh v1.0

#
# MFEM Geometry Types (see mesh/geom.hpp):
#
# POINT       = 0
# SEGMENT     = 1
# TRIANGLE    = 2
# SQUARE      = 3
# TETRAHEDRON = 4
# CUBE        = 5
#

dimension
3

elements
384
1 5 8 111 365 114 119 366 557 369
1 5 9 123 371 126 131 372 558 375
1 5 16 135 377 138 143 378 559 381
1 5 13 147 383 150 155 384 560 387
1 5 14 159 389 162 167 390 561 393
1 5 15 171 395 174 179 396 562 399
1 5 26 183 401 112 120 402 563 367
1 5 75 185 406 193 121 404 564 409
1 5 29 113 411 200 122 368 565 413
1 5 34 115 370 118 204 415 566 418
1 5 76 186 405 116 205 419 567 416
1 5 105 188 410 196 206 421 568 425
1 5 79 117 414 202 207 417 569 428
1 5 30 208 422 124 132 430 570 373
1 5 80 210 426 215 133 432 571 436
1 5 33 125 429 219 134 374 572 439
1 5 42 127 376 130 238 441 573 444
1 5 81 221 433 128 239 446 574 442
1 5 106 223 437 228 240 448 575 452
1 5 84 129 440 232 241 443 576 455
1 5 46 255 457 136 144 458 577 379
1 5 86 256 461 260 145 459 578 463
1 5 48 137 465 263 146 380 579 466
1 5 52 139 382 142 269 468 580 471
1 5 87 257 460 140 270 473 581 469
1 5 107 258 464 262 271 474 582 477
1 5 89 141 467 264 272 470 583 480
1 5 54 281 482 148 156 483 584 385
1 5 91 282 486 287 157 484 585 489
1 5 57 149 491 294 158 386 586 493
1 5 62 151 388 154 302 495 587 498
1 5 92 283 485 152 303 500 588 496
1 5 108 284 490 290 304 502 589 506
1 5 95 153 494 296 305 497 590 509
1 5 66 319 511 160 168 512 591 391
1 5 97 320 515 325 169 513 592 518
1 5 55 161 520 285 170 392 593 487
1 5 63 163 394 166 309 523 594 501
1 5 98 321 514 164 336 527 595 524
1 5 109 322 519 328 337 529 596 533
1 5 93 165 522 288 310 525 597 504
1 5 47 259 537 172 180 462 598 397
1 5 102 348 540 351 181 538 599 542
1 5 67 173 544 323 182 398 600 516
1 5 53 175 400 178 280 479 601 528
1 5 88 261 539 176 277 476 602 547
1 5 110 349 543 353 359 550 603 553
1 5 99 177 546 326 341 548 604 531
1 5 111 26 112 365 366 120 367 557
1 5 365 112 75 113 557 367 121 368
1 5 114 365 113 29 369 557 368 122
1 5 119 366 557 369 34 115 370 118
1 5 366 120 367 557 115 76 116 370
1 5 557 367 121 368 370 116 105 117
1 5 369 557 368 122 118 370 117 79
1 5 123 30 124 371 372 132 373 558
1 5 371 124 80 125 558 373 133 374
1 5 126 371 125 33 375 558 374 134
1 5 131 372 558 375 42 127 376 130
1 5 372 132 373 558 127 81 128 376
1 5 558 373 133 374 376 128 106 129
1 5 375 558 374 134 130 376 129 84
1 5 135 46 136 377 378 144 379 559
1 5 377 136 86 137 559 379 145 380
1 5 138 377 137 48 381 559 380 146
1 5 143 378 559 381 52 139 382 142
1 5 378 144 379 559 139 87 140 382
1 5 559 379 145 380 382 140 107 141
1 5 381 559 380 146 142 382 141 89
1 5 147 54 148 383 384 156 385 560
1 5 383 148 91 149 560 385 157 386
1 5 150 383 149 57 387 560 386 158
1 5 155 384 560 387 62 151 388 154
1 5 384 156 385 560 151 92 152 388
1 5 560 385 157 386 388 152 108 153
1 5 387 560 386 158 154 388 153 95
1 5 159 66 160 389 390 168 391 561
1 5 389 160 97 161 561 391 169 392
1 5 162 389 161 55 393 561 392 170
1 5 167 390 561 393 63 163 394 166
1 5 390 168 391 561 163 98 164 394
1 5 561 391 169 392 394 164 109 165
1 5 393 561 392 170 166 394 165 93
1 5 171 47 172 395 396 180 397 562
1 5 395 172 102 173 562 397 181 398
1 5 174 395 173 67 399 562 398 182
1 5 179 396 562 399 53 175 400 178
1 5 396 180 397 562 175 88 176 400
1 5 562 397 181 398 400 176 110 177
1 5 399 562 398 182 178 400 177 99
1 5 183 5 184 401 402 189 403 563
1 5 401 184 27 185 563 403 190 404
1 5 112 401 185 75 367 563 404 121
1 5 120 402 563 367 76 186 405 116
1 5 402 189 403 563 186 35 187 405
1 5 563 403 190 404 405 187 77 188
1 5 367 563 404 121 116 405 188 105
1 5 185 27 191 406 404 190 407 564
1 5 406 191 10 192 564 407 197 408
1 5 193 406 192 28 409 564 408 198
1 5 121 404 564 409 105 188 410 196
1 5 404 190 407 564 188 77 194 410
1 5 564 407 197 408 410 194 36 195
1 5 409 564 408 198 196 410 195 78
1 5 113 75 193 411 368 121 409 565
1 5 411 193 28 199 565 409 198 412
1 5 200 411 199 20 413 565 412 203
1 5 122 368 565 413 79 117 414 202
1 5 368 121 409 565 117 105 196 414
1 5 565 409 198 412 414 196 78 201
1 5 413 565 412 203 202 414 201 37
1 5 115 76 116 370 415 205 416 566
1 5 370 116 105 117 566 416 206 417
1 5 118 370 117 79 418 566 417 207
1 5 204 415 566 418 9 123 371 126
1 5 415 205 416 566 123 30 124 371
1 5 566 416 206 417 371 124 80 125
1 5 418 566 417 207 126 371 125 33
1 5 186 35 187 405 419 211 420 567
1 5 405 187 77 188 567 420 212 421
1 5 116 405 188 105 416 567 421 206
1 5 205 419 567 416 30 208 422 124
1 5 419 211 420 567 208 6 209 422
1 5 567 420 212 421 422 209 31 210
1 5 416 567 421 206 124 422 210 80
1 5 188 77 194 410 421 212 423 568
1 5 410 194 36 195 568 423 216 424
1 5 196 410 195 78 425 568 424 217
1 5 206 421 568 425 80 210 426 215
1 5 421 212 423 568 210 31 213 426
1 5 568 423 216 424 426 213 11 214
1 5 425 568 424 217 215 426 214 32
1 5 117 105 196 414 417 206 425 569
1 5 414 196 78 201 569 425 217 427
1 5 202 414 201 37 428 569 427 220
1 5 207 417 569 428 33 125 429 219
1 5 417 206 425 569 125 80 215 429
1 5 569 425 217 427 429 215 32 218
1 5 428 569 427 220 219 429 218 21
1 5 208 6 209 422 430 224 431 570
1 5 422 209 31 210 570 431 225 432
1 5 124 422 210 80 373 570 432 133
1 5 132 430 570 373 81 221 433 128
1 5 430 224 431 570 221 43 222 433
1 5 570 431 225 432 433 222 82 223
1 5 373 570 432 133 128 433 223 106
1 5 210 31 213 426 432 225 434 571
1 5 426 213 11 214 571 434 229 435
1 5 215 426 214 32 436 571 435 230
1 5 133 432 571 436 106 223 437 228
1 5 432 225 434 571 223 82 226 437
1 5 571 434 229 435 437 226 44 227
1 5 436 571 435 230 228 437 227 83
1 5 125 80 215 429 374 133 436 572
1 5 429 215 32 218 572 436 230 438
1 5 219 429 218 21 439 572 438 233
1 5 134 374 572 439 84 129 440 232
1 5 374 133 436 572 129 106 228 440
1 5 572 436 230 438 440 228 83 231
1 5 439 572 438 233 232 440 231 45
1 5 127 81 128 376 441 239 442 573
1 5 376 128 106 129 573 442 240 443
1 5 130 376 129 84 444 573 443 241
1 5 238 441 573 444 4 234 445 237
1 5 441 239 442 573 234 38 235 445
1 5 573 442 240 443 445 235 85 236
1 5 444 573 443 241 237 445 236 41
1 5 221 43 222 433 446 245 447 574
1 5 433 222 82 223 574 447 246 448
1 5 128 433 223 106 442 574 448 240
1 5 239 446 574 442 38 242 449 235
1 5 446 245 447 574 242 0 243 449
1 5 574 447 246 448 449 243 39 244
1 5 442 574 448 240 235 449 244 85
1 5 223 82 226 437 448 246 450 575
1 5 437 226 44 227 575 450 250 451
1 5 228 437 227 83 452 575 451 251
1 5 240 448 575 452 85 244 453 249
1 5 448 246 450 575 244 39 247 453
1 5 575 450 250 451 453 247 7 248
1 5 452 575 451 251 249 453 248 40
1 5 129 106 228 440 443 240 452 576
1 5 440 228 83 231 576 452 251 454
1 5 232 440 231 45 455 576 454 254
1 5 241 443 576 455 41 236 456 253
1 5 443 240 452 576 236 85 249 456
1 5 576 452 251 454 456 249 40 252
1 5 455 576 454 254 253 456 252 12
1 5 255 5 189 457 458 184 403 577
1 5 457 189 35 256 577 403 187 459
1 5 136 457 256 86 379 577 459 145
1 5 144 458 577 379 87 257 460 140
1 5 458 184 403 577 257 27 190 460
1 5 577 403 187 459 460 190 77 258
1 5 379 577 459 145 140 460 258 107
1 5 256 35 211 461 459 187 420 578
1 5 461 211 6 259 578 420 209 462
1 5 260 461 259 47 463 578 462 180
1 5 145 459 578 463 107 258 464 262
1 5 459 187 420 578 258 77 212 464
1 5 578 420 209 462 464 212 31 261
1 5 463 578 462 180 262 464 261 88
1 5 137 86 260 465 380 145 463 579
1 5 465 260 47 171 579 463 180 396
1 5 263 465 171 15 466 579 396 179
1 5 146 380 579 466 89 141 467 264
1 5 380 145 463 579 141 107 262 467
1 5 579 463 180 396 467 262 88 175
1 5 466 579 396 179 264 467 175 53
1 5 139 87 140 382 468 270 469 580
1 5 382 140 107 141 580 469 271 470
1 5 142 382 141 89 471 580 470 272
1 5 269 468 580 471 22 265 472 268
1 5 468 270 469 580 265 49 266 472
1 5 580 469 271 470 472 266 90 267
1 5 471 580 470 272 268 472 267 51
1 5 257 27 190 460 473 191 407 581
1 5 460 190 77 258 581 407 194 474
1 5 140 460 258 107 469 581 474 271
1 5 270 473 581 469 49 273 475 266
1 5 473 191 407 581 273 10 197 475
1 5 581 407 194 474 475 197 36 274
1 5 469 581 474 271 266 475 274 90
1 5 258 77 212 464 474 194 423 582
1 5 464 212 31 261 582 423 213 476
1 5 262 464 261 88 477 582 476 277
1 5 271 474 582 477 90 274 478 276
1 5 474 194 423 582 274 36 216 478
1 5 582 423 213 476 478 216 11 275
1 5 477 582 476 277 276 478 275 50
1 5 141 107 262 467 470 271 477 583
1 5 467 262 88 175 583 477 277 479
1 5 264 467 175 53 480 583 479 280
1 5 272 470 583 480 51 267 481 279
1 5 470 271 477 583 267 90 276 481
1 5 583 477 277 479 481 276 50 278
1 5 480 583 479 280 279 481 278 25
1 5 281 14 162 482 483 167 393 584
1 5 482 162 55 282 584 393 170 484
1 5 148 482 282 91 385 584 484 157
1 5 156 483 584 385 92 283 485 152
1 5 483 167 393 584 283 63 166 485
1 5 584 393 170 484 485 166 93 284
1 5 385 584 484 157 152 485 284 108
1 5 282 55 285 486 484 170 487 585
1 5 486 285 2 286 585 487 291 488
1 5 287 486 286 56 489 585 488 292
1 5 157 484 585 489 108 284 490 290
1 5 484 170 487 585 284 93 288 490
1 5 585 487 291 488 490 288 64 289
1 5 489 585 488 292 290 490 289 94
1 5 149 91 287 491 386 157 489 586
1 5 491 287 56 293 586 489 292 492
1 5 294 491 293 3 493 586 492 297
1 5 158 386 586 493 95 153 494 296
1 5 386 157 489 586 153 108 290 494
1 5 586 489 292 492 494 290 94 295
1 5 493 586 492 297 296 494 295 65
1 5 151 92 152 388 495 303 496 587
1 5 388 152 108 153 587 496 304 497
1 5 154 388 153 95 498 587 497 305
1 5 302 495 587 498 23 298 499 301
1 5 495 303 496 587 298 58 299 499
1 5 587 496 304 497 499 299 96 300
1 5 498 587 497 305 301 499 300 61
1 5 283 63 166 485 500 309 501 588
1 5 485 166 93 284 588 501 310 502
1 5 152 485 284 108 496 588 502 304
1 5 303 500 588 496 58 306 503 299
1 5 500 309 501 588 306 24 307 503
1 5 588 501 310 502 503 307 59 308
1 5 496 588 502 304 299 503 308 96
1 5 284 93 288 490 502 310 504 589
1 5 490 288 64 289 589 504 314 505
1 5 290 490 289 94 506 589 505 315
1 5 304 502 589 506 96 308 507 313
1 5 502 310 504 589 308 59 311 507
1 5 589 504 314 505 507 311 18 312
1 5 506 589 505 315 313 507 312 60
1 5 153 108 290 494 497 304 506 590
1 5 494 290 94 295 590 506 315 508
1 5 296 494 295 65 509 590 508 318
1 5 305 497 590 509 61 300 510 317
1 5 497 304 506 590 300 96 313 510
1 5 590 506 315 508 510 313 60 316
1 5 509 590 508 318 317 510 316 19
1 5 319 15 174 511 512 179 399 591
1 5 511 174 67 320 591 399 182 513
1 5 160 511 320 97 391 591 513 169
1 5 168 512 591 391 98 321 514 164
1 5 512 179 399 591 321 53 178 514
1 5 591 399 182 513 514 178 99 322
1 5 391 591 513 169 164 514 322 109
1 5 320 67 323 515 513 182 516 592
1 5 515 323 1 324 592 516 329 517
1 5 325 515 324 68 518 592 517 330
1 5 169 513 592 518 109 322 519 328
1 5 513 182 516 592 322 99 326 519
1 5 592 516 329 517 519 326 72 327
1 5 518 592 517 330 328 519 327 100
1 5 161 97 325 520 392 169 518 593
1 5 520 325 68 331 593 518 330 521
1 5 285 520 331 2 487 593 521 291
1 5 170 392 593 487 93 165 522 288
1 5 392 169 518 593 165 109 328 522
1 5 593 518 330 521 522 328 100 332
1 5 487 593 521 291 288 522 332 64
1 5 163 98 164 394 523 336 524 594
1 5 394 164 109 165 594 524 337 525
1 5 166 394 165 93 501 594 525 310
1 5 309 523 594 501 24 333 526 307
1 5 523 336 524 594 333 69 334 526
1 5 594 524 337 525 526 334 101 335
1 5 501 594 525 310 307 526 335 59
1 5 321 53 178 514 527 280 528 595
1 5 514 178 99 322 595 528 341 529
1 5 164 514 322 109 524 595 529 337
1 5 336 527 595 524 69 338 530 334
1 5 527 280 528 595 338 25 339 530
1 5 595 528 341 529 530 339 70 340
1 5 524 595 529 337 334 530 340 101
1 5 322 99 326 519 529 341 531 596
1 5 519 326 72 327 596 531 345 532
1 5 328 519 327 100 533 596 532 346
1 5 337 529 596 533 101 340 534 344
1 5 529 341 531 596 340 70 342 534
1 5 596 531 345 532 534 342 17 343
1 5 533 596 532 346 344 534 343 71
1 5 165 109 328 522 525 337 533 597
1 5 522 328 100 332 597 533 346 535
1 5 288 522 332 64 504 597 535 314
1 5 310 525 597 504 59 335 536 311
1 5 525 337 533 597 335 101 344 536
1 5 597 533 346 535 536 344 71 347
1 5 504 597 535 314 311 536 347 18
1 5 259 6 224 537 462 209 431 598
1 5 537 224 43 348 598 431 222 538
1 5 172 537 348 102 397 598 538 181
1 5 180 462 598 397 88 261 539 176
1 5 462 209 431 598 261 31 225 539
1 5 598 431 222 538 539 225 82 349
1 5 397 598 538 181 176 539 349 110
1 5 348 43 245 540 538 222 447 599
1 5 540 245 0 350 599 447 243 541
1 5 351 540 350 73 542 599 541 354
1 5 181 538 599 542 110 349 543 353
1 5 538 222 447 599 349 82 246 543
1 5 599 447 243 541 543 246 39 352
1 5 542 599 541 354 353 543 352 103
1 5 173 102 351 544 398 181 542 600
1 5 544 351 73 355 600 542 354 545
1 5 323 544 355 1 516 600 545 329
1 5 182 398 600 516 99 177 546 326
1 5 398 181 542 600 177 110 353 546
1 5 600 542 354 545 546 353 103 356
1 5 516 600 545 329 326 546 356 72
1 5 175 88 176 400 479 277 547 601
1 5 400 176 110 177 601 547 359 548
1 5 178 400 177 99 528 601 548 341
1 5 280 479 601 528 25 278 549 339
1 5 479 277 547 601 278 50 357 549
1 5 601 547 359 548 549 357 104 358
1 5 528 601 548 341 339 549 358 70
1 5 261 31 225 539 476 213 434 602
1 5 539 225 82 349 602 434 226 550
1 5 176 539 349 110 547 602 550 359
1 5 277 476 602 547 50 275 551 357
1 5 476 213 434 602 275 11 229 551
1 5 602 434 226 550 551 229 44 360
1 5 547 602 550 359 357 551 360 104
1 5 349 82 246 543 550 226 450 603
1 5 543 246 39 352 603 450 247 552
1 5 353 543 352 103 553 603 552 363
1 5 359 550 603 553 104 360 554 362
1 5 550 226 450 603 360 44 250 554
1 5 603 450 247 552 554 250 7 361
1 5 553 603 552 363 362 554 361 74
1 5 177 110 353 546 548 359 553 604
1 5 546 353 103 356 604 553 363 555
1 5 326 546 356 72 531 604 555 345
1 5 341 548 604 531 70 358 556 342
1 5 548 359 553 604 358 104 362 556
1 5 604 553 363 555 556 362 74 364
1 5 531 604 555 345 342 556 364 17

boundary
384
1 3 8 111 366 119
1 3 9 123 372 131
1 3 15 171 465 263
1 3 3 293 491 294
1 3 2 331 520 285
1 3 1 355 544 323
1 3 26 183 402 120
1 3 76 186 419 205
1 3 34 115 415 204
1 3 30 208 430 132
1 3 81 221 446 239
1 3 42 127 441 238
1 3 47 259 461 260
1 3 86 256 457 136
1 3 48 137 377 138
1 3 56 286 486 287
1 3 91 282 482 148
1 3 57 149 383 150
1 3 68 324 515 325
1 3 97 320 511 160
1 3 55 161 389 162
1 3 73 350 540 351
1 3 102 348 537 172
1 3 67 173 395 174
1 3 111 26 120 366
1 3 366 120 76 115
1 3 119 366 115 34
1 3 123 30 132 372
1 3 372 132 81 127
1 3 131 372 127 42
1 3 171 47 260 465
1 3 465 260 86 137
1 3 263 465 137 48
1 3 293 56 287 491
1 3 491 287 91 149
1 3 294 491 149 57
1 3 331 68 325 520
1 3 520 325 97 161
1 3 285 520 161 55
1 3 355 73 351 544
1 3 544 351 102 173
1 3 323 544 173 67
1 3 183 5 189 402
1 3 402 189 35 186
1 3 120 402 186 76
1 3 186 35 211 419
1 3 419 211 6 208
1 3 205 419 208 30
1 3 115 76 205 415
1 3 415 205 30 123
1 3 204 415 123 9
1 3 208 6 224 430
1 3 430 224 43 221
1 3 132 430 221 81
1 3 221 43 245 446
1 3 446 245 0 242
1 3 239 446 242 38
1 3 127 81 239 441
1 3 441 239 38 234
1 3 238 441 234 4
1 3 259 6 211 461
1 3 461 211 35 256
1 3 260 461 256 86
1 3 256 35 189 457
1 3 457 189 5 255
1 3 136 457 255 46
1 3 137 86 136 377
1 3 377 136 46 135
1 3 138 377 135 16
1 3 286 2 285 486
1 3 486 285 55 282
1 3 287 486 282 91
1 3 282 55 162 482
1 3 482 162 14 281
1 3 148 482 281 54
1 3 149 91 148 383
1 3 383 148 54 147
1 3 150 383 147 13
1 3 324 1 323 515
1 3 515 323 67 320
1 3 325 515 320 97
1 3 320 67 174 511
1 3 511 174 15 319
1 3 160 511 319 66
1 3 161 97 160 389
1 3 389 160 66 159
1 3 162 389 159 14
1 3 350 0 245 540
1 3 540 245 43 348
1 3 351 540 348 102
1 3 348 43 224 537
1 3 537 224 6 259
1 3 172 537 259 47
1 3 173 102 172 395
1 3 395 172 47 171
1 3 174 395 171 15
43 3 114 365 111 8
43 3 114 8 119 369
43 3 10 192 408 197
43 3 126 9 131 375
43 3 11 214 435 229
43 3 4 234 445 237
43 3 255 5 184 458
43 3 281 14 167 483
43 3 138 16 143 381
43 3 319 15 179 512
43 3 22 265 472 268
43 3 150 13 155 387
43 3 2 286 488 291
43 3 23 298 499 301
43 3 1 324 517 329
43 3 24 333 526 307
43 3 0 350 541 243
43 3 25 278 549 339
43 3 112 401 183 26
43 3 193 406 185 75
43 3 200 411 113 29
43 3 200 29 122 413
43 3 202 79 207 428
43 3 118 34 204 418
43 3 28 199 412 198
43 3 78 201 427 217
43 3 36 195 424 216
43 3 32 218 438 230
43 3 83 231 454 251
43 3 44 227 451 250
43 3 49 273 475 266
43 3 90 274 478 276
43 3 51 267 481 279
43 3 50 275 551 357
43 3 104 360 554 362
43 3 70 358 556 342
43 3 219 33 134 439
43 3 232 84 241 455
43 3 130 42 238 444
43 3 38 242 449 235
43 3 85 244 453 249
43 3 41 236 456 253
43 3 73 355 545 354
43 3 103 356 555 363
43 3 39 352 552 247
43 3 135 46 144 378
43 3 139 87 270 468
43 3 257 27 191 473
43 3 147 54 156 384
43 3 151 92 303 495
43 3 283 63 309 500
43 3 263 48 146 466
43 3 264 89 272 480
43 3 142 52 269 471
43 3 159 66 168 390
43 3 163 98 336 523
43 3 321 53 280 527
43 3 58 306 503 299
43 3 96 308 507 313
43 3 61 300 510 317
43 3 69 338 530 334
43 3 101 340 534 344
43 3 59 335 536 311
43 3 294 57 158 493
43 3 296 95 305 509
43 3 154 62 302 498
43 3 56 293 492 292
43 3 94 295 508 315
43 3 64 289 505 314
43 3 68 331 521 330
43 3 100 332 535 346
43 3 72 327 532 345
43 3 365 112 26 111
43 3 113 75 112 365
43 3 29 113 365 114
43 3 401 184 5 183
43 3 185 27 184 401
43 3 75 185 401 112
43 3 406 191 27 185
43 3 192 10 191 406
43 3 28 192 406 193
43 3 411 193 75 113
43 3 199 28 193 411
43 3 20 199 411 200
43 3 29 114 369 122
43 3 122 369 118 79
43 3 369 119 34 118
43 3 20 200 413 203
43 3 203 413 202 37
43 3 413 122 79 202
43 3 37 202 428 220
43 3 220 428 219 21
43 3 428 207 33 219
43 3 79 118 418 207
43 3 207 418 126 33
43 3 418 204 9 126
43 3 192 28 198 408
43 3 408 198 78 195
43 3 197 408 195 36
43 3 214 32 230 435
43 3 435 230 83 227
43 3 229 435 227 44
43 3 265 49 266 472
43 3 472 266 90 267
43 3 268 472 267 51
43 3 278 50 357 549
43 3 549 357 104 358
43 3 339 549 358 70
43 3 199 20 203 412
43 3 412 203 37 201
43 3 198 412 201 78
43 3 201 37 220 427
43 3 427 220 21 218
43 3 217 427 218 32
43 3 195 78 217 424
43 3 424 217 32 214
43 3 216 424 214 11
43 3 218 21 233 438
43 3 438 233 45 231
43 3 230 438 231 83
43 3 231 45 254 454
43 3 454 254 12 252
43 3 251 454 252 40
43 3 227 83 251 451
43 3 451 251 40 248
43 3 250 451 248 7
43 3 273 10 197 475
43 3 475 197 36 274
43 3 266 475 274 90
43 3 274 36 216 478
43 3 478 216 11 275
43 3 276 478 275 50
43 3 267 90 276 481
43 3 481 276 50 278
43 3 279 481 278 25
43 3 275 11 229 551
43 3 551 229 44 360
43 3 357 551 360 104
43 3 360 44 250 554
43 3 554 250 7 361
43 3 362 554 361 74
43 3 358 104 362 556
43 3 556 362 74 364
43 3 342 556 364 17
43 3 33 126 375 134
43 3 134 375 130 84
43 3 375 131 42 130
43 3 21 219 439 233
43 3 233 439 232 45
43 3 439 134 84 232
43 3 45 232 455 254
43 3 254 455 253 12
43 3 455 241 41 253
43 3 84 130 444 241
43 3 241 444 237 41
43 3 444 238 4 237
43 3 234 38 235 445
43 3 445 235 85 236
43 3 237 445 236 41
43 3 350 73 354 541
43 3 541 354 103 352
43 3 243 541 352 39
43 3 242 0 243 449
43 3 449 243 39 244
43 3 235 449 244 85
43 3 244 39 247 453
43 3 453 247 7 248
43 3 249 453 248 40
43 3 236 85 249 456
43 3 456 249 40 252
43 3 253 456 252 12
43 3 355 1 329 545
43 3 545 329 72 356
43 3 354 545 356 103
43 3 356 72 345 555
43 3 555 345 17 364
43 3 363 555 364 74
43 3 352 103 363 552
43 3 552 363 74 361
43 3 247 552 361 7
43 3 46 255 458 144
43 3 144 458 257 87
43 3 458 184 27 257
43 3 16 135 378 143
43 3 143 378 139 52
43 3 378 144 87 139
43 3 52 139 468 269
43 3 269 468 265 22
43 3 468 270 49 265
43 3 87 257 473 270
43 3 270 473 273 49
43 3 473 191 10 273
43 3 54 281 483 156
43 3 156 483 283 92
43 3 483 167 63 283
43 3 48 138 381 146
43 3 146 381 142 89
43 3 381 143 52 142
43 3 66 319 512 168
43 3 168 512 321 98
43 3 512 179 53 321
43 3 298 58 299 499
43 3 499 299 96 300
43 3 301 499 300 61
43 3 333 69 334 526
43 3 526 334 101 335
43 3 307 526 335 59
43 3 13 147 384 155
43 3 155 384 151 62
43 3 384 156 92 151
43 3 62 151 495 302
43 3 302 495 298 23
43 3 495 303 58 298
43 3 92 283 500 303
43 3 303 500 306 58
43 3 500 309 24 306
43 3 15 263 466 179
43 3 179 466 264 53
43 3 466 146 89 264
43 3 53 264 480 280
43 3 280 480 279 25
43 3 480 272 51 279
43 3 89 142 471 272
43 3 272 471 268 51
43 3 471 269 22 268
43 3 14 159 390 167
43 3 167 390 163 63
43 3 390 168 98 163
43 3 63 163 523 309
43 3 309 523 333 24
43 3 523 336 69 333
43 3 98 321 527 336
43 3 336 527 338 69
43 3 527 280 25 338
43 3 306 24 307 503
43 3 503 307 59 308
43 3 299 503 308 96
43 3 308 59 311 507
43 3 507 311 18 312
43 3 313 507 312 60
43 3 300 96 313 510
43 3 510 313 60 316
43 3 317 510 316 19
43 3 338 25 339 530
43 3 530 339 70 340
43 3 334 530 340 101
43 3 340 70 342 534
43 3 534 342 17 343
43 3 344 534 343 71
43 3 335 101 344 536
43 3 536 344 71 347
43 3 311 536 347 18
43 3 57 150 387 158
43 3 158 387 154 95
43 3 387 155 62 154
43 3 3 294 493 297
43 3 297 493 296 65
43 3 493 158 95 296
43 3 65 296 509 318
43 3 318 509 317 19
43 3 509 305 61 317
43 3 95 154 498 305
43 3 305 498 301 61
43 3 498 302 23 301
43 3 286 56 292 488
43 3 488 292 94 289
43 3 291 488 289 64
43 3 324 68 330 517
43 3 517 330 100 327
43 3 329 517 327 72
43 3 293 3 297 492
43 3 492 297 65 295
43 3 292 492 295 94
43 3 295 65 318 508
43 3 508 318 19 316
43 3 315 508 316 60
43 3 289 94 315 505
43 3 505 315 60 312
43 3 314 505 312 18
43 3 331 2 291 521
43 3 521 291 64 332
43 3 330 521 332 100
43 3 332 64 314 535
43 3 535 314 18 347
43 3 346 535 347 71
43 3 327 100 346 532
43 3 532 346 71 343
43 3 345 532 343 17

vertices
605

nodes
FiniteElementSpace
FiniteElementCollection: H1_3D_P2
VDim: 3
Ordering: 0

0.57680281
0.30998466
-3.1225023e-17
-0.31000795
0.59718411
0.70710678
0.67220951
0.50295308
0.8867
0.80820096
0.59296204
0.56955658
0.46713824
-0.37298049
-1.3010426e-18
0.37298049
0.39717735
0.26568513
2.9273459e-18
-0.26592163
0.66119981
0.60844596
0.3224644
-0.30722904
-1.1519648e-18
0.30721416
0.79690339
0.65003441
0.62708092
0.7739499
0.74020524
0.62088304
0.58900127
0.70832346
0.84745048
0.68965815
0.58125931
0.63482288
0.58699346
0.53987794
0.48504566
0.53216118
0.70269254
0.62450616
0.53625483
0.5377921
0.55214206
0.522595
0.38507892
0.45771322
0.43838537
0.31483928
0.35982088
0.34009732
-0.18649024
-1.6263033e-17
-0.15500398
-0.34149422
-0.15361452
8.8769053e-19
-0.13296081
-0.28657533
-0.34010476
-1.2265037e-18
-1.4148838e-17
-0.28796479
0.18649024
0.34148257
0.15499233
0.15360708
0.28644964
0.13284256
0.28783489
0.44339373
0.3843191
0.71199216
0.76855431
0.63545873
0.6080411
0.74113668
0.66460325
0.66359935
0.58038049
0.53702346
0.62024232
0.53601956
0.53736853
0.50492764
0.48049018
0.3499591
0.44804929
-0.17074711
-0.17005238
-7.687671e-18
-0.1439824
-0.31403478
-0.14328767
0.17074129
0.17004866
0.31396611
0.14391745
0.14322482
0.48299437
0.41385642
0.41135223
0.6882977
0.60031141
0.49270891
-0.15701739
0.15698305
0.4471733
0.84180169
0.75444777
0.74297103
0.83032495
0.8080024
0.72842601
0.71471719
0.79429358
0.86707524
0.78272885
0.70014493
0.75754329
0.7742031
0.70240425
0.68646336
0.75826221
0.68314594
0.63195538
0.61027686
0.66146743
0.75544675
0.70190229
0.63245733
0.66428289
0.47465971
0.5447553
0.46122372
0.39112813
0.43237426
0.49881828
0.42133401
0.35488999
0.37849911
0.52853485
0.51503872
0.36751901
-0.27973537
-0.17861868
-0.25612067
-0.35723735
-0.25507857
-0.16353489
-0.23552608
-0.32706977
-0.35654263
-0.17827131
-0.16388225
-0.3277645
0.093245122
0.17861577
0.085370643
-8.7820376e-18
0.08502433
0.16351586
0.078491527
-4.4570874e-18
-1.2637732e-18
0.17826945
0.16386217
-1.1975352e-17
0.44778774
0.50279468
0.41223847
0.35723153
0.41029375
0.46383174
0.3805697
0.32703171
0.3565389
0.50154259
0.46508383
0.32772434
0.75200509
0.6785706
0.68101328
0.72910623
0.66255844
0.66187822
0.69838246
0.64274657
0.62149823
0.61002148
0.66953654
0.60835902
0.5946502
0.6481694
0.58711068
0.61756101
0.64414037
0.71757485
0.62143199
0.68797978
0.64801134
0.82782572
0.75437978
0.67645048
0.72473007
0.70620738
0.64654628
0.64274315
0.68093383
0.62817089
0.59521981
0.57927892
0.62680226
0.57540794
0.59852118
0.59872361
0.65838471
0.62163442
0.64405275
0.60244333
0.59034595
0.64835784
0.60063177
0.55831766
0.53663914
0.56866743
0.5529057
0.56301237
0.53740778
0.57901721
0.57311903
0.59208879
0.56150651
0.53409037
0.56467264
0.64993833
0.6252964
0.56816548
0.57620175
0.58189813
0.55834037
0.53794875
0.60065448
0.56012922
0.52141551
0.49399937
0.51053261
0.51960395
0.51103456
0.47609195
0.49964971
0.50246517
0.62962442
0.61351334
0.57748103
0.56408382
0.59740226
0.52998177
0.55068661
0.48659955
0.3790297
0.34502821
0.39008881
0.45288126
0.38144429
0.31865184
0.34114264
0.48132043
0.4703791
0.33239919
0.52533763
0.5146543
0.50397097
0.44321733
0.45943777
0.37279976
0.31102672
0.32365574
-0.093245122
-0.085373555
-0.085026191
-0.078508694
-2.3744028e-17
-0.077501989
-0.16287554
-1.0918255e-17
-0.071991198
-0.15049989
-2.268693e-17
-0.14949319
-0.23250597
-0.32575109
-0.21597359
-0.30099978
-0.29898637
-0.23042178
-0.14845109
-0.2149315
-0.29690219
-0.3236669
-0.16183345
-0.15015253
-0.30030505
-0.07680726
-1.3213714e-19
-0.071643833
-1.1892343e-18
-3.3999903e-18
1.9075182e-18
-0.066480406
-0.13812424
-5.6107462e-18
-0.1384716
-0.19944122
-0.27624848
-0.27694321
0.27973537
0.25611193
0.25507299
0.23547458
0.32573362
0.23248849
0.16286681
0.3009005
0.21587617
0.15045025
0.29890978
0.14945489
0.077496165
0.071958723
0.076803539
0.14841595
0.07161241
0.16182787
0.15010394
0.23041062
0.2968319
0.21483723
0.30020787
0.27606738
0.19926384
0.13803369
0.27676001
0.13838
0.066421282
0.55375026
0.5137769
0.51009827
0.46319405
0.47686718
0.43051486
0.42862508
0.3766892
0.35084566
0.4248688
0.34890094
0.42926277
0.47380353
0.44363609
0.39783567
0.39908776
0.32500211
0.79238636
0.82490204
0.74143689
0.72884411
0.81230926
0.76135979
0.73033323
0.72867452
0.66717981
0.64837011
0.70986482
0.6467114
0.46794172
0.45351698
0.52178679
0.44127887
0.37300906
0.42685413
-0.26792802
-0.26740697
-0.17107678
-0.24582337
-0.34215356
-0.24530233
0.089307883
0.089134726
0.17106581
0.081931085
-6.6195625e-18
0.081757929
0.43001311
0.42904075
0.48331321
0.39640409
0.34213162
0.39543173
0.71650918
0.74055566
0.67056452
0.67144575
0.69549222
0.64551738
0.61492862
0.60233584
0.65885297
0.62826421
0.6935557
0.63278618
0.70277732
0.66807459
0.79110275
0.71541513
0.70059028
0.7762779
0.7176568
0.65455236
0.65231068
0.67447526
0.60178941
0.58696456
0.63748583
0.61101104
0.6100778
0.67318225
0.64259349
0.67513007
0.6244948
0.61654455
0.61719935
0.57676874
0.55795903
0.59773485
0.56349255
0.5680657
0.61870096
0.57384232
0.63761737
0.59673094
0.57218361
0.61307004
0.56308958
0.61297544
0.58039185
0.56414735
0.55992344
0.53986659
0.51531926
0.53960002
0.51597406
0.50674986
0.53933346
0.50509116
0.62156888
0.60355273
0.58879858
0.57078242
0.6054578
0.57404444
0.50829066
0.55738522
0.45450573
0.36202896
0.41581388
0.41123154
0.47584977
0.40138915
0.33677091
0.38576655
0.55140933
0.53936906
0.51999597
0.52732879
0.46490844
0.50931264
0.39154676
0.32802746
0.37712202
-0.089309338
-0.089135656
-0.081941125
-0.081767443
-0.081437772
-1.7331141e-17
-0.074746593
-0.15668772
-0.075249946
-0.24431332
-0.22423978
-0.31337544
-0.22574984
-0.24275018
-0.15599299
-0.22522879
-0.31198598
-0.22267664
-0.080916725
-2.2946123e-18
-0.075076264
-0.074225547
-4.5053682e-18
-0.069235802
-0.14431207
-0.06906212
-0.20770741
-0.28862413
-0.20718636
0.26792365
0.26740418
0.24579326
0.24527379
0.24430021
0.31331706
0.22418233
0.15665853
0.22567538
0.081433404
0.074727444
0.075225125
0.080913935
0.1559659
0.075051969
0.074207975
0.2427418
0.31193181
0.22515591
0.22262392
0.28848394
0.20757001
0.14424197
0.20705054
0.069190002
0.069016846
0.57557626
0.53376358
0.53223176
0.53192427
0.49348272
0.44685445
0.49532204
0.39446383
0.36376743
0.36570768
0.44435027
0.36473532
0.36085035
0.49379021
0.48888725
0.46025163
0.41417526
0.45871981
0.33792388
0.33695153
0.77687308
0.68852232
0.44739792
-0.25661517
0.085532906
0.41272242
0.7060007
0.6368908
0.68081514
0.74584651
0.68498374
0.61963762
0.65533404
0.64583731
0.58725179
0.6082179
0.60490049
0.5885614
0.5397333
0.53946674
0.59617565
0.58142151
0.43515981
0.40631034
0.5453892
0.53334893
0.39646795
-0.08553839
-0.078343859
-0.23503158
-0.23398948
-0.077996495
-0.072156033
-0.2164681
0.25659872
0.23498779
0.078329265
0.077982952
0.23394885
0.21636296
0.072120985
0.55390401
0.51362315
0.38008576
0.37814104
0.5105595
0.47702092
0.3513296
0.86425084
0.81709403
0.81135565
0.85851247
0.84598864
0.80088756
0.79459117
0.83969225
0.87688762
0.83335187
0.78462972
0.82131711
0.79120203
0.75226816
0.74429772
0.78323159
0.74206064
0.70859842
0.69919357
0.73265579
0.78182386
0.75143881
0.70942777
0.73406352
0.43591853
0.47130071
0.42953492
0.39415274
0.41600805
0.45045745
0.41020349
0.37575409
0.38783823
0.46408834
0.45766982
0.3820686
-0.32635793
-0.27383169
-0.31258268
-0.36510892
-0.3119748
-0.26201107
-0.29938437
-0.34934809
-0.36476156
-0.27357117
-0.26227159
-0.34969546
0.046622561
0.091276502
0.044653941
-5.0415401e-18
0.044567363
0.087333816
0.042766453
-3.9416678e-18
-1.2824079e-18
0.091189924
0.087420394
-7.7008e-18
0.41038412
0.43890043
0.39362232
0.36510601
0.39278983
0.42088158
0.37742702
0.34933526
0.3647597
0.43841425
0.42136776
0.34968158
0.77445424
0.73425713
0.73547848
0.77567558
0.76164225
0.72327818
0.7237188
0.76208287
0.78981612
0.74628037
0.71125494
0.74794233
0.69650272
0.66326533
0.65752696
0.69076435
0.68579534
0.65416827
0.64787188
0.67949895
0.70606854
0.67622952
0.64120409
0.66419476
0.75846047
0.71826336
0.70556528
0.74576238
0.7431937
0.70482963
0.69179623
0.7301603
0.7657466
0.73590757
0.68718542
0.71017609
0.82772644
0.7846811
0.77782669
0.82087203
0.80946423
0.76847463
0.7610622
0.80205181
0.8376381
0.79955257
0.75360315
0.78528574
0.74883027
0.71229923
0.71195912
0.74849016
0.73601829
0.70132027
0.70019944
0.73489745
0.76146704
0.72338152
0.69023798
0.72192057
0.67508796
0.64507121
0.6382168
0.66823355
0.66438058
0.63597415
0.62856173
0.65696815
0.68237409
0.65709445
0.62395092
0.64282762
0.72792694
0.69139589
0.67802719
0.71455823
0.71266017
0.67796216
0.66425814
0.69895616
0.73293338
0.70765373
0.66170431
0.68058101
0.72320631
0.69034132
0.68843975
0.72130474
0.68851618
0.66048369
0.65650856
0.68454105
0.72105377
0.69066872
0.66015628
0.68479203
0.6536732
0.62687709
0.61890665
0.64570276
0.62450094
0.60189817
0.59249332
0.61509609
0.64853029
0.62964385
0.59913141
0.61226855
0.69739341
0.66452842
0.6504891
0.68335409
0.6563265
0.62829401
0.61345943
0.64149192
0.68630318
0.66741673
0.62540569
0.63854283
0.69291924
0.66492867
0.65408942
0.68207998
0.64377785
0.62125893
0.60898526
0.63150418
0.67631543
0.66038165
0.62580595
0.63726873
0.65382605
0.63062605
0.62457736
0.64777736
0.61913592
0.60076842
0.59264617
0.61101367
0.64444788
0.6285141
0.60288037
0.61434316
0.59532868
0.57691925
0.56607999
0.58448942
0.56615642
0.55194033
0.53966666
0.55388275
0.58423844
0.57724665
0.55161293
0.55413373
0.61525959
0.59205959
0.57642976
0.59962976
0.57419268
0.55582518
0.5394001
0.5577676
0.59822203
0.59123024
0.55665453
0.55917533
0.59088324
0.62559665
0.58316209
0.54844868
0.56604379
0.59986419
0.55898122
0.52516082
0.54033846
0.61658857
0.60887227
0.53327104
0.57544094
0.60948557
0.56771978
0.53367515
0.55191865
0.58511004
0.54485608
0.51166469
0.52620363
0.60115596
0.59343965
0.51913621
0.42315132
0.45786473
0.41676772
0.38205431
0.40439894
0.43821934
0.39859438
0.36477398
0.37629896
0.4512513
0.44483277
0.37052933
0.39609757
0.4296142
0.39087206
0.35735543
0.37618709
0.40877094
0.37154063
0.33895678
0.35048176
0.4218029
0.41658224
0.34583045
0.54120434
0.57413173
0.53480035
0.50187296
0.51636488
0.54839926
0.51061948
0.4785851
0.49312404
0.56444518
0.55808581
0.48733402
0.52839637
0.56073452
0.52199238
0.48965423
0.50487408
0.53635899
0.49912868
0.46764377
0.48154401
0.55172644
0.54536707
0.47575399
0.38564655
0.41857394
0.38042104
0.34749365
0.36689417
0.39892855
0.36224771
0.33021333
0.34117914
0.41136158
0.40614092
0.33652784
-0.13986768
-0.09127723
-0.13396401
-0.18255446
-0.13370348
-0.087337023
-0.12830759
-0.17467405
-0.18238078
-0.091190389
-0.087423864
-0.17484773
-0.12806033
-0.083405664
-0.12215666
-0.16681133
-0.12291169
-0.080142492
-0.11751579
-0.16028498
-0.16731468
-0.08365734
-0.079890815
-0.15978163
-0.29880744
-0.25021699
-0.2850322
-0.33362265
-0.28679394
-0.24042748
-0.27420351
-0.32056997
-0.33462936
-0.25097202
-0.23967245
-0.31956326
-0.29759167
-0.25019045
-0.28618605
-0.33358727
-0.28320854
-0.23836983
-0.27298773
-0.31782644
-0.33188583
-0.24891437
-0.23964591
-0.31952787
-0.12753929
-0.083396817
-0.12265116
-0.16679363
-0.12137509
-0.07945661
-0.11699474
-0.15891322
-0.16594292
-0.082971458
-0.079881969
-0.15976394
-0.11776304
-0.07687932
-0.11287492
-0.15375864
-0.1126144
-0.073616148
-0.10823405
-0.1472323
-0.15358496
-0.076792479
-0.073702989
-0.14740598
-0.27478043
-0.23063796
-0.26337481
-0.30751728
-0.26276692
-0.22084844
-0.25254611
-0.29446459
-0.30716992
-0.23037744
-0.22110897
-0.29481196
0.2331128
0.27382951
0.22326971
0.182553
0.22283682
0.26200145
0.21383226
0.17466763
0.18237985
0.27356977
0.26226118
0.17484079
0.21342661
0.25020607
0.20358351
0.16680405
0.20482771
0.24039052
0.19582316
0.16026035
0.16730173
0.25095259
0.239644
0.15976267
0.042685322
0.083402024
0.040716702
-2.000353e-17
0.040965543
0.080130175
0.039164632
-1.4653246e-17
-1.4119192e-17
0.083650864
0.079881334
-2.0537584e-17
0.042512165
0.083391129
0.040878964
-2.8417955e-18
0.040456967
0.079448443
0.038991476
-1.7419233e-18
-1.207869e-18
0.082969132
0.07987044
-3.3758498e-18
0.21256083
0.25017339
0.20439482
0.16678226
0.20228484
0.23834533
0.19495738
0.15889689
0.16593826
0.2489074
0.23961132
0.15974088
0.19622882
0.23057498
0.18806281
0.15371665
0.18762992
0.22075943
0.18030246
0.14717295
0.1535435
0.23031524
0.22101917
0.14734611
0.039245763
0.076858326
0.037612563
-9.3029629e-18
0.037525984
0.073586477
0.036060493
-3.9526792e-18
-5.5438306e-18
0.076771748
0.073673055
-7.7118115e-18
0.55999863
0.58648926
0.53918547
0.51269484
0.53779351
0.56397422
0.51860861
0.4924279
0.5120688
0.58572335
0.56474013
0.49305395
0.51837231
0.54283726
0.49755916
0.47309421
0.49942371
0.52369337
0.4802388
0.45596914
0.4740391
0.54375692
0.52277371
0.45502425
0.37686052
0.40335115
0.36009872
0.33360809
0.36206421
0.38824492
0.34670141
0.3205207
0.33460346
0.40432128
0.38727479
0.31952534
0.37519554
0.40286274
0.36123172
0.33356452
0.35760125
0.3848439
0.34503642
0.31779377
0.33187653
0.40092025
0.38678638
0.31948176
0.5155884
0.54145918
0.49803175
0.47216096
0.49338328
0.51894415
0.47745489
0.45189402
0.46996398
0.5390077
0.52139563
0.45409101
0.4804751
0.50454947
0.46291845
0.43884408
0.46152649
0.48540557
0.44559809
0.42171902
0.43821803
0.50378356
0.48617148
0.42234506
0.34726791
0.37313869
0.33330409
0.3074333
0.3324716
0.35803246
0.31990677
0.29434591
0.30708699
0.37265251
0.35851864
0.29469222
0.81935254
0.77341707
0.80381545
0.75915498
0.73321996
0.72748159
0.76767869
0.72079091
0.71449452
0.75285859
0.80213743
0.78492628
0.85726286
0.81645222
0.76911644
0.80330142
0.78827836
0.7448929
0.77564158
0.73493145
0.70836186
0.70150745
0.73803849
0.69422132
0.72178065
0.76771513
0.74933999
0.75720417
0.71636874
0.71528841
0.67785106
0.68350375
0.67553331
0.70839829
0.64981857
0.64041372
0.66844621
0.73329284
0.68707385
0.72906964
0.70591023
0.66761686
0.68566612
0.67337265
0.63933339
0.68275082
0.64956759
0.61613339
0.60529413
0.62849413
0.61638437
0.62932349
0.64085487
0.6422626
0.51340089
0.50634851
0.49102592
0.48459236
0.54106192
0.49929613
0.46458272
0.51841276
0.47815879
0.44433839
0.38810352
0.37026403
0.36915999
0.44294562
0.43712603
0.36394952
0.46865095
0.46283621
0.51673125
0.51030253
0.4957636
0.45702146
0.42409407
0.50387382
0.43130644
0.35242454
0.35873905
-0.2331128
-0.22327335
-0.22283914
-0.21384598
-0.17468289
-0.21343389
-0.26202434
-0.16747952
-0.20485281
-0.25121927
-0.34936579
-0.33495903
-0.34832369
-0.26124277
-0.25095875
-0.33461167
-0.21256548
-0.20441861
-0.17416185
-0.16730583
-0.16027614
-0.19627174
-0.24041421
-0.16044982
-0.24067473
-0.32055227
-0.32089964
0.13986768
0.13396182
0.13370209
0.12829936
0.17467853
0.12805596
0.087339263
0.16746399
0.12289663
0.083731995
-1.2522535e-17
-9.2974571e-18
-1.2451384e-18
0.087079528
0.083645417
-5.5383249e-18
0.1275365
0.12263689
0.17415906
0.16729083
0.16024946
0.11773729
0.080124728
0.16042261
0.080211306
-6.0723792e-18
-9.8315114e-18
0.48519137
0.4664039
0.46529167
0.44801781
0.49289452
0.44761642
0.42112579
0.47419852
0.43074396
0.40456325
0.34935705
0.33492798
0.34831811
0.41966725
0.40407707
0.33458167
0.44539197
0.42963173
0.49101639
0.47357248
0.45550252
0.4138715
0.38800072
0.45612857
0.3884869
0.32049891
0.32084522
0.72955593
0.69283869
0.69753989
0.71946906
0.68447349
0.68828261
0.70274462
0.67456756
0.6643025
0.66552385
0.69876123
0.65665554
0.65709616
0.68872323
0.64639049
0.73483094
0.70074646
0.70938219
0.67610829
0.67902533
0.69402031
0.66656148
0.64900858
0.64866847
0.67868522
0.63910265
0.66666198
0.63576632
0.6335078
0.6288376
0.62590971
0.61821342
0.60723013
0.60149176
0.62776943
0.60101965
0.59472326
0.61961332
0.59003636
0.60617866
0.6185512
0.64830873
0.60994843
0.63820699
0.62232097
0.6325775
0.65351119
0.62190887
0.61831161
0.61164382
0.59480916
0.58795476
0.61145721
0.58418499
0.59849302
0.60134565
0.62810525
0.61280105
0.68154612
0.66983406
0.63561064
0.66884803
0.62517359
0.65680066
0.63846327
0.65267009
0.68938733
0.64039876
0.67539433
0.65460558
0.67444487
0.69537855
0.658122
0.61473654
0.64475329
0.62710908
0.62812744
0.66140133
0.64141711
0.77274126
0.73063082
0.6959328
0.68852038
0.72321839
0.75050398
0.81801334
0.78265292
0.73808987
0.76727005
0.74729251
0.70890969
0.67052687
0.69352682
0.71652677
0.69929532
0.66774309
0.66976805
0.68529599
0.6585554
0.64136162
0.64024078
0.66864721
0.63181481
0.71193209
0.6797295
0.68920844
0.6593779
0.66051077
0.67657167
0.65054932
0.63371466
0.6318131
0.65860921
0.62452697
0.64752692
0.61498015
0.61071352
0.60507422
0.58859868
0.58118625
0.60330109
0.57833363
0.59080738
0.59274287
0.61800351
0.60328114
0.61532433
0.63214405
0.60805143
0.60311542
0.59850461
0.58238819
0.57441775
0.59514498
0.57248226
0.58312174
0.5841401
0.60790176
0.59376122
0.64640993
0.60429949
0.63270592
0.6157549
0.61585611
0.64740833
0.62822865
0.64896376
0.66578348
0.63469787
0.59386244
0.62065855
0.60440071
0.60358479
0.63341533
0.61504019
0.66174395
0.63642632
0.63516605
0.66028368
0.63552054
0.61256329
0.60858816
0.63119093
0.61075741
0.65959141
0.63151833
0.63427946
0.61347474
0.60982134
0.636432
0.61346906
0.59141191
0.58536322
0.60377265
0.59050613
0.60344525
0.58870025
0.58201026
0.58599427
0.56483722
0.55543237
0.57260541
0.56123114
0.56861898
0.5604857
0.58037361
0.57600682
0.57537217
0.58320114
0.56934908
0.5609051
0.5675432
0.54728624
0.53644699
0.55006585
0.54458026
0.54729909
0.5368313
0.55284545
0.55001791
0.60297638
0.56553903
0.5881418
0.58339466
0.57059236
0.59590999
0.59078249
0.59103011
0.59885908
0.57125488
0.53721562
0.55562505
0.55273674
0.53759994
0.55840465
0.55545556
0.63145688
0.60081572
0.58244821
0.57017455
0.58854205
0.59463589
0.59463645
0.57758918
0.56388111
0.58092838
0.62356122
0.61485308
0.58399503
0.58887134
0.58954112
0.57424998
0.56229804
0.60614493
0.57911873
0.54876303
0.53505496
0.54858997
0.55209252
0.55313699
0.53312577
0.54841691
0.55418146
0.60681496
0.59052317
0.58447662
0.61258032
0.59141759
0.57026053
0.56213828
0.57635437
0.57025486
0.5844458
0.57091079
0.56071498
0.59743679
0.57424242
0.57935047
0.56757159
0.55913191
0.58872864
0.56936611
0.54910916
0.53891335
0.5489361
0.55000358
0.55104805
0.53698415
0.5499979
0.53979994
0.54909212
0.52973527
0.5174616
0.52752628
0.52792939
0.5259792
0.51317691
0.52531729
0.52402901
0.5269614
0.51325333
0.52327608
0.52785368
0.52506631
0.53064673
0.51869478
0.53064105
0.51218429
0.49847622
0.50498671
0.51127852
0.50465931
0.48952251
0.49778913
0.49804011
0.53953338
0.50889221
0.5231083
0.52207882
0.50460752
0.52089931
0.52012863
0.51959076
0.50237043
0.51590544
0.52227895
0.51949158
0.50781188
0.4805688
0.49059155
0.49142091
0.47161509
0.48339397
0.4848017
0.6683656
0.65997567
0.64106166
0.63337008
