MFEM mesh v1.0

#
# MFEM Geometry Types (see mesh/geom.hpp):
#
# POINT       = 0
# SEGMENT     = 1
# TRIANGLE    = 2
# SQUARE      = 3
# TETRAHEDRON = 4
# CUBE        = 5
#

dimension
3

elements
448
1 5 8 123 409 126 131 410 629 413
1 5 0 135 415 138 143 416 630 419
1 5 4 147 421 150 155 422 631 425
1 5 12 159 427 162 167 428 632 431
1 5 18 171 433 174 179 434 633 437
1 5 2 183 439 186 191 440 634 443
1 5 8 126 445 197 131 413 635 448
1 5 28 203 450 124 132 451 636 411
1 5 82 205 455 213 133 453 637 458
1 5 31 125 460 218 134 412 638 461
1 5 36 127 414 130 224 463 639 466
1 5 83 206 454 128 225 468 640 464
1 5 116 208 459 216 226 470 641 474
1 5 86 129 462 219 227 465 642 477
1 5 40 241 479 136 144 480 643 417
1 5 88 243 484 251 145 482 644 487
1 5 43 137 489 258 146 418 645 491
1 5 47 139 420 142 262 493 646 496
1 5 89 244 483 140 263 497 647 494
1 5 117 246 488 254 264 499 648 503
1 5 92 141 492 260 265 495 649 506
1 5 30 212 500 148 156 457 650 423
1 5 93 267 504 272 157 509 651 513
1 5 46 149 507 275 158 424 652 515
1 5 39 151 426 154 240 476 653 519
1 5 85 215 510 152 237 473 654 517
1 5 118 278 514 282 287 522 655 526
1 5 96 153 516 283 288 518 656 529
1 5 45 271 531 160 168 512 657 429
1 5 98 300 534 304 169 532 658 537
1 5 58 161 539 311 170 430 659 541
1 5 55 163 432 166 299 528 660 545
1 5 95 281 533 164 296 525 661 543
1 5 119 301 538 307 318 548 662 552
1 5 101 165 542 313 319 544 663 555
1 5 64 331 557 172 180 558 664 435
1 5 103 333 562 341 181 560 665 565
1 5 56 173 567 302 182 436 666 535
1 5 54 175 438 178 295 570 667 547
1 5 104 334 561 176 352 574 668 571
1 5 120 336 566 344 353 576 669 580
1 5 99 177 569 305 322 572 670 550
1 5 72 365 584 184 192 585 671 441
1 5 108 366 588 370 193 586 672 590
1 5 74 185 592 375 194 442 673 594
1 5 77 187 444 190 379 596 674 599
1 5 109 367 587 188 380 600 675 597
1 5 121 368 591 372 381 601 676 604
1 5 111 189 595 377 382 598 677 607
1 5 31 218 602 195 134 461 678 446
1 5 112 383 605 385 201 609 679 612
1 5 76 196 608 388 202 447 680 615
1 5 36 130 449 200 224 466 681 619
1 5 86 219 610 198 227 477 682 617
1 5 122 390 613 392 400 621 683 624
1 5 114 199 616 395 401 618 684 627
1 5 123 28 124 409 410 132 411 629
1 5 409 124 82 125 629 411 133 412
1 5 126 409 125 31 413 629 412 134
1 5 131 410 629 413 36 127 414 130
1 5 410 132 411 629 127 83 128 414
1 5 629 411 133 412 414 128 116 129
1 5 413 629 412 134 130 414 129 86
1 5 135 40 136 415 416 144 417 630
1 5 415 136 88 137 630 417 145 418
1 5 138 415 137 43 419 630 418 146
1 5 143 416 630 419 47 139 420 142
1 5 416 144 417 630 139 89 140 420
1 5 630 417 145 418 420 140 117 141
1 5 419 630 418 146 142 420 141 92
1 5 147 30 148 421 422 156 423 631
1 5 421 148 93 149 631 423 157 424
1 5 150 421 149 46 425 631 424 158
1 5 155 422 631 425 39 151 426 154
1 5 422 156 423 631 151 85 152 426
1 5 631 423 157 424 426 152 118 153
1 5 425 631 424 158 154 426 153 96
1 5 159 45 160 427 428 168 429 632
1 5 427 160 98 161 632 429 169 430
1 5 162 427 161 58 431 632 430 170
1 5 167 428 632 431 55 163 432 166
1 5 428 168 429 632 163 95 164 432
1 5 632 429 169 430 432 164 119 165
1 5 431 632 430 170 166 432 165 101
1 5 171 64 172 433 434 180 435 633
1 5 433 172 103 173 633 435 181 436
1 5 174 433 173 56 437 633 436 182
1 5 179 434 633 437 54 175 438 178
1 5 434 180 435 633 175 104 176 438
1 5 633 435 181 436 438 176 120 177
1 5 437 633 436 182 178 438 177 99
1 5 183 72 184 439 440 192 441 634
1 5 439 184 108 185 634 441 193 442
1 5 186 439 185 74 443 634 442 194
1 5 191 440 634 443 77 187 444 190
1 5 440 192 441 634 187 109 188 444
1 5 634 441 193 442 444 188 121 189
1 5 443 634 442 194 190 444 189 111
1 5 126 31 195 445 413 134 446 635
1 5 445 195 112 196 635 446 201 447
1 5 197 445 196 76 448 635 447 202
1 5 131 413 635 448 36 130 449 200
1 5 413 134 446 635 130 86 198 449
1 5 635 446 201 447 449 198 122 199
1 5 448 635 447 202 200 449 199 114
1 5 203 16 204 450 451 209 452 636
1 5 450 204 29 205 636 452 210 453
1 5 124 450 205 82 411 636 453 133
1 5 132 451 636 411 83 206 454 128
1 5 451 209 452 636 206 37 207 454
1 5 636 452 210 453 454 207 84 208
1 5 411 636 453 133 128 454 208 116
1 5 205 29 211 455 453 210 456 637
1 5 455 211 6 212 637 456 217 457
1 5 213 455 212 30 458 637 457 156
1 5 133 453 637 458 116 208 459 216
1 5 453 210 456 637 208 84 214 459
1 5 637 456 217 457 459 214 38 215
1 5 458 637 457 156 216 459 215 85
1 5 125 82 213 460 412 133 458 638
1 5 460 213 30 147 638 458 156 422
1 5 218 460 147 4 461 638 422 155
1 5 134 412 638 461 86 129 462 219
1 5 412 133 458 638 129 116 216 462
1 5 638 458 156 422 462 216 85 151
1 5 461 638 422 155 219 462 151 39
1 5 127 83 128 414 463 225 464 639
1 5 414 128 116 129 639 464 226 465
1 5 130 414 129 86 466 639 465 227
1 5 224 463 639 466 9 220 467 223
1 5 463 225 464 639 220 32 221 467
1 5 639 464 226 465 467 221 87 222
1 5 466 639 465 227 223 467 222 35
1 5 206 37 207 454 468 231 469 640
1 5 454 207 84 208 640 469 232 470
1 5 128 454 208 116 464 640 470 226
1 5 225 468 640 464 32 228 471 221
1 5 468 231 469 640 228 17 229 471
1 5 640 469 232 470 471 229 33 230
1 5 464 640 470 226 221 471 230 87
1 5 208 84 214 459 470 232 472 641
1 5 459 214 38 215 641 472 236 473
1 5 216 459 215 85 474 641 473 237
1 5 226 470 641 474 87 230 475 235
1 5 470 232 472 641 230 33 233 475
1 5 641 472 236 473 475 233 7 234
1 5 474 641 473 237 235 475 234 34
1 5 129 116 216 462 465 226 474 642
1 5 462 216 85 151 642 474 237 476
1 5 219 462 151 39 477 642 476 240
1 5 227 465 642 477 35 222 478 239
1 5 465 226 474 642 222 87 235 478
1 5 642 474 237 476 478 235 34 238
1 5 477 642 476 240 239 478 238 5
1 5 241 1 242 479 480 247 481 643
1 5 479 242 41 243 643 481 248 482
1 5 136 479 243 88 417 643 482 145
1 5 144 480 643 417 89 244 483 140
1 5 480 247 481 643 244 48 245 483
1 5 643 481 248 482 483 245 90 246
1 5 417 643 482 145 140 483 246 117
1 5 243 41 249 484 482 248 485 644
1 5 484 249 10 250 644 485 255 486
1 5 251 484 250 42 487 644 486 256
1 5 145 482 644 487 117 246 488 254
1 5 482 248 485 644 246 90 252 488
1 5 644 485 255 486 488 252 49 253
1 5 487 644 486 256 254 488 253 91
1 5 137 88 251 489 418 145 487 645
1 5 489 251 42 257 645 487 256 490
1 5 258 489 257 3 491 645 490 261
1 5 146 418 645 491 92 141 492 260
1 5 418 145 487 645 141 117 254 492
1 5 645 487 256 490 492 254 91 259
1 5 491 645 490 261 260 492 259 50
1 5 139 89 140 420 493 263 494 646
1 5 420 140 117 141 646 494 264 495
1 5 142 420 141 92 496 646 495 265
1 5 262 493 646 496 4 147 421 150
1 5 493 263 494 646 147 30 148 421
1 5 646 494 264 495 421 148 93 149
1 5 496 646 495 265 150 421 149 46
1 5 244 48 245 483 497 268 498 647
1 5 483 245 90 246 647 498 269 499
1 5 140 483 246 117 494 647 499 264
1 5 263 497 647 494 30 212 500 148
1 5 497 268 498 647 212 6 266 500
1 5 647 498 269 499 500 266 44 267
1 5 494 647 499 264 148 500 267 93
1 5 246 90 252 488 499 269 501 648
1 5 488 252 49 253 648 501 273 502
1 5 254 488 253 91 503 648 502 274
1 5 264 499 648 503 93 267 504 272
1 5 499 269 501 648 267 44 270 504
1 5 648 501 273 502 504 270 18 271
1 5 503 648 502 274 272 504 271 45
1 5 141 117 254 492 495 264 503 649
1 5 492 254 91 259 649 503 274 505
1 5 260 492 259 50 506 649 505 276
1 5 265 495 649 506 46 149 507 275
1 5 495 264 503 649 149 93 272 507
1 5 649 503 274 505 507 272 45 159
1 5 506 649 505 276 275 507 159 12
1 5 212 6 266 500 457 217 508 650
1 5 500 266 44 267 650 508 279 509
1 5 148 500 267 93 423 650 509 157
1 5 156 457 650 423 85 215 510 152
1 5 457 217 508 650 215 38 277 510
1 5 650 508 279 509 510 277 94 278
1 5 423 650 509 157 152 510 278 118
1 5 267 44 270 504 509 279 511 651
1 5 504 270 18 271 651 511 179 512
1 5 272 504 271 45 513 651 512 168
1 5 157 509 651 513 118 278 514 282
1 5 509 279 511 651 278 94 280 514
1 5 651 511 179 512 514 280 54 281
1 5 513 651 512 168 282 514 281 95
1 5 149 93 272 507 424 157 513 652
1 5 507 272 45 159 652 513 168 428
1 5 275 507 159 12 515 652 428 167
1 5 158 424 652 515 96 153 516 283
1 5 424 157 513 652 153 118 282 516
1 5 652 513 168 428 516 282 95 163
1 5 515 652 428 167 283 516 163 55
1 5 151 85 152 426 476 237 517 653
1 5 426 152 118 153 653 517 287 518
1 5 154 426 153 96 519 653 518 288
1 5 240 476 653 519 5 238 520 286
1 5 476 237 517 653 238 34 284 520
1 5 653 517 287 518 520 284 97 285
1 5 519 653 518 288 286 520 285 53
1 5 215 38 277 510 473 236 521 654
1 5 510 277 94 278 654 521 291 522
1 5 152 510 278 118 517 654 522 287
1 5 237 473 654 517 34 234 523 284
1 5 473 236 521 654 234 7 289 523
1 5 654 521 291 522 523 289 51 290
1 5 517 654 522 287 284 523 290 97
1 5 278 94 280 514 522 291 524 655
1 5 514 280 54 281 655 524 295 525
1 5 282 514 281 95 526 655 525 296
1 5 287 522 655 526 97 290 527 294
1 5 522 291 524 655 290 51 292 527
1 5 655 524 295 525 527 292 22 293
1 5 526 655 525 296 294 527 293 52
1 5 153 118 282 516 518 287 526 656
1 5 516 282 95 163 656 526 296 528
1 5 283 516 163 55 529 656 528 299
1 5 288 518 656 529 53 285 530 298
1 5 518 287 526 656 285 97 294 530
1 5 656 526 296 528 530 294 52 297
1 5 529 656 528 299 298 530 297 14
1 5 271 18 174 531 512 179 437 657
1 5 531 174 56 300 657 437 182 532
1 5 160 531 300 98 429 657 532 169
1 5 168 512 657 429 95 281 533 164
1 5 512 179 437 657 281 54 178 533
1 5 657 437 182 532 533 178 99 301
1 5 429 657 532 169 164 533 301 119
1 5 300 56 302 534 532 182 535 658
1 5 534 302 20 303 658 535 308 536
1 5 304 534 303 57 537 658 536 309
1 5 169 532 658 537 119 301 538 307
1 5 532 182 535 658 301 99 305 538
1 5 658 535 308 536 538 305 62 306
1 5 537 658 536 309 307 538 306 100
1 5 161 98 304 539 430 169 537 659
1 5 539 304 57 310 659 537 309 540
1 5 311 539 310 11 541 659 540 314
1 5 170 430 659 541 101 165 542 313
1 5 430 169 537 659 165 119 307 542
1 5 659 537 309 540 542 307 100 312
1 5 541 659 540 314 313 542 312 63
1 5 163 95 164 432 528 296 543 660
1 5 432 164 119 165 660 543 318 544
1 5 166 432 165 101 545 660 544 319
1 5 299 528 660 545 14 297 546 317
1 5 528 296 543 660 297 52 315 546
1 5 660 543 318 544 546 315 102 316
1 5 545 660 544 319 317 546 316 61
1 5 281 54 178 533 525 295 547 661
1 5 533 178 99 301 661 547 322 548
1 5 164 533 301 119 543 661 548 318
1 5 296 525 661 543 52 293 549 315
1 5 525 295 547 661 293 22 320 549
1 5 661 547 322 548 549 320 59 321
1 5 543 661 548 318 315 549 321 102
1 5 301 99 305 538 548 322 550 662
1 5 538 305 62 306 662 550 326 551
1 5 307 538 306 100 552 662 551 327
1 5 318 548 662 552 102 321 553 325
1 5 548 322 550 662 321 59 323 553
1 5 662 550 326 551 553 323 24 324
1 5 552 662 551 327 325 553 324 60
1 5 165 119 307 542 544 318 552 663
1 5 542 307 100 312 663 552 327 554
1 5 313 542 312 63 555 663 554 330
1 5 319 544 663 555 61 316 556 329
1 5 544 318 552 663 316 102 325 556
1 5 663 552 327 554 556 325 60 328
1 5 555 663 554 330 329 556 328 13
1 5 331 19 332 557 558 337 559 664
1 5 557 332 65 333 664 559 338 560
1 5 172 557 333 103 435 664 560 181
1 5 180 558 664 435 104 334 561 176
1 5 558 337 559 664 334 70 335 561
1 5 664 559 338 560 561 335 105 336
1 5 435 664 560 181 176 561 336 120
1 5 333 65 339 562 560 338 563 665
1 5 562 339 21 340 665 563 345 564
1 5 341 562 340 66 565 665 564 346
1 5 181 560 665 565 120 336 566 344
1 5 560 338 563 665 336 105 342 566
1 5 665 563 345 564 566 342 71 343
1 5 565 665 564 346 344 566 343 106
1 5 173 103 341 567 436 181 565 666
1 5 567 341 66 347 666 565 346 568
1 5 302 567 347 20 535 666 568 308
1 5 182 436 666 535 99 177 569 305
1 5 436 181 565 666 177 120 344 569
1 5 666 565 346 568 569 344 106 348
1 5 535 666 568 308 305 569 348 62
1 5 175 104 176 438 570 352 571 667
1 5 438 176 120 177 667 571 353 572
1 5 178 438 177 99 547 667 572 322
1 5 295 570 667 547 22 349 573 320
1 5 570 352 571 667 349 67 350 573
1 5 667 571 353 572 573 350 107 351
1 5 547 667 572 322 320 573 351 59
1 5 334 70 335 561 574 357 575 668
1 5 561 335 105 336 668 575 358 576
1 5 176 561 336 120 571 668 576 353
1 5 352 574 668 571 67 354 577 350
1 5 574 357 575 668 354 23 355 577
1 5 668 575 358 576 577 355 68 356
1 5 571 668 576 353 350 577 356 107
1 5 336 105 342 566 576 358 578 669
1 5 566 342 71 343 669 578 362 579
1 5 344 566 343 106 580 669 579 363
1 5 353 576 669 580 107 356 581 361
1 5 576 358 578 669 356 68 359 581
1 5 669 578 362 579 581 359 25 360
1 5 580 669 579 363 361 581 360 69
1 5 177 120 344 569 572 353 580 670
1 5 569 344 106 348 670 580 363 582
1 5 305 569 348 62 550 670 582 326
1 5 322 572 670 550 59 351 583 323
1 5 572 353 580 670 351 107 361 583
1 5 670 580 363 582 583 361 69 364
1 5 550 670 582 326 323 583 364 24
1 5 365 0 138 584 585 143 419 671
1 5 584 138 43 366 671 419 146 586
1 5 184 584 366 108 441 671 586 193
1 5 192 585 671 441 109 367 587 188
1 5 585 143 419 671 367 47 142 587
1 5 671 419 146 586 587 142 92 368
1 5 441 671 586 193 188 587 368 121
1 5 366 43 258 588 586 146 491 672
1 5 588 258 3 369 672 491 261 589
1 5 370 588 369 73 590 672 589 373
1 5 193 586 672 590 121 368 591 372
1 5 586 146 491 672 368 92 260 591
1 5 672 491 261 589 591 260 50 371
1 5 590 672 589 373 372 591 371 110
1 5 185 108 370 592 442 193 590 673
1 5 592 370 73 374 673 590 373 593
1 5 375 592 374 15 594 673 593 378
1 5 194 442 673 594 111 189 595 377
1 5 442 193 590 673 189 121 372 595
1 5 673 590 373 593 595 372 110 376
1 5 594 673 593 378 377 595 376 78
1 5 187 109 188 444 596 380 597 674
1 5 444 188 121 189 674 597 381 598
1 5 190 444 189 111 599 674 598 382
1 5 379 596 674 599 8 126 445 197
1 5 596 380 597 674 126 31 195 445
1 5 674 597 381 598 445 195 112 196
1 5 599 674 598 382 197 445 196 76
1 5 367 47 142 587 600 262 496 675
1 5 587 142 92 368 675 496 265 601
1 5 188 587 368 121 597 675 601 381
1 5 380 600 675 597 31 218 602 195
1 5 600 262 496 675 218 4 150 602
1 5 675 496 265 601 602 150 46 383
1 5 597 675 601 381 195 602 383 112
1 5 368 92 260 591 601 265 506 676
1 5 591 260 50 371 676 506 276 603
1 5 372 591 371 110 604 676 603 386
1 5 381 601 676 604 112 383 605 385
1 5 601 265 506 676 383 46 275 605
1 5 676 506 276 603 605 275 12 384
1 5 604 676 603 386 385 605 384 75
1 5 189 121 372 595 598 381 604 677
1 5 595 372 110 376 677 604 386 606
1 5 377 595 376 78 607 677 606 389
1 5 382 598 677 607 76 196 608 388
1 5 598 381 604 677 196 112 385 608
1 5 677 604 386 606 608 385 75 387
1 5 607 677 606 389 388 608 387 26
1 5 218 4 150 602 461 155 425 678
1 5 602 150 46 383 678 425 158 609
1 5 195 602 383 112 446 678 609 201
1 5 134 461 678 446 86 219 610 198
1 5 461 155 425 678 219 39 154 610
1 5 678 425 158 609 610 154 96 390
1 5 446 678 609 201 198 610 390 122
1 5 383 46 275 605 609 158 515 679
1 5 605 275 12 384 679 515 167 611
1 5 385 605 384 75 612 679 611 393
1 5 201 609 679 612 122 390 613 392
1 5 609 158 515 679 390 96 283 613
1 5 679 515 167 611 613 283 55 391
1 5 612 679 611 393 392 613 391 113
1 5 196 112 385 608 447 201 612 680
1 5 608 385 75 387 680 612 393 614
1 5 388 608 387 26 615 680 614 396
1 5 202 447 680 615 114 199 616 395
1 5 447 201 612 680 199 122 392 616
1 5 680 612 393 614 616 392 113 394
1 5 615 680 614 396 395 616 394 81
1 5 130 86 198 449 466 227 617 681
1 5 449 198 122 199 681 617 400 618
1 5 200 449 199 114 619 681 618 401
1 5 224 466 681 619 9 223 620 399
1 5 466 227 617 681 223 35 397 620
1 5 681 617 400 618 620 397 115 398
1 5 619 681 618 401 399 620 398 80
1 5 219 39 154 610 477 240 519 682
1 5 610 154 96 390 682 519 288 621
1 5 198 610 390 122 617 682 621 400
1 5 227 477 682 617 35 239 622 397
1 5 477 240 519 682 239 5 286 622
1 5 682 519 288 621 622 286 53 402
1 5 617 682 621 400 397 622 402 115
1 5 390 96 283 613 621 288 529 683
1 5 613 283 55 391 683 529 299 623
1 5 392 613 391 113 624 683 623 405
1 5 400 621 683 624 115 402 625 404
1 5 621 288 529 683 402 53 298 625
1 5 683 529 299 623 625 298 14 403
1 5 624 683 623 405 404 625 403 79
1 5 199 122 392 616 618 400 624 684
1 5 616 392 113 394 684 624 405 626
1 5 395 616 394 81 627 684 626 408
1 5 401 618 684 627 80 398 628 407
1 5 618 400 624 684 398 115 404 628
1 5 684 624 405 626 628 404 79 406
1 5 627 684 626 408 407 628 406 27

boundary
416
1 3 3 257 489 258
1 3 15 374 592 375
1 3 42 250 484 251
1 3 88 243 479 136
1 3 43 137 415 138
1 3 73 369 588 370
1 3 108 366 584 184
1 3 74 185 439 186
1 3 257 42 251 489
1 3 489 251 88 137
1 3 258 489 137 43
1 3 374 73 370 592
1 3 592 370 108 185
1 3 375 592 185 74
1 3 250 10 249 484
1 3 484 249 41 243
1 3 251 484 243 88
1 3 243 41 242 479
1 3 479 242 1 241
1 3 136 479 241 40
1 3 137 88 136 415
1 3 415 136 40 135
1 3 138 415 135 0
1 3 369 3 258 588
1 3 588 258 43 366
1 3 370 588 366 108
1 3 366 43 138 584
1 3 584 138 0 365
1 3 184 584 365 72
1 3 185 108 184 439
1 3 439 184 72 183
1 3 186 439 183 2
16 3 241 1 247 480
16 3 365 0 143 585
16 3 126 409 123 8
16 3 203 16 209 451
16 3 16 204 452 209
16 3 9 220 467 223
16 3 1 242 481 247
16 3 10 250 486 255
16 3 162 427 159 12
16 3 174 433 171 18
16 3 6 266 508 217
16 3 5 238 520 286
16 3 331 19 337 558
16 3 20 303 536 308
16 3 11 311 541 314
16 3 14 297 546 317
16 3 19 332 559 337
16 3 21 340 564 345
16 3 22 349 573 320
16 3 186 2 191 443
16 3 3 369 589 261
16 3 197 8 131 448
16 3 12 384 611 167
16 3 9 223 620 399
16 3 135 40 144 416
16 3 139 89 263 493
16 3 244 48 268 497
16 3 183 72 192 440
16 3 187 109 380 596
16 3 367 47 262 600
16 3 124 450 203 28
16 3 213 455 205 82
16 3 218 460 125 31
16 3 123 28 132 410
16 3 127 83 225 463
16 3 206 37 231 468
16 3 29 211 456 210
16 3 84 214 472 232
16 3 37 207 469 231
16 3 41 249 485 248
16 3 90 252 501 269
16 3 48 245 498 268
16 3 44 270 511 279
16 3 94 280 524 291
16 3 38 277 521 236
16 3 171 64 180 434
16 3 175 104 352 570
16 3 334 70 357 574
16 3 32 228 471 221
16 3 87 230 475 235
16 3 35 222 478 239
16 3 52 293 549 315
16 3 102 321 553 325
16 3 61 316 556 329
16 3 67 354 577 350
16 3 107 356 581 361
16 3 59 351 583 323
16 3 35 239 622 397
16 3 115 402 625 404
16 3 80 398 628 407
16 3 42 257 490 256
16 3 91 259 505 274
16 3 49 253 502 273
16 3 160 531 271 45
16 3 304 534 300 98
16 3 311 539 161 58
16 3 375 74 194 594
16 3 377 111 382 607
16 3 190 77 379 599
16 3 73 374 593 373
16 3 110 376 606 386
16 3 50 371 603 276
16 3 388 76 202 615
16 3 395 114 401 627
16 3 200 36 224 619
16 3 172 557 331 64
16 3 341 562 333 103
16 3 302 567 173 56
16 3 66 347 568 346
16 3 106 348 582 363
16 3 71 343 579 362
16 3 34 234 523 284
16 3 97 290 527 294
16 3 53 285 530 298
16 3 57 310 540 309
16 3 100 312 554 327
16 3 62 306 551 326
16 3 58 162 431 170
16 3 101 166 545 319
16 3 63 313 555 330
16 3 75 387 614 393
16 3 113 394 626 405
16 3 55 391 623 299
16 3 65 339 563 338
16 3 105 342 578 358
16 3 70 335 575 357
16 3 40 241 480 144
16 3 144 480 244 89
16 3 480 247 48 244
16 3 72 365 585 192
16 3 192 585 367 109
16 3 585 143 47 367
16 3 409 124 28 123
16 3 125 82 124 409
16 3 31 125 409 126
16 3 28 203 451 132
16 3 132 451 206 83
16 3 451 209 37 206
16 3 0 135 416 143
16 3 143 416 139 47
16 3 416 144 89 139
16 3 47 139 493 262
16 3 262 493 147 4
16 3 493 263 30 147
16 3 89 244 497 263
16 3 263 497 212 30
16 3 497 268 6 212
16 3 2 183 440 191
16 3 191 440 187 77
16 3 440 192 109 187
16 3 77 187 596 379
16 3 379 596 126 8
16 3 596 380 31 126
16 3 109 367 600 380
16 3 380 600 218 31
16 3 600 262 4 218
16 3 450 204 16 203
16 3 205 29 204 450
16 3 82 205 450 124
16 3 455 211 29 205
16 3 212 6 211 455
16 3 30 212 455 213
16 3 460 213 82 125
16 3 147 30 213 460
16 3 4 147 460 218
16 3 8 123 410 131
16 3 131 410 127 36
16 3 410 132 83 127
16 3 36 127 463 224
16 3 224 463 220 9
16 3 463 225 32 220
16 3 83 206 468 225
16 3 225 468 228 32
16 3 468 231 17 228
16 3 204 29 210 452
16 3 452 210 84 207
16 3 209 452 207 37
16 3 242 41 248 481
16 3 481 248 90 245
16 3 247 481 245 48
16 3 266 44 279 508
16 3 508 279 94 277
16 3 217 508 277 38
16 3 64 331 558 180
16 3 180 558 334 104
16 3 558 337 70 334
16 3 211 6 217 456
16 3 456 217 38 214
16 3 210 456 214 84
16 3 214 38 236 472
16 3 472 236 7 233
16 3 232 472 233 33
16 3 207 84 232 469
16 3 469 232 33 229
16 3 231 469 229 17
16 3 249 10 255 485
16 3 485 255 49 252
16 3 248 485 252 90
16 3 252 49 273 501
16 3 501 273 18 270
16 3 269 501 270 44
16 3 245 90 269 498
16 3 498 269 44 266
16 3 268 498 266 6
16 3 270 18 179 511
16 3 511 179 54 280
16 3 279 511 280 94
16 3 280 54 295 524
16 3 524 295 22 292
16 3 291 524 292 51
16 3 277 94 291 521
16 3 521 291 51 289
16 3 236 521 289 7
16 3 18 171 434 179
16 3 179 434 175 54
16 3 434 180 104 175
16 3 54 175 570 295
16 3 295 570 349 22
16 3 570 352 67 349
16 3 104 334 574 352
16 3 352 574 354 67
16 3 574 357 23 354
16 3 220 32 221 467
16 3 467 221 87 222
16 3 223 467 222 35
16 3 297 52 315 546
16 3 546 315 102 316
16 3 317 546 316 61
16 3 349 67 350 573
16 3 573 350 107 351
16 3 320 573 351 59
16 3 223 35 397 620
16 3 620 397 115 398
16 3 399 620 398 80
16 3 228 17 229 471
16 3 471 229 33 230
16 3 221 471 230 87
16 3 230 33 233 475
16 3 475 233 7 234
16 3 235 475 234 34
16 3 222 87 235 478
16 3 478 235 34 238
16 3 239 478 238 5
16 3 293 22 320 549
16 3 549 320 59 321
16 3 315 549 321 102
16 3 321 59 323 553
16 3 553 323 24 324
16 3 325 553 324 60
16 3 316 102 325 556
16 3 556 325 60 328
16 3 329 556 328 13
16 3 354 23 355 577
16 3 577 355 68 356
16 3 350 577 356 107
16 3 356 68 359 581
16 3 581 359 25 360
16 3 361 581 360 69
16 3 351 107 361 583
16 3 583 361 69 364
16 3 323 583 364 24
16 3 239 5 286 622
16 3 622 286 53 402
16 3 397 622 402 115
16 3 402 53 298 625
16 3 625 298 14 403
16 3 404 625 403 79
16 3 398 115 404 628
16 3 628 404 79 406
16 3 407 628 406 27
16 3 250 42 256 486
16 3 486 256 91 253
16 3 255 486 253 49
16 3 427 160 45 159
16 3 161 98 160 427
16 3 58 161 427 162
16 3 74 186 443 194
16 3 194 443 190 111
16 3 443 191 77 190
16 3 369 73 373 589
16 3 589 373 110 371
16 3 261 589 371 50
16 3 76 197 448 202
16 3 202 448 200 114
16 3 448 131 36 200
16 3 257 3 261 490
16 3 490 261 50 259
16 3 256 490 259 91
16 3 259 50 276 505
16 3 505 276 12 159
16 3 274 505 159 45
16 3 253 91 274 502
16 3 502 274 45 271
16 3 273 502 271 18
16 3 531 174 18 271
16 3 300 56 174 531
16 3 98 300 531 160
16 3 534 302 56 300
16 3 303 20 302 534
16 3 57 303 534 304
16 3 539 304 98 161
16 3 310 57 304 539
16 3 11 310 539 311
16 3 15 375 594 378
16 3 378 594 377 78
16 3 594 194 111 377
16 3 78 377 607 389
16 3 389 607 388 26
16 3 607 382 76 388
16 3 111 190 599 382
16 3 382 599 197 76
16 3 599 379 8 197
16 3 374 15 378 593
16 3 593 378 78 376
16 3 373 593 376 110
16 3 376 78 389 606
16 3 606 389 26 387
16 3 386 606 387 75
16 3 371 110 386 603
16 3 603 386 75 384
16 3 276 603 384 12
16 3 26 388 615 396
16 3 396 615 395 81
16 3 615 202 114 395
16 3 81 395 627 408
16 3 408 627 407 27
16 3 627 401 80 407
16 3 114 200 619 401
16 3 401 619 399 80
16 3 619 224 9 399
16 3 433 172 64 171
16 3 173 103 172 433
16 3 56 173 433 174
16 3 340 66 346 564
16 3 564 346 106 343
16 3 345 564 343 71
16 3 557 332 19 331
16 3 333 65 332 557
16 3 103 333 557 172
16 3 562 339 65 333
16 3 340 21 339 562
16 3 66 340 562 341
16 3 567 341 103 173
16 3 347 66 341 567
16 3 20 347 567 302
16 3 347 20 308 568
16 3 568 308 62 348
16 3 346 568 348 106
16 3 348 62 326 582
16 3 582 326 24 364
16 3 363 582 364 69
16 3 343 106 363 579
16 3 579 363 69 360
16 3 362 579 360 25
16 3 238 34 284 520
16 3 520 284 97 285
16 3 286 520 285 53
16 3 234 7 289 523
16 3 523 289 51 290
16 3 284 523 290 97
16 3 290 51 292 527
16 3 527 292 22 293
16 3 294 527 293 52
16 3 285 97 294 530
16 3 530 294 52 297
16 3 298 530 297 14
16 3 303 57 309 536
16 3 536 309 100 306
16 3 308 536 306 62
16 3 311 58 170 541
16 3 541 170 101 313
16 3 314 541 313 63
16 3 384 75 393 611
16 3 611 393 113 391
16 3 167 611 391 55
16 3 310 11 314 540
16 3 540 314 63 312
16 3 309 540 312 100
16 3 312 63 330 554
16 3 554 330 13 328
16 3 327 554 328 60
16 3 306 100 327 551
16 3 551 327 60 324
16 3 326 551 324 24
16 3 162 12 167 431
16 3 431 167 55 166
16 3 170 431 166 101
16 3 166 55 299 545
16 3 545 299 14 317
16 3 319 545 317 61
16 3 313 101 319 555
16 3 555 319 61 329
16 3 330 555 329 13
16 3 387 26 396 614
16 3 614 396 81 394
16 3 393 614 394 113
16 3 394 81 408 626
16 3 626 408 27 406
16 3 405 626 406 79
16 3 391 113 405 623
16 3 623 405 79 403
16 3 299 623 403 14
16 3 332 65 338 559
16 3 559 338 105 335
16 3 337 559 335 70
16 3 339 21 345 563
16 3 563 345 71 342
16 3 338 563 342 105
16 3 342 71 362 578
16 3 578 362 25 359
16 3 358 578 359 68
16 3 335 105 358 575
16 3 575 358 68 355
16 3 357 575 355 23

vertices
685

nodes
FiniteElementSpace
FiniteElementCollection: H1_3D_P2
VDim: 3
Ordering: 0

-0.57735027
-0.31000795
-0.67227043
-0.67227043
-0.50518149
-0.4330127
-0.26592163
-0.22368927
-0.57019239
-0.47240707
-0.37298049
-0.59335069
-0.57019239
-0.48603889
-0.47240707
-0.84957113
-0.30722904
-0.24775119
-0.30722904
2.4733362e-19
-0.3224644
-7.3725748e-18
-0.24775119
-5.3329194e-18
-0.25629728
-5.5429836e-18
-0.68827279
-0.54236453
-0.43871072
-0.28657533
-0.38555156
-0.53768694
-0.36007913
-0.23572023
-0.32835099
-0.45270988
-0.52129973
-0.27749011
-0.24480545
-0.46909709
-0.44367911
-0.34149422
-0.52262546
-0.62481035
-0.28657533
-0.43871072
-0.53768694
-0.54126588
-0.28796479
-0.34010476
-0.62123141
-0.23572023
-0.36007913
-0.45270988
-0.27749011
-0.52129973
-0.31484672
-0.45790755
-0.58177154
-0.25202424
-0.37116809
-0.47922298
-0.28938084
-0.53969479
-0.15361452
-3.5626206e-18
-0.1612322
-0.12387559
-5.4379515e-18
-0.12814864
-2.5427929e-18
-6.4577792e-18
-0.62481035
-0.76092078
-0.76092078
-0.62923259
-0.62923259
-0.62123141
-0.76892196
-0.5073858
-0.5073858
-0.61531866
-0.41213114
-0.39939492
-0.26114778
-0.35695127
-0.49519841
-0.34421506
-0.48315229
-0.41461533
-0.31403478
-0.48066809
-0.58124864
-0.41213114
-0.26114778
-0.39939492
-0.49519841
-0.34421506
-0.44830913
-0.28343548
-0.41453782
-0.53049726
-0.36562361
-0.15742336
-0.13874506
-4.500286e-18
-0.14469042
-0.12601212
-0.69286557
-0.58124864
-0.69507669
-0.69507669
-0.58345977
-0.5683092
-0.5683092
-0.48004784
-0.3781731
-0.44764171
-0.3781731
-0.40696637
-0.14171774
-0.63816267
-0.5317538
-0.50445155
-0.42542093
-0.47490904
-0.55393967
-0.46034733
-0.38878401
-0.43668575
-0.50824907
-0.54574606
-0.41905282
-0.39515212
-0.51644268
-0.51051469
-0.4634157
-0.55398132
-0.60108031
-0.47794061
-0.43112852
-0.51444518
-0.56125726
-0.55930807
-0.42914722
-0.465397
-0.6030295
-0.44536652
-0.39884135
-0.47490904
-0.52143421
-0.41302418
-0.36756218
-0.43668575
-0.48214775
-0.48713929
-0.37125141
-0.39515212
-0.51644268
-0.50445155
-0.44350992
-0.51504034
-0.57598197
-0.46034733
-0.40318065
-0.46873181
-0.52589849
-0.54574606
-0.41905282
-0.42763775
-0.5561344
-0.23042178
-0.15551894
-0.23613504
-0.31103788
-0.20811758
-0.1402314
-0.21257661
-0.2804628
-0.29235958
-0.14617979
-0.14957055
-0.2991411
-0.64854039
-0.65883796
-0.72689318
-0.71659561
-0.60124003
-0.60970566
-0.66661968
-0.65815405
-0.64675092
-0.6030295
-0.66551412
-0.72799874
-0.56057335
-0.60634618
-0.59971249
-0.51347611
-0.5500315
-0.54480446
-0.55760679
-0.59877089
-0.37296988
-0.29690219
-0.34935323
-0.33844252
-0.26931895
-0.31966044
-0.29235958
-0.27386156
-0.27624848
-0.32573659
-0.39884135
-0.25297661
-0.30087836
-0.36756218
-0.25536354
-0.52143421
-0.48214775
-0.4162431
-0.35214709
-0.39846247
-0.46255848
-0.4968534
-0.37973702
-0.36119408
-0.47395415
-0.30391516
-0.24173571
-0.28996764
-0.26262065
-0.248434
-0.22970475
-0.27602013
-0.33628302
-0.23424736
-0.34265113
-0.38068184
-0.44286129
-0.4510549
-0.37684353
-0.32575109
-0.41232325
-0.35129006
-0.30099978
-0.38083824
-0.29898637
-0.3277645
-0.35723735
-0.44780297
-0.50288887
-0.32706977
-0.41038643
-0.4641549
-0.35654263
-0.50164677
-0.59744795
-0.64854039
-0.55094975
-0.60124003
-0.64675092
-0.52322368
-0.40008344
-0.42988642
-0.55946779
-0.27624848
-0.34935323
-0.27694321
-0.30030505
-0.29690219
-0.37296988
-0.42542093
-0.3236669
-0.4596894
-0.55393967
-0.5957119
-0.25297661
-0.31966044
-0.27386156
-0.26931895
-0.33844252
-0.38878401
-0.50824907
-0.33628302
-0.39846247
-0.44286129
-0.36119408
-0.47395415
-0.22970475
-0.28996764
-0.248434
-0.24173571
-0.30391516
-0.35214709
-0.26262065
-0.37973702
-0.4162431
-0.46255848
-0.4968534
-0.38157793
-0.34520092
-0.31865556
-0.39018598
-0.45310834
-0.28640816
-0.35195933
-0.41075209
-0.30592262
-0.43622268
-0.52562912
-0.58756112
-0.4771163
-0.53509603
-0.56652274
-0.36285137
-0.42242329
-0.47581502
-0.38629499
-0.50486012
-0.24988771
-0.30882392
-0.26772986
-0.25416076
-0.31373269
-0.36839585
-0.27283906
-0.39285295
-0.42860349
-0.48263093
-0.51286684
-0.07680726
-1.6576435e-18
-0.078711681
-0.069372528
-3.5215395e-18
-0.07085887
-1.1477296e-18
-4.0314533e-18
-5.4675977e-18
-0.080616101
-0.15932778
-5.4790326e-18
-0.072345211
-0.14320408
-6.915177e-18
-0.15296131
-0.2418483
-0.21703563
-0.18581339
-0.12494386
-0.18901818
-0.13131032
-0.13386493
-0.061937797
-5.3854355e-18
-0.063006059
-3.9378562e-18
-4.9691188e-18
-5.4904676e-18
-0.064074321
-0.12708038
-6.0003814e-18
-0.13641953
-0.19222296
-0.60108031
-0.65883796
-0.56125726
-0.60970566
-0.71659561
-0.72689318
-0.65815405
-0.66661968
-0.72799874
-0.80524596
-0.80524596
-0.73199933
-0.73199933
-0.80924655
-0.5957119
-0.55946779
-0.61081122
-0.66215464
-0.56057335
-0.59971249
-0.60634618
-0.66215464
-0.65875269
-0.65875269
-0.72859738
-0.51347611
-0.54480446
-0.5500315
-0.59877089
-0.59181393
-0.59181393
-0.65179573
-0.46637886
-0.49371682
-0.48989643
-0.50590082
-0.5378475
-0.46637886
-0.48989643
-0.49371682
-0.5378475
-0.52487517
-0.52487517
-0.5788416
-0.4896803
-0.48239944
-0.40710247
-0.4557974
-0.53109437
-0.44851654
-0.532248
-0.49422765
-0.44727211
-0.53421325
-0.58116879
-0.49619289
-0.46013778
-0.42919535
-0.38320176
-0.4557974
-0.50179098
-0.42485497
-0.50974595
-0.48239944
-0.42334528
-0.49188608
-0.55094023
-0.46453957
-0.23327841
-0.21926968
-0.14787517
-0.22435583
-0.29575034
-0.2103471
-0.68771678
-0.62489021
-0.63427181
-0.69675643
-0.68737483
-0.63392985
-0.58014292
-0.53702473
-0.57818884
-0.57225848
-0.52914029
-0.36116156
-0.3557062
-0.28311057
-0.33450684
-0.32905148
-0.33754491
-0.26461255
-0.31330748
-0.38320176
-0.3102694
-0.46013778
-0.50179098
-0.42485497
-0.43829521
-0.37046555
-0.41757411
-0.48540377
-0.40735278
-0.32117884
-0.25552733
-0.30481404
-0.2969414
-0.24134068
-0.28844924
-0.3519226
-0.28299389
-0.39685301
-0.46250452
-0.38957216
-0.39458339
-0.3640668
-0.31337544
-0.39658075
-0.36606415
-0.43006311
-0.34215356
-0.4290947
-0.48352189
-0.39561233
-0.57571463
-0.57419885
-0.62489021
-0.53269746
-0.46165356
-0.41498493
-0.49467711
-0.54134574
-0.33851333
-0.28862413
-0.36509574
-0.33754491
-0.31198598
-0.39167815
-0.44478791
-0.36116156
-0.52770065
-0.57758985
-0.4896803
-0.26461255
-0.33450684
-0.3102694
-0.28311057
-0.3557062
-0.40710247
-0.32905148
-0.53109437
-0.44851654
-0.3519226
-0.41757411
-0.46250452
-0.38957216
-0.24134068
-0.30481404
-0.28299389
-0.25552733
-0.32117884
-0.37046555
-0.2969414
-0.43829521
-0.48540377
-0.40735278
-0.3772739
-0.36338943
-0.34182172
-0.38588195
-0.30253186
-0.37107265
-0.43193022
-0.34858013
-0.52033473
-0.50137271
-0.56132857
-0.47292406
-0.38301601
-0.44557755
-0.50085676
-0.41933319
-0.26517525
-0.32701242
-0.30636954
-0.27028446
-0.33284601
-0.38957397
-0.3112783
-0.4528599
-0.50886348
-0.42551339
-0.07775947
-0.073089894
-2.5895915e-18
-0.074785275
-0.070115699
-0.079663891
-5.4733151e-18
-0.076480656
-0.15126593
-0.07160204
-0.23899167
-0.22944197
-0.21480612
-0.19696549
-0.13258763
-0.20079739
-0.18741578
-0.065655162
-4.4534875e-18
-0.066932464
-0.062471928
-5.4847501e-18
-0.068209766
-0.13514223
-0.06354019
-0.2046293
-0.19062057
-0.62995913
-0.58116879
-0.63427181
-0.58548146
-0.68771678
-0.68737483
-0.69675643
-0.63392985
-0.76606957
-0.76862264
-0.76862264
-0.6993095
-0.57758985
-0.5851395
-0.63648293
-0.62893327
-0.54134574
-0.5851395
-0.54100378
-0.62893327
-0.63648293
-0.58014292
-0.69537601
-0.69537601
-0.63254944
-0.53702473
-0.49781193
-0.57225848
-0.57818884
-0.52914029
-0.62528331
-0.62528331
-0.57092272
-0.48992749
-0.52187416
-0.51735045
-0.47813765
-0.48992749
-0.45462008
-0.51735045
-0.52187416
-0.47813765
-0.55834455
-0.55834455
-0.50929599
-0.46909842
-0.51422045
-0.44249637
-0.48714276
-0.22181275
-0.66082332
-0.5546416
-0.34510652
-0.32390716
-0.44249637
-0.42793466
-0.31299644
-0.29663164
-0.40721356
-0.38032377
-0.41283772
-0.55420605
-0.47816534
-0.35180453
-0.37838695
-0.51118888
-0.32390716
-0.34510652
-0.46909842
-0.40721356
-0.29663164
-0.31299644
-0.42793466
-0.35954781
-0.36723104
-0.49662939
-0.44193638
-0.32409563
-0.32992922
-0.44921872
-0.073937585
-0.075632966
-0.2268989
-0.19888144
-0.066293813
-0.067571115
-0.20271335
-0.6077203
-0.66082332
-0.73268953
-0.60703639
-0.56324262
-0.60703639
-0.66592947
-0.51940786
-0.5546416
-0.60173608
-0.50363897
-0.476216
-0.50363897
-0.54010936
-0.53732197
-0.49706592
-0.52180998
-0.56206603
-0.51407275
-0.47574893
-0.50009639
-0.53842021
-0.55796923
-0.4934255
-0.47938936
-0.54251702
-0.54393248
-0.52138135
-0.56666416
-0.58921529
-0.52676786
-0.50422405
-0.54769462
-0.57023843
-0.56832917
-0.50237117
-0.52323423
-0.59112455
-0.475274
-0.45275215
-0.490786
-0.51330785
-0.45816732
-0.43584586
-0.47214368
-0.49446514
-0.49616039
-0.43728094
-0.45131708
-0.5116126
-0.53732197
-0.50709875
-0.54286396
-0.57308718
-0.51407275
-0.4847711
-0.51904149
-0.54834315
-0.55796923
-0.4934255
-0.49844435
-0.5634611
-0.26882541
-0.2318501
-0.27215815
-0.30913346
-0.25581463
-0.22054122
-0.25878155
-0.29405496
-0.29979431
-0.22484573
-0.22754558
-0.30339411
-0.66040541
-0.66812859
-0.7021562
-0.69443302
-0.63582057
-0.64285676
-0.67409907
-0.66706288
-0.65951068
-0.6367153
-0.67427005
-0.70198522
-0.56704129
-0.58992771
-0.58495244
-0.54286799
-0.56345004
-0.55900227
-0.56739226
-0.58598549
-0.4058403
-0.36706572
-0.39329124
-0.43206582
-0.38737951
-0.35040636
-0.37610449
-0.41307764
-0.42888177
-0.36433804
-0.35313404
-0.4162617
-0.38074219
-0.34344907
-0.36819313
-0.40548624
-0.36482948
-0.329207
-0.35355446
-0.38917694
-0.40364163
-0.34193004
-0.33072603
-0.39102156
-0.50629799
-0.46752341
-0.490786
-0.52956058
-0.48612004
-0.44914688
-0.47214368
-0.50911683
-0.52706481
-0.46535322
-0.45131708
-0.5116126
-0.49082353
-0.45443193
-0.47838281
-0.5147744
-0.4675743
-0.43311494
-0.45666922
-0.49112859
-0.50907656
-0.44932127
-0.4382256
-0.49682642
-0.36891872
-0.333747
-0.35891774
-0.39408946
-0.35045793
-0.31708764
-0.34173099
-0.37510129
-0.38956597
-0.32981068
-0.32102396
-0.37962478
-0.34891677
-0.31496492
-0.33891579
-0.37286764
-0.33300406
-0.30072284
-0.32427712
-0.35655834
-0.36968359
-0.31223724
-0.30345052
-0.35974239
-0.46594208
-0.43077036
-0.45350136
-0.48867308
-0.44576413
-0.41239384
-0.43485904
-0.46822934
-0.48457628
-0.42712993
-0.41603427
-0.47232614
-0.41026132
-0.38571346
-0.42899955
-0.45354741
-0.39660701
-0.37219529
-0.41379794
-0.43820967
-0.43641317
-0.37045517
-0.38745358
-0.4553439
-0.44773777
-0.42119318
-0.46647599
-0.49302058
-0.43098887
-0.40470924
-0.4481798
-0.47445944
-0.47427464
-0.404452
-0.42145042
-0.49320538
-0.58939583
-0.56484798
-0.61212751
-0.63667537
-0.56862137
-0.54420965
-0.58954813
-0.61395985
-0.61391992
-0.54409728
-0.56496034
-0.6367153
-0.50960324
-0.48706675
-0.52872508
-0.55126157
-0.49243862
-0.46990945
-0.50975554
-0.53228471
-0.53224478
-0.46979708
-0.48717911
-0.5513015
-0.3829527
-0.35867711
-0.39859634
-0.42287193
-0.36929839
-0.34515893
-0.38339473
-0.40753419
-0.40734939
-0.34490169
-0.35893434
-0.42305673
-0.41423998
-0.38822529
-0.42988362
-0.45589831
-0.39749108
-0.37174134
-0.41158743
-0.43733717
-0.43876407
-0.37296699
-0.38699964
-0.45447141
-0.54784691
-0.52357132
-0.56696875
-0.59124434
-0.52707245
-0.50293299
-0.54438936
-0.56852882
-0.57035822
-0.50456114
-0.52194317
-0.58941494
-0.35564407
-0.33164075
-0.36819313
-0.39219645
-0.34227944
-0.31860732
-0.35355446
-0.37722659
-0.37840148
-0.31952203
-0.33072603
-0.39102156
-0.38074219
-0.3552574
-0.39329124
-0.41877603
-0.36482948
-0.33980668
-0.37610449
-0.40112729
-0.40364163
-0.34193004
-0.35313404
-0.4162617
-0.50629799
-0.48229467
-0.52180998
-0.5458133
-0.48612004
-0.46244791
-0.50009639
-0.52376852
-0.52706481
-0.46535322
-0.47938936
-0.54251702
-0.44106064
-0.41893958
-0.45350136
-0.47562242
-0.42395396
-0.40203329
-0.43485904
-0.45677971
-0.460076
-0.4049386
-0.41603427
-0.47232614
-0.32891482
-0.30557388
-0.33891579
-0.36225673
-0.31555019
-0.29254044
-0.32427712
-0.34728687
-0.3498012
-0.2946638
-0.30345052
-0.35974239
-0.34891677
-0.32435596
-0.35891774
-0.38347855
-0.33300406
-0.30890524
-0.34173099
-0.36582981
-0.36968359
-0.31223724
-0.32102396
-0.37962478
-0.46594208
-0.44260115
-0.47838281
-0.50172374
-0.44576413
-0.42275439
-0.45666922
-0.47967896
-0.48457628
-0.42712993
-0.4382256
-0.49682642
-0.4058403
-0.37512189
-0.41039191
-0.44111032
-0.38737951
-0.357627
-0.39144655
-0.42119905
-0.42888177
-0.36433804
-0.36841086
-0.4334276
-0.41494353
-0.38372994
-0.41949515
-0.45070874
-0.39551359
-0.36531023
-0.39958063
-0.42978398
-0.43797344
-0.37248368
-0.3765565
-0.44251928
-0.54840594
-0.51768753
-0.55394792
-0.58466633
-0.52401024
-0.49425774
-0.52897898
-0.55873149
-0.56895297
-0.50346321
-0.50848206
-0.57444485
-0.49082353
-0.46244345
-0.49521903
-0.52359911
-0.4675743
-0.4401158
-0.47139657
-0.49885508
-0.50907656
-0.44932127
-0.45323798
-0.51337763
-0.36891872
-0.34013212
-0.37250118
-0.40128778
-0.35045793
-0.32263723
-0.35355582
-0.38137651
-0.38956597
-0.32981068
-0.33295868
-0.39309833
-0.37608365
-0.34689053
-0.37966611
-0.40885923
-0.35665371
-0.32847082
-0.35975159
-0.38793448
-0.39663068
-0.33610667
-0.33925467
-0.40016303
-0.49961454
-0.47082794
-0.50401004
-0.53279664
-0.47521884
-0.44739814
-0.4790411
-0.5068618
-0.51767869
-0.45715468
-0.46107139
-0.52197975
-0.11521089
-0.077283365
-0.11663921
-0.15456673
-0.10963484
-0.073513739
-0.11090638
-0.14702748
-0.14989715
-0.074948577
-0.075848527
-0.15169705
-0.11806752
-0.079187786
-0.11949584
-0.15837557
-0.11217791
-0.07520912
-0.11344945
-0.15041824
-0.15349696
-0.076748478
-0.077648428
-0.15529686
-0.27549088
-0.23756336
-0.27882362
-0.31675114
-0.26174846
-0.22562736
-0.26471538
-0.30083648
-0.30699391
-0.23024543
-0.23294528
-0.31059371
-0.24280385
-0.20923234
-0.24540495
-0.27897645
-0.22979307
-0.19792346
-0.23202835
-0.26389795
-0.27005538
-0.20254154
-0.20461427
-0.27281902
-0.10405879
-0.069744114
-0.10517355
-0.13948823
-0.098482744
-0.065974488
-0.09944072
-0.13194898
-0.13502769
-0.067513845
-0.068204756
-0.13640951
-0.1062883
-0.071230455
-0.10740306
-0.14246091
-0.1003987
-0.06725179
-0.10135667
-0.13450358
-0.13779133
-0.068895667
-0.069586578
-0.13917316
-0.24800604
-0.21369137
-0.25060714
-0.28492182
-0.23426362
-0.20175537
-0.2364989
-0.26900716
-0.27558267
-0.206687
-0.20875973
-0.27834631
-0.61294533
-0.61551972
-0.64439855
-0.64182415
-0.59209914
-0.59444454
-0.62099605
-0.61865065
-0.61391992
-0.59112455
-0.61883972
-0.64655488
-0.67585176
-0.67327737
-0.70730498
-0.70987937
-0.64989296
-0.64754756
-0.67878987
-0.68113527
-0.67918984
-0.64655488
-0.67427005
-0.7118248
-0.74390698
-0.74648137
-0.78565776
-0.78308337
-0.71237758
-0.71472298
-0.75065609
-0.74831069
-0.74445976
-0.7118248
-0.74937955
-0.7869343
-0.61123572
-0.61758494
-0.64604195
-0.63969273
-0.58665087
-0.59231312
-0.61798483
-0.61232259
-0.60847166
-0.58941494
-0.62048312
-0.64354366
-0.57125295
-0.57336936
-0.59759356
-0.59547715
-0.55040676
-0.55229418
-0.57419106
-0.57230365
-0.57035822
-0.5513015
-0.57436204
-0.59742258
-0.62393416
-0.62181775
-0.65027477
-0.65239117
-0.59797536
-0.59608795
-0.62175966
-0.62364707
-0.62448694
-0.59742258
-0.62048312
-0.6515513
-0.68084818
-0.68296459
-0.71565441
-0.71353801
-0.64931878
-0.6512062
-0.68065274
-0.67876533
-0.67861566
-0.6515513
-0.68261949
-0.71368767
-0.531219
-0.55078857
-0.54913015
-0.51059942
-0.52821629
-0.5267337
-0.53020582
-0.54879904
-0.57201656
-0.57035814
-0.59324455
-0.59490297
-0.54731576
-0.54583317
-0.56641522
-0.56789781
-0.57053328
-0.54879904
-0.56739226
-0.59226751
-0.61778939
-0.61944781
-0.64565106
-0.64399264
-0.58847987
-0.58996246
-0.61350969
-0.6120271
-0.61400174
-0.59226751
-0.61714276
-0.642018
-0.51869468
