MFEM mesh v1.0

#
# MFEM Geometry Types (see mesh/geom.hpp):
#
# POINT       = 0
# SEGMENT     = 1
# TRIANGLE    = 2
# SQUARE      = 3
# TETRAHEDRON = 4
# CUBE        = 5
#

dimension
3

elements
384
1 5 0 111 365 114 119 366 557 369
1 5 1 123 371 126 131 372 558 375
1 5 3 135 377 138 143 378 559 381
1 5 12 147 383 150 155 384 560 387
1 5 8 159 389 162 167 390 561 393
1 5 17 171 395 174 179 396 562 399
1 5 26 183 401 112 120 402 563 367
1 5 75 184 405 189 121 403 564 408
1 5 29 113 410 194 122 368 565 411
1 5 34 115 370 118 196 413 566 416
1 5 76 185 404 116 197 417 567 414
1 5 105 186 409 192 198 419 568 423
1 5 79 117 412 195 199 415 569 426
1 5 38 212 428 124 132 429 570 373
1 5 81 214 433 222 133 431 571 436
1 5 27 125 438 187 134 374 572 406
1 5 35 127 376 130 203 441 573 418
1 5 82 215 432 128 233 445 574 442
1 5 106 217 437 225 234 447 575 451
1 5 77 129 440 190 204 443 576 421
1 5 28 188 455 136 144 407 577 379
1 5 86 247 459 253 145 457 578 462
1 5 48 137 464 260 146 380 579 466
1 5 37 139 382 142 211 425 580 470
1 5 78 191 458 140 209 422 581 468
1 5 107 249 463 256 264 472 582 476
1 5 89 141 467 262 265 469 583 479
1 5 30 200 420 148 156 481 584 385
1 5 80 202 424 207 157 483 585 487
1 5 33 149 427 210 158 386 586 489
1 5 58 151 388 154 291 491 587 494
1 5 91 277 484 152 292 496 588 492
1 5 108 279 488 284 293 498 589 502
1 5 94 153 490 286 294 493 590 505
1 5 62 308 507 160 168 508 591 391
1 5 96 309 511 313 169 509 592 514
1 5 64 161 516 320 170 392 593 518
1 5 69 163 394 166 328 520 594 523
1 5 97 310 510 164 329 525 595 521
1 5 109 311 515 316 330 527 596 531
1 5 100 165 519 322 331 522 597 534
1 5 32 206 473 172 180 486 598 397
1 5 90 267 477 271 181 537 599 541
1 5 51 173 480 275 182 398 600 512
1 5 61 175 400 178 307 504 601 526
1 5 93 283 538 176 304 501 602 545
1 5 110 345 542 349 355 549 603 553
1 5 98 177 544 314 335 546 604 529
1 5 111 26 112 365 366 120 367 557
1 5 365 112 75 113 557 367 121 368
1 5 114 365 113 29 369 557 368 122
1 5 119 366 557 369 34 115 370 118
1 5 366 120 367 557 115 76 116 370
1 5 557 367 121 368 370 116 105 117
1 5 369 557 368 122 118 370 117 79
1 5 123 38 124 371 372 132 373 558
1 5 371 124 81 125 558 373 133 374
1 5 126 371 125 27 375 558 374 134
1 5 131 372 558 375 35 127 376 130
1 5 372 132 373 558 127 82 128 376
1 5 558 373 133 374 376 128 106 129
1 5 375 558 374 134 130 376 129 77
1 5 135 28 136 377 378 144 379 559
1 5 377 136 86 137 559 379 145 380
1 5 138 377 137 48 381 559 380 146
1 5 143 378 559 381 37 139 382 142
1 5 378 144 379 559 139 78 140 382
1 5 559 379 145 380 382 140 107 141
1 5 381 559 380 146 142 382 141 89
1 5 147 30 148 383 384 156 385 560
1 5 383 148 80 149 560 385 157 386
1 5 150 383 149 33 387 560 386 158
1 5 155 384 560 387 58 151 388 154
1 5 384 156 385 560 151 91 152 388
1 5 560 385 157 386 388 152 108 153
1 5 387 560 386 158 154 388 153 94
1 5 159 62 160 389 390 168 391 561
1 5 389 160 96 161 561 391 169 392
1 5 162 389 161 64 393 561 392 170
1 5 167 390 561 393 69 163 394 166
1 5 390 168 391 561 163 97 164 394
1 5 561 391 169 392 394 164 109 165
1 5 393 561 392 170 166 394 165 100
1 5 171 32 172 395 396 180 397 562
1 5 395 172 90 173 562 397 181 398
1 5 174 395 173 51 399 562 398 182
1 5 179 396 562 399 61 175 400 178
1 5 396 180 397 562 175 93 176 400
1 5 562 397 181 398 400 176 110 177
1 5 399 562 398 182 178 400 177 98
1 5 183 1 126 401 402 131 375 563
1 5 401 126 27 184 563 375 134 403
1 5 112 401 184 75 367 563 403 121
1 5 120 402 563 367 76 185 404 116
1 5 402 131 375 563 185 35 130 404
1 5 563 375 134 403 404 130 77 186
1 5 367 563 403 121 116 404 186 105
1 5 184 27 187 405 403 134 406 564
1 5 405 187 4 188 564 406 193 407
1 5 189 405 188 28 408 564 407 144
1 5 121 403 564 408 105 186 409 192
1 5 403 134 406 564 186 77 190 409
1 5 564 406 193 407 409 190 36 191
1 5 408 564 407 144 192 409 191 78
1 5 113 75 189 410 368 121 408 565
1 5 410 189 28 135 565 408 144 378
1 5 194 410 135 3 411 565 378 143
1 5 122 368 565 411 79 117 412 195
1 5 368 121 408 565 117 105 192 412
1 5 565 408 144 378 412 192 78 139
1 5 411 565 378 143 195 412 139 37
1 5 115 76 116 370 413 197 414 566
1 5 370 116 105 117 566 414 198 415
1 5 118 370 117 79 416 566 415 199
1 5 196 413 566 416 12 147 383 150
1 5 413 197 414 566 147 30 148 383
1 5 566 414 198 415 383 148 80 149
1 5 416 566 415 199 150 383 149 33
1 5 185 35 130 404 417 203 418 567
1 5 404 130 77 186 567 418 204 419
1 5 116 404 186 105 414 567 419 198
1 5 197 417 567 414 30 200 420 148
1 5 417 203 418 567 200 13 201 420
1 5 567 418 204 419 420 201 31 202
1 5 414 567 419 198 148 420 202 80
1 5 186 77 190 409 419 204 421 568
1 5 409 190 36 191 568 421 208 422
1 5 192 409 191 78 423 568 422 209
1 5 198 419 568 423 80 202 424 207
1 5 419 204 421 568 202 31 205 424
1 5 568 421 208 422 424 205 18 206
1 5 423 568 422 209 207 424 206 32
1 5 117 105 192 412 415 198 423 569
1 5 412 192 78 139 569 423 209 425
1 5 195 412 139 37 426 569 425 211
1 5 199 415 569 426 33 149 427 210
1 5 415 198 423 569 149 80 207 427
1 5 569 423 209 425 427 207 32 171
1 5 426 569 425 211 210 427 171 17
1 5 212 2 213 428 429 218 430 570
1 5 428 213 39 214 570 430 219 431
1 5 124 428 214 81 373 570 431 133
1 5 132 429 570 373 82 215 432 128
1 5 429 218 430 570 215 44 216 432
1 5 570 430 219 431 432 216 83 217
1 5 373 570 431 133 128 432 217 106
1 5 214 39 220 433 431 219 434 571
1 5 433 220 5 221 571 434 226 435
1 5 222 433 221 40 436 571 435 227
1 5 133 431 571 436 106 217 437 225
1 5 431 219 434 571 217 83 223 437
1 5 571 434 226 435 437 223 45 224
1 5 436 571 435 227 225 437 224 84
1 5 125 81 222 438 374 133 436 572
1 5 438 222 40 228 572 436 227 439
1 5 187 438 228 4 406 572 439 193
1 5 134 374 572 406 77 129 440 190
1 5 374 133 436 572 129 106 225 440
1 5 572 436 227 439 440 225 84 229
1 5 406 572 439 193 190 440 229 36
1 5 127 82 128 376 441 233 442 573
1 5 376 128 106 129 573 442 234 443
1 5 130 376 129 77 418 573 443 204
1 5 203 441 573 418 13 230 444 201
1 5 441 233 442 573 230 41 231 444
1 5 573 442 234 443 444 231 85 232
1 5 418 573 443 204 201 444 232 31
1 5 215 44 216 432 445 238 446 574
1 5 432 216 83 217 574 446 239 447
1 5 128 432 217 106 442 574 447 234
1 5 233 445 574 442 41 235 448 231
1 5 445 238 446 574 235 14 236 448
1 5 574 446 239 447 448 236 42 237
1 5 442 574 447 234 231 448 237 85
1 5 217 83 223 437 447 239 449 575
1 5 437 223 45 224 575 449 243 450
1 5 225 437 224 84 451 575 450 244
1 5 234 447 575 451 85 237 452 242
1 5 447 239 449 575 237 42 240 452
1 5 575 449 243 450 452 240 19 241
1 5 451 575 450 244 242 452 241 43
1 5 129 106 225 440 443 234 451 576
1 5 440 225 84 229 576 451 244 453
1 5 190 440 229 36 421 576 453 208
1 5 204 443 576 421 31 232 454 205
1 5 443 234 451 576 232 85 242 454
1 5 576 451 244 453 454 242 43 245
1 5 421 576 453 208 205 454 245 18
1 5 188 4 246 455 407 193 456 577
1 5 455 246 46 247 577 456 250 457
1 5 136 455 247 86 379 577 457 145
1 5 144 407 577 379 78 191 458 140
1 5 407 193 456 577 191 36 248 458
1 5 577 456 250 457 458 248 87 249
1 5 379 577 457 145 140 458 249 107
1 5 247 46 251 459 457 250 460 578
1 5 459 251 7 252 578 460 257 461
1 5 253 459 252 47 462 578 461 258
1 5 145 457 578 462 107 249 463 256
1 5 457 250 460 578 249 87 254 463
1 5 578 460 257 461 463 254 52 255
1 5 462 578 461 258 256 463 255 88
1 5 137 86 253 464 380 145 462 579
1 5 464 253 47 259 579 462 258 465
1 5 260 464 259 6 466 579 465 263
1 5 146 380 579 466 89 141 467 262
1 5 380 145 462 579 141 107 256 467
1 5 579 462 258 465 467 256 88 261
1 5 466 579 465 263 262 467 261 53
1 5 139 78 140 382 425 209 468 580
1 5 382 140 107 141 580 468 264 469
1 5 142 382 141 89 470 580 469 265
1 5 211 425 580 470 17 171 395 174
1 5 425 209 468 580 171 32 172 395
1 5 580 468 264 469 395 172 90 173
1 5 470 580 469 265 174 395 173 51
1 5 191 36 248 458 422 208 471 581
1 5 458 248 87 249 581 471 268 472
1 5 140 458 249 107 468 581 472 264
1 5 209 422 581 468 32 206 473 172
1 5 422 208 471 581 206 18 266 473
1 5 581 471 268 472 473 266 49 267
1 5 468 581 472 264 172 473 267 90
1 5 249 87 254 463 472 268 474 582
1 5 463 254 52 255 582 474 272 475
1 5 256 463 255 88 476 582 475 273
1 5 264 472 582 476 90 267 477 271
1 5 472 268 474 582 267 49 269 477
1 5 582 474 272 475 477 269 21 270
1 5 476 582 475 273 271 477 270 50
1 5 141 107 256 467 469 264 476 583
1 5 467 256 88 261 583 476 273 478
1 5 262 467 261 53 479 583 478 276
1 5 265 469 583 479 51 173 480 275
1 5 469 264 476 583 173 90 271 480
1 5 583 476 273 478 480 271 50 274
1 5 479 583 478 276 275 480 274 20
1 5 200 13 201 420 481 280 482 584
1 5 420 201 31 202 584 482 281 483
1 5 148 420 202 80 385 584 483 157
1 5 156 481 584 385 91 277 484 152
1 5 481 280 482 584 277 59 278 484
1 5 584 482 281 483 484 278 92 279
1 5 385 584 483 157 152 484 279 108
1 5 202 31 205 424 483 281 485 585
1 5 424 205 18 206 585 485 285 486
1 5 207 424 206 32 487 585 486 180
1 5 157 483 585 487 108 279 488 284
1 5 483 281 485 585 279 92 282 488
1 5 585 485 285 486 488 282 60 283
1 5 487 585 486 180 284 488 283 93
1 5 149 80 207 427 386 157 487 586
1 5 427 207 32 171 586 487 180 396
1 5 210 427 171 17 489 586 396 179
1 5 158 386 586 489 94 153 490 286
1 5 386 157 487 586 153 108 284 490
1 5 586 487 180 396 490 284 93 175
1 5 489 586 396 179 286 490 175 61
1 5 151 91 152 388 491 292 492 587
1 5 388 152 108 153 587 492 293 493
1 5 154 388 153 94 494 587 493 294
1 5 291 491 587 494 15 287 495 290
1 5 491 292 492 587 287 54 288 495
1 5 587 492 293 493 495 288 95 289
1 5 494 587 493 294 290 495 289 57
1 5 277 59 278 484 496 298 497 588
1 5 484 278 92 279 588 497 299 498
1 5 152 484 279 108 492 588 498 293
1 5 292 496 588 492 54 295 499 288
1 5 496 298 497 588 295 16 296 499
1 5 588 497 299 498 499 296 55 297
1 5 492 588 498 293 288 499 297 95
1 5 279 92 282 488 498 299 500 589
1 5 488 282 60 283 589 500 303 501
1 5 284 488 283 93 502 589 501 304
1 5 293 498 589 502 95 297 503 302
1 5 498 299 500 589 297 55 300 503
1 5 589 500 303 501 503 300 23 301
1 5 502 589 501 304 302 503 301 56
1 5 153 108 284 490 493 293 502 590
1 5 490 284 93 175 590 502 304 504
1 5 286 490 175 61 505 590 504 307
1 5 294 493 590 505 57 289 506 306
1 5 493 293 502 590 289 95 302 506
1 5 590 502 304 504 506 302 56 305
1 5 505 590 504 307 306 506 305 22
1 5 308 17 174 507 508 179 399 591
1 5 507 174 51 309 591 399 182 509
1 5 160 507 309 96 391 591 509 169
1 5 168 508 591 391 97 310 510 164
1 5 508 179 399 591 310 61 178 510
1 5 591 399 182 509 510 178 98 311
1 5 391 591 509 169 164 510 311 109
1 5 309 51 275 511 509 182 512 592
1 5 511 275 20 312 592 512 317 513
1 5 313 511 312 63 514 592 513 318
1 5 169 509 592 514 109 311 515 316
1 5 509 182 512 592 311 98 314 515
1 5 592 512 317 513 515 314 70 315
1 5 514 592 513 318 316 515 315 99
1 5 161 96 313 516 392 169 514 593
1 5 516 313 63 319 593 514 318 517
1 5 320 516 319 9 518 593 517 323
1 5 170 392 593 518 100 165 519 322
1 5 392 169 514 593 165 109 316 519
1 5 593 514 318 517 519 316 99 321
1 5 518 593 517 323 322 519 321 71
1 5 163 97 164 394 520 329 521 594
1 5 394 164 109 165 594 521 330 522
1 5 166 394 165 100 523 594 522 331
1 5 328 520 594 523 10 324 524 327
1 5 520 329 521 594 324 65 325 524
1 5 594 521 330 522 524 325 101 326
1 5 523 594 522 331 327 524 326 68
1 5 310 61 178 510 525 307 526 595
1 5 510 178 98 311 595 526 335 527
1 5 164 510 311 109 521 595 527 330
1 5 329 525 595 521 65 332 528 325
1 5 525 307 526 595 332 22 333 528
1 5 595 526 335 527 528 333 66 334
1 5 521 595 527 330 325 528 334 101
1 5 311 98 314 515 527 335 529 596
1 5 515 314 70 315 596 529 339 530
1 5 316 515 315 99 531 596 530 340
1 5 330 527 596 531 101 334 532 338
1 5 527 335 529 596 334 66 336 532
1 5 596 529 339 530 532 336 24 337
1 5 531 596 530 340 338 532 337 67
1 5 165 109 316 519 522 330 531 597
1 5 519 316 99 321 597 531 340 533
1 5 322 519 321 71 534 597 533 343
1 5 331 522 597 534 68 326 535 342
1 5 522 330 531 597 326 101 338 535
1 5 597 531 340 533 535 338 67 341
1 5 534 597 533 343 342 535 341 11
1 5 206 18 266 473 486 285 536 598
1 5 473 266 49 267 598 536 346 537
1 5 172 473 267 90 397 598 537 181
1 5 180 486 598 397 93 283 538 176
1 5 486 285 536 598 283 60 344 538
1 5 598 536 346 537 538 344 102 345
1 5 397 598 537 181 176 538 345 110
1 5 267 49 269 477 537 346 539 599
1 5 477 269 21 270 599 539 350 540
1 5 271 477 270 50 541 599 540 351
1 5 181 537 599 541 110 345 542 349
1 5 537 346 539 599 345 102 347 542
1 5 599 539 350 540 542 347 74 348
1 5 541 599 540 351 349 542 348 103
1 5 173 90 271 480 398 181 541 600
1 5 480 271 50 274 600 541 351 543
1 5 275 480 274 20 512 600 543 317
1 5 182 398 600 512 98 177 544 314
1 5 398 181 541 600 177 110 349 544
1 5 600 541 351 543 544 349 103 352
1 5 512 600 543 317 314 544 352 70
1 5 175 93 176 400 504 304 545 601
1 5 400 176 110 177 601 545 355 546
1 5 178 400 177 98 526 601 546 335
1 5 307 504 601 526 22 305 547 333
1 5 504 304 545 601 305 56 353 547
1 5 601 545 355 546 547 353 104 354
1 5 526 601 546 335 333 547 354 66
1 5 283 60 344 538 501 303 548 602
1 5 538 344 102 345 602 548 358 549
1 5 176 538 345 110 545 602 549 355
1 5 304 501 602 545 56 301 550 353
1 5 501 303 548 602 301 23 356 550
1 5 602 548 358 549 550 356 72 357
1 5 545 602 549 355 353 550 357 104
1 5 345 102 347 542 549 358 551 603
1 5 542 347 74 348 603 551 362 552
1 5 349 542 348 103 553 603 552 363
1 5 355 549 603 553 104 357 554 361
1 5 549 358 551 603 357 72 359 554
1 5 603 551 362 552 554 359 25 360
1 5 553 603 552 363 361 554 360 73
1 5 177 110 349 544 546 355 553 604
1 5 544 349 103 352 604 553 363 555
1 5 314 544 352 70 529 604 555 339
1 5 335 546 604 529 66 354 556 336
1 5 546 355 553 604 354 104 361 556
1 5 604 553 363 555 556 361 73 364
1 5 529 604 555 339 336 556 364 24

boundary
384
1 3 0 111 366 119
1 3 1 123 372 131
1 3 12 147 384 155
1 3 26 183 402 120
1 3 76 185 417 197
1 3 34 115 413 196
1 3 38 212 429 132
1 3 82 215 445 233
1 3 35 127 441 203
1 3 30 200 481 156
1 3 91 277 496 292
1 3 58 151 491 291
1 3 111 26 120 366
1 3 366 120 76 115
1 3 119 366 115 34
1 3 123 38 132 372
1 3 372 132 82 127
1 3 131 372 127 35
1 3 147 30 156 384
1 3 384 156 91 151
1 3 155 384 151 58
1 3 183 1 131 402
1 3 402 131 35 185
1 3 120 402 185 76
1 3 185 35 203 417
1 3 417 203 13 200
1 3 197 417 200 30
1 3 115 76 197 413
1 3 413 197 30 147
1 3 196 413 147 12
1 3 212 2 218 429
1 3 429 218 44 215
1 3 132 429 215 82
1 3 215 44 238 445
1 3 445 238 14 235
1 3 233 445 235 41
1 3 127 82 233 441
1 3 441 233 41 230
1 3 203 441 230 13
1 3 200 13 280 481
1 3 481 280 59 277
1 3 156 481 277 91
1 3 277 59 298 496
1 3 496 298 16 295
1 3 292 496 295 54
1 3 151 91 292 491
1 3 491 292 54 287
1 3 291 491 287 15
62 3 114 365 111 0
62 3 126 371 123 1
62 3 138 377 135 3
62 3 162 8 167 393
62 3 114 0 119 369
62 3 2 213 430 218
62 3 5 221 435 226
62 3 13 230 444 201
62 3 138 3 143 381
62 3 162 389 159 8
62 3 4 246 456 193
62 3 7 252 461 257
62 3 150 12 155 387
62 3 308 17 179 508
62 3 13 201 482 280
62 3 15 287 495 290
62 3 20 312 513 317
62 3 10 324 524 327
62 3 18 266 536 285
62 3 21 270 540 350
62 3 22 305 547 333
62 3 112 401 183 26
62 3 189 405 184 75
62 3 194 410 113 29
62 3 124 428 212 38
62 3 222 433 214 81
62 3 187 438 125 27
62 3 136 455 188 28
62 3 253 459 247 86
62 3 260 464 137 48
62 3 194 29 122 411
62 3 195 79 199 426
62 3 118 34 196 416
62 3 260 48 146 466
62 3 262 89 265 479
62 3 142 37 211 470
62 3 160 507 308 62
62 3 313 511 309 96
62 3 320 516 161 64
62 3 320 64 170 518
62 3 322 100 331 534
62 3 166 69 328 523
62 3 210 33 158 489
62 3 286 94 294 505
62 3 154 58 291 494
62 3 159 62 168 390
62 3 163 97 329 520
62 3 310 61 307 525
62 3 39 220 434 219
62 3 83 223 449 239
62 3 44 216 446 238
62 3 40 228 439 227
62 3 84 229 453 244
62 3 45 224 450 243
62 3 41 235 448 231
62 3 85 237 452 242
62 3 31 232 454 205
62 3 46 251 460 250
62 3 87 254 474 268
62 3 36 248 471 208
62 3 31 205 485 281
62 3 92 282 500 299
62 3 59 278 497 298
62 3 49 269 539 346
62 3 102 347 551 358
62 3 60 344 548 303
62 3 47 259 465 258
62 3 88 261 478 273
62 3 52 255 475 272
62 3 54 295 499 288
62 3 95 297 503 302
62 3 57 289 506 306
62 3 63 319 517 318
62 3 99 321 533 340
62 3 70 315 530 339
62 3 50 274 543 351
62 3 103 352 555 363
62 3 74 348 552 362
62 3 65 332 528 325
62 3 101 334 532 338
62 3 68 326 535 342
62 3 56 301 550 353
62 3 104 357 554 361
62 3 66 354 556 336
62 3 365 112 26 111
62 3 113 75 112 365
62 3 29 113 365 114
62 3 371 124 38 123
62 3 125 81 124 371
62 3 27 125 371 126
62 3 401 126 1 183
62 3 184 27 126 401
62 3 75 184 401 112
62 3 405 187 27 184
62 3 188 4 187 405
62 3 28 188 405 189
62 3 410 189 75 113
62 3 135 28 189 410
62 3 3 135 410 194
62 3 428 213 2 212
62 3 214 39 213 428
62 3 81 214 428 124
62 3 433 220 39 214
62 3 221 5 220 433
62 3 40 221 433 222
62 3 438 222 81 125
62 3 228 40 222 438
62 3 4 228 438 187
62 3 377 136 28 135
62 3 137 86 136 377
62 3 48 137 377 138
62 3 29 114 369 122
62 3 122 369 118 79
62 3 369 119 34 118
62 3 48 138 381 146
62 3 146 381 142 89
62 3 381 143 37 142
62 3 389 160 62 159
62 3 161 96 160 389
62 3 64 161 389 162
62 3 455 246 4 188
62 3 247 46 246 455
62 3 86 247 455 136
62 3 459 251 46 247
62 3 252 7 251 459
62 3 47 252 459 253
62 3 464 253 86 137
62 3 259 47 253 464
62 3 6 259 464 260
62 3 3 194 411 143
62 3 143 411 195 37
62 3 411 122 79 195
62 3 37 195 426 211
62 3 211 426 210 17
62 3 426 199 33 210
62 3 79 118 416 199
62 3 199 416 150 33
62 3 416 196 12 150
62 3 6 260 466 263
62 3 263 466 262 53
62 3 466 146 89 262
62 3 53 262 479 276
62 3 276 479 275 20
62 3 479 265 51 275
62 3 89 142 470 265
62 3 265 470 174 51
62 3 470 211 17 174
62 3 507 174 17 308
62 3 309 51 174 507
62 3 96 309 507 160
62 3 511 275 51 309
62 3 312 20 275 511
62 3 63 312 511 313
62 3 516 313 96 161
62 3 319 63 313 516
62 3 9 319 516 320
62 3 64 162 393 170
62 3 170 393 166 100
62 3 393 167 69 166
62 3 33 150 387 158
62 3 158 387 154 94
62 3 387 155 58 154
62 3 62 308 508 168
62 3 168 508 310 97
62 3 508 179 61 310
62 3 9 320 518 323
62 3 323 518 322 71
62 3 518 170 100 322
62 3 71 322 534 343
62 3 343 534 342 11
62 3 534 331 68 342
62 3 100 166 523 331
62 3 331 523 327 68
62 3 523 328 10 327
62 3 17 210 489 179
62 3 179 489 286 61
62 3 489 158 94 286
62 3 61 286 505 307
62 3 307 505 306 22
62 3 505 294 57 306
62 3 94 154 494 294
62 3 294 494 290 57
62 3 494 291 15 290
62 3 8 159 390 167
62 3 167 390 163 69
62 3 390 168 97 163
62 3 69 163 520 328
62 3 328 520 324 10
62 3 520 329 65 324
62 3 97 310 525 329
62 3 329 525 332 65
62 3 525 307 22 332
62 3 213 39 219 430
62 3 430 219 83 216
62 3 218 430 216 44
62 3 220 5 226 434
62 3 434 226 45 223
62 3 219 434 223 83
62 3 223 45 243 449
62 3 449 243 19 240
62 3 239 449 240 42
62 3 216 83 239 446
62 3 446 239 42 236
62 3 238 446 236 14
62 3 221 40 227 435
62 3 435 227 84 224
62 3 226 435 224 45
62 3 230 41 231 444
62 3 444 231 85 232
62 3 201 444 232 31
62 3 246 46 250 456
62 3 456 250 87 248
62 3 193 456 248 36
62 3 201 31 281 482
62 3 482 281 92 278
62 3 280 482 278 59
62 3 266 49 346 536
62 3 536 346 102 344
62 3 285 536 344 60
62 3 228 4 193 439
62 3 439 193 36 229
62 3 227 439 229 84
62 3 229 36 208 453
62 3 453 208 18 245
62 3 244 453 245 43
62 3 224 84 244 450
62 3 450 244 43 241
62 3 243 450 241 19
62 3 235 14 236 448
62 3 448 236 42 237
62 3 231 448 237 85
62 3 237 42 240 452
62 3 452 240 19 241
62 3 242 452 241 43
62 3 232 85 242 454
62 3 454 242 43 245
62 3 205 454 245 18
62 3 251 7 257 460
62 3 460 257 52 254
62 3 250 460 254 87
62 3 254 52 272 474
62 3 474 272 21 269
62 3 268 474 269 49
62 3 248 87 268 471
62 3 471 268 49 266
62 3 208 471 266 18
62 3 205 18 285 485
62 3 485 285 60 282
62 3 281 485 282 92
62 3 282 60 303 500
62 3 500 303 23 300
62 3 299 500 300 55
62 3 278 92 299 497
62 3 497 299 55 296
62 3 298 497 296 16
62 3 269 21 350 539
62 3 539 350 74 347
62 3 346 539 347 102
62 3 347 74 362 551
62 3 551 362 25 359
62 3 358 551 359 72
62 3 344 102 358 548
62 3 548 358 72 356
62 3 303 548 356 23
62 3 252 47 258 461
62 3 461 258 88 255
62 3 257 461 255 52
62 3 259 6 263 465
62 3 465 263 53 261
62 3 258 465 261 88
62 3 261 53 276 478
62 3 478 276 20 274
62 3 273 478 274 50
62 3 255 88 273 475
62 3 475 273 50 270
62 3 272 475 270 21
62 3 287 54 288 495
62 3 495 288 95 289
62 3 290 495 289 57
62 3 295 16 296 499
62 3 499 296 55 297
62 3 288 499 297 95
62 3 297 55 300 503
62 3 503 300 23 301
62 3 302 503 301 56
62 3 289 95 302 506
62 3 506 302 56 305
62 3 306 506 305 22
62 3 312 63 318 513
62 3 513 318 99 315
62 3 317 513 315 70
62 3 270 50 351 540
62 3 540 351 103 348
62 3 350 540 348 74
62 3 319 9 323 517
62 3 517 323 71 321
62 3 318 517 321 99
62 3 321 71 343 533
62 3 533 343 11 341
62 3 340 533 341 67
62 3 315 99 340 530
62 3 530 340 67 337
62 3 339 530 337 24
62 3 274 20 317 543
62 3 543 317 70 352
62 3 351 543 352 103
62 3 352 70 339 555
62 3 555 339 24 364
62 3 363 555 364 73
62 3 348 103 363 552
62 3 552 363 73 360
62 3 362 552 360 25
62 3 324 65 325 524
62 3 524 325 101 326
62 3 327 524 326 68
62 3 332 22 333 528
62 3 528 333 66 334
62 3 325 528 334 101
62 3 334 66 336 532
62 3 532 336 24 337
62 3 338 532 337 67
62 3 326 101 338 535
62 3 535 338 67 341
62 3 342 535 341 11
62 3 305 56 353 547
62 3 547 353 104 354
62 3 333 547 354 66
62 3 301 23 356 550
62 3 550 356 72 357
62 3 353 550 357 104
62 3 357 72 359 554
62 3 554 359 25 360
62 3 361 554 360 73
62 3 354 104 361 556
62 3 556 361 73 364
62 3 336 556 364 24

vertices
605

nodes
FiniteElementSpace
FiniteElementCollection: H1_3D_P2
VDim: 3
Ordering: 0

0.59718411
0.16338835
0.59718411
0.46713824
0.14916884
0.46713824
0.34802459
0.13575486
0.56955658
0.46850803
0.59296204
0.48293061
0.80820096
0.18971773
0.80820096
0.8867
0.2
0.60844596
0.16648196
0.60844596
0.42529438
0.14590394
0.66119981
0.17294184
0.45397621
0.14953799
0.38028623
0.15627859
0.30815354
0.53216118
0.49895935
0.17809985
0.38746396
0.70832346
0.70269254
0.17655304
0.1578254
0.5377921
0.38028623
0.53216118
0.30815354
0.49895935
0.70832346
0.38746396
0.70269254
0.5377921
0.14246185
0.24188972
0.40758141
0.15619295
0.28559916
0.51687017
0.1408294
0.38665948
0.54335
0.18647092
0.41707082
0.7739499
0.84745048
0.19485887
0.1697119
0.63482288
0.58900127
0.4469012
0.5190323
0.62708092
0.55758801
0.46845341
0.53794633
0.58125931
0.43963529
0.47571932
0.16123991
0.3017571
0.14772096
0.34421988
0.43962279
0.16718922
0.34780875
0.62024232
0.44321165
0.34421988
0.43962279
0.62024232
0.34780875
0.44321165
0.27502163
0.1493274
0.26374444
0.46222579
0.33653156
0.52115467
0.18228538
0.40226739
0.74113668
0.48021041
0.51795124
0.6080411
0.53722909
0.45767731
0.52848931
0.54776717
0.15871643
0.29367813
0.35941396
0.39371577
0.39371577
0.30577659
0.46171103
0.5328592
0.34797276
0.48873517
0.36225306
0.43819053
0.56467264
0.57115766
0.41666928
0.50697904
0.66146743
0.64993833
0.40995451
0.36896783
0.57620175
0.27183729
0.36225306
0.25024924
0.15983347
0.30808792
0.41666928
0.28045249
0.17187113
0.16997069
0.40995451
0.36896783
0.16173391
0.38764589
0.29158758
0.34130152
0.43735982
0.44280042
0.32679267
0.38400119
0.50000894
0.50246517
0.32798114
0.29039911
0.4349036
0.65358016
0.4710855
0.57576756
0.75826221
0.68430258
0.49143285
0.60142386
0.79429358
0.82782572
0.51005701
0.45246134
0.72473007
0.57927892
0.55347625
0.51849177
0.54429444
0.5946502
0.57045015
0.53067426
0.55487431
0.57540794
0.59852118
0.52540522
0.52376081
0.49795496
0.36199776
0.42670086
0.56265806
0.51854514
0.37512007
0.44260092
0.58602599
0.62163442
0.39486567
0.34225216
0.52704963
0.27183729
0.25024924
0.30808792
0.28045249
0.15272371
0.22866119
0.32618671
0.16250731
0.25281707
0.37076226
0.15349712
0.49964971
0.57901721
0.75544675
0.46929107
0.41846371
0.66428289
0.34433854
0.18390879
0.31065575
0.18313539
0.17264453
0.1722909
0.27697296
0.41533781
0.16215368
0.36763635
0.65838471
0.57311903
0.48873517
0.56467264
0.43819053
0.57115766
0.66146743
0.50697904
0.64993833
0.57620175
0.49964971
0.38764589
0.32618671
0.57901721
0.44280042
0.37076226
0.50246517
0.32798114
0.22866119
0.25281707
0.34433854
0.4710855
0.31065575
0.46929107
0.41846371
0.65358016
0.75826221
0.57576756
0.75544675
0.66428289
0.65838471
0.49795496
0.41533781
0.57311903
0.36763635
0.27697296
0.14581534
0.20874174
0.1535764
0.227552
0.14589462
0.13910835
0.18882229
0.25845568
0.1450784
0.20228692
0.28476052
0.13829213
0.25281708
0.29495715
0.377803
0.32520196
0.42444264
0.36734203
0.32115408
0.48954798
0.16133745
0.24636225
0.15276017
0.15104844
0.21575155
0.31106536
0.14336667
0.2746718
0.35544677
0.47108227
0.40597693
0.35800677
0.18857212
0.32199821
0.1922883
0.18019261
0.17599864
0.28598964
0.43198921
0.16809693
0.68797978
0.715025
0.5117802
0.62708016
0.83032495
0.86707524
0.53225234
0.47096072
0.75754329
0.371675
0.19323546
0.33334066
0.19742943
0.18437815
0.17970638
0.29500633
0.44864062
0.17132687
0.40966911
0.53913531
0.71757485
0.64801134
0.59872361
0.5174107
0.62143199
0.53504414
0.43609779
0.48242622
0.48843219
0.4486563
0.49526825
0.43246484
0.45228925
0.45770461
0.49377016
0.46669831
0.50210432
0.47211367
0.61002148
0.58742405
0.54285675
0.56545418
0.58711068
0.61756101
0.54031318
0.53321782
0.64414037
0.60939391
0.55267759
0.54740855
0.50578211
0.46121481
0.50811029
0.44680575
0.46306536
0.47569201
0.51043847
0.47932497
0.16421416
0.2533446
0.15745469
0.1532187
0.22069955
0.32082544
0.14681245
0.28963864
0.36665671
0.38824239
0.45850098
0.35369336
0.16709087
0.26032694
0.15997817
0.15538895
0.22564754
0.33058553
0.14862948
0.29771761
0.37786665
0.46346285
0.52994642
0.38946117
0.47258479
0.61307004
0.53906835
0.26104326
0.2899626
0.38946117
0.26535087
0.1658523
0.2942702
0.3644737
0.41522315
0.30919013
0.36265136
0.46868438
0.41340081
0.61467386
0.66894137
0.48125918
0.58859571
0.7762779
0.64286322
0.54888535
0.58696456
0.5619632
0.52458301
0.54958438
0.56266223
0.46232791
0.50825005
0.36855892
0.43465089
0.57434202
0.48057303
0.26104326
0.2899626
0.26535087
0.2942702
0.23945521
0.15761551
0.24073913
0.34847448
0.26663478
0.41291821
0.53933346
0.47488973
0.61236891
0.44387739
0.5413733
0.70986482
0.32621323
0.17788996
0.29555412
0.32749715
0.16739911
0.26489502
0.39305003
0.29381435
0.47037769
0.61870096
0.53686126
0.46346285
0.52994642
0.61307004
0.47258479
0.53906835
0.41291821
0.53933346
0.41522315
0.34847448
0.47488973
0.23945521
0.24073913
0.26663478
0.32621323
0.44387739
0.29555412
0.32749715
0.61236891
0.70986482
0.5413733
0.61467386
0.61870096
0.47037769
0.39305003
0.53686126
0.26489502
0.29381435
0.21870146
0.14969587
0.21814687
0.24018453
0.19878202
0.14209338
0.19555461
0.2716081
0.21491946
0.31812934
0.31007956
0.40112282
0.35460158
0.34439522
0.40535103
0.5313335
0.15745693
0.23695713
0.26166761
0.14806342
0.20901924
0.29791294
0.2310569
0.34032437
0.44776246
0.39107382
0.35117266
0.18624046
0.31632698
0.34000249
0.17414477
0.2814813
0.42366351
0.30399393
0.67318225
0.5599845
0.69966379
0.50160653
0.61425201
0.81230926
0.67105258
0.36484088
0.19090379
0.32766944
0.35250783
0.17785251
0.29049799
0.44031491
0.3141735
0.52884023
0.70277732
0.58310773
0.55806716
0.6100778
0.52622742
0.57823807
0.47675425
0.47975723
0.44237704
0.48884724
0.49185022
0.48809819
0.46220146
0.49793724
0.49868628
0.60233584
0.5789371
0.5367655
0.56016425
0.57643911
0.63278618
0.59770995
0.54386087
0.59840898
0.49710715
0.45493555
0.50168927
0.5069462
0.47119516
0.50627139
0.50927438
0.16277581
0.24985342
0.26966712
0.15213357
0.21822555
0.3159454
0.23702207
0.36105174
0.40462882
0.38168123
0.45055095
0.49881815
0.16565252
0.25683577
0.27766663
0.15430382
0.22317354
0.32570549
0.24298724
0.37226168
0.41818382
0.5012656
0.27765673
0.38893726
0.62876854
0.55577379
0.47145047
0.27765673
0.253045
0.44390397
0.57687111
0.31088368
0.28022457
0.5058755
0.5012656
0.44390397
0.253045
0.31088368
0.57687111
0.5058755
0.28022457
0.229443
0.20685074
0.33636546
0.43786436
0.25092607
0.22298818
0.3728377
0.33374982
0.29890414
0.54842288
0.6569579
0.34625516
0.30908371
0.57154612
0.56815261
0.48430223
0.49339224
0.56955067
0.58832352
0.49939821
0.50398033
0.26566736
0.23403949
0.39785132
0.48969559
0.27366688
0.24000466
0.41140632
0.54295964
0.47609901
0.51406775
0.58092838
0.58994237
0.51560601
0.55716782
0.63150418
0.62356122
0.5093408
0.48236423
0.58887134
0.21761282
0.26644028
0.21043837
0.16161091
0.22996665
0.28380967
0.22175452
0.1679115
0.16667952
0.28089995
0.26935
0.16284289
0.42739206
0.3760598
0.40091676
0.45224903
0.45884416
0.40208021
0.42881082
0.48557478
0.4848017
0.40143452
0.37670548
0.4530221
0.73089056
0.63412701
0.68646803
0.78323159
0.74838354
0.64885495
0.70252322
0.80205181
0.81801334
0.66126076
0.6217212
0.76727005
0.57441775
0.56408213
0.54658989
0.55692551
0.58118625
0.57136917
0.55267908
0.56249616
0.57248226
0.58312174
0.55232957
0.54693941
0.55320046
0.48014144
0.51249299
0.58555201
0.56494223
0.48985026
0.52289625
0.59798822
0.61504019
0.5031025
0.46688919
0.56850004
0.32606176
0.26644028
0.31164816
0.37126964
0.34995856
0.28380967
0.33355895
0.39970784
0.39512037
0.28089995
0.26935
0.37585711
0.29723456
0.24485223
0.28282096
0.3352033
0.31715935
0.25919793
0.30075974
0.35872116
0.35659386
0.25780005
0.24625011
0.3373306
0.48517585
0.42555437
0.45628396
0.51590544
0.52439327
0.45824438
0.49161871
0.5577676
0.55418146
0.45538766
0.42841109
0.51949158
0.6369251
0.55511301
0.60026789
0.68207998
0.68390783
0.59462001
0.64336796
0.73265579
0.72906964
0.59176329
0.55796973
0.68566612
0.37385535
0.30117906
0.35546974
0.42814603
0.39775215
0.31854845
0.37738053
0.45658423
0.45445693
0.31715057
0.30257694
0.43027333
0.33708413
0.27354364
0.31869852
0.38223901
0.35700892
0.28788935
0.3366373
0.40575687
0.40608974
0.28800331
0.27342968
0.38190615
0.56361068
0.49093439
0.52695347
0.59962976
0.6028281
0.5236244
0.56228823
0.64149192
0.6422626
0.52417617
0.49038261
0.59885908
0.4345107
0.47609901
0.41285795
0.37126964
0.46995046
0.51560601
0.44536339
0.39970784
0.39512037
0.5093408
0.48236423
0.37585711
0.39120521
0.42555437
0.36955246
0.3352033
0.42077631
0.45824438
0.39618923
0.35872116
0.35659386
0.45538766
0.42841109
0.3373306
0.20326392
0.24485223
0.19608946
0.15450115
0.21354239
0.25919793
0.20533025
0.15967471
0.15900625
0.25780005
0.24625011
0.15516961
0.24232048
0.30117906
0.23307067
0.17421209
0.25467431
0.31854845
0.24438682
0.18051267
0.17984421
0.31715057
0.30257694
0.17488055
0.50539023
0.55511301
0.47786882
0.42814603
0.54082999
0.59462001
0.51037425
0.45658423
0.45445693
0.59176329
0.55796973
0.43027333
0.45034741
0.49093439
0.422826
0.38223901
0.47991851
0.5236244
0.44946276
0.40575687
0.40608974
0.52417617
0.49038261
0.38190615
0.22382086
0.27354364
0.21457105
0.16484826
0.23409933
0.28788935
0.22381184
0.17002182
0.16991688
0.28800331
0.27342968
0.16495321
0.26840736
0.22368133
0.25514452
0.29987056
0.28436014
0.23509106
0.26931656
0.31858563
0.31806734
0.23470016
0.22407223
0.30038886
0.24188168
0.20376188
0.22861885
0.26673865
0.25427299
0.2124988
0.23922942
0.2810036
0.28271037
0.2134443
0.20281638
0.26503189
0.37444147
0.32971543
0.34796617
0.39269221
0.39877748
0.34950841
0.36874414
0.41801321
0.42124251
0.35197644
0.3272474
0.38946291
0.49029626
0.42810062
0.45670488
0.51890052
0.52174836
0.45412103
0.48459893
0.55222627
0.55545556
0.45658906
0.42563258
0.51567122
0.30031291
0.2465008
0.2834886
0.33730071
0.31626568
0.25791054
0.29766064
0.35601578
0.35772255
0.25885604
0.2455553
0.33559394
0.2666643
0.22123573
0.24983999
0.29526856
0.2790556
0.22997265
0.26045056
0.30953351
0.31346534
0.23225456
0.21895382
0.29133673
0.42311349
0.36930138
0.38952211
0.44333421
0.4474495
0.38909436
0.41030008
0.46865522
0.47588688
0.39467611
0.36371964
0.43610255
0.42164895
0.33591784
0.39929132
0.48502243
0.43061483
0.34246124
0.4075045
0.49565809
0.50450818
0.3477556
0.33062348
0.47617234
0.3769337
0.30223505
0.35457608
0.42927473
0.38439416
0.30761556
0.36128382
0.43806243
0.4478365
0.31349136
0.29635925
0.41950066
0.64204551
0.55631441
0.59762298
0.68335409
0.65666289
0.56850929
0.61080256
0.69895616
0.71652677
0.58218163
0.54264207
0.66578348
0.76587653
0.6635829
0.7185784
0.82087203
0.78336951
0.67831084
0.73463358
0.83969225
0.85726286
0.69198318
0.64991056
0.80330142
0.43958072
0.34900463
0.41571767
0.50629376
0.44854661
0.35554802
0.42393084
0.51692943
0.5267035
0.36142383
0.34312882
0.49651969
0.39185462
0.31299607
0.36799157
0.44685012
0.39931508
0.31837657
0.37469931
0.45563782
0.46633588
0.32483382
0.30653882
0.43615206
0.67128027
0.58070418
0.62398214
0.71455823
0.68589765
0.59289906
0.63716172
0.7301603
0.74933999
0.60783793
0.56576531
0.69537855
0.59386244
0.57839539
0.5557717
0.57123876
0.60429949
0.58911521
0.56505791
0.58024219
0.59376122
0.60440071
0.56310989
0.55771973
0.51768097
0.49708247
0.47959023
0.50018873
0.52581632
0.50526483
0.48657474
0.50712623
0.52167823
0.52181906
0.48052824
0.48563673
0.51876203
0.50329498
0.49093418
0.50640123
0.52417191
0.50898763
0.49566474
0.51084902
0.52139655
0.52153739
0.49074521
0.4958537
0.58795476
0.57865622
0.55876827
0.56806681
0.59472326
0.58594326
0.56485746
0.57363746
0.58418499
0.59849302
0.56610645
0.55751928
0.61473654
0.59983503
0.57434411
0.58924562
0.62517359
0.61055485
0.58363031
0.59824905
0.61280105
0.62710908
0.58328079
0.57469362
0.53395167
0.51344718
0.49355924
0.51406373
0.54208702
0.52162954
0.50054374
0.52100123
0.53658619
0.5394525
0.49562422
0.49847876
0.52958179
0.51468027
0.5003953
0.51529682
0.53499166
0.52037292
0.50512586
0.51974461
0.53085357
0.53371988
0.50133331
0.50418785
0.33221846
0.26932028
0.31183268
0.37473086
0.33817349
0.27357433
0.31711314
0.3817123
0.39116482
0.27922713
0.26366748
0.36527834
0.29144691
0.23870958
0.27106113
0.32379846
0.29605279
0.24194646
0.27499244
0.32909878
0.33939186
0.24810784
0.23254819
0.31350538
0.47178552
0.40888734
0.43107805
0.49397622
0.48085026
0.41625111
0.43880427
0.50340343
0.5219599
0.43067588
0.39446257
0.47541975
0.57668401
0.49955908
0.53329951
0.61042443
0.58842579
0.50926791
0.54370277
0.62286065
0.64141711
0.52369268
0.48513431
0.59186797
0.34412852
0.27782838
0.3223936
0.38869373
0.35008355
0.28208243
0.32767405
0.39567517
0.40596825
0.28824382
0.271667
0.37840065
0.30065868
0.24518333
0.27892376
0.3343991
0.30526456
0.24842021
0.28285507
0.33969942
0.35083306
0.25509018
0.23851336
0.32326547
0.48991501
0.42361487
0.4465305
0.51283064
0.49897975
0.43097864
0.45425673
0.52225785
0.54231882
0.44657594
0.40801757
0.49276967
0.4345107
0.41285795
0.46995046
0.44536339
0.35323647
0.39120521
0.45082669
0.3792145
0.42077631
0.48692519
0.54841691
0.59463589
0.67631543
0.55055204
0.52016698
0.63726873
0.50539023
0.47786882
0.42478865
0.40306522
0.40519252
0.45034741
0.5230237
0.3813418
0.48978192
0.64085487
0.59822203
0.32606176
0.31164816
0.34995856
0.33355895
0.35323647
0.29723456
0.25564625
0.3792145
0.31715935
0.2715038
0.15805603
0.1637931
0.17326187
0.29902526
0.28596347
0.16886172
0.37385535
0.35546974
0.42478865
0.40306522
0.40519252
0.33708413
0.28736135
0.3813418
0.27290168
0.16953017
0.16446156
0.34789971
0.32803064
0.37160215
0.34906369
0.28330461
0.30816158
0.35288761
0.29979462
0.32652523
0.37579431
0.42247062
0.45179399
0.52012863
0.42901179
0.40116903
0.48434666
0.39530459
0.37009674
0.33789495
0.3179914
0.31628463
0.34488889
0.398701
0.29808785
0.37332627
0.48111737
0.4485647
0.57626975
0.54287968
0.58949919
0.55501386
0.45714858
0.50948961
0.59522071
0.46686026
0.52052853
0.60868212
0.73329284
0.75050398
0.8376381
0.67662197
0.63581588
0.78528574
0.60272863
0.56714803
0.51560584
0.48634601
0.47657194
0.53156744
0.62214354
0.45708619
0.59500978
0.76771513
0.73293338
0.5841401
0.5511808
0.59274287
0.55886849
0.53571374
0.5182215
0.53368856
0.54368421
0.52499412
0.5401784
0.53166337
0.53667259
0.57833363
0.59080738
0.55921801
0.55222934
0.60134565
0.56655619
0.60328114
0.56620667
0.55165467
0.53176673
0.54666824
0.52913221
0.52762864
0.54168181
0.52612506
0.44270946
0.41216284
0.45155786
0.42000469
0.34926466
0.38161621
0.44451439
0.35540554
0.38845153
0.45305068
0.53976412
0.55069583
0.62822865
0.51339759
0.47601175
0.58018401
0.46040626
0.42784655
0.39856653
0.3718395
0.36154642
0.39528684
0.46158698
0.34511246
0.43862591
0.56162754
0.53213936
0.21761282
0.21043837
0.22996665
0.22175452
0.20326392
0.25564625
0.21354239
0.2715038
0.29902526
0.28596347
0.24232048
0.23307067
0.22382086
0.28736135
0.27290168
0.19608946
0.20533025
0.15094628
0.18891501
0.2340582
0.15555631
0.19711812
0.24689206
0.15133298
0.31717012
0.33822781
0.25983989
0.35961837
0.21457105
0.16006141
0.16016635
0.20532124
0.25972593
0.15566126
0.2467781
0.3592855
0.36955246
0.39618923
0.40028205
0.42956356
0.48339397
0.52089931
0.45939685
0.55917533
0.422826
0.45884508
0.55840465
0.54082999
0.51037425
0.43117055
0.47991851
0.5591222
0.68707385
0.78182386
0.63297453
0.59577248
0.73406352
0.48412521
0.45748145
0.43083768
0.55857043
0.68630318
0.25467431
0.24438682
0.17526725
0.23409933
0.3032189
0.33527589
0.31919041
0.26702814
0.18681326
0.25570297
0.18642656
0.18089938
0.18100432
0.2443778
0.31907645
0.17537219
0.30310494
0.22381184
0.16477639
0.21352435
0.27255979
0.15998954
0.38034319
0.28701946
0.40419392
0.17519537
0.23305263
0.169845
0.16938643
0.22172746
0.28539366
0.16431782
0.27093399
0.40140088
0.37755016
0.44946276
0.41900702
0.48812659
0.59590999
0.52136838
0.63854283
0.47609953
0.51740811
0.48416633
0.63341533
0.59078249
0.54295964
0.58092838
0.51406775
0.58994237
0.63150418
0.55716782
0.62356122
0.58887134
0.54841691
0.48517585
0.45082669
0.59463589
0.52439327
0.48692519
0.55418146
0.55055204
0.52016698
0.6369251
0.68207998
0.60026789
0.67631543
0.63726873
0.64085487
0.56361068
0.5230237
0.59822203
0.48978192
0.51590544
0.45628396
0.5577676
0.49161871
0.51949158
0.48339397
0.42739206
0.40028205
0.52089931
0.45884416
0.42956356
0.4848017
0.40143452
0.34789971
0.31717012
0.37160215
0.33822781
0.31806734
0.45939685
0.35961837
0.59962976
0.52695347
0.55917533
0.55840465
0.49029626
0.45884508
0.52012863
0.42901179
0.39530459
0.3592855
0.33789495
0.28282096
0.30075974
0.26840736
0.2340582
0.28436014
0.24689206
0.23470016
0.18891501
0.19711812
0.25983989
0.31869852
0.30031291
0.25972593
0.2467781
0.20532124
0.39775215
0.37738053
0.43117055
0.35700892
0.3032189
0.26702814
0.33591784
0.25570297
0.33527589
0.31919041
0.42164895
0.48502243
0.39929132
0.48412521
0.45748145
0.45714858
0.3769337
0.31907645
0.43083768
0.30310494
0.2443778
0.68390783
0.73265579
0.64336796
0.72906964
0.68566612
0.68707385
0.6028281
0.5591222
0.6422626
0.57626975
0.63412701
0.54287968
0.63297453
0.59577248
0.73089056
0.78323159
0.68646803
0.78182386
0.73406352
0.73329284
0.64204551
0.59522071
0.68630318
0.55857043
0.50948961
0.64149192
0.56228823
0.59885908
0.59590999
0.52174836
0.48812659
0.55545556
0.45658906
0.41900702
0.38034319
0.35772255
0.55631441
0.47609953
0.42927473
0.52136838
0.40419392
0.68335409
0.59762298
0.63854283
0.63341533
0.55320046
0.51740811
0.59078249
0.48416633
0.44270946
0.40140088
0.37755016
0.3366373
0.31626568
0.27255979
0.25885604
0.21352435
0.30223505
0.23305263
0.28701946
0.35457608
0.33221846
0.28539366
0.27093399
0.22172746
0.14749209
0.1822584
0.15159649
0.18956943
0.14775561
0.1441386
0.17560179
0.2137216
0.14779525
0.18202075
0.22379493
0.14417824
0.23481377
0.1557009
0.19688047
0.15163613
0.1514519
0.1884397
0.23386827
0.14761101
0.22284943
0.1407851
0.16894519
0.143994
0.17447206
0.14060087
0.13743161
0.16228858
0.19380215
0.14019275
0.16692337
0.20120267
0.1370235
0.19218845
0.21535601
0.2501727
0.22418584
0.26221259
0.2473534
0.2108851
0.27818431
0.1472029
0.17999893
0.14358589
0.1429539
0.17155816
0.20860319
0.13956077
0.19892076
0.23301568
0.27425248
0.25828076
0.28829251
0.30398678
0.26842344
0.30654325
0.28144832
0.32322251
0.30251836
0.32149087
0.36291379
0.3387108
0.38423243
0.35768331
0.34548352
0.41278273
0.31968105
0.2944732
0.33990177
0.31764076
0.35593072
0.40555106
0.37700076
0.39112979
0.33277465
0.36325255
0.42160769
0.51044074
0.45009614
0.54699578
0.35319649
0.32884282
0.41602595
0.50320907
0.1598053
0.2041915
0.15551666
0.15510855
0.19485865
0.2439416
0.15104379
0.25629684
0.16390971
0.21150253
0.15939719
0.1587652
0.2012776
